paramID,Spop,R1pop,R2pop,R12pop,g0_S,g0_R1,g0_R2,g0_R12,Sa.S.D1.,Sa.S.D2.,Sa.R1.D1.,Sa.R1.D2.,Sa.R2.D1.,Sa.R2.D2.,Sa.R12.D1.,Sa.R12.D2.,T.S..S.,T.S..R1.,T.S..R2.,T.S..R12.,T.R1..S.,T.R1..R1.,T.R1..R2.,T.R1..R12.,T.R2..S.,T.R2..R1.,T.R2..R2.,T.R2..R12.,T.R12..S.,T.R12..R1.,T.R12..R2.,T.R12..R12.
24445133.0,4995000000.0,5000000.0,5.0,0.0,0.0487,0.0487,0.0487,0.0487,2.2307,0.044614,2.2307e-05,0.044614,2.2307,0.00038814,2.2307e-05,0.00038814,0.0,0.0,0.0,0.0,2.154e-10,0.0,0.0,0.0,0.001,0.0,0.0,0.0,0.0,0.001,2.154e-10,0.0
24444782.0,4995000000.0,5000000.0,5.0,0.0,0.0487,0.0487,0.0487,0.0487,2.2307,0.044614,0.0,0.044614,2.2307,0.00038814,0.0,0.00038814,0.0,0.0,0.0,0.0,1e-11,0.0,0.0,0.0,4.642e-05,0.0,0.0,0.0,0.0,4.642e-05,1e-11,0.0
24444918.0,4995000000.0,5000000.0,5.0,0.0,0.0487,0.0487,0.0487,0.0487,2.2307,0.044614,0.0,0.044614,2.2307,0.035691,0.0,0.035691,0.0,0.0,0.0,0.0,0.001,0.0,0.0,0.0,2.154e-10,0.0,0.0,0.0,0.0,2.154e-10,0.001,0.0
24446232.0,4995000000.0,5000000.0,5.0,0.0,0.0487,0.0487,0.0487,0.0487,2.2307,0.044614,0.019407,0.044614,2.2307,0.0037342,0.019407,0.0037342,0.0,0.0,0.0,0.0,2.154e-06,0.0,0.0,0.0,0.001,0.0,0.0,0.0,0.0,0.001,2.154e-06,0.0
24443259.0,4995000000.0,5000000.0,5.0,0.0,0.0487,0.0487,0.0487,0.0487,2.2307,0.012046,0.0020402,0.012046,2.2307,1.2046e-07,0.0020402,1.2046e-07,0.0,0.0,0.0,0.0,1e-11,0.0,0.0,0.0,2.154e-10,0.0,0.0,0.0,0.0,2.154e-10,1e-11,0.0
24444896.0,4995000000.0,5000000.0,5.0,0.0,0.0487,0.0487,0.0487,0.0487,2.2307,0.044614,0.0,0.044614,2.2307,0.035691,0.0,0.035691,0.0,0.0,0.0,0.0,1e-07,0.0,0.0,0.0,1e-11,0.0,0.0,0.0,0.0,1e-11,1e-07,0.0
24443893.0,4995000000.0,5000000.0,5.0,0.0,0.0487,0.0487,0.0487,0.0487,2.2307,0.012046,0.019407,0.012046,2.2307,0.0096365,0.019407,0.0096365,0.0,0.0,0.0,0.0,0.001,0.0,0.0,0.0,4.642e-05,0.0,0.0,0.0,0.0,4.642e-05,0.001,0.0
24443231.0,4995000000.0,5000000.0,5.0,0.0,0.0487,0.0487,0.0487,0.0487,2.2307,0.012046,0.0020402,0.012046,2.2307,0.0,0.0020402,0.0,0.0,0.0,0.0,0.0,1e-07,0.0,0.0,0.0,2.154e-10,0.0,0.0,0.0,0.0,2.154e-10,1e-07,0.0
24447538.0,4995000000.0,5000000.0,5.0,0.0,0.0487,0.0487,0.0487,0.0487,2.2307,0.1644,2.2307e-05,0.1644,2.2307,0.0014303,2.2307e-05,0.0014303,0.0,0.0,0.0,0.0,4.642e-09,0.0,0.0,0.0,1e-07,0.0,0.0,0.0,0.0,1e-07,4.642e-09,0.0
24443161.0,4995000000.0,5000000.0,5.0,0.0,0.0487,0.0487,0.0487,0.0487,2.2307,0.012046,0.00021333,0.012046,2.2307,0.0096365,0.00021333,0.0096365,0.0,0.0,0.0,0.0,1e-11,0.0,0.0,0.0,2.154e-10,0.0,0.0,0.0,0.0,2.154e-10,1e-11,0.0
24442773.0,4995000000.0,5000000.0,5.0,0.0,0.0487,0.0487,0.0487,0.0487,2.2307,0.012046,2.2307e-05,0.012046,2.2307,0.0010082,2.2307e-05,0.0010082,0.0,0.0,0.0,0.0,1e-11,0.0,0.0,0.0,4.642e-05,0.0,0.0,0.0,0.0,4.642e-05,1e-11,0.0
24448637.0,4995000000.0,5000000.0,5.0,0.0,0.0487,0.0487,0.0487,0.0487,2.2307,0.1644,0.019407,0.1644,2.2307,0.01376,0.019407,0.01376,0.0,0.0,0.0,0.0,4.642e-05,0.0,0.0,0.0,1e-07,0.0,0.0,0.0,0.0,1e-07,4.642e-05,0.0
24443287.0,4995000000.0,5000000.0,5.0,0.0,0.0487,0.0487,0.0487,0.0487,2.2307,0.012046,0.0020402,0.012046,2.2307,1.2046e-07,0.0020402,1.2046e-07,0.0,0.0,0.0,0.0,2.154e-06,0.0,0.0,0.0,2.154e-10,0.0,0.0,0.0,0.0,2.154e-10,2.154e-06,0.0
24446041.0,4995000000.0,5000000.0,5.0,0.0,0.0487,0.0487,0.0487,0.0487,2.2307,0.044614,0.019407,0.044614,2.2307,4.4614e-07,0.019407,4.4614e-07,0.0,0.0,0.0,0.0,4.642e-05,0.0,0.0,0.0,2.154e-06,0.0,0.0,0.0,0.0,2.154e-06,4.642e-05,0.0
24447747.0,4995000000.0,5000000.0,5.0,0.0,0.0487,0.0487,0.0487,0.0487,2.2307,0.1644,0.00021333,0.1644,2.2307,1.644e-06,0.00021333,1.644e-06,0.0,0.0,0.0,0.0,2.154e-06,0.0,0.0,0.0,4.642e-09,0.0,0.0,0.0,0.0,4.642e-09,2.154e-06,0.0
24442943.0,4995000000.0,5000000.0,5.0,0.0,0.0487,0.0487,0.0487,0.0487,2.2307,0.012046,0.00021333,0.012046,2.2307,1.2046e-07,0.00021333,1.2046e-07,0.0,0.0,0.0,0.0,2.154e-06,0.0,0.0,0.0,1e-11,0.0,0.0,0.0,0.0,1e-11,2.154e-06,0.0
24444925.0,4995000000.0,5000000.0,5.0,0.0,0.0487,0.0487,0.0487,0.0487,2.2307,0.044614,2.2307e-05,0.044614,2.2307,0.0,2.2307e-05,0.0,0.0,0.0,0.0,0.0,1e-11,0.0,0.0,0.0,2.154e-10,0.0,0.0,0.0,0.0,2.154e-10,1e-11,0.0
24445271.0,4995000000.0,5000000.0,5.0,0.0,0.0487,0.0487,0.0487,0.0487,2.2307,0.044614,0.00021333,0.044614,2.2307,0.0,0.00021333,0.0,0.0,0.0,0.0,0.0,1e-11,0.0,0.0,0.0,2.154e-06,0.0,0.0,0.0,0.0,2.154e-06,1e-11,0.0
24448491.0,4995000000.0,5000000.0,5.0,0.0,0.0487,0.0487,0.0487,0.0487,2.2307,0.1644,0.019407,0.1644,2.2307,1.5722e-05,0.019407,1.5722e-05,0.0,0.0,0.0,0.0,4.642e-05,0.0,0.0,0.0,2.154e-06,0.0,0.0,0.0,0.0,2.154e-06,4.642e-05,0.0
24444709.0,4995000000.0,5000000.0,5.0,0.0,0.0487,0.0487,0.0487,0.0487,2.2307,0.044614,0.0,0.044614,2.2307,4.2666e-06,0.0,4.2666e-06,0.0,0.0,0.0,0.0,2.154e-06,0.0,0.0,0.0,4.642e-09,0.0,0.0,0.0,0.0,4.642e-09,2.154e-06,0.0
24442222.0,4995000000.0,5000000.0,5.0,0.0,0.0487,0.0487,0.0487,0.0487,2.2307,0.012046,0.0,0.012046,2.2307,0.0,0.0,0.0,0.0,0.0,0.0,0.0,0.001,0.0,0.0,0.0,1e-11,0.0,0.0,0.0,0.0,1e-11,0.001,0.0
24442835.0,4995000000.0,5000000.0,5.0,0.0,0.0487,0.0487,0.0487,0.0487,2.2307,0.012046,2.2307e-05,0.012046,2.2307,0.0096365,2.2307e-05,0.0096365,0.0,0.0,0.0,0.0,4.642e-09,0.0,0.0,0.0,2.154e-06,0.0,0.0,0.0,0.0,2.154e-06,4.642e-09,0.0
24443146.0,4995000000.0,5000000.0,5.0,0.0,0.0487,0.0487,0.0487,0.0487,2.2307,0.012046,0.00021333,0.012046,2.2307,0.0010082,0.00021333,0.0010082,0.0,0.0,0.0,0.0,4.642e-05,0.0,0.0,0.0,1e-11,0.0,0.0,0.0,0.0,1e-11,4.642e-05,0.0
24447833.0,4995000000.0,5000000.0,5.0,0.0,0.0487,0.0487,0.0487,0.0487,2.2307,0.1644,0.00021333,0.1644,2.2307,0.00015036,0.00021333,0.00015036,0.0,0.0,0.0,0.0,4.642e-09,0.0,0.0,0.0,2.154e-06,0.0,0.0,0.0,0.0,2.154e-06,4.642e-09,0.0
24445533.0,4995000000.0,5000000.0,5.0,0.0,0.0487,0.0487,0.0487,0.0487,2.2307,0.044614,0.00021333,0.044614,2.2307,0.0037342,0.00021333,0.0037342,0.0,0.0,0.0,0.0,1e-07,0.0,0.0,0.0,1e-11,0.0,0.0,0.0,0.0,1e-11,1e-07,0.0
24443279.0,4995000000.0,5000000.0,5.0,0.0,0.0487,0.0487,0.0487,0.0487,2.2307,0.012046,0.0020402,0.012046,2.2307,1.2046e-07,0.0020402,1.2046e-07,0.0,0.0,0.0,0.0,1e-07,0.0,0.0,0.0,1e-11,0.0,0.0,0.0,0.0,1e-11,1e-07,0.0
24446036.0,4995000000.0,5000000.0,5.0,0.0,0.0487,0.0487,0.0487,0.0487,2.2307,0.044614,0.019407,0.044614,2.2307,4.4614e-07,0.019407,4.4614e-07,0.0,0.0,0.0,0.0,2.154e-06,0.0,0.0,0.0,0.001,0.0,0.0,0.0,0.0,0.001,2.154e-06,0.0
24447469.0,4995000000.0,5000000.0,5.0,0.0,0.0487,0.0487,0.0487,0.0487,2.2307,0.1644,2.2307e-05,0.1644,2.2307,1.5722e-05,2.2307e-05,1.5722e-05,0.0,0.0,0.0,0.0,0.001,0.0,0.0,0.0,2.154e-06,0.0,0.0,0.0,0.0,2.154e-06,0.001,0.0
24443372.0,4995000000.0,5000000.0,5.0,0.0,0.0487,0.0487,0.0487,0.0487,2.2307,0.012046,0.0020402,0.012046,2.2307,1.1017e-05,0.0020402,1.1017e-05,0.0,0.0,0.0,0.0,4.642e-09,0.0,0.0,0.0,4.642e-09,0.0,0.0,0.0,0.0,4.642e-09,4.642e-09,0.0
24444944.0,4995000000.0,5000000.0,5.0,0.0,0.0487,0.0487,0.0487,0.0487,2.2307,0.044614,2.2307e-05,0.044614,2.2307,0.0,2.2307e-05,0.0,0.0,0.0,0.0,0.0,4.642e-09,0.0,0.0,0.0,0.001,0.0,0.0,0.0,0.0,0.001,4.642e-09,0.0
24442499.0,4995000000.0,5000000.0,5.0,0.0,0.0487,0.0487,0.0487,0.0487,2.2307,0.012046,0.0,0.012046,2.2307,0.0096365,0.0,0.0096365,0.0,0.0,0.0,0.0,1e-07,0.0,0.0,0.0,2.154e-06,0.0,0.0,0.0,0.0,2.154e-06,1e-07,0.0
24448304.0,4995000000.0,5000000.0,5.0,0.0,0.0487,0.0487,0.0487,0.0487,2.2307,0.1644,0.0020402,0.1644,2.2307,0.01376,0.0020402,0.01376,0.0,0.0,0.0,0.0,0.001,0.0,0.0,0.0,0.001,0.0,0.0,0.0,0.0,0.001,0.001,0.0
24445910.0,4995000000.0,5000000.0,5.0,0.0,0.0487,0.0487,0.0487,0.0487,2.2307,0.044614,0.0020402,0.044614,2.2307,0.035691,0.0020402,0.035691,0.0,0.0,0.0,0.0,1e-11,0.0,0.0,0.0,0.001,0.0,0.0,0.0,0.0,0.001,1e-11,0.0
24445765.0,4995000000.0,5000000.0,5.0,0.0,0.0487,0.0487,0.0487,0.0487,2.2307,0.044614,0.0020402,0.044614,2.2307,4.0804e-05,0.0020402,4.0804e-05,0.0,0.0,0.0,0.0,2.154e-10,0.0,0.0,0.0,2.154e-10,0.0,0.0,0.0,0.0,2.154e-10,2.154e-10,0.0
24445645.0,4995000000.0,5000000.0,5.0,0.0,0.0487,0.0487,0.0487,0.0487,2.2307,0.044614,0.0020402,0.044614,2.2307,0.0,0.0020402,0.0,0.0,0.0,0.0,0.0,4.642e-05,0.0,0.0,0.0,1e-11,0.0,0.0,0.0,0.0,1e-11,4.642e-05,0.0
24448188.0,4995000000.0,5000000.0,5.0,0.0,0.0487,0.0487,0.0487,0.0487,2.2307,0.1644,0.0020402,0.1644,2.2307,0.00015036,0.0020402,0.00015036,0.0,0.0,0.0,0.0,2.154e-06,0.0,0.0,0.0,4.642e-09,0.0,0.0,0.0,0.0,4.642e-09,2.154e-06,0.0
24445276.0,4995000000.0,5000000.0,5.0,0.0,0.0487,0.0487,0.0487,0.0487,2.2307,0.044614,0.00021333,0.044614,2.2307,0.0,0.00021333,0.0,0.0,0.0,0.0,0.0,2.154e-10,0.0,0.0,0.0,4.642e-09,0.0,0.0,0.0,0.0,4.642e-09,2.154e-10,0.0
24445643.0,4995000000.0,5000000.0,5.0,0.0,0.0487,0.0487,0.0487,0.0487,2.2307,0.044614,0.0020402,0.044614,2.2307,0.0,0.0020402,0.0,0.0,0.0,0.0,0.0,2.154e-06,0.0,0.0,0.0,4.642e-05,0.0,0.0,0.0,0.0,4.642e-05,2.154e-06,0.0
24442604.0,4995000000.0,5000000.0,5.0,0.0,0.0487,0.0487,0.0487,0.0487,2.2307,0.012046,2.2307e-05,0.012046,2.2307,1.2046e-07,2.2307e-05,1.2046e-07,0.0,0.0,0.0,0.0,2.154e-06,0.0,0.0,0.0,2.154e-06,0.0,0.0,0.0,0.0,2.154e-06,2.154e-06,0.0
24442226.0,4995000000.0,5000000.0,5.0,0.0,0.0487,0.0487,0.0487,0.0487,2.2307,0.012046,0.0,0.012046,2.2307,0.0,0.0,0.0,0.0,0.0,0.0,0.0,0.001,0.0,0.0,0.0,2.154e-06,0.0,0.0,0.0,0.0,2.154e-06,0.001,0.0
24442740.0,4995000000.0,5000000.0,5.0,0.0,0.0487,0.0487,0.0487,0.0487,2.2307,0.012046,2.2307e-05,0.012046,2.2307,0.0001048,2.2307e-05,0.0001048,0.0,0.0,0.0,0.0,1e-07,0.0,0.0,0.0,1e-11,0.0,0.0,0.0,0.0,1e-11,1e-07,0.0
24448372.0,4995000000.0,5000000.0,5.0,0.0,0.0487,0.0487,0.0487,0.0487,2.2307,0.1644,0.019407,0.1644,2.2307,0.0,0.019407,0.0,0.0,0.0,0.0,0.0,4.642e-09,0.0,0.0,0.0,2.154e-06,0.0,0.0,0.0,0.0,2.154e-06,4.642e-09,0.0
24443482.0,4995000000.0,5000000.0,5.0,0.0,0.0487,0.0487,0.0487,0.0487,2.2307,0.012046,0.0020402,0.012046,2.2307,0.0010082,0.0020402,0.0010082,0.0,0.0,0.0,0.0,2.154e-06,0.0,0.0,0.0,1e-11,0.0,0.0,0.0,0.0,1e-11,2.154e-06,0.0
24443825.0,4995000000.0,5000000.0,5.0,0.0,0.0487,0.0487,0.0487,0.0487,2.2307,0.012046,0.019407,0.012046,2.2307,0.0010082,0.019407,0.0010082,0.0,0.0,0.0,0.0,2.154e-06,0.0,0.0,0.0,1e-11,0.0,0.0,0.0,0.0,1e-11,2.154e-06,0.0
24446196.0,4995000000.0,5000000.0,5.0,0.0,0.0487,0.0487,0.0487,0.0487,2.2307,0.044614,0.019407,0.044614,2.2307,0.00038814,0.019407,0.00038814,0.0,0.0,0.0,0.0,0.001,0.0,0.0,0.0,4.642e-05,0.0,0.0,0.0,0.0,4.642e-05,0.001,0.0
24443055.0,4995000000.0,5000000.0,5.0,0.0,0.0487,0.0487,0.0487,0.0487,2.2307,0.012046,0.00021333,0.012046,2.2307,1.1017e-05,0.00021333,1.1017e-05,0.0,0.0,0.0,0.0,0.001,0.0,0.0,0.0,1e-11,0.0,0.0,0.0,0.0,1e-11,0.001,0.0
24445701.0,4995000000.0,5000000.0,5.0,0.0,0.0487,0.0487,0.0487,0.0487,2.2307,0.044614,0.0020402,0.044614,2.2307,4.4614e-07,0.0020402,4.4614e-07,0.0,0.0,0.0,0.0,0.001,0.0,0.0,0.0,1e-11,0.0,0.0,0.0,0.0,1e-11,0.001,0.0
24445309.0,4995000000.0,5000000.0,5.0,0.0,0.0487,0.0487,0.0487,0.0487,2.2307,0.044614,0.00021333,0.044614,2.2307,0.0,0.00021333,0.0,0.0,0.0,0.0,0.0,0.001,0.0,0.0,0.0,1e-11,0.0,0.0,0.0,0.0,1e-11,0.001,0.0
24443312.0,4995000000.0,5000000.0,5.0,0.0,0.0487,0.0487,0.0487,0.0487,2.2307,0.012046,0.0020402,0.012046,2.2307,1.152e-06,0.0020402,1.152e-06,0.0,0.0,0.0,0.0,1e-11,0.0,0.0,0.0,4.642e-05,0.0,0.0,0.0,0.0,4.642e-05,1e-11,0.0
24447842.0,4995000000.0,5000000.0,5.0,0.0,0.0487,0.0487,0.0487,0.0487,2.2307,0.1644,0.00021333,0.1644,2.2307,0.00015036,0.00021333,0.00015036,0.0,0.0,0.0,0.0,1e-07,0.0,0.0,0.0,0.001,0.0,0.0,0.0,0.0,0.001,1e-07,0.0
24447895.0,4995000000.0,5000000.0,5.0,0.0,0.0487,0.0487,0.0487,0.0487,2.2307,0.1644,0.00021333,0.1644,2.2307,0.0014303,0.00021333,0.0014303,0.0,0.0,0.0,0.0,2.154e-06,0.0,0.0,0.0,1e-07,0.0,0.0,0.0,0.0,1e-07,2.154e-06,0.0
24447688.0,4995000000.0,5000000.0,5.0,0.0,0.0487,0.0487,0.0487,0.0487,2.2307,0.1644,0.00021333,0.1644,2.2307,0.0,0.00021333,0.0,0.0,0.0,0.0,0.0,4.642e-09,0.0,0.0,0.0,0.001,0.0,0.0,0.0,0.0,0.001,4.642e-09,0.0
24444844.0,4995000000.0,5000000.0,5.0,0.0,0.0487,0.0487,0.0487,0.0487,2.2307,0.044614,0.0,0.044614,2.2307,0.0037342,0.0,0.0037342,0.0,0.0,0.0,0.0,4.642e-09,0.0,0.0,0.0,2.154e-06,0.0,0.0,0.0,0.0,2.154e-06,4.642e-09,0.0
24447029.0,4995000000.0,5000000.0,5.0,0.0,0.0487,0.0487,0.0487,0.0487,2.2307,0.1644,0.0,0.1644,2.2307,0.0,0.0,0.0,0.0,0.0,0.0,0.0,0.001,0.0,0.0,0.0,4.642e-05,0.0,0.0,0.0,0.0,4.642e-05,0.001,0.0
24443612.0,4995000000.0,5000000.0,5.0,0.0,0.0487,0.0487,0.0487,0.0487,2.2307,0.012046,0.019407,0.012046,2.2307,1.2046e-07,0.019407,1.2046e-07,0.0,0.0,0.0,0.0,2.154e-10,0.0,0.0,0.0,2.154e-06,0.0,0.0,0.0,0.0,2.154e-06,2.154e-10,0.0
24445102.0,4995000000.0,5000000.0,5.0,0.0,0.0487,0.0487,0.0487,0.0487,2.2307,0.044614,2.2307e-05,0.044614,2.2307,4.0804e-05,2.2307e-05,4.0804e-05,0.0,0.0,0.0,0.0,2.154e-06,0.0,0.0,0.0,1e-07,0.0,0.0,0.0,0.0,1e-07,2.154e-06,0.0
24448029.0,4995000000.0,5000000.0,5.0,0.0,0.0487,0.0487,0.0487,0.0487,2.2307,0.1644,0.0020402,0.1644,2.2307,0.0,0.0020402,0.0,0.0,0.0,0.0,0.0,4.642e-09,0.0,0.0,0.0,2.154e-06,0.0,0.0,0.0,0.0,2.154e-06,4.642e-09,0.0
24442518.0,4995000000.0,5000000.0,5.0,0.0,0.0487,0.0487,0.0487,0.0487,2.2307,0.012046,0.0,0.012046,2.2307,0.0096365,0.0,0.0096365,0.0,0.0,0.0,0.0,0.001,0.0,0.0,0.0,4.642e-09,0.0,0.0,0.0,0.0,4.642e-09,0.001,0.0
24449617.0,4995000000.0,5000000.0,5.0,0.0,0.0487,0.0487,0.0487,0.0487,2.2307,0.60541,0.0,0.60541,2.2307,0.005267,0.0,0.005267,0.0,0.0,0.0,0.0,4.642e-05,0.0,0.0,0.0,1e-07,0.0,0.0,0.0,0.0,1e-07,4.642e-05,0.0
24444808.0,4995000000.0,5000000.0,5.0,0.0,0.0487,0.0487,0.0487,0.0487,2.2307,0.044614,0.0,0.044614,2.2307,0.00038814,0.0,0.00038814,0.0,0.0,0.0,0.0,2.154e-06,0.0,0.0,0.0,1e-07,0.0,0.0,0.0,0.0,1e-07,2.154e-06,0.0
24447239.0,4995000000.0,5000000.0,5.0,0.0,0.0487,0.0487,0.0487,0.0487,2.2307,0.1644,0.0,0.1644,2.2307,0.01376,0.0,0.01376,0.0,0.0,0.0,0.0,2.154e-10,0.0,0.0,0.0,4.642e-05,0.0,0.0,0.0,0.0,4.642e-05,2.154e-10,0.0
24443890.0,4995000000.0,5000000.0,5.0,0.0,0.0487,0.0487,0.0487,0.0487,2.2307,0.012046,0.019407,0.012046,2.2307,0.0096365,0.019407,0.0096365,0.0,0.0,0.0,0.0,0.001,0.0,0.0,0.0,4.642e-09,0.0,0.0,0.0,0.0,4.642e-09,0.001,0.0
24445835.0,4995000000.0,5000000.0,5.0,0.0,0.0487,0.0487,0.0487,0.0487,2.2307,0.044614,0.0020402,0.044614,2.2307,0.00038814,0.0020402,0.00038814,0.0,0.0,0.0,0.0,2.154e-06,0.0,0.0,0.0,2.154e-10,0.0,0.0,0.0,0.0,2.154e-10,2.154e-06,0.0
24445704.0,4995000000.0,5000000.0,5.0,0.0,0.0487,0.0487,0.0487,0.0487,2.2307,0.044614,0.0020402,0.044614,2.2307,4.4614e-07,0.0020402,4.4614e-07,0.0,0.0,0.0,0.0,0.001,0.0,0.0,0.0,1e-07,0.0,0.0,0.0,0.0,1e-07,0.001,0.0
24448444.0,4995000000.0,5000000.0,5.0,0.0,0.0487,0.0487,0.0487,0.0487,2.2307,0.1644,0.019407,0.1644,2.2307,1.644e-06,0.019407,1.644e-06,0.0,0.0,0.0,0.0,4.642e-05,0.0,0.0,0.0,0.001,0.0,0.0,0.0,0.0,0.001,4.642e-05,0.0
24444934.0,4995000000.0,5000000.0,5.0,0.0,0.0487,0.0487,0.0487,0.0487,2.2307,0.044614,2.2307e-05,0.044614,2.2307,0.0,2.2307e-05,0.0,0.0,0.0,0.0,0.0,2.154e-10,0.0,0.0,0.0,1e-07,0.0,0.0,0.0,0.0,1e-07,2.154e-10,0.0
24447770.0,4995000000.0,5000000.0,5.0,0.0,0.0487,0.0487,0.0487,0.0487,2.2307,0.1644,0.00021333,0.1644,2.2307,1.5722e-05,0.00021333,1.5722e-05,0.0,0.0,0.0,0.0,1e-11,0.0,0.0,0.0,2.154e-06,0.0,0.0,0.0,0.0,2.154e-06,1e-11,0.0
24444815.0,4995000000.0,5000000.0,5.0,0.0,0.0487,0.0487,0.0487,0.0487,2.2307,0.044614,0.0,0.044614,2.2307,0.00038814,0.0,0.00038814,0.0,0.0,0.0,0.0,4.642e-05,0.0,0.0,0.0,1e-07,0.0,0.0,0.0,0.0,1e-07,4.642e-05,0.0
24445411.0,4995000000.0,5000000.0,5.0,0.0,0.0487,0.0487,0.0487,0.0487,2.2307,0.044614,0.00021333,0.044614,2.2307,4.2666e-06,0.00021333,4.2666e-06,0.0,0.0,0.0,0.0,0.001,0.0,0.0,0.0,2.154e-06,0.0,0.0,0.0,0.0,2.154e-06,0.001,0.0
24442242.0,4995000000.0,5000000.0,5.0,0.0,0.0487,0.0487,0.0487,0.0487,2.2307,0.012046,0.0,0.012046,2.2307,1.2046e-07,0.0,1.2046e-07,0.0,0.0,0.0,0.0,2.154e-10,0.0,0.0,0.0,0.001,0.0,0.0,0.0,0.0,0.001,2.154e-10,0.0
24445877.0,4995000000.0,5000000.0,5.0,0.0,0.0487,0.0487,0.0487,0.0487,2.2307,0.044614,0.0020402,0.044614,2.2307,0.0037342,0.0020402,0.0037342,0.0,0.0,0.0,0.0,1e-07,0.0,0.0,0.0,2.154e-10,0.0,0.0,0.0,0.0,2.154e-10,1e-07,0.0
24443129.0,4995000000.0,5000000.0,5.0,0.0,0.0487,0.0487,0.0487,0.0487,2.2307,0.012046,0.00021333,0.012046,2.2307,0.0010082,0.00021333,0.0010082,0.0,0.0,0.0,0.0,4.642e-09,0.0,0.0,0.0,2.154e-06,0.0,0.0,0.0,0.0,2.154e-06,4.642e-09,0.0
24443295.0,4995000000.0,5000000.0,5.0,0.0,0.0487,0.0487,0.0487,0.0487,2.2307,0.012046,0.0020402,0.012046,2.2307,1.2046e-07,0.0020402,1.2046e-07,0.0,0.0,0.0,0.0,4.642e-05,0.0,0.0,0.0,4.642e-09,0.0,0.0,0.0,0.0,4.642e-09,4.642e-05,0.0
24443650.0,4995000000.0,5000000.0,5.0,0.0,0.0487,0.0487,0.0487,0.0487,2.2307,0.012046,0.019407,0.012046,2.2307,1.152e-06,0.019407,1.152e-06,0.0,0.0,0.0,0.0,1e-11,0.0,0.0,0.0,1e-11,0.0,0.0,0.0,0.0,1e-11,1e-11,0.0
24443388.0,4995000000.0,5000000.0,5.0,0.0,0.0487,0.0487,0.0487,0.0487,2.2307,0.012046,0.0020402,0.012046,2.2307,1.1017e-05,0.0020402,1.1017e-05,0.0,0.0,0.0,0.0,2.154e-06,0.0,0.0,0.0,2.154e-06,0.0,0.0,0.0,0.0,2.154e-06,2.154e-06,0.0
24442925.0,4995000000.0,5000000.0,5.0,0.0,0.0487,0.0487,0.0487,0.0487,2.2307,0.012046,0.00021333,0.012046,2.2307,1.2046e-07,0.00021333,1.2046e-07,0.0,0.0,0.0,0.0,2.154e-10,0.0,0.0,0.0,1e-07,0.0,0.0,0.0,0.0,1e-07,2.154e-10,0.0
24446262.0,4995000000.0,5000000.0,5.0,0.0,0.0487,0.0487,0.0487,0.0487,2.2307,0.044614,0.019407,0.044614,2.2307,0.035691,0.019407,0.035691,0.0,0.0,0.0,0.0,4.642e-09,0.0,0.0,0.0,2.154e-10,0.0,0.0,0.0,0.0,2.154e-10,4.642e-09,0.0
24448101.0,4995000000.0,5000000.0,5.0,0.0,0.0487,0.0487,0.0487,0.0487,2.2307,0.1644,0.0020402,0.1644,2.2307,1.644e-06,0.0020402,1.644e-06,0.0,0.0,0.0,0.0,4.642e-05,0.0,0.0,0.0,0.001,0.0,0.0,0.0,0.0,0.001,4.642e-05,0.0
24442735.0,4995000000.0,5000000.0,5.0,0.0,0.0487,0.0487,0.0487,0.0487,2.2307,0.012046,2.2307e-05,0.012046,2.2307,0.0001048,2.2307e-05,0.0001048,0.0,0.0,0.0,0.0,4.642e-09,0.0,0.0,0.0,4.642e-09,0.0,0.0,0.0,0.0,4.642e-09,4.642e-09,0.0
24444820.0,4995000000.0,5000000.0,5.0,0.0,0.0487,0.0487,0.0487,0.0487,2.2307,0.044614,0.0,0.044614,2.2307,0.00038814,0.0,0.00038814,0.0,0.0,0.0,0.0,0.001,0.0,0.0,0.0,2.154e-10,0.0,0.0,0.0,0.0,2.154e-10,0.001,0.0
24442762.0,4995000000.0,5000000.0,5.0,0.0,0.0487,0.0487,0.0487,0.0487,2.2307,0.012046,2.2307e-05,0.012046,2.2307,0.0001048,2.2307e-05,0.0001048,0.0,0.0,0.0,0.0,0.001,0.0,0.0,0.0,2.154e-10,0.0,0.0,0.0,0.0,2.154e-10,0.001,0.0
24447071.0,4995000000.0,5000000.0,5.0,0.0,0.0487,0.0487,0.0487,0.0487,2.2307,0.1644,0.0,0.1644,2.2307,1.644e-06,0.0,1.644e-06,0.0,0.0,0.0,0.0,4.642e-05,0.0,0.0,0.0,4.642e-05,0.0,0.0,0.0,0.0,4.642e-05,4.642e-05,0.0
24443043.0,4995000000.0,5000000.0,5.0,0.0,0.0487,0.0487,0.0487,0.0487,2.2307,0.012046,0.00021333,0.012046,2.2307,1.1017e-05,0.00021333,1.1017e-05,0.0,0.0,0.0,0.0,2.154e-06,0.0,0.0,0.0,4.642e-09,0.0,0.0,0.0,0.0,4.642e-09,2.154e-06,0.0
24442357.0,4995000000.0,5000000.0,5.0,0.0,0.0487,0.0487,0.0487,0.0487,2.2307,0.012046,0.0,0.012046,2.2307,1.1017e-05,0.0,1.1017e-05,0.0,0.0,0.0,0.0,2.154e-06,0.0,0.0,0.0,4.642e-09,0.0,0.0,0.0,0.0,4.642e-09,2.154e-06,0.0
24442613.0,4995000000.0,5000000.0,5.0,0.0,0.0487,0.0487,0.0487,0.0487,2.2307,0.012046,2.2307e-05,0.012046,2.2307,1.2046e-07,2.2307e-05,1.2046e-07,0.0,0.0,0.0,0.0,4.642e-05,0.0,0.0,0.0,0.001,0.0,0.0,0.0,0.0,0.001,4.642e-05,0.0
24443746.0,4995000000.0,5000000.0,5.0,0.0,0.0487,0.0487,0.0487,0.0487,2.2307,0.012046,0.019407,0.012046,2.2307,1.1017e-05,0.019407,1.1017e-05,0.0,0.0,0.0,0.0,0.001,0.0,0.0,0.0,4.642e-05,0.0,0.0,0.0,0.0,4.642e-05,0.001,0.0
24446182.0,4995000000.0,5000000.0,5.0,0.0,0.0487,0.0487,0.0487,0.0487,2.2307,0.044614,0.019407,0.044614,2.2307,0.00038814,0.019407,0.00038814,0.0,0.0,0.0,0.0,2.154e-06,0.0,0.0,0.0,4.642e-05,0.0,0.0,0.0,0.0,4.642e-05,2.154e-06,0.0
24445783.0,4995000000.0,5000000.0,5.0,0.0,0.0487,0.0487,0.0487,0.0487,2.2307,0.044614,0.0020402,0.044614,2.2307,4.0804e-05,0.0020402,4.0804e-05,0.0,0.0,0.0,0.0,1e-07,0.0,0.0,0.0,4.642e-05,0.0,0.0,0.0,0.0,4.642e-05,1e-07,0.0
24443700.0,4995000000.0,5000000.0,5.0,0.0,0.0487,0.0487,0.0487,0.0487,2.2307,0.012046,0.019407,0.012046,2.2307,1.1017e-05,0.019407,1.1017e-05,0.0,0.0,0.0,0.0,1e-11,0.0,0.0,0.0,2.154e-10,0.0,0.0,0.0,0.0,2.154e-10,1e-11,0.0
24446258.0,4995000000.0,5000000.0,5.0,0.0,0.0487,0.0487,0.0487,0.0487,2.2307,0.044614,0.019407,0.044614,2.2307,0.035691,0.019407,0.035691,0.0,0.0,0.0,0.0,2.154e-10,0.0,0.0,0.0,2.154e-06,0.0,0.0,0.0,0.0,2.154e-06,2.154e-10,0.0
24442576.0,4995000000.0,5000000.0,5.0,0.0,0.0487,0.0487,0.0487,0.0487,2.2307,0.012046,2.2307e-05,0.012046,2.2307,1.2046e-07,2.2307e-05,1.2046e-07,0.0,0.0,0.0,0.0,1e-11,0.0,0.0,0.0,2.154e-06,0.0,0.0,0.0,0.0,2.154e-06,1e-11,0.0
24442341.0,4995000000.0,5000000.0,5.0,0.0,0.0487,0.0487,0.0487,0.0487,2.2307,0.012046,0.0,0.012046,2.2307,1.1017e-05,0.0,1.1017e-05,0.0,0.0,0.0,0.0,4.642e-09,0.0,0.0,0.0,1e-11,0.0,0.0,0.0,0.0,1e-11,4.642e-09,0.0
24445453.0,4995000000.0,5000000.0,5.0,0.0,0.0487,0.0487,0.0487,0.0487,2.2307,0.044614,0.00021333,0.044614,2.2307,4.0804e-05,0.00021333,4.0804e-05,0.0,0.0,0.0,0.0,4.642e-05,0.0,0.0,0.0,2.154e-06,0.0,0.0,0.0,0.0,2.154e-06,4.642e-05,0.0
24448435.0,4995000000.0,5000000.0,5.0,0.0,0.0487,0.0487,0.0487,0.0487,2.2307,0.1644,0.019407,0.1644,2.2307,1.644e-06,0.019407,1.644e-06,0.0,0.0,0.0,0.0,2.154e-06,0.0,0.0,0.0,2.154e-06,0.0,0.0,0.0,0.0,2.154e-06,2.154e-06,0.0
24445174.0,4995000000.0,5000000.0,5.0,0.0,0.0487,0.0487,0.0487,0.0487,2.2307,0.044614,2.2307e-05,0.044614,2.2307,0.0037342,2.2307e-05,0.0037342,0.0,0.0,0.0,0.0,1e-11,0.0,0.0,0.0,4.642e-05,0.0,0.0,0.0,0.0,4.642e-05,1e-11,0.0
24445779.0,4995000000.0,5000000.0,5.0,0.0,0.0487,0.0487,0.0487,0.0487,2.2307,0.044614,0.0020402,0.044614,2.2307,4.0804e-05,0.0020402,4.0804e-05,0.0,0.0,0.0,0.0,1e-07,0.0,0.0,0.0,2.154e-10,0.0,0.0,0.0,0.0,2.154e-10,1e-07,0.0
24446016.0,4995000000.0,5000000.0,5.0,0.0,0.0487,0.0487,0.0487,0.0487,2.2307,0.044614,0.019407,0.044614,2.2307,4.4614e-07,0.019407,4.4614e-07,0.0,0.0,0.0,0.0,4.642e-09,0.0,0.0,0.0,1e-11,0.0,0.0,0.0,0.0,1e-11,4.642e-09,0.0
24443520.0,4995000000.0,5000000.0,5.0,0.0,0.0487,0.0487,0.0487,0.0487,2.2307,0.012046,0.0020402,0.012046,2.2307,0.0096365,0.0020402,0.0096365,0.0,0.0,0.0,0.0,4.642e-09,0.0,0.0,0.0,1e-07,0.0,0.0,0.0,0.0,1e-07,4.642e-09,0.0
24443033.0,4995000000.0,5000000.0,5.0,0.0,0.0487,0.0487,0.0487,0.0487,2.2307,0.012046,0.00021333,0.012046,2.2307,1.1017e-05,0.00021333,1.1017e-05,0.0,0.0,0.0,0.0,4.642e-09,0.0,0.0,0.0,0.001,0.0,0.0,0.0,0.0,0.001,4.642e-09,0.0
24443793.0,4995000000.0,5000000.0,5.0,0.0,0.0487,0.0487,0.0487,0.0487,2.2307,0.012046,0.019407,0.012046,2.2307,0.0001048,0.019407,0.0001048,0.0,0.0,0.0,0.0,0.001,0.0,0.0,0.0,1e-07,0.0,0.0,0.0,0.0,1e-07,0.001,0.0
24447715.0,4995000000.0,5000000.0,5.0,0.0,0.0487,0.0487,0.0487,0.0487,2.2307,0.1644,0.00021333,0.1644,2.2307,0.0,0.00021333,0.0,0.0,0.0,0.0,0.0,0.001,0.0,0.0,0.0,4.642e-05,0.0,0.0,0.0,0.0,4.642e-05,0.001,0.0
24444967.0,4995000000.0,5000000.0,5.0,0.0,0.0487,0.0487,0.0487,0.0487,2.2307,0.044614,2.2307e-05,0.044614,2.2307,0.0,2.2307e-05,0.0,0.0,0.0,0.0,0.0,0.001,0.0,0.0,0.0,2.154e-10,0.0,0.0,0.0,0.0,2.154e-10,0.001,0.0
24442675.0,4995000000.0,5000000.0,5.0,0.0,0.0487,0.0487,0.0487,0.0487,2.2307,0.012046,2.2307e-05,0.012046,2.2307,1.1017e-05,2.2307e-05,1.1017e-05,0.0,0.0,0.0,0.0,1e-11,0.0,0.0,0.0,4.642e-05,0.0,0.0,0.0,0.0,4.642e-05,1e-11,0.0
24449876.0,4995000000.0,5000000.0,5.0,0.0,0.0487,0.0487,0.0487,0.0487,2.2307,0.60541,2.2307e-05,0.60541,2.2307,0.00055371,2.2307e-05,0.00055371,0.0,0.0,0.0,0.0,1e-11,0.0,0.0,0.0,1e-07,0.0,0.0,0.0,0.0,1e-07,1e-11,0.0
24449730.0,4995000000.0,5000000.0,5.0,0.0,0.0487,0.0487,0.0487,0.0487,2.2307,0.60541,2.2307e-05,0.60541,2.2307,0.0,2.2307e-05,0.0,0.0,0.0,0.0,0.0,1e-11,0.0,0.0,0.0,2.154e-06,0.0,0.0,0.0,0.0,2.154e-06,1e-11,0.0
24449778.0,4995000000.0,5000000.0,5.0,0.0,0.0487,0.0487,0.0487,0.0487,2.2307,0.60541,2.2307e-05,0.60541,2.2307,6.0541e-06,2.2307e-05,6.0541e-06,0.0,0.0,0.0,0.0,1e-11,0.0,0.0,0.0,1e-07,0.0,0.0,0.0,0.0,1e-07,1e-11,0.0
24449841.0,4995000000.0,5000000.0,5.0,0.0,0.0487,0.0487,0.0487,0.0487,2.2307,0.60541,2.2307e-05,0.60541,2.2307,5.7898e-05,2.2307e-05,5.7898e-05,0.0,0.0,0.0,0.0,4.642e-09,0.0,0.0,0.0,1e-07,0.0,0.0,0.0,0.0,1e-07,4.642e-09,0.0
24442270.0,4995000000.0,5000000.0,5.0,0.0,0.0487,0.0487,0.0487,0.0487,2.2307,0.012046,0.0,0.012046,2.2307,1.2046e-07,0.0,1.2046e-07,0.0,0.0,0.0,0.0,4.642e-05,0.0,0.0,0.0,0.001,0.0,0.0,0.0,0.0,0.001,4.642e-05,0.0
24445310.0,4995000000.0,5000000.0,5.0,0.0,0.0487,0.0487,0.0487,0.0487,2.2307,0.044614,0.00021333,0.044614,2.2307,0.0,0.00021333,0.0,0.0,0.0,0.0,0.0,0.001,0.0,0.0,0.0,2.154e-10,0.0,0.0,0.0,0.0,2.154e-10,0.001,0.0
24442788.0,4995000000.0,5000000.0,5.0,0.0,0.0487,0.0487,0.0487,0.0487,2.2307,0.012046,2.2307e-05,0.012046,2.2307,0.0010082,2.2307e-05,0.0010082,0.0,0.0,0.0,0.0,4.642e-09,0.0,0.0,0.0,0.001,0.0,0.0,0.0,0.0,0.001,4.642e-09,0.0
24446103.0,4995000000.0,5000000.0,5.0,0.0,0.0487,0.0487,0.0487,0.0487,2.2307,0.044614,0.019407,0.044614,2.2307,4.0804e-05,0.019407,4.0804e-05,0.0,0.0,0.0,0.0,1e-11,0.0,0.0,0.0,1e-07,0.0,0.0,0.0,0.0,1e-07,1e-11,0.0
24448259.0,4995000000.0,5000000.0,5.0,0.0,0.0487,0.0487,0.0487,0.0487,2.2307,0.1644,0.0020402,0.1644,2.2307,0.01376,0.0020402,0.01376,0.0,0.0,0.0,0.0,1e-11,0.0,0.0,0.0,1e-07,0.0,0.0,0.0,0.0,1e-07,1e-11,0.0
24449561.0,4995000000.0,5000000.0,5.0,0.0,0.0487,0.0487,0.0487,0.0487,2.2307,0.60541,0.0,0.60541,2.2307,0.00055371,0.0,0.00055371,0.0,0.0,0.0,0.0,2.154e-06,0.0,0.0,0.0,1e-07,0.0,0.0,0.0,0.0,1e-07,2.154e-06,0.0
24445630.0,4995000000.0,5000000.0,5.0,0.0,0.0487,0.0487,0.0487,0.0487,2.2307,0.044614,0.0020402,0.044614,2.2307,0.0,0.0020402,0.0,0.0,0.0,0.0,0.0,4.642e-09,0.0,0.0,0.0,0.001,0.0,0.0,0.0,0.0,0.001,4.642e-09,0.0
24442924.0,4995000000.0,5000000.0,5.0,0.0,0.0487,0.0487,0.0487,0.0487,2.2307,0.012046,0.00021333,0.012046,2.2307,1.2046e-07,0.00021333,1.2046e-07,0.0,0.0,0.0,0.0,2.154e-10,0.0,0.0,0.0,4.642e-09,0.0,0.0,0.0,0.0,4.642e-09,2.154e-10,0.0
24443435.0,4995000000.0,5000000.0,5.0,0.0,0.0487,0.0487,0.0487,0.0487,2.2307,0.012046,0.0020402,0.012046,2.2307,0.0001048,0.0020402,0.0001048,0.0,0.0,0.0,0.0,2.154e-06,0.0,0.0,0.0,4.642e-09,0.0,0.0,0.0,0.0,4.642e-09,2.154e-06,0.0
24442266.0,4995000000.0,5000000.0,5.0,0.0,0.0487,0.0487,0.0487,0.0487,2.2307,0.012046,0.0,0.012046,2.2307,1.2046e-07,0.0,1.2046e-07,0.0,0.0,0.0,0.0,4.642e-05,0.0,0.0,0.0,4.642e-09,0.0,0.0,0.0,0.0,4.642e-09,4.642e-05,0.0
24445546.0,4995000000.0,5000000.0,5.0,0.0,0.0487,0.0487,0.0487,0.0487,2.2307,0.044614,0.00021333,0.044614,2.2307,0.0037342,0.00021333,0.0037342,0.0,0.0,0.0,0.0,2.154e-06,0.0,0.0,0.0,0.001,0.0,0.0,0.0,0.0,0.001,2.154e-06,0.0
24444679.0,4995000000.0,5000000.0,5.0,0.0,0.0487,0.0487,0.0487,0.0487,2.2307,0.044614,0.0,0.044614,2.2307,4.2666e-06,0.0,4.2666e-06,0.0,0.0,0.0,0.0,1e-11,0.0,0.0,0.0,1e-11,0.0,0.0,0.0,0.0,1e-11,1e-11,0.0
24449533.0,4995000000.0,5000000.0,5.0,0.0,0.0487,0.0487,0.0487,0.0487,2.2307,0.60541,0.0,0.60541,2.2307,0.00055371,0.0,0.00055371,0.0,0.0,0.0,0.0,1e-11,0.0,0.0,0.0,1e-07,0.0,0.0,0.0,0.0,1e-07,1e-11,0.0
24446085.0,4995000000.0,5000000.0,5.0,0.0,0.0487,0.0487,0.0487,0.0487,2.2307,0.044614,0.019407,0.044614,2.2307,4.2666e-06,0.019407,4.2666e-06,0.0,0.0,0.0,0.0,2.154e-06,0.0,0.0,0.0,0.001,0.0,0.0,0.0,0.0,0.001,2.154e-06,0.0
24443311.0,4995000000.0,5000000.0,5.0,0.0,0.0487,0.0487,0.0487,0.0487,2.2307,0.012046,0.0020402,0.012046,2.2307,1.152e-06,0.0020402,1.152e-06,0.0,0.0,0.0,0.0,1e-11,0.0,0.0,0.0,2.154e-06,0.0,0.0,0.0,0.0,2.154e-06,1e-11,0.0
24447205.0,4995000000.0,5000000.0,5.0,0.0,0.0487,0.0487,0.0487,0.0487,2.2307,0.1644,0.0,0.1644,2.2307,0.0014303,0.0,0.0014303,0.0,0.0,0.0,0.0,1e-07,0.0,0.0,0.0,0.001,0.0,0.0,0.0,0.0,0.001,1e-07,0.0
24445071.0,4995000000.0,5000000.0,5.0,0.0,0.0487,0.0487,0.0487,0.0487,2.2307,0.044614,2.2307e-05,0.044614,2.2307,4.0804e-05,2.2307e-05,4.0804e-05,0.0,0.0,0.0,0.0,1e-11,0.0,0.0,0.0,1e-11,0.0,0.0,0.0,0.0,1e-11,1e-11,0.0
24442249.0,4995000000.0,5000000.0,5.0,0.0,0.0487,0.0487,0.0487,0.0487,2.2307,0.012046,0.0,0.012046,2.2307,1.2046e-07,0.0,1.2046e-07,0.0,0.0,0.0,0.0,4.642e-09,0.0,0.0,0.0,0.001,0.0,0.0,0.0,0.0,0.001,4.642e-09,0.0
24443471.0,4995000000.0,5000000.0,5.0,0.0,0.0487,0.0487,0.0487,0.0487,2.2307,0.012046,0.0020402,0.012046,2.2307,0.0010082,0.0020402,0.0010082,0.0,0.0,0.0,0.0,4.642e-09,0.0,0.0,0.0,1e-07,0.0,0.0,0.0,0.0,1e-07,4.642e-09,0.0
24447489.0,4995000000.0,5000000.0,5.0,0.0,0.0487,0.0487,0.0487,0.0487,2.2307,0.1644,2.2307e-05,0.1644,2.2307,0.00015036,2.2307e-05,0.00015036,0.0,0.0,0.0,0.0,4.642e-09,0.0,0.0,0.0,1e-07,0.0,0.0,0.0,0.0,1e-07,4.642e-09,0.0
24446017.0,4995000000.0,5000000.0,5.0,0.0,0.0487,0.0487,0.0487,0.0487,2.2307,0.044614,0.019407,0.044614,2.2307,4.4614e-07,0.019407,4.4614e-07,0.0,0.0,0.0,0.0,4.642e-09,0.0,0.0,0.0,2.154e-10,0.0,0.0,0.0,0.0,2.154e-10,4.642e-09,0.0
24448031.0,4995000000.0,5000000.0,5.0,0.0,0.0487,0.0487,0.0487,0.0487,2.2307,0.1644,0.0020402,0.1644,2.2307,0.0,0.0020402,0.0,0.0,0.0,0.0,0.0,4.642e-09,0.0,0.0,0.0,0.001,0.0,0.0,0.0,0.0,0.001,4.642e-09,0.0
24447096.0,4995000000.0,5000000.0,5.0,0.0,0.0487,0.0487,0.0487,0.0487,2.2307,0.1644,0.0,0.1644,2.2307,1.5722e-05,0.0,1.5722e-05,0.0,0.0,0.0,0.0,4.642e-09,0.0,0.0,0.0,4.642e-09,0.0,0.0,0.0,0.0,4.642e-09,4.642e-09,0.0
24445010.0,4995000000.0,5000000.0,5.0,0.0,0.0487,0.0487,0.0487,0.0487,2.2307,0.044614,2.2307e-05,0.044614,2.2307,4.4614e-07,2.2307e-05,4.4614e-07,0.0,0.0,0.0,0.0,4.642e-05,0.0,0.0,0.0,4.642e-09,0.0,0.0,0.0,0.0,4.642e-09,4.642e-05,0.0
24443092.0,4995000000.0,5000000.0,5.0,0.0,0.0487,0.0487,0.0487,0.0487,2.2307,0.012046,0.00021333,0.012046,2.2307,0.0001048,0.00021333,0.0001048,0.0,0.0,0.0,0.0,2.154e-06,0.0,0.0,0.0,4.642e-09,0.0,0.0,0.0,0.0,4.642e-09,2.154e-06,0.0
24447861.0,4995000000.0,5000000.0,5.0,0.0,0.0487,0.0487,0.0487,0.0487,2.2307,0.1644,0.00021333,0.1644,2.2307,0.00015036,0.00021333,0.00015036,0.0,0.0,0.0,0.0,0.001,0.0,0.0,0.0,2.154e-06,0.0,0.0,0.0,0.0,2.154e-06,0.001,0.0
24443250.0,4995000000.0,5000000.0,5.0,0.0,0.0487,0.0487,0.0487,0.0487,2.2307,0.012046,0.0020402,0.012046,2.2307,0.0,0.0020402,0.0,0.0,0.0,0.0,0.0,4.642e-05,0.0,0.0,0.0,0.001,0.0,0.0,0.0,0.0,0.001,4.642e-05,0.0
24449745.0,4995000000.0,5000000.0,5.0,0.0,0.0487,0.0487,0.0487,0.0487,2.2307,0.60541,2.2307e-05,0.60541,2.2307,0.0,2.2307e-05,0.0,0.0,0.0,0.0,0.0,4.642e-09,0.0,0.0,0.0,4.642e-05,0.0,0.0,0.0,0.0,4.642e-05,4.642e-09,0.0
24445004.0,4995000000.0,5000000.0,5.0,0.0,0.0487,0.0487,0.0487,0.0487,2.2307,0.044614,2.2307e-05,0.044614,2.2307,4.4614e-07,2.2307e-05,4.4614e-07,0.0,0.0,0.0,0.0,2.154e-06,0.0,0.0,0.0,1e-07,0.0,0.0,0.0,0.0,1e-07,2.154e-06,0.0
24442560.0,4995000000.0,5000000.0,5.0,0.0,0.0487,0.0487,0.0487,0.0487,2.2307,0.012046,2.2307e-05,0.012046,2.2307,0.0,2.2307e-05,0.0,0.0,0.0,0.0,0.0,4.642e-05,0.0,0.0,0.0,4.642e-09,0.0,0.0,0.0,0.0,4.642e-09,4.642e-05,0.0
24448562.0,4995000000.0,5000000.0,5.0,0.0,0.0487,0.0487,0.0487,0.0487,2.2307,0.1644,0.019407,0.1644,2.2307,0.0014303,0.019407,0.0014303,0.0,0.0,0.0,0.0,2.154e-10,0.0,0.0,0.0,4.642e-05,0.0,0.0,0.0,0.0,4.642e-05,2.154e-10,0.0
24443096.0,4995000000.0,5000000.0,5.0,0.0,0.0487,0.0487,0.0487,0.0487,2.2307,0.012046,0.00021333,0.012046,2.2307,0.0001048,0.00021333,0.0001048,0.0,0.0,0.0,0.0,2.154e-06,0.0,0.0,0.0,0.001,0.0,0.0,0.0,0.0,0.001,2.154e-06,0.0
24443025.0,4995000000.0,5000000.0,5.0,0.0,0.0487,0.0487,0.0487,0.0487,2.2307,0.012046,0.00021333,0.012046,2.2307,1.1017e-05,0.00021333,1.1017e-05,0.0,0.0,0.0,0.0,2.154e-10,0.0,0.0,0.0,4.642e-05,0.0,0.0,0.0,0.0,4.642e-05,2.154e-10,0.0
24443175.0,4995000000.0,5000000.0,5.0,0.0,0.0487,0.0487,0.0487,0.0487,2.2307,0.012046,0.00021333,0.012046,2.2307,0.0096365,0.00021333,0.0096365,0.0,0.0,0.0,0.0,4.642e-09,0.0,0.0,0.0,2.154e-10,0.0,0.0,0.0,0.0,2.154e-10,4.642e-09,0.0
24442616.0,4995000000.0,5000000.0,5.0,0.0,0.0487,0.0487,0.0487,0.0487,2.2307,0.012046,2.2307e-05,0.012046,2.2307,1.2046e-07,2.2307e-05,1.2046e-07,0.0,0.0,0.0,0.0,0.001,0.0,0.0,0.0,4.642e-09,0.0,0.0,0.0,0.0,4.642e-09,0.001,0.0
24446143.0,4995000000.0,5000000.0,5.0,0.0,0.0487,0.0487,0.0487,0.0487,2.2307,0.044614,0.019407,0.044614,2.2307,4.0804e-05,0.019407,4.0804e-05,0.0,0.0,0.0,0.0,0.001,0.0,0.0,0.0,2.154e-10,0.0,0.0,0.0,0.0,2.154e-10,0.001,0.0
24445490.0,4995000000.0,5000000.0,5.0,0.0,0.0487,0.0487,0.0487,0.0487,2.2307,0.044614,0.00021333,0.044614,2.2307,0.00038814,0.00021333,0.00038814,0.0,0.0,0.0,0.0,1e-07,0.0,0.0,0.0,0.001,0.0,0.0,0.0,0.0,0.001,1e-07,0.0
24445006.0,4995000000.0,5000000.0,5.0,0.0,0.0487,0.0487,0.0487,0.0487,2.2307,0.044614,2.2307e-05,0.044614,2.2307,4.4614e-07,2.2307e-05,4.4614e-07,0.0,0.0,0.0,0.0,2.154e-06,0.0,0.0,0.0,4.642e-05,0.0,0.0,0.0,0.0,4.642e-05,2.154e-06,0.0
24444905.0,4995000000.0,5000000.0,5.0,0.0,0.0487,0.0487,0.0487,0.0487,2.2307,0.044614,0.0,0.044614,2.2307,0.035691,0.0,0.035691,0.0,0.0,0.0,0.0,2.154e-06,0.0,0.0,0.0,4.642e-09,0.0,0.0,0.0,0.0,4.642e-09,2.154e-06,0.0
24443355.0,4995000000.0,5000000.0,5.0,0.0,0.0487,0.0487,0.0487,0.0487,2.2307,0.012046,0.0020402,0.012046,2.2307,1.152e-06,0.0020402,1.152e-06,0.0,0.0,0.0,0.0,0.001,0.0,0.0,0.0,0.001,0.0,0.0,0.0,0.0,0.001,0.001,0.0
24445855.0,4995000000.0,5000000.0,5.0,0.0,0.0487,0.0487,0.0487,0.0487,2.2307,0.044614,0.0020402,0.044614,2.2307,0.0037342,0.0020402,0.0037342,0.0,0.0,0.0,0.0,1e-11,0.0,0.0,0.0,1e-11,0.0,0.0,0.0,0.0,1e-11,1e-11,0.0
24445088.0,4995000000.0,5000000.0,5.0,0.0,0.0487,0.0487,0.0487,0.0487,2.2307,0.044614,2.2307e-05,0.044614,2.2307,4.0804e-05,2.2307e-05,4.0804e-05,0.0,0.0,0.0,0.0,4.642e-09,0.0,0.0,0.0,1e-07,0.0,0.0,0.0,0.0,1e-07,4.642e-09,0.0
24449507.0,4995000000.0,5000000.0,5.0,0.0,0.0487,0.0487,0.0487,0.0487,2.2307,0.60541,0.0,0.60541,2.2307,5.7898e-05,0.0,5.7898e-05,0.0,0.0,0.0,0.0,1e-07,0.0,0.0,0.0,4.642e-05,0.0,0.0,0.0,0.0,4.642e-05,1e-07,0.0
24446174.0,4995000000.0,5000000.0,5.0,0.0,0.0487,0.0487,0.0487,0.0487,2.2307,0.044614,0.019407,0.044614,2.2307,0.00038814,0.019407,0.00038814,0.0,0.0,0.0,0.0,1e-07,0.0,0.0,0.0,2.154e-06,0.0,0.0,0.0,0.0,2.154e-06,1e-07,0.0
24445522.0,4995000000.0,5000000.0,5.0,0.0,0.0487,0.0487,0.0487,0.0487,2.2307,0.044614,0.00021333,0.044614,2.2307,0.0037342,0.00021333,0.0037342,0.0,0.0,0.0,0.0,2.154e-10,0.0,0.0,0.0,1e-07,0.0,0.0,0.0,0.0,1e-07,2.154e-10,0.0
24446986.0,4995000000.0,5000000.0,5.0,0.0,0.0487,0.0487,0.0487,0.0487,2.2307,0.1644,0.0,0.1644,2.2307,0.0,0.0,0.0,0.0,0.0,0.0,0.0,1e-11,0.0,0.0,0.0,2.154e-06,0.0,0.0,0.0,0.0,2.154e-06,1e-11,0.0
24445400.0,4995000000.0,5000000.0,5.0,0.0,0.0487,0.0487,0.0487,0.0487,2.2307,0.044614,0.00021333,0.044614,2.2307,4.2666e-06,0.00021333,4.2666e-06,0.0,0.0,0.0,0.0,4.642e-05,0.0,0.0,0.0,1e-11,0.0,0.0,0.0,0.0,1e-11,4.642e-05,0.0
24443649.0,4995000000.0,5000000.0,5.0,0.0,0.0487,0.0487,0.0487,0.0487,2.2307,0.012046,0.019407,0.012046,2.2307,1.2046e-07,0.019407,1.2046e-07,0.0,0.0,0.0,0.0,0.001,0.0,0.0,0.0,0.001,0.0,0.0,0.0,0.0,0.001,0.001,0.0
24449571.0,4995000000.0,5000000.0,5.0,0.0,0.0487,0.0487,0.0487,0.0487,2.2307,0.60541,0.0,0.60541,2.2307,0.00055371,0.0,0.00055371,0.0,0.0,0.0,0.0,4.642e-05,0.0,0.0,0.0,0.001,0.0,0.0,0.0,0.0,0.001,4.642e-05,0.0
24447951.0,4995000000.0,5000000.0,5.0,0.0,0.0487,0.0487,0.0487,0.0487,2.2307,0.1644,0.00021333,0.1644,2.2307,0.01376,0.00021333,0.01376,0.0,0.0,0.0,0.0,4.642e-05,0.0,0.0,0.0,1e-07,0.0,0.0,0.0,0.0,1e-07,4.642e-05,0.0
24447526.0,4995000000.0,5000000.0,5.0,0.0,0.0487,0.0487,0.0487,0.0487,2.2307,0.1644,2.2307e-05,0.1644,2.2307,0.0014303,2.2307e-05,0.0014303,0.0,0.0,0.0,0.0,1e-11,0.0,0.0,0.0,4.642e-05,0.0,0.0,0.0,0.0,4.642e-05,1e-11,0.0
24448442.0,4995000000.0,5000000.0,5.0,0.0,0.0487,0.0487,0.0487,0.0487,2.2307,0.1644,0.019407,0.1644,2.2307,1.644e-06,0.019407,1.644e-06,0.0,0.0,0.0,0.0,4.642e-05,0.0,0.0,0.0,2.154e-06,0.0,0.0,0.0,0.0,2.154e-06,4.642e-05,0.0
24442954.0,4995000000.0,5000000.0,5.0,0.0,0.0487,0.0487,0.0487,0.0487,2.2307,0.012046,0.00021333,0.012046,2.2307,1.2046e-07,0.00021333,1.2046e-07,0.0,0.0,0.0,0.0,4.642e-05,0.0,0.0,0.0,2.154e-06,0.0,0.0,0.0,0.0,2.154e-06,4.642e-05,0.0
24448027.0,4995000000.0,5000000.0,5.0,0.0,0.0487,0.0487,0.0487,0.0487,2.2307,0.1644,0.0020402,0.1644,2.2307,0.0,0.0020402,0.0,0.0,0.0,0.0,0.0,4.642e-09,0.0,0.0,0.0,4.642e-09,0.0,0.0,0.0,0.0,4.642e-09,4.642e-09,0.0
24445393.0,4995000000.0,5000000.0,5.0,0.0,0.0487,0.0487,0.0487,0.0487,2.2307,0.044614,0.00021333,0.044614,2.2307,4.2666e-06,0.00021333,4.2666e-06,0.0,0.0,0.0,0.0,2.154e-06,0.0,0.0,0.0,1e-11,0.0,0.0,0.0,0.0,1e-11,2.154e-06,0.0
24442301.0,4995000000.0,5000000.0,5.0,0.0,0.0487,0.0487,0.0487,0.0487,2.2307,0.012046,0.0,0.012046,2.2307,1.152e-06,0.0,1.152e-06,0.0,0.0,0.0,0.0,1e-07,0.0,0.0,0.0,4.642e-09,0.0,0.0,0.0,0.0,4.642e-09,1e-07,0.0
24443069.0,4995000000.0,5000000.0,5.0,0.0,0.0487,0.0487,0.0487,0.0487,2.2307,0.012046,0.00021333,0.012046,2.2307,0.0001048,0.00021333,0.0001048,0.0,0.0,0.0,0.0,2.154e-10,0.0,0.0,0.0,1e-11,0.0,0.0,0.0,0.0,1e-11,2.154e-10,0.0
24445975.0,4995000000.0,5000000.0,5.0,0.0,0.0487,0.0487,0.0487,0.0487,2.2307,0.044614,0.019407,0.044614,2.2307,0.0,0.019407,0.0,0.0,0.0,0.0,0.0,1e-07,0.0,0.0,0.0,2.154e-10,0.0,0.0,0.0,0.0,2.154e-10,1e-07,0.0
24445650.0,4995000000.0,5000000.0,5.0,0.0,0.0487,0.0487,0.0487,0.0487,2.2307,0.044614,0.0020402,0.044614,2.2307,0.0,0.0020402,0.0,0.0,0.0,0.0,0.0,4.642e-05,0.0,0.0,0.0,4.642e-05,0.0,0.0,0.0,0.0,4.642e-05,4.642e-05,0.0
24443184.0,4995000000.0,5000000.0,5.0,0.0,0.0487,0.0487,0.0487,0.0487,2.2307,0.012046,0.00021333,0.012046,2.2307,0.0096365,0.00021333,0.0096365,0.0,0.0,0.0,0.0,1e-07,0.0,0.0,0.0,1e-07,0.0,0.0,0.0,0.0,1e-07,1e-07,0.0
24442915.0,4995000000.0,5000000.0,5.0,0.0,0.0487,0.0487,0.0487,0.0487,2.2307,0.012046,0.00021333,0.012046,2.2307,1.2046e-07,0.00021333,1.2046e-07,0.0,0.0,0.0,0.0,1e-11,0.0,0.0,0.0,1e-11,0.0,0.0,0.0,0.0,1e-11,1e-11,0.0
24442601.0,4995000000.0,5000000.0,5.0,0.0,0.0487,0.0487,0.0487,0.0487,2.2307,0.012046,2.2307e-05,0.012046,2.2307,1.2046e-07,2.2307e-05,1.2046e-07,0.0,0.0,0.0,0.0,2.154e-06,0.0,0.0,0.0,2.154e-10,0.0,0.0,0.0,0.0,2.154e-10,2.154e-06,0.0
24449553.0,4995000000.0,5000000.0,5.0,0.0,0.0487,0.0487,0.0487,0.0487,2.2307,0.60541,0.0,0.60541,2.2307,0.00055371,0.0,0.00055371,0.0,0.0,0.0,0.0,1e-07,0.0,0.0,0.0,4.642e-09,0.0,0.0,0.0,0.0,4.642e-09,1e-07,0.0
24447742.0,4995000000.0,5000000.0,5.0,0.0,0.0487,0.0487,0.0487,0.0487,2.2307,0.1644,0.00021333,0.1644,2.2307,1.644e-06,0.00021333,1.644e-06,0.0,0.0,0.0,0.0,1e-07,0.0,0.0,0.0,2.154e-06,0.0,0.0,0.0,0.0,2.154e-06,1e-07,0.0
24447429.0,4995000000.0,5000000.0,5.0,0.0,0.0487,0.0487,0.0487,0.0487,2.2307,0.1644,2.2307e-05,0.1644,2.2307,1.5722e-05,2.2307e-05,1.5722e-05,0.0,0.0,0.0,0.0,1e-11,0.0,0.0,0.0,0.001,0.0,0.0,0.0,0.0,0.001,1e-11,0.0
24446151.0,4995000000.0,5000000.0,5.0,0.0,0.0487,0.0487,0.0487,0.0487,2.2307,0.044614,0.019407,0.044614,2.2307,0.00038814,0.019407,0.00038814,0.0,0.0,0.0,0.0,1e-11,0.0,0.0,0.0,4.642e-09,0.0,0.0,0.0,0.0,4.642e-09,1e-11,0.0
24443232.0,4995000000.0,5000000.0,5.0,0.0,0.0487,0.0487,0.0487,0.0487,2.2307,0.012046,0.0020402,0.012046,2.2307,0.0,0.0020402,0.0,0.0,0.0,0.0,0.0,1e-07,0.0,0.0,0.0,4.642e-09,0.0,0.0,0.0,0.0,4.642e-09,1e-07,0.0
24445493.0,4995000000.0,5000000.0,5.0,0.0,0.0487,0.0487,0.0487,0.0487,2.2307,0.044614,0.00021333,0.044614,2.2307,0.00038814,0.00021333,0.00038814,0.0,0.0,0.0,0.0,2.154e-06,0.0,0.0,0.0,4.642e-09,0.0,0.0,0.0,0.0,4.642e-09,2.154e-06,0.0
24445817.0,4995000000.0,5000000.0,5.0,0.0,0.0487,0.0487,0.0487,0.0487,2.2307,0.044614,0.0020402,0.044614,2.2307,0.00038814,0.0020402,0.00038814,0.0,0.0,0.0,0.0,2.154e-10,0.0,0.0,0.0,2.154e-06,0.0,0.0,0.0,0.0,2.154e-06,2.154e-10,0.0
24445187.0,4995000000.0,5000000.0,5.0,0.0,0.0487,0.0487,0.0487,0.0487,2.2307,0.044614,2.2307e-05,0.044614,2.2307,0.0037342,2.2307e-05,0.0037342,0.0,0.0,0.0,0.0,4.642e-09,0.0,0.0,0.0,2.154e-06,0.0,0.0,0.0,0.0,2.154e-06,4.642e-09,0.0
24442934.0,4995000000.0,5000000.0,5.0,0.0,0.0487,0.0487,0.0487,0.0487,2.2307,0.012046,0.00021333,0.012046,2.2307,1.2046e-07,0.00021333,1.2046e-07,0.0,0.0,0.0,0.0,4.642e-09,0.0,0.0,0.0,4.642e-05,0.0,0.0,0.0,0.0,4.642e-05,4.642e-09,0.0
24444927.0,4995000000.0,5000000.0,5.0,0.0,0.0487,0.0487,0.0487,0.0487,2.2307,0.044614,2.2307e-05,0.044614,2.2307,0.0,2.2307e-05,0.0,0.0,0.0,0.0,0.0,1e-11,0.0,0.0,0.0,1e-07,0.0,0.0,0.0,0.0,1e-07,1e-11,0.0
24444626.0,4995000000.0,5000000.0,5.0,0.0,0.0487,0.0487,0.0487,0.0487,2.2307,0.044614,0.0,0.044614,2.2307,0.0,0.0,0.0,0.0,0.0,0.0,0.0,0.001,0.0,0.0,0.0,1e-07,0.0,0.0,0.0,0.0,1e-07,0.001,0.0
24443470.0,4995000000.0,5000000.0,5.0,0.0,0.0487,0.0487,0.0487,0.0487,2.2307,0.012046,0.0020402,0.012046,2.2307,0.0010082,0.0020402,0.0010082,0.0,0.0,0.0,0.0,4.642e-09,0.0,0.0,0.0,4.642e-09,0.0,0.0,0.0,0.0,4.642e-09,4.642e-09,0.0
24445120.0,4995000000.0,5000000.0,5.0,0.0,0.0487,0.0487,0.0487,0.0487,2.2307,0.044614,2.2307e-05,0.044614,2.2307,0.00038814,2.2307e-05,0.00038814,0.0,0.0,0.0,0.0,1e-11,0.0,0.0,0.0,1e-11,0.0,0.0,0.0,0.0,1e-11,1e-11,0.0
24445288.0,4995000000.0,5000000.0,5.0,0.0,0.0487,0.0487,0.0487,0.0487,2.2307,0.044614,0.00021333,0.044614,2.2307,0.0,0.00021333,0.0,0.0,0.0,0.0,0.0,1e-07,0.0,0.0,0.0,1e-11,0.0,0.0,0.0,0.0,1e-11,1e-07,0.0
24443326.0,4995000000.0,5000000.0,5.0,0.0,0.0487,0.0487,0.0487,0.0487,2.2307,0.012046,0.0020402,0.012046,2.2307,1.152e-06,0.0020402,1.152e-06,0.0,0.0,0.0,0.0,4.642e-09,0.0,0.0,0.0,4.642e-05,0.0,0.0,0.0,0.0,4.642e-05,4.642e-09,0.0
24447175.0,4995000000.0,5000000.0,5.0,0.0,0.0487,0.0487,0.0487,0.0487,2.2307,0.1644,0.0,0.1644,2.2307,0.00015036,0.0,0.00015036,0.0,0.0,0.0,0.0,0.001,0.0,0.0,0.0,2.154e-06,0.0,0.0,0.0,0.0,2.154e-06,0.001,0.0
24448153.0,4995000000.0,5000000.0,5.0,0.0,0.0487,0.0487,0.0487,0.0487,2.2307,0.1644,0.0020402,0.1644,2.2307,1.5722e-05,0.0020402,1.5722e-05,0.0,0.0,0.0,0.0,0.001,0.0,0.0,0.0,4.642e-09,0.0,0.0,0.0,0.0,4.642e-09,0.001,0.0
24443644.0,4995000000.0,5000000.0,5.0,0.0,0.0487,0.0487,0.0487,0.0487,2.2307,0.012046,0.019407,0.012046,2.2307,1.2046e-07,0.019407,1.2046e-07,0.0,0.0,0.0,0.0,0.001,0.0,0.0,0.0,2.154e-10,0.0,0.0,0.0,0.0,2.154e-10,0.001,0.0
24447897.0,4995000000.0,5000000.0,5.0,0.0,0.0487,0.0487,0.0487,0.0487,2.2307,0.1644,0.00021333,0.1644,2.2307,0.0014303,0.00021333,0.0014303,0.0,0.0,0.0,0.0,2.154e-06,0.0,0.0,0.0,4.642e-05,0.0,0.0,0.0,0.0,4.642e-05,2.154e-06,0.0
24442913.0,4995000000.0,5000000.0,5.0,0.0,0.0487,0.0487,0.0487,0.0487,2.2307,0.012046,0.00021333,0.012046,2.2307,0.0,0.00021333,0.0,0.0,0.0,0.0,0.0,0.001,0.0,0.0,0.0,4.642e-05,0.0,0.0,0.0,0.0,4.642e-05,0.001,0.0
24445540.0,4995000000.0,5000000.0,5.0,0.0,0.0487,0.0487,0.0487,0.0487,2.2307,0.044614,0.00021333,0.044614,2.2307,0.0037342,0.00021333,0.0037342,0.0,0.0,0.0,0.0,2.154e-06,0.0,0.0,0.0,1e-11,0.0,0.0,0.0,0.0,1e-11,2.154e-06,0.0
24444949.0,4995000000.0,5000000.0,5.0,0.0,0.0487,0.0487,0.0487,0.0487,2.2307,0.044614,2.2307e-05,0.044614,2.2307,0.0,2.2307e-05,0.0,0.0,0.0,0.0,0.0,1e-07,0.0,0.0,0.0,2.154e-06,0.0,0.0,0.0,0.0,2.154e-06,1e-07,0.0
24447758.0,4995000000.0,5000000.0,5.0,0.0,0.0487,0.0487,0.0487,0.0487,2.2307,0.1644,0.00021333,0.1644,2.2307,1.644e-06,0.00021333,1.644e-06,0.0,0.0,0.0,0.0,4.642e-05,0.0,0.0,0.0,0.001,0.0,0.0,0.0,0.0,0.001,4.642e-05,0.0
24443071.0,4995000000.0,5000000.0,5.0,0.0,0.0487,0.0487,0.0487,0.0487,2.2307,0.012046,0.00021333,0.012046,2.2307,0.0001048,0.00021333,0.0001048,0.0,0.0,0.0,0.0,2.154e-10,0.0,0.0,0.0,4.642e-09,0.0,0.0,0.0,0.0,4.642e-09,2.154e-10,0.0
24449767.0,4995000000.0,5000000.0,5.0,0.0,0.0487,0.0487,0.0487,0.0487,2.2307,0.60541,2.2307e-05,0.60541,2.2307,0.0,2.2307e-05,0.0,0.0,0.0,0.0,0.0,4.642e-05,0.0,0.0,0.0,0.001,0.0,0.0,0.0,0.0,0.001,4.642e-05,0.0
24446189.0,4995000000.0,5000000.0,5.0,0.0,0.0487,0.0487,0.0487,0.0487,2.2307,0.044614,0.019407,0.044614,2.2307,0.00038814,0.019407,0.00038814,0.0,0.0,0.0,0.0,4.642e-05,0.0,0.0,0.0,4.642e-05,0.0,0.0,0.0,0.0,4.642e-05,4.642e-05,0.0
24445542.0,4995000000.0,5000000.0,5.0,0.0,0.0487,0.0487,0.0487,0.0487,2.2307,0.044614,0.00021333,0.044614,2.2307,0.0037342,0.00021333,0.0037342,0.0,0.0,0.0,0.0,2.154e-06,0.0,0.0,0.0,4.642e-09,0.0,0.0,0.0,0.0,4.642e-09,2.154e-06,0.0
24443317.0,4995000000.0,5000000.0,5.0,0.0,0.0487,0.0487,0.0487,0.0487,2.2307,0.012046,0.0020402,0.012046,2.2307,1.152e-06,0.0020402,1.152e-06,0.0,0.0,0.0,0.0,2.154e-10,0.0,0.0,0.0,1e-07,0.0,0.0,0.0,0.0,1e-07,2.154e-10,0.0
24443052.0,4995000000.0,5000000.0,5.0,0.0,0.0487,0.0487,0.0487,0.0487,2.2307,0.012046,0.00021333,0.012046,2.2307,1.1017e-05,0.00021333,1.1017e-05,0.0,0.0,0.0,0.0,4.642e-05,0.0,0.0,0.0,2.154e-06,0.0,0.0,0.0,0.0,2.154e-06,4.642e-05,0.0
24443643.0,4995000000.0,5000000.0,5.0,0.0,0.0487,0.0487,0.0487,0.0487,2.2307,0.012046,0.019407,0.012046,2.2307,1.2046e-07,0.019407,1.2046e-07,0.0,0.0,0.0,0.0,0.001,0.0,0.0,0.0,1e-11,0.0,0.0,0.0,0.0,1e-11,0.001,0.0
24444926.0,4995000000.0,5000000.0,5.0,0.0,0.0487,0.0487,0.0487,0.0487,2.2307,0.044614,2.2307e-05,0.044614,2.2307,0.0,2.2307e-05,0.0,0.0,0.0,0.0,0.0,1e-11,0.0,0.0,0.0,4.642e-09,0.0,0.0,0.0,0.0,4.642e-09,1e-11,0.0
24443189.0,4995000000.0,5000000.0,5.0,0.0,0.0487,0.0487,0.0487,0.0487,2.2307,0.012046,0.00021333,0.012046,2.2307,0.0096365,0.00021333,0.0096365,0.0,0.0,0.0,0.0,2.154e-06,0.0,0.0,0.0,2.154e-10,0.0,0.0,0.0,0.0,2.154e-10,2.154e-06,0.0
24447019.0,4995000000.0,5000000.0,5.0,0.0,0.0487,0.0487,0.0487,0.0487,2.2307,0.1644,0.0,0.1644,2.2307,0.0,0.0,0.0,0.0,0.0,0.0,0.0,4.642e-05,0.0,0.0,0.0,4.642e-09,0.0,0.0,0.0,0.0,4.642e-09,4.642e-05,0.0
24445922.0,4995000000.0,5000000.0,5.0,0.0,0.0487,0.0487,0.0487,0.0487,2.2307,0.044614,0.0020402,0.044614,2.2307,0.035691,0.0020402,0.035691,0.0,0.0,0.0,0.0,4.642e-09,0.0,0.0,0.0,2.154e-06,0.0,0.0,0.0,0.0,2.154e-06,4.642e-09,0.0
24442258.0,4995000000.0,5000000.0,5.0,0.0,0.0487,0.0487,0.0487,0.0487,2.2307,0.012046,0.0,0.012046,2.2307,1.2046e-07,0.0,1.2046e-07,0.0,0.0,0.0,0.0,2.154e-06,0.0,0.0,0.0,2.154e-10,0.0,0.0,0.0,0.0,2.154e-10,2.154e-06,0.0
24449924.0,4995000000.0,5000000.0,5.0,0.0,0.0487,0.0487,0.0487,0.0487,2.2307,0.60541,2.2307e-05,0.60541,2.2307,0.005267,2.2307e-05,0.005267,0.0,0.0,0.0,0.0,1e-11,0.0,0.0,0.0,4.642e-09,0.0,0.0,0.0,0.0,4.642e-09,1e-11,0.0
24445412.0,4995000000.0,5000000.0,5.0,0.0,0.0487,0.0487,0.0487,0.0487,2.2307,0.044614,0.00021333,0.044614,2.2307,4.2666e-06,0.00021333,4.2666e-06,0.0,0.0,0.0,0.0,0.001,0.0,0.0,0.0,4.642e-05,0.0,0.0,0.0,0.0,4.642e-05,0.001,0.0
24442767.0,4995000000.0,5000000.0,5.0,0.0,0.0487,0.0487,0.0487,0.0487,2.2307,0.012046,2.2307e-05,0.012046,2.2307,0.0001048,2.2307e-05,0.0001048,0.0,0.0,0.0,0.0,0.001,0.0,0.0,0.0,0.001,0.0,0.0,0.0,0.0,0.001,0.001,0.0
24446053.0,4995000000.0,5000000.0,5.0,0.0,0.0487,0.0487,0.0487,0.0487,2.2307,0.044614,0.019407,0.044614,2.2307,4.2666e-06,0.019407,4.2666e-06,0.0,0.0,0.0,0.0,1e-11,0.0,0.0,0.0,4.642e-09,0.0,0.0,0.0,0.0,4.642e-09,1e-11,0.0
24444702.0,4995000000.0,5000000.0,5.0,0.0,0.0487,0.0487,0.0487,0.0487,2.2307,0.044614,0.0,0.044614,2.2307,4.2666e-06,0.0,4.2666e-06,0.0,0.0,0.0,0.0,1e-07,0.0,0.0,0.0,4.642e-09,0.0,0.0,0.0,0.0,4.642e-09,1e-07,0.0
24448134.0,4995000000.0,5000000.0,5.0,0.0,0.0487,0.0487,0.0487,0.0487,2.2307,0.1644,0.0020402,0.1644,2.2307,1.5722e-05,0.0020402,1.5722e-05,0.0,0.0,0.0,0.0,1e-07,0.0,0.0,0.0,2.154e-06,0.0,0.0,0.0,0.0,2.154e-06,1e-07,0.0
24443506.0,4995000000.0,5000000.0,5.0,0.0,0.0487,0.0487,0.0487,0.0487,2.2307,0.012046,0.0020402,0.012046,2.2307,0.0096365,0.0020402,0.0096365,0.0,0.0,0.0,0.0,1e-11,0.0,0.0,0.0,1e-07,0.0,0.0,0.0,0.0,1e-07,1e-11,0.0
24442864.0,4995000000.0,5000000.0,5.0,0.0,0.0487,0.0487,0.0487,0.0487,2.2307,0.012046,2.2307e-05,0.012046,2.2307,0.0096365,2.2307e-05,0.0096365,0.0,0.0,0.0,0.0,0.001,0.0,0.0,0.0,4.642e-05,0.0,0.0,0.0,0.0,4.642e-05,0.001,0.0
24447926.0,4995000000.0,5000000.0,5.0,0.0,0.0487,0.0487,0.0487,0.0487,2.2307,0.1644,0.00021333,0.1644,2.2307,0.01376,0.00021333,0.01376,0.0,0.0,0.0,0.0,2.154e-10,0.0,0.0,0.0,0.001,0.0,0.0,0.0,0.0,0.001,2.154e-10,0.0
24445631.0,4995000000.0,5000000.0,5.0,0.0,0.0487,0.0487,0.0487,0.0487,2.2307,0.044614,0.0020402,0.044614,2.2307,0.0,0.0020402,0.0,0.0,0.0,0.0,0.0,1e-07,0.0,0.0,0.0,1e-11,0.0,0.0,0.0,0.0,1e-11,1e-07,0.0
24447534.0,4995000000.0,5000000.0,5.0,0.0,0.0487,0.0487,0.0487,0.0487,2.2307,0.1644,2.2307e-05,0.1644,2.2307,0.0014303,2.2307e-05,0.0014303,0.0,0.0,0.0,0.0,2.154e-10,0.0,0.0,0.0,0.001,0.0,0.0,0.0,0.0,0.001,2.154e-10,0.0
24443554.0,4995000000.0,5000000.0,5.0,0.0,0.0487,0.0487,0.0487,0.0487,2.2307,0.012046,0.019407,0.012046,2.2307,0.0,0.019407,0.0,0.0,0.0,0.0,0.0,1e-11,0.0,0.0,0.0,4.642e-09,0.0,0.0,0.0,0.0,4.642e-09,1e-11,0.0
24444912.0,4995000000.0,5000000.0,5.0,0.0,0.0487,0.0487,0.0487,0.0487,2.2307,0.044614,0.0,0.044614,2.2307,0.035691,0.0,0.035691,0.0,0.0,0.0,0.0,4.642e-05,0.0,0.0,0.0,4.642e-09,0.0,0.0,0.0,0.0,4.642e-09,4.642e-05,0.0
24443867.0,4995000000.0,5000000.0,5.0,0.0,0.0487,0.0487,0.0487,0.0487,2.2307,0.012046,0.019407,0.012046,2.2307,0.0096365,0.019407,0.0096365,0.0,0.0,0.0,0.0,1e-07,0.0,0.0,0.0,1e-11,0.0,0.0,0.0,0.0,1e-11,1e-07,0.0
24443774.0,4995000000.0,5000000.0,5.0,0.0,0.0487,0.0487,0.0487,0.0487,2.2307,0.012046,0.019407,0.012046,2.2307,0.0001048,0.019407,0.0001048,0.0,0.0,0.0,0.0,1e-07,0.0,0.0,0.0,4.642e-05,0.0,0.0,0.0,0.0,4.642e-05,1e-07,0.0
24446180.0,4995000000.0,5000000.0,5.0,0.0,0.0487,0.0487,0.0487,0.0487,2.2307,0.044614,0.019407,0.044614,2.2307,0.00038814,0.019407,0.00038814,0.0,0.0,0.0,0.0,2.154e-06,0.0,0.0,0.0,1e-07,0.0,0.0,0.0,0.0,1e-07,2.154e-06,0.0
24446043.0,4995000000.0,5000000.0,5.0,0.0,0.0487,0.0487,0.0487,0.0487,2.2307,0.044614,0.019407,0.044614,2.2307,4.4614e-07,0.019407,4.4614e-07,0.0,0.0,0.0,0.0,4.642e-05,0.0,0.0,0.0,0.001,0.0,0.0,0.0,0.0,0.001,4.642e-05,0.0
24443452.0,4995000000.0,5000000.0,5.0,0.0,0.0487,0.0487,0.0487,0.0487,2.2307,0.012046,0.0020402,0.012046,2.2307,0.0001048,0.0020402,0.0001048,0.0,0.0,0.0,0.0,0.001,0.0,0.0,0.0,4.642e-05,0.0,0.0,0.0,0.0,4.642e-05,0.001,0.0
24445582.0,4995000000.0,5000000.0,5.0,0.0,0.0487,0.0487,0.0487,0.0487,2.2307,0.044614,0.00021333,0.044614,2.2307,0.035691,0.00021333,0.035691,0.0,0.0,0.0,0.0,1e-07,0.0,0.0,0.0,1e-11,0.0,0.0,0.0,0.0,1e-11,1e-07,0.0
24448555.0,4995000000.0,5000000.0,5.0,0.0,0.0487,0.0487,0.0487,0.0487,2.2307,0.1644,0.019407,0.1644,2.2307,0.0014303,0.019407,0.0014303,0.0,0.0,0.0,0.0,1e-11,0.0,0.0,0.0,4.642e-05,0.0,0.0,0.0,0.0,4.642e-05,1e-11,0.0
24446070.0,4995000000.0,5000000.0,5.0,0.0,0.0487,0.0487,0.0487,0.0487,2.2307,0.044614,0.019407,0.044614,2.2307,4.2666e-06,0.019407,4.2666e-06,0.0,0.0,0.0,0.0,4.642e-09,0.0,0.0,0.0,4.642e-05,0.0,0.0,0.0,0.0,4.642e-05,4.642e-09,0.0
24449462.0,4995000000.0,5000000.0,5.0,0.0,0.0487,0.0487,0.0487,0.0487,2.2307,0.60541,0.0,0.60541,2.2307,6.0541e-06,0.0,6.0541e-06,0.0,0.0,0.0,0.0,2.154e-06,0.0,0.0,0.0,4.642e-09,0.0,0.0,0.0,0.0,4.642e-09,2.154e-06,0.0
24449914.0,4995000000.0,5000000.0,5.0,0.0,0.0487,0.0487,0.0487,0.0487,2.2307,0.60541,2.2307e-05,0.60541,2.2307,0.00055371,2.2307e-05,0.00055371,0.0,0.0,0.0,0.0,4.642e-05,0.0,0.0,0.0,0.001,0.0,0.0,0.0,0.0,0.001,4.642e-05,0.0
24449436.0,4995000000.0,5000000.0,5.0,0.0,0.0487,0.0487,0.0487,0.0487,2.2307,0.60541,0.0,0.60541,2.2307,6.0541e-06,0.0,6.0541e-06,0.0,0.0,0.0,0.0,1e-11,0.0,0.0,0.0,2.154e-06,0.0,0.0,0.0,0.0,2.154e-06,1e-11,0.0
24446269.0,4995000000.0,5000000.0,5.0,0.0,0.0487,0.0487,0.0487,0.0487,2.2307,0.044614,0.019407,0.044614,2.2307,0.035691,0.019407,0.035691,0.0,0.0,0.0,0.0,1e-07,0.0,0.0,0.0,2.154e-10,0.0,0.0,0.0,0.0,2.154e-10,1e-07,0.0
24448598.0,4995000000.0,5000000.0,5.0,0.0,0.0487,0.0487,0.0487,0.0487,2.2307,0.1644,0.019407,0.1644,2.2307,0.0014303,0.019407,0.0014303,0.0,0.0,0.0,0.0,0.001,0.0,0.0,0.0,0.001,0.0,0.0,0.0,0.0,0.001,0.001,0.0
24445408.0,4995000000.0,5000000.0,5.0,0.0,0.0487,0.0487,0.0487,0.0487,2.2307,0.044614,0.00021333,0.044614,2.2307,4.2666e-06,0.00021333,4.2666e-06,0.0,0.0,0.0,0.0,0.001,0.0,0.0,0.0,2.154e-10,0.0,0.0,0.0,0.0,2.154e-10,0.001,0.0
24442380.0,4995000000.0,5000000.0,5.0,0.0,0.0487,0.0487,0.0487,0.0487,2.2307,0.012046,0.0,0.012046,2.2307,0.0001048,0.0,0.0001048,0.0,0.0,0.0,0.0,1e-11,0.0,0.0,0.0,2.154e-06,0.0,0.0,0.0,0.0,2.154e-06,1e-11,0.0
24444735.0,4995000000.0,5000000.0,5.0,0.0,0.0487,0.0487,0.0487,0.0487,2.2307,0.044614,0.0,0.044614,2.2307,4.0804e-05,0.0,4.0804e-05,0.0,0.0,0.0,0.0,2.154e-10,0.0,0.0,0.0,1e-11,0.0,0.0,0.0,0.0,1e-11,2.154e-10,0.0
24443170.0,4995000000.0,5000000.0,5.0,0.0,0.0487,0.0487,0.0487,0.0487,2.2307,0.012046,0.00021333,0.012046,2.2307,0.0096365,0.00021333,0.0096365,0.0,0.0,0.0,0.0,2.154e-10,0.0,0.0,0.0,1e-07,0.0,0.0,0.0,0.0,1e-07,2.154e-10,0.0
24445226.0,4995000000.0,5000000.0,5.0,0.0,0.0487,0.0487,0.0487,0.0487,2.2307,0.044614,2.2307e-05,0.044614,2.2307,0.035691,2.2307e-05,0.035691,0.0,0.0,0.0,0.0,2.154e-10,0.0,0.0,0.0,2.154e-10,0.0,0.0,0.0,0.0,2.154e-10,2.154e-10,0.0
24449910.0,4995000000.0,5000000.0,5.0,0.0,0.0487,0.0487,0.0487,0.0487,2.2307,0.60541,2.2307e-05,0.60541,2.2307,0.00055371,2.2307e-05,0.00055371,0.0,0.0,0.0,0.0,4.642e-05,0.0,0.0,0.0,4.642e-09,0.0,0.0,0.0,0.0,4.642e-09,4.642e-05,0.0
24447593.0,4995000000.0,5000000.0,5.0,0.0,0.0487,0.0487,0.0487,0.0487,2.2307,0.1644,2.2307e-05,0.1644,2.2307,0.01376,2.2307e-05,0.01376,0.0,0.0,0.0,0.0,1e-07,0.0,0.0,0.0,4.642e-09,0.0,0.0,0.0,0.0,4.642e-09,1e-07,0.0
24445467.0,4995000000.0,5000000.0,5.0,0.0,0.0487,0.0487,0.0487,0.0487,2.2307,0.044614,0.00021333,0.044614,2.2307,0.00038814,0.00021333,0.00038814,0.0,0.0,0.0,0.0,1e-11,0.0,0.0,0.0,2.154e-06,0.0,0.0,0.0,0.0,2.154e-06,1e-11,0.0
24444685.0,4995000000.0,5000000.0,5.0,0.0,0.0487,0.0487,0.0487,0.0487,2.2307,0.044614,0.0,0.044614,2.2307,4.2666e-06,0.0,4.2666e-06,0.0,0.0,0.0,0.0,1e-11,0.0,0.0,0.0,0.001,0.0,0.0,0.0,0.0,0.001,1e-11,0.0
24448295.0,4995000000.0,5000000.0,5.0,0.0,0.0487,0.0487,0.0487,0.0487,2.2307,0.1644,0.0020402,0.1644,2.2307,0.01376,0.0020402,0.01376,0.0,0.0,0.0,0.0,4.642e-05,0.0,0.0,0.0,2.154e-06,0.0,0.0,0.0,0.0,2.154e-06,4.642e-05,0.0
24443526.0,4995000000.0,5000000.0,5.0,0.0,0.0487,0.0487,0.0487,0.0487,2.2307,0.012046,0.0020402,0.012046,2.2307,0.0096365,0.0020402,0.0096365,0.0,0.0,0.0,0.0,1e-07,0.0,0.0,0.0,4.642e-09,0.0,0.0,0.0,0.0,4.642e-09,1e-07,0.0
24442947.0,4995000000.0,5000000.0,5.0,0.0,0.0487,0.0487,0.0487,0.0487,2.2307,0.012046,0.00021333,0.012046,2.2307,1.2046e-07,0.00021333,1.2046e-07,0.0,0.0,0.0,0.0,2.154e-06,0.0,0.0,0.0,2.154e-06,0.0,0.0,0.0,0.0,2.154e-06,2.154e-06,0.0
24445130.0,4995000000.0,5000000.0,5.0,0.0,0.0487,0.0487,0.0487,0.0487,2.2307,0.044614,2.2307e-05,0.044614,2.2307,0.00038814,2.2307e-05,0.00038814,0.0,0.0,0.0,0.0,2.154e-10,0.0,0.0,0.0,1e-07,0.0,0.0,0.0,0.0,1e-07,2.154e-10,0.0
24448590.0,4995000000.0,5000000.0,5.0,0.0,0.0487,0.0487,0.0487,0.0487,2.2307,0.1644,0.019407,0.1644,2.2307,0.0014303,0.019407,0.0014303,0.0,0.0,0.0,0.0,4.642e-05,0.0,0.0,0.0,4.642e-05,0.0,0.0,0.0,0.0,4.642e-05,4.642e-05,0.0
24445518.0,4995000000.0,5000000.0,5.0,0.0,0.0487,0.0487,0.0487,0.0487,2.2307,0.044614,0.00021333,0.044614,2.2307,0.0037342,0.00021333,0.0037342,0.0,0.0,0.0,0.0,1e-11,0.0,0.0,0.0,0.001,0.0,0.0,0.0,0.0,0.001,1e-11,0.0
24446019.0,4995000000.0,5000000.0,5.0,0.0,0.0487,0.0487,0.0487,0.0487,2.2307,0.044614,0.019407,0.044614,2.2307,4.4614e-07,0.019407,4.4614e-07,0.0,0.0,0.0,0.0,4.642e-09,0.0,0.0,0.0,1e-07,0.0,0.0,0.0,0.0,1e-07,4.642e-09,0.0
24449619.0,4995000000.0,5000000.0,5.0,0.0,0.0487,0.0487,0.0487,0.0487,2.2307,0.60541,0.0,0.60541,2.2307,0.005267,0.0,0.005267,0.0,0.0,0.0,0.0,4.642e-05,0.0,0.0,0.0,4.642e-05,0.0,0.0,0.0,0.0,4.642e-05,4.642e-05,0.0
24443414.0,4995000000.0,5000000.0,5.0,0.0,0.0487,0.0487,0.0487,0.0487,2.2307,0.012046,0.0020402,0.012046,2.2307,0.0001048,0.0020402,0.0001048,0.0,0.0,0.0,0.0,2.154e-10,0.0,0.0,0.0,4.642e-09,0.0,0.0,0.0,0.0,4.642e-09,2.154e-10,0.0
24445886.0,4995000000.0,5000000.0,5.0,0.0,0.0487,0.0487,0.0487,0.0487,2.2307,0.044614,0.0020402,0.044614,2.2307,0.0037342,0.0020402,0.0037342,0.0,0.0,0.0,0.0,2.154e-06,0.0,0.0,0.0,1e-07,0.0,0.0,0.0,0.0,1e-07,2.154e-06,0.0
24443389.0,4995000000.0,5000000.0,5.0,0.0,0.0487,0.0487,0.0487,0.0487,2.2307,0.012046,0.0020402,0.012046,2.2307,1.1017e-05,0.0020402,1.1017e-05,0.0,0.0,0.0,0.0,2.154e-06,0.0,0.0,0.0,4.642e-05,0.0,0.0,0.0,0.0,4.642e-05,2.154e-06,0.0
24449448.0,4995000000.0,5000000.0,5.0,0.0,0.0487,0.0487,0.0487,0.0487,2.2307,0.60541,0.0,0.60541,2.2307,6.0541e-06,0.0,6.0541e-06,0.0,0.0,0.0,0.0,4.642e-09,0.0,0.0,0.0,4.642e-09,0.0,0.0,0.0,0.0,4.642e-09,4.642e-09,0.0
24446130.0,4995000000.0,5000000.0,5.0,0.0,0.0487,0.0487,0.0487,0.0487,2.2307,0.044614,0.019407,0.044614,2.2307,4.0804e-05,0.019407,4.0804e-05,0.0,0.0,0.0,0.0,2.154e-06,0.0,0.0,0.0,4.642e-09,0.0,0.0,0.0,0.0,4.642e-09,2.154e-06,0.0
24446066.0,4995000000.0,5000000.0,5.0,0.0,0.0487,0.0487,0.0487,0.0487,2.2307,0.044614,0.019407,0.044614,2.2307,4.2666e-06,0.019407,4.2666e-06,0.0,0.0,0.0,0.0,4.642e-09,0.0,0.0,0.0,2.154e-10,0.0,0.0,0.0,0.0,2.154e-10,4.642e-09,0.0
24444964.0,4995000000.0,5000000.0,5.0,0.0,0.0487,0.0487,0.0487,0.0487,2.2307,0.044614,2.2307e-05,0.044614,2.2307,0.0,2.2307e-05,0.0,0.0,0.0,0.0,0.0,4.642e-05,0.0,0.0,0.0,4.642e-05,0.0,0.0,0.0,0.0,4.642e-05,4.642e-05,0.0
24447475.0,4995000000.0,5000000.0,5.0,0.0,0.0487,0.0487,0.0487,0.0487,2.2307,0.1644,2.2307e-05,0.1644,2.2307,0.00015036,2.2307e-05,0.00015036,0.0,0.0,0.0,0.0,1e-11,0.0,0.0,0.0,1e-07,0.0,0.0,0.0,0.0,1e-07,1e-11,0.0
24445302.0,4995000000.0,5000000.0,5.0,0.0,0.0487,0.0487,0.0487,0.0487,2.2307,0.044614,0.00021333,0.044614,2.2307,0.0,0.00021333,0.0,0.0,0.0,0.0,0.0,4.642e-05,0.0,0.0,0.0,1e-11,0.0,0.0,0.0,0.0,1e-11,4.642e-05,0.0
24445821.0,4995000000.0,5000000.0,5.0,0.0,0.0487,0.0487,0.0487,0.0487,2.2307,0.044614,0.0020402,0.044614,2.2307,0.00038814,0.0020402,0.00038814,0.0,0.0,0.0,0.0,4.642e-09,0.0,0.0,0.0,2.154e-10,0.0,0.0,0.0,0.0,2.154e-10,4.642e-09,0.0
24444722.0,4995000000.0,5000000.0,5.0,0.0,0.0487,0.0487,0.0487,0.0487,2.2307,0.044614,0.0,0.044614,2.2307,4.2666e-06,0.0,4.2666e-06,0.0,0.0,0.0,0.0,0.001,0.0,0.0,0.0,2.154e-10,0.0,0.0,0.0,0.0,2.154e-10,0.001,0.0
24442630.0,4995000000.0,5000000.0,5.0,0.0,0.0487,0.0487,0.0487,0.0487,2.2307,0.012046,2.2307e-05,0.012046,2.2307,1.152e-06,2.2307e-05,1.152e-06,0.0,0.0,0.0,0.0,2.154e-10,0.0,0.0,0.0,4.642e-09,0.0,0.0,0.0,0.0,4.642e-09,2.154e-10,0.0
24445194.0,4995000000.0,5000000.0,5.0,0.0,0.0487,0.0487,0.0487,0.0487,2.2307,0.044614,2.2307e-05,0.044614,2.2307,0.0037342,2.2307e-05,0.0037342,0.0,0.0,0.0,0.0,1e-07,0.0,0.0,0.0,2.154e-06,0.0,0.0,0.0,0.0,2.154e-06,1e-07,0.0
24442354.0,4995000000.0,5000000.0,5.0,0.0,0.0487,0.0487,0.0487,0.0487,2.2307,0.012046,0.0,0.012046,2.2307,1.1017e-05,0.0,1.1017e-05,0.0,0.0,0.0,0.0,1e-07,0.0,0.0,0.0,0.001,0.0,0.0,0.0,0.0,0.001,1e-07,0.0
24446279.0,4995000000.0,5000000.0,5.0,0.0,0.0487,0.0487,0.0487,0.0487,2.2307,0.044614,0.019407,0.044614,2.2307,0.035691,0.019407,0.035691,0.0,0.0,0.0,0.0,2.154e-06,0.0,0.0,0.0,2.154e-06,0.0,0.0,0.0,0.0,2.154e-06,2.154e-06,0.0
24446141.0,4995000000.0,5000000.0,5.0,0.0,0.0487,0.0487,0.0487,0.0487,2.2307,0.044614,0.019407,0.044614,2.2307,4.0804e-05,0.019407,4.0804e-05,0.0,0.0,0.0,0.0,4.642e-05,0.0,0.0,0.0,0.001,0.0,0.0,0.0,0.0,0.001,4.642e-05,0.0
24445364.0,4995000000.0,5000000.0,5.0,0.0,0.0487,0.0487,0.0487,0.0487,2.2307,0.044614,0.00021333,0.044614,2.2307,4.4614e-07,0.00021333,4.4614e-07,0.0,0.0,0.0,0.0,0.001,0.0,0.0,0.0,0.001,0.0,0.0,0.0,0.0,0.001,0.001,0.0
24442810.0,4995000000.0,5000000.0,5.0,0.0,0.0487,0.0487,0.0487,0.0487,2.2307,0.012046,2.2307e-05,0.012046,2.2307,0.0010082,2.2307e-05,0.0010082,0.0,0.0,0.0,0.0,0.001,0.0,0.0,0.0,1e-11,0.0,0.0,0.0,0.0,1e-11,0.001,0.0
24447929.0,4995000000.0,5000000.0,5.0,0.0,0.0487,0.0487,0.0487,0.0487,2.2307,0.1644,0.00021333,0.1644,2.2307,0.01376,0.00021333,0.01376,0.0,0.0,0.0,0.0,4.642e-09,0.0,0.0,0.0,4.642e-09,0.0,0.0,0.0,0.0,4.642e-09,4.642e-09,0.0
24447411.0,4995000000.0,5000000.0,5.0,0.0,0.0487,0.0487,0.0487,0.0487,2.2307,0.1644,2.2307e-05,0.1644,2.2307,1.644e-06,2.2307e-05,1.644e-06,0.0,0.0,0.0,0.0,4.642e-05,0.0,0.0,0.0,4.642e-09,0.0,0.0,0.0,0.0,4.642e-09,4.642e-05,0.0
24444581.0,4995000000.0,5000000.0,5.0,0.0,0.0487,0.0487,0.0487,0.0487,2.2307,0.044614,0.0,0.044614,2.2307,0.0,0.0,0.0,0.0,0.0,0.0,0.0,1e-11,0.0,0.0,0.0,1e-11,0.0,0.0,0.0,0.0,1e-11,1e-11,0.0
24449590.0,4995000000.0,5000000.0,5.0,0.0,0.0487,0.0487,0.0487,0.0487,2.2307,0.60541,0.0,0.60541,2.2307,0.005267,0.0,0.005267,0.0,0.0,0.0,0.0,2.154e-10,0.0,0.0,0.0,2.154e-06,0.0,0.0,0.0,0.0,2.154e-06,2.154e-10,0.0
24446029.0,4995000000.0,5000000.0,5.0,0.0,0.0487,0.0487,0.0487,0.0487,2.2307,0.044614,0.019407,0.044614,2.2307,4.4614e-07,0.019407,4.4614e-07,0.0,0.0,0.0,0.0,1e-07,0.0,0.0,0.0,0.001,0.0,0.0,0.0,0.0,0.001,1e-07,0.0
24442507.0,4995000000.0,5000000.0,5.0,0.0,0.0487,0.0487,0.0487,0.0487,2.2307,0.012046,0.0,0.012046,2.2307,0.0096365,0.0,0.0096365,0.0,0.0,0.0,0.0,2.154e-06,0.0,0.0,0.0,4.642e-05,0.0,0.0,0.0,0.0,4.642e-05,2.154e-06,0.0
24447061.0,4995000000.0,5000000.0,5.0,0.0,0.0487,0.0487,0.0487,0.0487,2.2307,0.1644,0.0,0.1644,2.2307,1.644e-06,0.0,1.644e-06,0.0,0.0,0.0,0.0,2.154e-06,0.0,0.0,0.0,4.642e-09,0.0,0.0,0.0,0.0,4.642e-09,2.154e-06,0.0
24442565.0,4995000000.0,5000000.0,5.0,0.0,0.0487,0.0487,0.0487,0.0487,2.2307,0.012046,2.2307e-05,0.012046,2.2307,0.0,2.2307e-05,0.0,0.0,0.0,0.0,0.0,0.001,0.0,0.0,0.0,1e-11,0.0,0.0,0.0,0.0,1e-11,0.001,0.0
24443323.0,4995000000.0,5000000.0,5.0,0.0,0.0487,0.0487,0.0487,0.0487,2.2307,0.012046,0.0020402,0.012046,2.2307,1.152e-06,0.0020402,1.152e-06,0.0,0.0,0.0,0.0,4.642e-09,0.0,0.0,0.0,4.642e-09,0.0,0.0,0.0,0.0,4.642e-09,4.642e-09,0.0
24442904.0,4995000000.0,5000000.0,5.0,0.0,0.0487,0.0487,0.0487,0.0487,2.2307,0.012046,0.00021333,0.012046,2.2307,0.0,0.00021333,0.0,0.0,0.0,0.0,0.0,4.642e-05,0.0,0.0,0.0,1e-07,0.0,0.0,0.0,0.0,1e-07,4.642e-05,0.0
24446171.0,4995000000.0,5000000.0,5.0,0.0,0.0487,0.0487,0.0487,0.0487,2.2307,0.044614,0.019407,0.044614,2.2307,0.00038814,0.019407,0.00038814,0.0,0.0,0.0,0.0,1e-07,0.0,0.0,0.0,2.154e-10,0.0,0.0,0.0,0.0,2.154e-10,1e-07,0.0
24449777.0,4995000000.0,5000000.0,5.0,0.0,0.0487,0.0487,0.0487,0.0487,2.2307,0.60541,2.2307e-05,0.60541,2.2307,6.0541e-06,2.2307e-05,6.0541e-06,0.0,0.0,0.0,0.0,1e-11,0.0,0.0,0.0,4.642e-09,0.0,0.0,0.0,0.0,4.642e-09,1e-11,0.0
24445814.0,4995000000.0,5000000.0,5.0,0.0,0.0487,0.0487,0.0487,0.0487,2.2307,0.044614,0.0020402,0.044614,2.2307,0.00038814,0.0020402,0.00038814,0.0,0.0,0.0,0.0,2.154e-10,0.0,0.0,0.0,2.154e-10,0.0,0.0,0.0,0.0,2.154e-10,2.154e-10,0.0
24449897.0,4995000000.0,5000000.0,5.0,0.0,0.0487,0.0487,0.0487,0.0487,2.2307,0.60541,2.2307e-05,0.60541,2.2307,0.00055371,2.2307e-05,0.00055371,0.0,0.0,0.0,0.0,1e-07,0.0,0.0,0.0,1e-07,0.0,0.0,0.0,0.0,1e-07,1e-07,0.0
24444940.0,4995000000.0,5000000.0,5.0,0.0,0.0487,0.0487,0.0487,0.0487,2.2307,0.044614,2.2307e-05,0.044614,2.2307,0.0,2.2307e-05,0.0,0.0,0.0,0.0,0.0,4.642e-09,0.0,0.0,0.0,4.642e-09,0.0,0.0,0.0,0.0,4.642e-09,4.642e-09,0.0
24444902.0,4995000000.0,5000000.0,5.0,0.0,0.0487,0.0487,0.0487,0.0487,2.2307,0.044614,0.0,0.044614,2.2307,0.035691,0.0,0.035691,0.0,0.0,0.0,0.0,1e-07,0.0,0.0,0.0,0.001,0.0,0.0,0.0,0.0,0.001,1e-07,0.0
24445901.0,4995000000.0,5000000.0,5.0,0.0,0.0487,0.0487,0.0487,0.0487,2.2307,0.044614,0.0020402,0.044614,2.2307,0.0037342,0.0020402,0.0037342,0.0,0.0,0.0,0.0,0.001,0.0,0.0,0.0,2.154e-06,0.0,0.0,0.0,0.0,2.154e-06,0.001,0.0
24449927.0,4995000000.0,5000000.0,5.0,0.0,0.0487,0.0487,0.0487,0.0487,2.2307,0.60541,2.2307e-05,0.60541,2.2307,0.005267,2.2307e-05,0.005267,0.0,0.0,0.0,0.0,1e-11,0.0,0.0,0.0,4.642e-05,0.0,0.0,0.0,0.0,4.642e-05,1e-11,0.0
24444762.0,4995000000.0,5000000.0,5.0,0.0,0.0487,0.0487,0.0487,0.0487,2.2307,0.044614,0.0,0.044614,2.2307,4.0804e-05,0.0,4.0804e-05,0.0,0.0,0.0,0.0,2.154e-06,0.0,0.0,0.0,0.001,0.0,0.0,0.0,0.0,0.001,2.154e-06,0.0
24445667.0,4995000000.0,5000000.0,5.0,0.0,0.0487,0.0487,0.0487,0.0487,2.2307,0.044614,0.0020402,0.044614,2.2307,4.4614e-07,0.0020402,4.4614e-07,0.0,0.0,0.0,0.0,2.154e-10,0.0,0.0,0.0,2.154e-10,0.0,0.0,0.0,0.0,2.154e-10,2.154e-10,0.0
24445509.0,4995000000.0,5000000.0,5.0,0.0,0.0487,0.0487,0.0487,0.0487,2.2307,0.044614,0.00021333,0.044614,2.2307,0.00038814,0.00021333,0.00038814,0.0,0.0,0.0,0.0,0.001,0.0,0.0,0.0,2.154e-06,0.0,0.0,0.0,0.0,2.154e-06,0.001,0.0
24446203.0,4995000000.0,5000000.0,5.0,0.0,0.0487,0.0487,0.0487,0.0487,2.2307,0.044614,0.019407,0.044614,2.2307,0.0037342,0.019407,0.0037342,0.0,0.0,0.0,0.0,1e-11,0.0,0.0,0.0,4.642e-05,0.0,0.0,0.0,0.0,4.642e-05,1e-11,0.0
24445269.0,4995000000.0,5000000.0,5.0,0.0,0.0487,0.0487,0.0487,0.0487,2.2307,0.044614,0.00021333,0.044614,2.2307,0.0,0.00021333,0.0,0.0,0.0,0.0,0.0,1e-11,0.0,0.0,0.0,4.642e-09,0.0,0.0,0.0,0.0,4.642e-09,1e-11,0.0
24443100.0,4995000000.0,5000000.0,5.0,0.0,0.0487,0.0487,0.0487,0.0487,2.2307,0.012046,0.00021333,0.012046,2.2307,0.0001048,0.00021333,0.0001048,0.0,0.0,0.0,0.0,4.642e-05,0.0,0.0,0.0,1e-07,0.0,0.0,0.0,0.0,1e-07,4.642e-05,0.0
24445311.0,4995000000.0,5000000.0,5.0,0.0,0.0487,0.0487,0.0487,0.0487,2.2307,0.044614,0.00021333,0.044614,2.2307,0.0,0.00021333,0.0,0.0,0.0,0.0,0.0,0.001,0.0,0.0,0.0,4.642e-09,0.0,0.0,0.0,0.0,4.642e-09,0.001,0.0
24442827.0,4995000000.0,5000000.0,5.0,0.0,0.0487,0.0487,0.0487,0.0487,2.2307,0.012046,2.2307e-05,0.012046,2.2307,0.0096365,2.2307e-05,0.0096365,0.0,0.0,0.0,0.0,2.154e-10,0.0,0.0,0.0,1e-07,0.0,0.0,0.0,0.0,1e-07,2.154e-10,0.0
24449953.0,4995000000.0,5000000.0,5.0,0.0,0.0487,0.0487,0.0487,0.0487,2.2307,0.60541,2.2307e-05,0.60541,2.2307,0.005267,2.2307e-05,0.005267,0.0,0.0,0.0,0.0,2.154e-06,0.0,0.0,0.0,1e-07,0.0,0.0,0.0,0.0,1e-07,2.154e-06,0.0
24445636.0,4995000000.0,5000000.0,5.0,0.0,0.0487,0.0487,0.0487,0.0487,2.2307,0.044614,0.0020402,0.044614,2.2307,0.0,0.0020402,0.0,0.0,0.0,0.0,0.0,1e-07,0.0,0.0,0.0,4.642e-05,0.0,0.0,0.0,0.0,4.642e-05,1e-07,0.0
24448366.0,4995000000.0,5000000.0,5.0,0.0,0.0487,0.0487,0.0487,0.0487,2.2307,0.1644,0.019407,0.1644,2.2307,0.0,0.019407,0.0,0.0,0.0,0.0,0.0,2.154e-10,0.0,0.0,0.0,4.642e-05,0.0,0.0,0.0,0.0,4.642e-05,2.154e-10,0.0
24449490.0,4995000000.0,5000000.0,5.0,0.0,0.0487,0.0487,0.0487,0.0487,2.2307,0.60541,0.0,0.60541,2.2307,5.7898e-05,0.0,5.7898e-05,0.0,0.0,0.0,0.0,2.154e-10,0.0,0.0,0.0,4.642e-09,0.0,0.0,0.0,0.0,4.642e-09,2.154e-10,0.0
24449387.0,4995000000.0,5000000.0,5.0,0.0,0.0487,0.0487,0.0487,0.0487,2.2307,0.60541,0.0,0.60541,2.2307,0.0,0.0,0.0,0.0,0.0,0.0,0.0,1e-11,0.0,0.0,0.0,2.154e-06,0.0,0.0,0.0,0.0,2.154e-06,1e-11,0.0
24447047.0,4995000000.0,5000000.0,5.0,0.0,0.0487,0.0487,0.0487,0.0487,2.2307,0.1644,0.0,0.1644,2.2307,1.644e-06,0.0,1.644e-06,0.0,0.0,0.0,0.0,4.642e-09,0.0,0.0,0.0,4.642e-09,0.0,0.0,0.0,0.0,4.642e-09,4.642e-09,0.0
24449743.0,4995000000.0,5000000.0,5.0,0.0,0.0487,0.0487,0.0487,0.0487,2.2307,0.60541,2.2307e-05,0.60541,2.2307,0.0,2.2307e-05,0.0,0.0,0.0,0.0,0.0,4.642e-09,0.0,0.0,0.0,1e-07,0.0,0.0,0.0,0.0,1e-07,4.642e-09,0.0
24442875.0,4995000000.0,5000000.0,5.0,0.0,0.0487,0.0487,0.0487,0.0487,2.2307,0.012046,0.00021333,0.012046,2.2307,0.0,0.00021333,0.0,0.0,0.0,0.0,0.0,2.154e-10,0.0,0.0,0.0,4.642e-09,0.0,0.0,0.0,0.0,4.642e-09,2.154e-10,0.0
24447762.0,4995000000.0,5000000.0,5.0,0.0,0.0487,0.0487,0.0487,0.0487,2.2307,0.1644,0.00021333,0.1644,2.2307,1.644e-06,0.00021333,1.644e-06,0.0,0.0,0.0,0.0,0.001,0.0,0.0,0.0,1e-07,0.0,0.0,0.0,0.0,1e-07,0.001,0.0
24448227.0,4995000000.0,5000000.0,5.0,0.0,0.0487,0.0487,0.0487,0.0487,2.2307,0.1644,0.0020402,0.1644,2.2307,0.0014303,0.0020402,0.0014303,0.0,0.0,0.0,0.0,4.642e-09,0.0,0.0,0.0,0.001,0.0,0.0,0.0,0.0,0.001,4.642e-09,0.0
24449508.0,4995000000.0,5000000.0,5.0,0.0,0.0487,0.0487,0.0487,0.0487,2.2307,0.60541,0.0,0.60541,2.2307,5.7898e-05,0.0,5.7898e-05,0.0,0.0,0.0,0.0,1e-07,0.0,0.0,0.0,0.001,0.0,0.0,0.0,0.0,0.001,1e-07,0.0
24443150.0,4995000000.0,5000000.0,5.0,0.0,0.0487,0.0487,0.0487,0.0487,2.2307,0.012046,0.00021333,0.012046,2.2307,0.0010082,0.00021333,0.0010082,0.0,0.0,0.0,0.0,4.642e-05,0.0,0.0,0.0,2.154e-06,0.0,0.0,0.0,0.0,2.154e-06,4.642e-05,0.0
24442797.0,4995000000.0,5000000.0,5.0,0.0,0.0487,0.0487,0.0487,0.0487,2.2307,0.012046,2.2307e-05,0.012046,2.2307,0.0010082,2.2307e-05,0.0010082,0.0,0.0,0.0,0.0,2.154e-06,0.0,0.0,0.0,2.154e-10,0.0,0.0,0.0,0.0,2.154e-10,2.154e-06,0.0
24445866.0,4995000000.0,5000000.0,5.0,0.0,0.0487,0.0487,0.0487,0.0487,2.2307,0.044614,0.0020402,0.044614,2.2307,0.0037342,0.0020402,0.0037342,0.0,0.0,0.0,0.0,2.154e-10,0.0,0.0,0.0,2.154e-06,0.0,0.0,0.0,0.0,2.154e-06,2.154e-10,0.0
24445158.0,4995000000.0,5000000.0,5.0,0.0,0.0487,0.0487,0.0487,0.0487,2.2307,0.044614,2.2307e-05,0.044614,2.2307,0.00038814,2.2307e-05,0.00038814,0.0,0.0,0.0,0.0,4.642e-05,0.0,0.0,0.0,1e-07,0.0,0.0,0.0,0.0,1e-07,4.642e-05,0.0
24448428.0,4995000000.0,5000000.0,5.0,0.0,0.0487,0.0487,0.0487,0.0487,2.2307,0.1644,0.019407,0.1644,2.2307,1.644e-06,0.019407,1.644e-06,0.0,0.0,0.0,0.0,1e-07,0.0,0.0,0.0,2.154e-06,0.0,0.0,0.0,0.0,2.154e-06,1e-07,0.0
24442651.0,4995000000.0,5000000.0,5.0,0.0,0.0487,0.0487,0.0487,0.0487,2.2307,0.012046,2.2307e-05,0.012046,2.2307,1.152e-06,2.2307e-05,1.152e-06,0.0,0.0,0.0,0.0,2.154e-06,0.0,0.0,0.0,4.642e-09,0.0,0.0,0.0,0.0,4.642e-09,2.154e-06,0.0
24442701.0,4995000000.0,5000000.0,5.0,0.0,0.0487,0.0487,0.0487,0.0487,2.2307,0.012046,2.2307e-05,0.012046,2.2307,1.1017e-05,2.2307e-05,1.1017e-05,0.0,0.0,0.0,0.0,2.154e-06,0.0,0.0,0.0,1e-07,0.0,0.0,0.0,0.0,1e-07,2.154e-06,0.0
24448408.0,4995000000.0,5000000.0,5.0,0.0,0.0487,0.0487,0.0487,0.0487,2.2307,0.1644,0.019407,0.1644,2.2307,1.644e-06,0.019407,1.644e-06,0.0,0.0,0.0,0.0,1e-11,0.0,0.0,0.0,4.642e-05,0.0,0.0,0.0,0.0,4.642e-05,1e-11,0.0
24442367.0,4995000000.0,5000000.0,5.0,0.0,0.0487,0.0487,0.0487,0.0487,2.2307,0.012046,0.0,0.012046,2.2307,1.1017e-05,0.0,1.1017e-05,0.0,0.0,0.0,0.0,4.642e-05,0.0,0.0,0.0,4.642e-05,0.0,0.0,0.0,0.0,4.642e-05,4.642e-05,0.0
24445425.0,4995000000.0,5000000.0,5.0,0.0,0.0487,0.0487,0.0487,0.0487,2.2307,0.044614,0.00021333,0.044614,2.2307,4.0804e-05,0.00021333,4.0804e-05,0.0,0.0,0.0,0.0,2.154e-10,0.0,0.0,0.0,2.154e-06,0.0,0.0,0.0,0.0,2.154e-06,2.154e-10,0.0
24449955.0,4995000000.0,5000000.0,5.0,0.0,0.0487,0.0487,0.0487,0.0487,2.2307,0.60541,2.2307e-05,0.60541,2.2307,0.005267,2.2307e-05,0.005267,0.0,0.0,0.0,0.0,2.154e-06,0.0,0.0,0.0,4.642e-05,0.0,0.0,0.0,0.0,4.642e-05,2.154e-06,0.0
24443380.0,4995000000.0,5000000.0,5.0,0.0,0.0487,0.0487,0.0487,0.0487,2.2307,0.012046,0.0020402,0.012046,2.2307,1.1017e-05,0.0020402,1.1017e-05,0.0,0.0,0.0,0.0,1e-07,0.0,0.0,0.0,1e-07,0.0,0.0,0.0,0.0,1e-07,1e-07,0.0
24443756.0,4995000000.0,5000000.0,5.0,0.0,0.0487,0.0487,0.0487,0.0487,2.2307,0.012046,0.019407,0.012046,2.2307,0.0001048,0.019407,0.0001048,0.0,0.0,0.0,0.0,2.154e-10,0.0,0.0,0.0,2.154e-10,0.0,0.0,0.0,0.0,2.154e-10,2.154e-10,0.0
24443034.0,4995000000.0,5000000.0,5.0,0.0,0.0487,0.0487,0.0487,0.0487,2.2307,0.012046,0.00021333,0.012046,2.2307,1.1017e-05,0.00021333,1.1017e-05,0.0,0.0,0.0,0.0,1e-07,0.0,0.0,0.0,1e-11,0.0,0.0,0.0,0.0,1e-11,1e-07,0.0
24443472.0,4995000000.0,5000000.0,5.0,0.0,0.0487,0.0487,0.0487,0.0487,2.2307,0.012046,0.0020402,0.012046,2.2307,0.0010082,0.0020402,0.0010082,0.0,0.0,0.0,0.0,4.642e-09,0.0,0.0,0.0,2.154e-06,0.0,0.0,0.0,0.0,2.154e-06,4.642e-09,0.0
24445603.0,4995000000.0,5000000.0,5.0,0.0,0.0487,0.0487,0.0487,0.0487,2.2307,0.044614,0.00021333,0.044614,2.2307,0.035691,0.00021333,0.035691,0.0,0.0,0.0,0.0,0.001,0.0,0.0,0.0,1e-11,0.0,0.0,0.0,0.0,1e-11,0.001,0.0
24442629.0,4995000000.0,5000000.0,5.0,0.0,0.0487,0.0487,0.0487,0.0487,2.2307,0.012046,2.2307e-05,0.012046,2.2307,1.152e-06,2.2307e-05,1.152e-06,0.0,0.0,0.0,0.0,2.154e-10,0.0,0.0,0.0,2.154e-10,0.0,0.0,0.0,0.0,2.154e-10,2.154e-10,0.0
24442670.0,4995000000.0,5000000.0,5.0,0.0,0.0487,0.0487,0.0487,0.0487,2.2307,0.012046,2.2307e-05,0.012046,2.2307,1.1017e-05,2.2307e-05,1.1017e-05,0.0,0.0,0.0,0.0,1e-11,0.0,0.0,0.0,1e-11,0.0,0.0,0.0,0.0,1e-11,1e-11,0.0
24445548.0,4995000000.0,5000000.0,5.0,0.0,0.0487,0.0487,0.0487,0.0487,2.2307,0.044614,0.00021333,0.044614,2.2307,0.0037342,0.00021333,0.0037342,0.0,0.0,0.0,0.0,4.642e-05,0.0,0.0,0.0,2.154e-10,0.0,0.0,0.0,0.0,2.154e-10,4.642e-05,0.0
24445974.0,4995000000.0,5000000.0,5.0,0.0,0.0487,0.0487,0.0487,0.0487,2.2307,0.044614,0.019407,0.044614,2.2307,0.0,0.019407,0.0,0.0,0.0,0.0,0.0,1e-07,0.0,0.0,0.0,1e-11,0.0,0.0,0.0,0.0,1e-11,1e-07,0.0
24442508.0,4995000000.0,5000000.0,5.0,0.0,0.0487,0.0487,0.0487,0.0487,2.2307,0.012046,0.0,0.012046,2.2307,0.0096365,0.0,0.0096365,0.0,0.0,0.0,0.0,2.154e-06,0.0,0.0,0.0,0.001,0.0,0.0,0.0,0.0,0.001,2.154e-06,0.0
24448616.0,4995000000.0,5000000.0,5.0,0.0,0.0487,0.0487,0.0487,0.0487,2.2307,0.1644,0.019407,0.1644,2.2307,0.01376,0.019407,0.01376,0.0,0.0,0.0,0.0,4.642e-09,0.0,0.0,0.0,1e-07,0.0,0.0,0.0,0.0,1e-07,4.642e-09,0.0
24443338.0,4995000000.0,5000000.0,5.0,0.0,0.0487,0.0487,0.0487,0.0487,2.2307,0.012046,0.0020402,0.012046,2.2307,1.152e-06,0.0020402,1.152e-06,0.0,0.0,0.0,0.0,2.154e-06,0.0,0.0,0.0,1e-07,0.0,0.0,0.0,0.0,1e-07,2.154e-06,0.0
24443693.0,4995000000.0,5000000.0,5.0,0.0,0.0487,0.0487,0.0487,0.0487,2.2307,0.012046,0.019407,0.012046,2.2307,1.152e-06,0.019407,1.152e-06,0.0,0.0,0.0,0.0,0.001,0.0,0.0,0.0,2.154e-10,0.0,0.0,0.0,0.0,2.154e-10,0.001,0.0
24448493.0,4995000000.0,5000000.0,5.0,0.0,0.0487,0.0487,0.0487,0.0487,2.2307,0.1644,0.019407,0.1644,2.2307,1.5722e-05,0.019407,1.5722e-05,0.0,0.0,0.0,0.0,4.642e-05,0.0,0.0,0.0,0.001,0.0,0.0,0.0,0.0,0.001,4.642e-05,0.0
24447471.0,4995000000.0,5000000.0,5.0,0.0,0.0487,0.0487,0.0487,0.0487,2.2307,0.1644,2.2307e-05,0.1644,2.2307,1.5722e-05,2.2307e-05,1.5722e-05,0.0,0.0,0.0,0.0,0.001,0.0,0.0,0.0,0.001,0.0,0.0,0.0,0.0,0.001,0.001,0.0
24445334.0,4995000000.0,5000000.0,5.0,0.0,0.0487,0.0487,0.0487,0.0487,2.2307,0.044614,0.00021333,0.044614,2.2307,4.4614e-07,0.00021333,4.4614e-07,0.0,0.0,0.0,0.0,4.642e-09,0.0,0.0,0.0,2.154e-06,0.0,0.0,0.0,0.0,2.154e-06,4.642e-09,0.0
24446212.0,4995000000.0,5000000.0,5.0,0.0,0.0487,0.0487,0.0487,0.0487,2.2307,0.044614,0.019407,0.044614,2.2307,0.0037342,0.019407,0.0037342,0.0,0.0,0.0,0.0,4.642e-09,0.0,0.0,0.0,1e-11,0.0,0.0,0.0,0.0,1e-11,4.642e-09,0.0
24442538.0,4995000000.0,5000000.0,5.0,0.0,0.0487,0.0487,0.0487,0.0487,2.2307,0.012046,2.2307e-05,0.012046,2.2307,0.0,2.2307e-05,0.0,0.0,0.0,0.0,0.0,4.642e-09,0.0,0.0,0.0,2.154e-10,0.0,0.0,0.0,0.0,2.154e-10,4.642e-09,0.0
24442657.0,4995000000.0,5000000.0,5.0,0.0,0.0487,0.0487,0.0487,0.0487,2.2307,0.012046,2.2307e-05,0.012046,2.2307,1.152e-06,2.2307e-05,1.152e-06,0.0,0.0,0.0,0.0,4.642e-05,0.0,0.0,0.0,2.154e-10,0.0,0.0,0.0,0.0,2.154e-10,4.642e-05,0.0
24445267.0,4995000000.0,5000000.0,5.0,0.0,0.0487,0.0487,0.0487,0.0487,2.2307,0.044614,0.00021333,0.044614,2.2307,0.0,0.00021333,0.0,0.0,0.0,0.0,0.0,1e-11,0.0,0.0,0.0,1e-11,0.0,0.0,0.0,0.0,1e-11,1e-11,0.0
24447021.0,4995000000.0,5000000.0,5.0,0.0,0.0487,0.0487,0.0487,0.0487,2.2307,0.1644,0.0,0.1644,2.2307,0.0,0.0,0.0,0.0,0.0,0.0,0.0,4.642e-05,0.0,0.0,0.0,2.154e-06,0.0,0.0,0.0,0.0,2.154e-06,4.642e-05,0.0
24449491.0,4995000000.0,5000000.0,5.0,0.0,0.0487,0.0487,0.0487,0.0487,2.2307,0.60541,0.0,0.60541,2.2307,5.7898e-05,0.0,5.7898e-05,0.0,0.0,0.0,0.0,2.154e-10,0.0,0.0,0.0,1e-07,0.0,0.0,0.0,0.0,1e-07,2.154e-10,0.0
24442283.0,4995000000.0,5000000.0,5.0,0.0,0.0487,0.0487,0.0487,0.0487,2.2307,0.012046,0.0,0.012046,2.2307,1.152e-06,0.0,1.152e-06,0.0,0.0,0.0,0.0,1e-11,0.0,0.0,0.0,4.642e-05,0.0,0.0,0.0,0.0,4.642e-05,1e-11,0.0
24443045.0,4995000000.0,5000000.0,5.0,0.0,0.0487,0.0487,0.0487,0.0487,2.2307,0.012046,0.00021333,0.012046,2.2307,1.1017e-05,0.00021333,1.1017e-05,0.0,0.0,0.0,0.0,2.154e-06,0.0,0.0,0.0,2.154e-06,0.0,0.0,0.0,0.0,2.154e-06,2.154e-06,0.0
24442432.0,4995000000.0,5000000.0,5.0,0.0,0.0487,0.0487,0.0487,0.0487,2.2307,0.012046,0.0,0.012046,2.2307,0.0010082,0.0,0.0010082,0.0,0.0,0.0,0.0,2.154e-10,0.0,0.0,0.0,1e-11,0.0,0.0,0.0,0.0,1e-11,2.154e-10,0.0
24447477.0,4995000000.0,5000000.0,5.0,0.0,0.0487,0.0487,0.0487,0.0487,2.2307,0.1644,2.2307e-05,0.1644,2.2307,0.00015036,2.2307e-05,0.00015036,0.0,0.0,0.0,0.0,1e-11,0.0,0.0,0.0,4.642e-05,0.0,0.0,0.0,0.0,4.642e-05,1e-11,0.0
24448423.0,4995000000.0,5000000.0,5.0,0.0,0.0487,0.0487,0.0487,0.0487,2.2307,0.1644,0.019407,0.1644,2.2307,1.644e-06,0.019407,1.644e-06,0.0,0.0,0.0,0.0,4.642e-09,0.0,0.0,0.0,0.001,0.0,0.0,0.0,0.0,0.001,4.642e-09,0.0
24447602.0,4995000000.0,5000000.0,5.0,0.0,0.0487,0.0487,0.0487,0.0487,2.2307,0.1644,2.2307e-05,0.1644,2.2307,0.01376,2.2307e-05,0.01376,0.0,0.0,0.0,0.0,2.154e-06,0.0,0.0,0.0,2.154e-06,0.0,0.0,0.0,0.0,2.154e-06,2.154e-06,0.0
24445087.0,4995000000.0,5000000.0,5.0,0.0,0.0487,0.0487,0.0487,0.0487,2.2307,0.044614,2.2307e-05,0.044614,2.2307,4.0804e-05,2.2307e-05,4.0804e-05,0.0,0.0,0.0,0.0,4.642e-09,0.0,0.0,0.0,4.642e-09,0.0,0.0,0.0,0.0,4.642e-09,4.642e-09,0.0
24442405.0,4995000000.0,5000000.0,5.0,0.0,0.0487,0.0487,0.0487,0.0487,2.2307,0.012046,0.0,0.012046,2.2307,0.0001048,0.0,0.0001048,0.0,0.0,0.0,0.0,2.154e-06,0.0,0.0,0.0,2.154e-10,0.0,0.0,0.0,0.0,2.154e-10,2.154e-06,0.0
24445992.0,4995000000.0,5000000.0,5.0,0.0,0.0487,0.0487,0.0487,0.0487,2.2307,0.044614,0.019407,0.044614,2.2307,0.0,0.019407,0.0,0.0,0.0,0.0,0.0,4.642e-05,0.0,0.0,0.0,2.154e-06,0.0,0.0,0.0,0.0,2.154e-06,4.642e-05,0.0
24449430.0,4995000000.0,5000000.0,5.0,0.0,0.0487,0.0487,0.0487,0.0487,2.2307,0.60541,0.0,0.60541,2.2307,0.0,0.0,0.0,0.0,0.0,0.0,0.0,0.001,0.0,0.0,0.0,4.642e-05,0.0,0.0,0.0,0.0,4.642e-05,0.001,0.0
24448013.0,4995000000.0,5000000.0,5.0,0.0,0.0487,0.0487,0.0487,0.0487,2.2307,0.1644,0.0020402,0.1644,2.2307,0.0,0.0020402,0.0,0.0,0.0,0.0,0.0,1e-11,0.0,0.0,0.0,4.642e-09,0.0,0.0,0.0,0.0,4.642e-09,1e-11,0.0
24445270.0,4995000000.0,5000000.0,5.0,0.0,0.0487,0.0487,0.0487,0.0487,2.2307,0.044614,0.00021333,0.044614,2.2307,0.0,0.00021333,0.0,0.0,0.0,0.0,0.0,1e-11,0.0,0.0,0.0,1e-07,0.0,0.0,0.0,0.0,1e-07,1e-11,0.0
24442826.0,4995000000.0,5000000.0,5.0,0.0,0.0487,0.0487,0.0487,0.0487,2.2307,0.012046,2.2307e-05,0.012046,2.2307,0.0096365,2.2307e-05,0.0096365,0.0,0.0,0.0,0.0,2.154e-10,0.0,0.0,0.0,4.642e-09,0.0,0.0,0.0,0.0,4.642e-09,2.154e-10,0.0
24445280.0,4995000000.0,5000000.0,5.0,0.0,0.0487,0.0487,0.0487,0.0487,2.2307,0.044614,0.00021333,0.044614,2.2307,0.0,0.00021333,0.0,0.0,0.0,0.0,0.0,2.154e-10,0.0,0.0,0.0,0.001,0.0,0.0,0.0,0.0,0.001,2.154e-10,0.0
24448469.0,4995000000.0,5000000.0,5.0,0.0,0.0487,0.0487,0.0487,0.0487,2.2307,0.1644,0.019407,0.1644,2.2307,1.5722e-05,0.019407,1.5722e-05,0.0,0.0,0.0,0.0,4.642e-09,0.0,0.0,0.0,1e-07,0.0,0.0,0.0,0.0,1e-07,4.642e-09,0.0
24443291.0,4995000000.0,5000000.0,5.0,0.0,0.0487,0.0487,0.0487,0.0487,2.2307,0.012046,0.0020402,0.012046,2.2307,1.2046e-07,0.0020402,1.2046e-07,0.0,0.0,0.0,0.0,2.154e-06,0.0,0.0,0.0,4.642e-05,0.0,0.0,0.0,0.0,4.642e-05,2.154e-06,0.0
24442754.0,4995000000.0,5000000.0,5.0,0.0,0.0487,0.0487,0.0487,0.0487,2.2307,0.012046,2.2307e-05,0.012046,2.2307,0.0001048,2.2307e-05,0.0001048,0.0,0.0,0.0,0.0,4.642e-05,0.0,0.0,0.0,1e-11,0.0,0.0,0.0,0.0,1e-11,4.642e-05,0.0
24445351.0,4995000000.0,5000000.0,5.0,0.0,0.0487,0.0487,0.0487,0.0487,2.2307,0.044614,0.00021333,0.044614,2.2307,4.4614e-07,0.00021333,4.4614e-07,0.0,0.0,0.0,0.0,4.642e-05,0.0,0.0,0.0,1e-11,0.0,0.0,0.0,0.0,1e-11,4.642e-05,0.0
24448097.0,4995000000.0,5000000.0,5.0,0.0,0.0487,0.0487,0.0487,0.0487,2.2307,0.1644,0.0020402,0.1644,2.2307,1.644e-06,0.0020402,1.644e-06,0.0,0.0,0.0,0.0,4.642e-05,0.0,0.0,0.0,4.642e-09,0.0,0.0,0.0,0.0,4.642e-09,4.642e-05,0.0
24442752.0,4995000000.0,5000000.0,5.0,0.0,0.0487,0.0487,0.0487,0.0487,2.2307,0.012046,2.2307e-05,0.012046,2.2307,0.0001048,2.2307e-05,0.0001048,0.0,0.0,0.0,0.0,2.154e-06,0.0,0.0,0.0,4.642e-05,0.0,0.0,0.0,0.0,4.642e-05,2.154e-06,0.0
24443608.0,4995000000.0,5000000.0,5.0,0.0,0.0487,0.0487,0.0487,0.0487,2.2307,0.012046,0.019407,0.012046,2.2307,1.2046e-07,0.019407,1.2046e-07,0.0,0.0,0.0,0.0,2.154e-10,0.0,0.0,0.0,1e-11,0.0,0.0,0.0,0.0,1e-11,2.154e-10,0.0
24443364.0,4995000000.0,5000000.0,5.0,0.0,0.0487,0.0487,0.0487,0.0487,2.2307,0.012046,0.0020402,0.012046,2.2307,1.1017e-05,0.0020402,1.1017e-05,0.0,0.0,0.0,0.0,2.154e-10,0.0,0.0,0.0,2.154e-10,0.0,0.0,0.0,0.0,2.154e-10,2.154e-10,0.0
24447390.0,4995000000.0,5000000.0,5.0,0.0,0.0487,0.0487,0.0487,0.0487,2.2307,0.1644,2.2307e-05,0.1644,2.2307,1.644e-06,2.2307e-05,1.644e-06,0.0,0.0,0.0,0.0,4.642e-09,0.0,0.0,0.0,4.642e-09,0.0,0.0,0.0,0.0,4.642e-09,4.642e-09,0.0
24445114.0,4995000000.0,5000000.0,5.0,0.0,0.0487,0.0487,0.0487,0.0487,2.2307,0.044614,2.2307e-05,0.044614,2.2307,4.0804e-05,2.2307e-05,4.0804e-05,0.0,0.0,0.0,0.0,0.001,0.0,0.0,0.0,2.154e-10,0.0,0.0,0.0,0.0,2.154e-10,0.001,0.0
24449833.0,4995000000.0,5000000.0,5.0,0.0,0.0487,0.0487,0.0487,0.0487,2.2307,0.60541,2.2307e-05,0.60541,2.2307,5.7898e-05,2.2307e-05,5.7898e-05,0.0,0.0,0.0,0.0,2.154e-10,0.0,0.0,0.0,4.642e-09,0.0,0.0,0.0,0.0,4.642e-09,2.154e-10,0.0
24444938.0,4995000000.0,5000000.0,5.0,0.0,0.0487,0.0487,0.0487,0.0487,2.2307,0.044614,2.2307e-05,0.044614,2.2307,0.0,2.2307e-05,0.0,0.0,0.0,0.0,0.0,4.642e-09,0.0,0.0,0.0,1e-11,0.0,0.0,0.0,0.0,1e-11,4.642e-09,0.0
24443097.0,4995000000.0,5000000.0,5.0,0.0,0.0487,0.0487,0.0487,0.0487,2.2307,0.012046,0.00021333,0.012046,2.2307,0.0001048,0.00021333,0.0001048,0.0,0.0,0.0,0.0,4.642e-05,0.0,0.0,0.0,1e-11,0.0,0.0,0.0,0.0,1e-11,4.642e-05,0.0
24445911.0,4995000000.0,5000000.0,5.0,0.0,0.0487,0.0487,0.0487,0.0487,2.2307,0.044614,0.0020402,0.044614,2.2307,0.035691,0.0020402,0.035691,0.0,0.0,0.0,0.0,2.154e-10,0.0,0.0,0.0,1e-11,0.0,0.0,0.0,0.0,1e-11,2.154e-10,0.0
24444669.0,4995000000.0,5000000.0,5.0,0.0,0.0487,0.0487,0.0487,0.0487,2.2307,0.044614,0.0,0.044614,2.2307,4.4614e-07,0.0,4.4614e-07,0.0,0.0,0.0,0.0,4.642e-05,0.0,0.0,0.0,2.154e-06,0.0,0.0,0.0,0.0,2.154e-06,4.642e-05,0.0
24445319.0,4995000000.0,5000000.0,5.0,0.0,0.0487,0.0487,0.0487,0.0487,2.2307,0.044614,0.00021333,0.044614,2.2307,4.4614e-07,0.00021333,4.4614e-07,0.0,0.0,0.0,0.0,1e-11,0.0,0.0,0.0,1e-07,0.0,0.0,0.0,0.0,1e-07,1e-11,0.0
24446240.0,4995000000.0,5000000.0,5.0,0.0,0.0487,0.0487,0.0487,0.0487,2.2307,0.044614,0.019407,0.044614,2.2307,0.0037342,0.019407,0.0037342,0.0,0.0,0.0,0.0,0.001,0.0,0.0,0.0,1e-11,0.0,0.0,0.0,0.0,1e-11,0.001,0.0
24445204.0,4995000000.0,5000000.0,5.0,0.0,0.0487,0.0487,0.0487,0.0487,2.2307,0.044614,2.2307e-05,0.044614,2.2307,0.0037342,2.2307e-05,0.0037342,0.0,0.0,0.0,0.0,4.642e-05,0.0,0.0,0.0,1e-11,0.0,0.0,0.0,0.0,1e-11,4.642e-05,0.0
24446146.0,4995000000.0,5000000.0,5.0,0.0,0.0487,0.0487,0.0487,0.0487,2.2307,0.044614,0.019407,0.044614,2.2307,4.0804e-05,0.019407,4.0804e-05,0.0,0.0,0.0,0.0,0.001,0.0,0.0,0.0,2.154e-06,0.0,0.0,0.0,0.0,2.154e-06,0.001,0.0
24442280.0,4995000000.0,5000000.0,5.0,0.0,0.0487,0.0487,0.0487,0.0487,2.2307,0.012046,0.0,0.012046,2.2307,1.152e-06,0.0,1.152e-06,0.0,0.0,0.0,0.0,1e-11,0.0,0.0,0.0,4.642e-09,0.0,0.0,0.0,0.0,4.642e-09,1e-11,0.0
24444629.0,4995000000.0,5000000.0,5.0,0.0,0.0487,0.0487,0.0487,0.0487,2.2307,0.044614,0.0,0.044614,2.2307,0.0,0.0,0.0,0.0,0.0,0.0,0.0,0.001,0.0,0.0,0.0,0.001,0.0,0.0,0.0,0.0,0.001,0.001,0.0
24448539.0,4995000000.0,5000000.0,5.0,0.0,0.0487,0.0487,0.0487,0.0487,2.2307,0.1644,0.019407,0.1644,2.2307,0.00015036,0.019407,0.00015036,0.0,0.0,0.0,0.0,4.642e-05,0.0,0.0,0.0,1e-07,0.0,0.0,0.0,0.0,1e-07,4.642e-05,0.0
24443331.0,4995000000.0,5000000.0,5.0,0.0,0.0487,0.0487,0.0487,0.0487,2.2307,0.012046,0.0020402,0.012046,2.2307,1.152e-06,0.0020402,1.152e-06,0.0,0.0,0.0,0.0,1e-07,0.0,0.0,0.0,1e-07,0.0,0.0,0.0,0.0,1e-07,1e-07,0.0
24447009.0,4995000000.0,5000000.0,5.0,0.0,0.0487,0.0487,0.0487,0.0487,2.2307,0.1644,0.0,0.1644,2.2307,0.0,0.0,0.0,0.0,0.0,0.0,0.0,1e-07,0.0,0.0,0.0,0.001,0.0,0.0,0.0,0.0,0.001,1e-07,0.0
24448034.0,4995000000.0,5000000.0,5.0,0.0,0.0487,0.0487,0.0487,0.0487,2.2307,0.1644,0.0020402,0.1644,2.2307,0.0,0.0020402,0.0,0.0,0.0,0.0,0.0,1e-07,0.0,0.0,0.0,4.642e-09,0.0,0.0,0.0,0.0,4.642e-09,1e-07,0.0
24445662.0,4995000000.0,5000000.0,5.0,0.0,0.0487,0.0487,0.0487,0.0487,2.2307,0.044614,0.0020402,0.044614,2.2307,4.4614e-07,0.0020402,4.4614e-07,0.0,0.0,0.0,0.0,1e-11,0.0,0.0,0.0,1e-07,0.0,0.0,0.0,0.0,1e-07,1e-11,0.0
24444891.0,4995000000.0,5000000.0,5.0,0.0,0.0487,0.0487,0.0487,0.0487,2.2307,0.044614,0.0,0.044614,2.2307,0.035691,0.0,0.035691,0.0,0.0,0.0,0.0,4.642e-09,0.0,0.0,0.0,4.642e-09,0.0,0.0,0.0,0.0,4.642e-09,4.642e-09,0.0
24447831.0,4995000000.0,5000000.0,5.0,0.0,0.0487,0.0487,0.0487,0.0487,2.2307,0.1644,0.00021333,0.1644,2.2307,0.00015036,0.00021333,0.00015036,0.0,0.0,0.0,0.0,4.642e-09,0.0,0.0,0.0,4.642e-09,0.0,0.0,0.0,0.0,4.642e-09,4.642e-09,0.0
24445651.0,4995000000.0,5000000.0,5.0,0.0,0.0487,0.0487,0.0487,0.0487,2.2307,0.044614,0.0020402,0.044614,2.2307,0.0,0.0020402,0.0,0.0,0.0,0.0,0.0,4.642e-05,0.0,0.0,0.0,0.001,0.0,0.0,0.0,0.0,0.001,4.642e-05,0.0
24443505.0,4995000000.0,5000000.0,5.0,0.0,0.0487,0.0487,0.0487,0.0487,2.2307,0.012046,0.0020402,0.012046,2.2307,0.0096365,0.0020402,0.0096365,0.0,0.0,0.0,0.0,1e-11,0.0,0.0,0.0,4.642e-09,0.0,0.0,0.0,0.0,4.642e-09,1e-11,0.0
24445167.0,4995000000.0,5000000.0,5.0,0.0,0.0487,0.0487,0.0487,0.0487,2.2307,0.044614,2.2307e-05,0.044614,2.2307,0.00038814,2.2307e-05,0.00038814,0.0,0.0,0.0,0.0,0.001,0.0,0.0,0.0,4.642e-05,0.0,0.0,0.0,0.0,4.642e-05,0.001,0.0
24447701.0,4995000000.0,5000000.0,5.0,0.0,0.0487,0.0487,0.0487,0.0487,2.2307,0.1644,0.00021333,0.1644,2.2307,0.0,0.00021333,0.0,0.0,0.0,0.0,0.0,2.154e-06,0.0,0.0,0.0,4.642e-05,0.0,0.0,0.0,0.0,4.642e-05,2.154e-06,0.0
24442541.0,4995000000.0,5000000.0,5.0,0.0,0.0487,0.0487,0.0487,0.0487,2.2307,0.012046,2.2307e-05,0.012046,2.2307,0.0,2.2307e-05,0.0,0.0,0.0,0.0,0.0,4.642e-09,0.0,0.0,0.0,2.154e-06,0.0,0.0,0.0,0.0,2.154e-06,4.642e-09,0.0
24443177.0,4995000000.0,5000000.0,5.0,0.0,0.0487,0.0487,0.0487,0.0487,2.2307,0.012046,0.00021333,0.012046,2.2307,0.0096365,0.00021333,0.0096365,0.0,0.0,0.0,0.0,4.642e-09,0.0,0.0,0.0,1e-07,0.0,0.0,0.0,0.0,1e-07,4.642e-09,0.0
24447792.0,4995000000.0,5000000.0,5.0,0.0,0.0487,0.0487,0.0487,0.0487,2.2307,0.1644,0.00021333,0.1644,2.2307,1.5722e-05,0.00021333,1.5722e-05,0.0,0.0,0.0,0.0,1e-07,0.0,0.0,0.0,4.642e-05,0.0,0.0,0.0,0.0,4.642e-05,1e-07,0.0
24443324.0,4995000000.0,5000000.0,5.0,0.0,0.0487,0.0487,0.0487,0.0487,2.2307,0.012046,0.0020402,0.012046,2.2307,1.152e-06,0.0020402,1.152e-06,0.0,0.0,0.0,0.0,4.642e-09,0.0,0.0,0.0,1e-07,0.0,0.0,0.0,0.0,1e-07,4.642e-09,0.0
24445272.0,4995000000.0,5000000.0,5.0,0.0,0.0487,0.0487,0.0487,0.0487,2.2307,0.044614,0.00021333,0.044614,2.2307,0.0,0.00021333,0.0,0.0,0.0,0.0,0.0,1e-11,0.0,0.0,0.0,4.642e-05,0.0,0.0,0.0,0.0,4.642e-05,1e-11,0.0
24445032.0,4995000000.0,5000000.0,5.0,0.0,0.0487,0.0487,0.0487,0.0487,2.2307,0.044614,2.2307e-05,0.044614,2.2307,4.2666e-06,2.2307e-05,4.2666e-06,0.0,0.0,0.0,0.0,2.154e-10,0.0,0.0,0.0,1e-07,0.0,0.0,0.0,0.0,1e-07,2.154e-10,0.0
24448464.0,4995000000.0,5000000.0,5.0,0.0,0.0487,0.0487,0.0487,0.0487,2.2307,0.1644,0.019407,0.1644,2.2307,1.5722e-05,0.019407,1.5722e-05,0.0,0.0,0.0,0.0,2.154e-10,0.0,0.0,0.0,4.642e-05,0.0,0.0,0.0,0.0,4.642e-05,2.154e-10,0.0
24445925.0,4995000000.0,5000000.0,5.0,0.0,0.0487,0.0487,0.0487,0.0487,2.2307,0.044614,0.0020402,0.044614,2.2307,0.035691,0.0020402,0.035691,0.0,0.0,0.0,0.0,1e-07,0.0,0.0,0.0,1e-11,0.0,0.0,0.0,0.0,1e-11,1e-07,0.0
24445623.0,4995000000.0,5000000.0,5.0,0.0,0.0487,0.0487,0.0487,0.0487,2.2307,0.044614,0.0020402,0.044614,2.2307,0.0,0.0020402,0.0,0.0,0.0,0.0,0.0,2.154e-10,0.0,0.0,0.0,0.001,0.0,0.0,0.0,0.0,0.001,2.154e-10,0.0
24447595.0,4995000000.0,5000000.0,5.0,0.0,0.0487,0.0487,0.0487,0.0487,2.2307,0.1644,2.2307e-05,0.1644,2.2307,0.01376,2.2307e-05,0.01376,0.0,0.0,0.0,0.0,1e-07,0.0,0.0,0.0,2.154e-06,0.0,0.0,0.0,0.0,2.154e-06,1e-07,0.0
24443193.0,4995000000.0,5000000.0,5.0,0.0,0.0487,0.0487,0.0487,0.0487,2.2307,0.012046,0.00021333,0.012046,2.2307,0.0096365,0.00021333,0.0096365,0.0,0.0,0.0,0.0,2.154e-06,0.0,0.0,0.0,4.642e-05,0.0,0.0,0.0,0.0,4.642e-05,2.154e-06,0.0
24447616.0,4995000000.0,5000000.0,5.0,0.0,0.0487,0.0487,0.0487,0.0487,2.2307,0.1644,2.2307e-05,0.1644,2.2307,0.01376,2.2307e-05,0.01376,0.0,0.0,0.0,0.0,0.001,0.0,0.0,0.0,2.154e-06,0.0,0.0,0.0,0.0,2.154e-06,0.001,0.0
24444997.0,4995000000.0,5000000.0,5.0,0.0,0.0487,0.0487,0.0487,0.0487,2.2307,0.044614,2.2307e-05,0.044614,2.2307,4.4614e-07,2.2307e-05,4.4614e-07,0.0,0.0,0.0,0.0,1e-07,0.0,0.0,0.0,1e-07,0.0,0.0,0.0,0.0,1e-07,1e-07,0.0
24445471.0,4995000000.0,5000000.0,5.0,0.0,0.0487,0.0487,0.0487,0.0487,2.2307,0.044614,0.00021333,0.044614,2.2307,0.00038814,0.00021333,0.00038814,0.0,0.0,0.0,0.0,2.154e-10,0.0,0.0,0.0,2.154e-10,0.0,0.0,0.0,0.0,2.154e-10,2.154e-10,0.0
24447531.0,4995000000.0,5000000.0,5.0,0.0,0.0487,0.0487,0.0487,0.0487,2.2307,0.1644,2.2307e-05,0.1644,2.2307,0.0014303,2.2307e-05,0.0014303,0.0,0.0,0.0,0.0,2.154e-10,0.0,0.0,0.0,1e-07,0.0,0.0,0.0,0.0,1e-07,2.154e-10,0.0
24445544.0,4995000000.0,5000000.0,5.0,0.0,0.0487,0.0487,0.0487,0.0487,2.2307,0.044614,0.00021333,0.044614,2.2307,0.0037342,0.00021333,0.0037342,0.0,0.0,0.0,0.0,2.154e-06,0.0,0.0,0.0,2.154e-06,0.0,0.0,0.0,0.0,2.154e-06,2.154e-06,0.0
24447161.0,4995000000.0,5000000.0,5.0,0.0,0.0487,0.0487,0.0487,0.0487,2.2307,0.1644,0.0,0.1644,2.2307,0.00015036,0.0,0.00015036,0.0,0.0,0.0,0.0,2.154e-06,0.0,0.0,0.0,2.154e-06,0.0,0.0,0.0,0.0,2.154e-06,2.154e-06,0.0
24446083.0,4995000000.0,5000000.0,5.0,0.0,0.0487,0.0487,0.0487,0.0487,2.2307,0.044614,0.019407,0.044614,2.2307,4.2666e-06,0.019407,4.2666e-06,0.0,0.0,0.0,0.0,2.154e-06,0.0,0.0,0.0,2.154e-06,0.0,0.0,0.0,0.0,2.154e-06,2.154e-06,0.0
24445083.0,4995000000.0,5000000.0,5.0,0.0,0.0487,0.0487,0.0487,0.0487,2.2307,0.044614,2.2307e-05,0.044614,2.2307,4.0804e-05,2.2307e-05,4.0804e-05,0.0,0.0,0.0,0.0,2.154e-10,0.0,0.0,0.0,4.642e-05,0.0,0.0,0.0,0.0,4.642e-05,2.154e-10,0.0
24446054.0,4995000000.0,5000000.0,5.0,0.0,0.0487,0.0487,0.0487,0.0487,2.2307,0.044614,0.019407,0.044614,2.2307,4.2666e-06,0.019407,4.2666e-06,0.0,0.0,0.0,0.0,1e-11,0.0,0.0,0.0,1e-07,0.0,0.0,0.0,0.0,1e-07,1e-11,0.0
24443153.0,4995000000.0,5000000.0,5.0,0.0,0.0487,0.0487,0.0487,0.0487,2.2307,0.012046,0.00021333,0.012046,2.2307,0.0010082,0.00021333,0.0010082,0.0,0.0,0.0,0.0,0.001,0.0,0.0,0.0,1e-11,0.0,0.0,0.0,0.0,1e-11,0.001,0.0
24442350.0,4995000000.0,5000000.0,5.0,0.0,0.0487,0.0487,0.0487,0.0487,2.2307,0.012046,0.0,0.012046,2.2307,1.1017e-05,0.0,1.1017e-05,0.0,0.0,0.0,0.0,1e-07,0.0,0.0,0.0,4.642e-09,0.0,0.0,0.0,0.0,4.642e-09,1e-07,0.0
24448520.0,4995000000.0,5000000.0,5.0,0.0,0.0487,0.0487,0.0487,0.0487,2.2307,0.1644,0.019407,0.1644,2.2307,0.00015036,0.019407,0.00015036,0.0,0.0,0.0,0.0,4.642e-09,0.0,0.0,0.0,4.642e-05,0.0,0.0,0.0,0.0,4.642e-05,4.642e-09,0.0
24448209.0,4995000000.0,5000000.0,5.0,0.0,0.0487,0.0487,0.0487,0.0487,2.2307,0.1644,0.0020402,0.1644,2.2307,0.0014303,0.0020402,0.0014303,0.0,0.0,0.0,0.0,1e-11,0.0,0.0,0.0,4.642e-09,0.0,0.0,0.0,0.0,4.642e-09,1e-11,0.0
24443852.0,4995000000.0,5000000.0,5.0,0.0,0.0487,0.0487,0.0487,0.0487,2.2307,0.012046,0.019407,0.012046,2.2307,0.0096365,0.019407,0.0096365,0.0,0.0,0.0,0.0,1e-11,0.0,0.0,0.0,0.001,0.0,0.0,0.0,0.0,0.001,1e-11,0.0
24447736.0,4995000000.0,5000000.0,5.0,0.0,0.0487,0.0487,0.0487,0.0487,2.2307,0.1644,0.00021333,0.1644,2.2307,1.644e-06,0.00021333,1.644e-06,0.0,0.0,0.0,0.0,4.642e-09,0.0,0.0,0.0,4.642e-05,0.0,0.0,0.0,0.0,4.642e-05,4.642e-09,0.0
24443560.0,4995000000.0,5000000.0,5.0,0.0,0.0487,0.0487,0.0487,0.0487,2.2307,0.012046,0.019407,0.012046,2.2307,0.0,0.019407,0.0,0.0,0.0,0.0,0.0,2.154e-10,0.0,0.0,0.0,2.154e-10,0.0,0.0,0.0,0.0,2.154e-10,2.154e-10,0.0
24448161.0,4995000000.0,5000000.0,5.0,0.0,0.0487,0.0487,0.0487,0.0487,2.2307,0.1644,0.0020402,0.1644,2.2307,0.00015036,0.0020402,0.00015036,0.0,0.0,0.0,0.0,1e-11,0.0,0.0,0.0,1e-07,0.0,0.0,0.0,0.0,1e-07,1e-11,0.0
24445633.0,4995000000.0,5000000.0,5.0,0.0,0.0487,0.0487,0.0487,0.0487,2.2307,0.044614,0.0020402,0.044614,2.2307,0.0,0.0020402,0.0,0.0,0.0,0.0,0.0,1e-07,0.0,0.0,0.0,4.642e-09,0.0,0.0,0.0,0.0,4.642e-09,1e-07,0.0
24443137.0,4995000000.0,5000000.0,5.0,0.0,0.0487,0.0487,0.0487,0.0487,2.2307,0.012046,0.00021333,0.012046,2.2307,0.0010082,0.00021333,0.0010082,0.0,0.0,0.0,0.0,1e-07,0.0,0.0,0.0,4.642e-05,0.0,0.0,0.0,0.0,4.642e-05,1e-07,0.0
24442736.0,4995000000.0,5000000.0,5.0,0.0,0.0487,0.0487,0.0487,0.0487,2.2307,0.012046,2.2307e-05,0.012046,2.2307,0.0001048,2.2307e-05,0.0001048,0.0,0.0,0.0,0.0,4.642e-09,0.0,0.0,0.0,1e-07,0.0,0.0,0.0,0.0,1e-07,4.642e-09,0.0
24442799.0,4995000000.0,5000000.0,5.0,0.0,0.0487,0.0487,0.0487,0.0487,2.2307,0.012046,2.2307e-05,0.012046,2.2307,0.0010082,2.2307e-05,0.0010082,0.0,0.0,0.0,0.0,2.154e-06,0.0,0.0,0.0,1e-07,0.0,0.0,0.0,0.0,1e-07,2.154e-06,0.0
24442692.0,4995000000.0,5000000.0,5.0,0.0,0.0487,0.0487,0.0487,0.0487,2.2307,0.012046,2.2307e-05,0.012046,2.2307,1.1017e-05,2.2307e-05,1.1017e-05,0.0,0.0,0.0,0.0,1e-07,0.0,0.0,0.0,2.154e-10,0.0,0.0,0.0,0.0,2.154e-10,1e-07,0.0
24444770.0,4995000000.0,5000000.0,5.0,0.0,0.0487,0.0487,0.0487,0.0487,2.2307,0.044614,0.0,0.044614,2.2307,4.0804e-05,0.0,4.0804e-05,0.0,0.0,0.0,0.0,0.001,0.0,0.0,0.0,1e-11,0.0,0.0,0.0,0.0,1e-11,0.001,0.0
24443488.0,4995000000.0,5000000.0,5.0,0.0,0.0487,0.0487,0.0487,0.0487,2.2307,0.012046,0.0020402,0.012046,2.2307,0.0010082,0.0020402,0.0010082,0.0,0.0,0.0,0.0,2.154e-06,0.0,0.0,0.0,0.001,0.0,0.0,0.0,0.0,0.001,2.154e-06,0.0
24443188.0,4995000000.0,5000000.0,5.0,0.0,0.0487,0.0487,0.0487,0.0487,2.2307,0.012046,0.00021333,0.012046,2.2307,0.0096365,0.00021333,0.0096365,0.0,0.0,0.0,0.0,2.154e-06,0.0,0.0,0.0,1e-11,0.0,0.0,0.0,0.0,1e-11,2.154e-06,0.0
24446101.0,4995000000.0,5000000.0,5.0,0.0,0.0487,0.0487,0.0487,0.0487,2.2307,0.044614,0.019407,0.044614,2.2307,4.0804e-05,0.019407,4.0804e-05,0.0,0.0,0.0,0.0,1e-11,0.0,0.0,0.0,2.154e-10,0.0,0.0,0.0,0.0,2.154e-10,1e-11,0.0
24443877.0,4995000000.0,5000000.0,5.0,0.0,0.0487,0.0487,0.0487,0.0487,2.2307,0.012046,0.019407,0.012046,2.2307,0.0096365,0.019407,0.0096365,0.0,0.0,0.0,0.0,2.154e-06,0.0,0.0,0.0,1e-07,0.0,0.0,0.0,0.0,1e-07,2.154e-06,0.0
24445725.0,4995000000.0,5000000.0,5.0,0.0,0.0487,0.0487,0.0487,0.0487,2.2307,0.044614,0.0020402,0.044614,2.2307,4.2666e-06,0.0020402,4.2666e-06,0.0,0.0,0.0,0.0,4.642e-09,0.0,0.0,0.0,1e-07,0.0,0.0,0.0,0.0,1e-07,4.642e-09,0.0
24442543.0,4995000000.0,5000000.0,5.0,0.0,0.0487,0.0487,0.0487,0.0487,2.2307,0.012046,2.2307e-05,0.012046,2.2307,0.0,2.2307e-05,0.0,0.0,0.0,0.0,0.0,4.642e-09,0.0,0.0,0.0,0.001,0.0,0.0,0.0,0.0,0.001,4.642e-09,0.0
24445259.0,4995000000.0,5000000.0,5.0,0.0,0.0487,0.0487,0.0487,0.0487,2.2307,0.044614,2.2307e-05,0.044614,2.2307,0.035691,2.2307e-05,0.035691,0.0,0.0,0.0,0.0,4.642e-05,0.0,0.0,0.0,0.001,0.0,0.0,0.0,0.0,0.001,4.642e-05,0.0
24443798.0,4995000000.0,5000000.0,5.0,0.0,0.0487,0.0487,0.0487,0.0487,2.2307,0.012046,0.019407,0.012046,2.2307,0.0010082,0.019407,0.0010082,0.0,0.0,0.0,0.0,1e-11,0.0,0.0,0.0,2.154e-10,0.0,0.0,0.0,0.0,2.154e-10,1e-11,0.0
24442645.0,4995000000.0,5000000.0,5.0,0.0,0.0487,0.0487,0.0487,0.0487,2.2307,0.012046,2.2307e-05,0.012046,2.2307,1.152e-06,2.2307e-05,1.152e-06,0.0,0.0,0.0,0.0,1e-07,0.0,0.0,0.0,1e-07,0.0,0.0,0.0,0.0,1e-07,1e-07,0.0
24445332.0,4995000000.0,5000000.0,5.0,0.0,0.0487,0.0487,0.0487,0.0487,2.2307,0.044614,0.00021333,0.044614,2.2307,4.4614e-07,0.00021333,4.4614e-07,0.0,0.0,0.0,0.0,4.642e-09,0.0,0.0,0.0,4.642e-09,0.0,0.0,0.0,0.0,4.642e-09,4.642e-09,0.0
24449542.0,4995000000.0,5000000.0,5.0,0.0,0.0487,0.0487,0.0487,0.0487,2.2307,0.60541,0.0,0.60541,2.2307,0.00055371,0.0,0.00055371,0.0,0.0,0.0,0.0,2.154e-10,0.0,0.0,0.0,4.642e-05,0.0,0.0,0.0,0.0,4.642e-05,2.154e-10,0.0
24442529.0,4995000000.0,5000000.0,5.0,0.0,0.0487,0.0487,0.0487,0.0487,2.2307,0.012046,2.2307e-05,0.012046,2.2307,0.0,2.2307e-05,0.0,0.0,0.0,0.0,0.0,1e-11,0.0,0.0,0.0,0.001,0.0,0.0,0.0,0.0,0.001,1e-11,0.0
24447188.0,4995000000.0,5000000.0,5.0,0.0,0.0487,0.0487,0.0487,0.0487,2.2307,0.1644,0.0,0.1644,2.2307,0.0014303,0.0,0.0014303,0.0,0.0,0.0,0.0,2.154e-10,0.0,0.0,0.0,1e-07,0.0,0.0,0.0,0.0,1e-07,2.154e-10,0.0
24449828.0,4995000000.0,5000000.0,5.0,0.0,0.0487,0.0487,0.0487,0.0487,2.2307,0.60541,2.2307e-05,0.60541,2.2307,5.7898e-05,2.2307e-05,5.7898e-05,0.0,0.0,0.0,0.0,1e-11,0.0,0.0,0.0,2.154e-06,0.0,0.0,0.0,0.0,2.154e-06,1e-11,0.0
24446223.0,4995000000.0,5000000.0,5.0,0.0,0.0487,0.0487,0.0487,0.0487,2.2307,0.044614,0.019407,0.044614,2.2307,0.0037342,0.019407,0.0037342,0.0,0.0,0.0,0.0,1e-07,0.0,0.0,0.0,2.154e-06,0.0,0.0,0.0,0.0,2.154e-06,1e-07,0.0
24442734.0,4995000000.0,5000000.0,5.0,0.0,0.0487,0.0487,0.0487,0.0487,2.2307,0.012046,2.2307e-05,0.012046,2.2307,0.0001048,2.2307e-05,0.0001048,0.0,0.0,0.0,0.0,4.642e-09,0.0,0.0,0.0,2.154e-10,0.0,0.0,0.0,0.0,2.154e-10,4.642e-09,0.0
24447785.0,4995000000.0,5000000.0,5.0,0.0,0.0487,0.0487,0.0487,0.0487,2.2307,0.1644,0.00021333,0.1644,2.2307,1.5722e-05,0.00021333,1.5722e-05,0.0,0.0,0.0,0.0,4.642e-09,0.0,0.0,0.0,4.642e-05,0.0,0.0,0.0,0.0,4.642e-05,4.642e-09,0.0
24447876.0,4995000000.0,5000000.0,5.0,0.0,0.0487,0.0487,0.0487,0.0487,2.2307,0.1644,0.00021333,0.1644,2.2307,0.0014303,0.00021333,0.0014303,0.0,0.0,0.0,0.0,2.154e-10,0.0,0.0,0.0,4.642e-05,0.0,0.0,0.0,0.0,4.642e-05,2.154e-10,0.0
24447148.0,4995000000.0,5000000.0,5.0,0.0,0.0487,0.0487,0.0487,0.0487,2.2307,0.1644,0.0,0.1644,2.2307,0.00015036,0.0,0.00015036,0.0,0.0,0.0,0.0,4.642e-09,0.0,0.0,0.0,4.642e-05,0.0,0.0,0.0,0.0,4.642e-05,4.642e-09,0.0
24442652.0,4995000000.0,5000000.0,5.0,0.0,0.0487,0.0487,0.0487,0.0487,2.2307,0.012046,2.2307e-05,0.012046,2.2307,1.152e-06,2.2307e-05,1.152e-06,0.0,0.0,0.0,0.0,2.154e-06,0.0,0.0,0.0,1e-07,0.0,0.0,0.0,0.0,1e-07,2.154e-06,0.0
24446257.0,4995000000.0,5000000.0,5.0,0.0,0.0487,0.0487,0.0487,0.0487,2.2307,0.044614,0.019407,0.044614,2.2307,0.035691,0.019407,0.035691,0.0,0.0,0.0,0.0,2.154e-10,0.0,0.0,0.0,1e-07,0.0,0.0,0.0,0.0,1e-07,2.154e-10,0.0
24443035.0,4995000000.0,5000000.0,5.0,0.0,0.0487,0.0487,0.0487,0.0487,2.2307,0.012046,0.00021333,0.012046,2.2307,1.1017e-05,0.00021333,1.1017e-05,0.0,0.0,0.0,0.0,1e-07,0.0,0.0,0.0,2.154e-10,0.0,0.0,0.0,0.0,2.154e-10,1e-07,0.0
24447384.0,4995000000.0,5000000.0,5.0,0.0,0.0487,0.0487,0.0487,0.0487,2.2307,0.1644,2.2307e-05,0.1644,2.2307,1.644e-06,2.2307e-05,1.644e-06,0.0,0.0,0.0,0.0,2.154e-10,0.0,0.0,0.0,1e-07,0.0,0.0,0.0,0.0,1e-07,2.154e-10,0.0
24442990.0,4995000000.0,5000000.0,5.0,0.0,0.0487,0.0487,0.0487,0.0487,2.2307,0.012046,0.00021333,0.012046,2.2307,1.152e-06,0.00021333,1.152e-06,0.0,0.0,0.0,0.0,1e-07,0.0,0.0,0.0,4.642e-05,0.0,0.0,0.0,0.0,4.642e-05,1e-07,0.0
24447786.0,4995000000.0,5000000.0,5.0,0.0,0.0487,0.0487,0.0487,0.0487,2.2307,0.1644,0.00021333,0.1644,2.2307,1.5722e-05,0.00021333,1.5722e-05,0.0,0.0,0.0,0.0,4.642e-09,0.0,0.0,0.0,0.001,0.0,0.0,0.0,0.0,0.001,4.642e-09,0.0
24445056.0,4995000000.0,5000000.0,5.0,0.0,0.0487,0.0487,0.0487,0.0487,2.2307,0.044614,2.2307e-05,0.044614,2.2307,4.2666e-06,2.2307e-05,4.2666e-06,0.0,0.0,0.0,0.0,2.154e-06,0.0,0.0,0.0,0.001,0.0,0.0,0.0,0.0,0.001,2.154e-06,0.0
24442839.0,4995000000.0,5000000.0,5.0,0.0,0.0487,0.0487,0.0487,0.0487,2.2307,0.012046,2.2307e-05,0.012046,2.2307,0.0096365,2.2307e-05,0.0096365,0.0,0.0,0.0,0.0,1e-07,0.0,0.0,0.0,2.154e-10,0.0,0.0,0.0,0.0,2.154e-10,1e-07,0.0
24449458.0,4995000000.0,5000000.0,5.0,0.0,0.0487,0.0487,0.0487,0.0487,2.2307,0.60541,0.0,0.60541,2.2307,6.0541e-06,0.0,6.0541e-06,0.0,0.0,0.0,0.0,1e-07,0.0,0.0,0.0,4.642e-05,0.0,0.0,0.0,0.0,4.642e-05,1e-07,0.0
24444780.0,4995000000.0,5000000.0,5.0,0.0,0.0487,0.0487,0.0487,0.0487,2.2307,0.044614,0.0,0.044614,2.2307,0.00038814,0.0,0.00038814,0.0,0.0,0.0,0.0,1e-11,0.0,0.0,0.0,1e-07,0.0,0.0,0.0,0.0,1e-07,1e-11,0.0
24442446.0,4995000000.0,5000000.0,5.0,0.0,0.0487,0.0487,0.0487,0.0487,2.2307,0.012046,0.0,0.012046,2.2307,0.0010082,0.0,0.0010082,0.0,0.0,0.0,0.0,1e-07,0.0,0.0,0.0,1e-11,0.0,0.0,0.0,0.0,1e-11,1e-07,0.0
24442786.0,4995000000.0,5000000.0,5.0,0.0,0.0487,0.0487,0.0487,0.0487,2.2307,0.012046,2.2307e-05,0.012046,2.2307,0.0010082,2.2307e-05,0.0010082,0.0,0.0,0.0,0.0,4.642e-09,0.0,0.0,0.0,2.154e-06,0.0,0.0,0.0,0.0,2.154e-06,4.642e-09,0.0
24449477.0,4995000000.0,5000000.0,5.0,0.0,0.0487,0.0487,0.0487,0.0487,2.2307,0.60541,0.0,0.60541,2.2307,6.0541e-06,0.0,6.0541e-06,0.0,0.0,0.0,0.0,0.001,0.0,0.0,0.0,1e-07,0.0,0.0,0.0,0.0,1e-07,0.001,0.0
24442854.0,4995000000.0,5000000.0,5.0,0.0,0.0487,0.0487,0.0487,0.0487,2.2307,0.012046,2.2307e-05,0.012046,2.2307,0.0096365,2.2307e-05,0.0096365,0.0,0.0,0.0,0.0,4.642e-05,0.0,0.0,0.0,4.642e-09,0.0,0.0,0.0,0.0,4.642e-09,4.642e-05,0.0
24448430.0,4995000000.0,5000000.0,5.0,0.0,0.0487,0.0487,0.0487,0.0487,2.2307,0.1644,0.019407,0.1644,2.2307,1.644e-06,0.019407,1.644e-06,0.0,0.0,0.0,0.0,1e-07,0.0,0.0,0.0,0.001,0.0,0.0,0.0,0.0,0.001,1e-07,0.0
24443434.0,4995000000.0,5000000.0,5.0,0.0,0.0487,0.0487,0.0487,0.0487,2.2307,0.012046,0.0020402,0.012046,2.2307,0.0001048,0.0020402,0.0001048,0.0,0.0,0.0,0.0,2.154e-06,0.0,0.0,0.0,2.154e-10,0.0,0.0,0.0,0.0,2.154e-10,2.154e-06,0.0
24449478.0,4995000000.0,5000000.0,5.0,0.0,0.0487,0.0487,0.0487,0.0487,2.2307,0.60541,0.0,0.60541,2.2307,6.0541e-06,0.0,6.0541e-06,0.0,0.0,0.0,0.0,0.001,0.0,0.0,0.0,2.154e-06,0.0,0.0,0.0,0.0,2.154e-06,0.001,0.0
24447476.0,4995000000.0,5000000.0,5.0,0.0,0.0487,0.0487,0.0487,0.0487,2.2307,0.1644,2.2307e-05,0.1644,2.2307,0.00015036,2.2307e-05,0.00015036,0.0,0.0,0.0,0.0,1e-11,0.0,0.0,0.0,2.154e-06,0.0,0.0,0.0,0.0,2.154e-06,1e-11,0.0
24446113.0,4995000000.0,5000000.0,5.0,0.0,0.0487,0.0487,0.0487,0.0487,2.2307,0.044614,0.019407,0.044614,2.2307,4.0804e-05,0.019407,4.0804e-05,0.0,0.0,0.0,0.0,2.154e-10,0.0,0.0,0.0,0.001,0.0,0.0,0.0,0.0,0.001,2.154e-10,0.0
24449602.0,4995000000.0,5000000.0,5.0,0.0,0.0487,0.0487,0.0487,0.0487,2.2307,0.60541,0.0,0.60541,2.2307,0.005267,0.0,0.005267,0.0,0.0,0.0,0.0,1e-07,0.0,0.0,0.0,4.642e-09,0.0,0.0,0.0,0.0,4.642e-09,1e-07,0.0
24445949.0,4995000000.0,5000000.0,5.0,0.0,0.0487,0.0487,0.0487,0.0487,2.2307,0.044614,0.0020402,0.044614,2.2307,0.035691,0.0020402,0.035691,0.0,0.0,0.0,0.0,0.001,0.0,0.0,0.0,1e-07,0.0,0.0,0.0,0.0,1e-07,0.001,0.0
24443253.0,4995000000.0,5000000.0,5.0,0.0,0.0487,0.0487,0.0487,0.0487,2.2307,0.012046,0.0020402,0.012046,2.2307,0.0,0.0020402,0.0,0.0,0.0,0.0,0.0,0.001,0.0,0.0,0.0,4.642e-09,0.0,0.0,0.0,0.0,4.642e-09,0.001,0.0
24445559.0,4995000000.0,5000000.0,5.0,0.0,0.0487,0.0487,0.0487,0.0487,2.2307,0.044614,0.00021333,0.044614,2.2307,0.0037342,0.00021333,0.0037342,0.0,0.0,0.0,0.0,0.001,0.0,0.0,0.0,4.642e-05,0.0,0.0,0.0,0.0,4.642e-05,0.001,0.0
24445587.0,4995000000.0,5000000.0,5.0,0.0,0.0487,0.0487,0.0487,0.0487,2.2307,0.044614,0.00021333,0.044614,2.2307,0.035691,0.00021333,0.035691,0.0,0.0,0.0,0.0,1e-07,0.0,0.0,0.0,4.642e-05,0.0,0.0,0.0,0.0,4.642e-05,1e-07,0.0
24445606.0,4995000000.0,5000000.0,5.0,0.0,0.0487,0.0487,0.0487,0.0487,2.2307,0.044614,0.00021333,0.044614,2.2307,0.035691,0.00021333,0.035691,0.0,0.0,0.0,0.0,0.001,0.0,0.0,0.0,1e-07,0.0,0.0,0.0,0.0,1e-07,0.001,0.0
24446158.0,4995000000.0,5000000.0,5.0,0.0,0.0487,0.0487,0.0487,0.0487,2.2307,0.044614,0.019407,0.044614,2.2307,0.00038814,0.019407,0.00038814,0.0,0.0,0.0,0.0,2.154e-10,0.0,0.0,0.0,4.642e-09,0.0,0.0,0.0,0.0,4.642e-09,2.154e-10,0.0
24442814.0,4995000000.0,5000000.0,5.0,0.0,0.0487,0.0487,0.0487,0.0487,2.2307,0.012046,2.2307e-05,0.012046,2.2307,0.0010082,2.2307e-05,0.0010082,0.0,0.0,0.0,0.0,0.001,0.0,0.0,0.0,2.154e-06,0.0,0.0,0.0,0.0,2.154e-06,0.001,0.0
24447568.0,4995000000.0,5000000.0,5.0,0.0,0.0487,0.0487,0.0487,0.0487,2.2307,0.1644,2.2307e-05,0.1644,2.2307,0.0014303,2.2307e-05,0.0014303,0.0,0.0,0.0,0.0,0.001,0.0,0.0,0.0,4.642e-05,0.0,0.0,0.0,0.0,4.642e-05,0.001,0.0
24448379.0,4995000000.0,5000000.0,5.0,0.0,0.0487,0.0487,0.0487,0.0487,2.2307,0.1644,0.019407,0.1644,2.2307,0.0,0.019407,0.0,0.0,0.0,0.0,0.0,1e-07,0.0,0.0,0.0,2.154e-06,0.0,0.0,0.0,0.0,2.154e-06,1e-07,0.0
24442998.0,4995000000.0,5000000.0,5.0,0.0,0.0487,0.0487,0.0487,0.0487,2.2307,0.012046,0.00021333,0.012046,2.2307,1.152e-06,0.00021333,1.152e-06,0.0,0.0,0.0,0.0,2.154e-06,0.0,0.0,0.0,0.001,0.0,0.0,0.0,0.0,0.001,2.154e-06,0.0
24445480.0,4995000000.0,5000000.0,5.0,0.0,0.0487,0.0487,0.0487,0.0487,2.2307,0.044614,0.00021333,0.044614,2.2307,0.00038814,0.00021333,0.00038814,0.0,0.0,0.0,0.0,4.642e-09,0.0,0.0,0.0,1e-07,0.0,0.0,0.0,0.0,1e-07,4.642e-09,0.0
24445308.0,4995000000.0,5000000.0,5.0,0.0,0.0487,0.0487,0.0487,0.0487,2.2307,0.044614,0.00021333,0.044614,2.2307,0.0,0.00021333,0.0,0.0,0.0,0.0,0.0,4.642e-05,0.0,0.0,0.0,0.001,0.0,0.0,0.0,0.0,0.001,4.642e-05,0.0
24442207.0,4995000000.0,5000000.0,5.0,0.0,0.0487,0.0487,0.0487,0.0487,2.2307,0.012046,0.0,0.012046,2.2307,0.0,0.0,0.0,0.0,0.0,0.0,0.0,1e-07,0.0,0.0,0.0,0.001,0.0,0.0,0.0,0.0,0.001,1e-07,0.0
24442521.0,4995000000.0,5000000.0,5.0,0.0,0.0487,0.0487,0.0487,0.0487,2.2307,0.012046,0.0,0.012046,2.2307,0.0096365,0.0,0.0096365,0.0,0.0,0.0,0.0,0.001,0.0,0.0,0.0,4.642e-05,0.0,0.0,0.0,0.0,4.642e-05,0.001,0.0
24449903.0,4995000000.0,5000000.0,5.0,0.0,0.0487,0.0487,0.0487,0.0487,2.2307,0.60541,2.2307e-05,0.60541,2.2307,0.00055371,2.2307e-05,0.00055371,0.0,0.0,0.0,0.0,2.154e-06,0.0,0.0,0.0,4.642e-09,0.0,0.0,0.0,0.0,4.642e-09,2.154e-06,0.0
24443289.0,4995000000.0,5000000.0,5.0,0.0,0.0487,0.0487,0.0487,0.0487,2.2307,0.012046,0.0020402,0.012046,2.2307,1.2046e-07,0.0020402,1.2046e-07,0.0,0.0,0.0,0.0,2.154e-06,0.0,0.0,0.0,1e-07,0.0,0.0,0.0,0.0,1e-07,2.154e-06,0.0
24442420.0,4995000000.0,5000000.0,5.0,0.0,0.0487,0.0487,0.0487,0.0487,2.2307,0.012046,0.0,0.012046,2.2307,0.0001048,0.0,0.0001048,0.0,0.0,0.0,0.0,0.001,0.0,0.0,0.0,4.642e-09,0.0,0.0,0.0,0.0,4.642e-09,0.001,0.0
24444931.0,4995000000.0,5000000.0,5.0,0.0,0.0487,0.0487,0.0487,0.0487,2.2307,0.044614,2.2307e-05,0.044614,2.2307,0.0,2.2307e-05,0.0,0.0,0.0,0.0,0.0,2.154e-10,0.0,0.0,0.0,1e-11,0.0,0.0,0.0,0.0,1e-11,2.154e-10,0.0
24446220.0,4995000000.0,5000000.0,5.0,0.0,0.0487,0.0487,0.0487,0.0487,2.2307,0.044614,0.019407,0.044614,2.2307,0.0037342,0.019407,0.0037342,0.0,0.0,0.0,0.0,1e-07,0.0,0.0,0.0,2.154e-10,0.0,0.0,0.0,0.0,2.154e-10,1e-07,0.0
24445350.0,4995000000.0,5000000.0,5.0,0.0,0.0487,0.0487,0.0487,0.0487,2.2307,0.044614,0.00021333,0.044614,2.2307,4.4614e-07,0.00021333,4.4614e-07,0.0,0.0,0.0,0.0,2.154e-06,0.0,0.0,0.0,0.001,0.0,0.0,0.0,0.0,0.001,2.154e-06,0.0
24445106.0,4995000000.0,5000000.0,5.0,0.0,0.0487,0.0487,0.0487,0.0487,2.2307,0.044614,2.2307e-05,0.044614,2.2307,4.0804e-05,2.2307e-05,4.0804e-05,0.0,0.0,0.0,0.0,4.642e-05,0.0,0.0,0.0,1e-11,0.0,0.0,0.0,0.0,1e-11,4.642e-05,0.0
24449519.0,4995000000.0,5000000.0,5.0,0.0,0.0487,0.0487,0.0487,0.0487,2.2307,0.60541,0.0,0.60541,2.2307,5.7898e-05,0.0,5.7898e-05,0.0,0.0,0.0,0.0,4.642e-05,0.0,0.0,0.0,1e-07,0.0,0.0,0.0,0.0,1e-07,4.642e-05,0.0
24443049.0,4995000000.0,5000000.0,5.0,0.0,0.0487,0.0487,0.0487,0.0487,2.2307,0.012046,0.00021333,0.012046,2.2307,1.1017e-05,0.00021333,1.1017e-05,0.0,0.0,0.0,0.0,4.642e-05,0.0,0.0,0.0,2.154e-10,0.0,0.0,0.0,0.0,2.154e-10,4.642e-05,0.0
24442208.0,4995000000.0,5000000.0,5.0,0.0,0.0487,0.0487,0.0487,0.0487,2.2307,0.012046,0.0,0.012046,2.2307,0.0,0.0,0.0,0.0,0.0,0.0,0.0,2.154e-06,0.0,0.0,0.0,1e-11,0.0,0.0,0.0,0.0,1e-11,2.154e-06,0.0
24443214.0,4995000000.0,5000000.0,5.0,0.0,0.0487,0.0487,0.0487,0.0487,2.2307,0.012046,0.0020402,0.012046,2.2307,0.0,0.0020402,0.0,0.0,0.0,0.0,0.0,1e-11,0.0,0.0,0.0,4.642e-05,0.0,0.0,0.0,0.0,4.642e-05,1e-11,0.0
24443141.0,4995000000.0,5000000.0,5.0,0.0,0.0487,0.0487,0.0487,0.0487,2.2307,0.012046,0.00021333,0.012046,2.2307,0.0010082,0.00021333,0.0010082,0.0,0.0,0.0,0.0,2.154e-06,0.0,0.0,0.0,4.642e-09,0.0,0.0,0.0,0.0,4.642e-09,2.154e-06,0.0
24442903.0,4995000000.0,5000000.0,5.0,0.0,0.0487,0.0487,0.0487,0.0487,2.2307,0.012046,0.00021333,0.012046,2.2307,0.0,0.00021333,0.0,0.0,0.0,0.0,0.0,4.642e-05,0.0,0.0,0.0,4.642e-09,0.0,0.0,0.0,0.0,4.642e-09,4.642e-05,0.0
24448174.0,4995000000.0,5000000.0,5.0,0.0,0.0487,0.0487,0.0487,0.0487,2.2307,0.1644,0.0020402,0.1644,2.2307,0.00015036,0.0020402,0.00015036,0.0,0.0,0.0,0.0,4.642e-09,0.0,0.0,0.0,4.642e-09,0.0,0.0,0.0,0.0,4.642e-09,4.642e-09,0.0
24448519.0,4995000000.0,5000000.0,5.0,0.0,0.0487,0.0487,0.0487,0.0487,2.2307,0.1644,0.019407,0.1644,2.2307,0.00015036,0.019407,0.00015036,0.0,0.0,0.0,0.0,4.642e-09,0.0,0.0,0.0,2.154e-06,0.0,0.0,0.0,0.0,2.154e-06,4.642e-09,0.0
24445929.0,4995000000.0,5000000.0,5.0,0.0,0.0487,0.0487,0.0487,0.0487,2.2307,0.044614,0.0020402,0.044614,2.2307,0.035691,0.0020402,0.035691,0.0,0.0,0.0,0.0,1e-07,0.0,0.0,0.0,2.154e-06,0.0,0.0,0.0,0.0,2.154e-06,1e-07,0.0
24446214.0,4995000000.0,5000000.0,5.0,0.0,0.0487,0.0487,0.0487,0.0487,2.2307,0.044614,0.019407,0.044614,2.2307,0.0037342,0.019407,0.0037342,0.0,0.0,0.0,0.0,4.642e-09,0.0,0.0,0.0,4.642e-09,0.0,0.0,0.0,0.0,4.642e-09,4.642e-09,0.0
24444786.0,4995000000.0,5000000.0,5.0,0.0,0.0487,0.0487,0.0487,0.0487,2.2307,0.044614,0.0,0.044614,2.2307,0.00038814,0.0,0.00038814,0.0,0.0,0.0,0.0,2.154e-10,0.0,0.0,0.0,4.642e-09,0.0,0.0,0.0,0.0,4.642e-09,2.154e-10,0.0
24443683.0,4995000000.0,5000000.0,5.0,0.0,0.0487,0.0487,0.0487,0.0487,2.2307,0.012046,0.019407,0.012046,2.2307,1.152e-06,0.019407,1.152e-06,0.0,0.0,0.0,0.0,2.154e-06,0.0,0.0,0.0,4.642e-05,0.0,0.0,0.0,0.0,4.642e-05,2.154e-06,0.0
24443589.0,4995000000.0,5000000.0,5.0,0.0,0.0487,0.0487,0.0487,0.0487,2.2307,0.012046,0.019407,0.012046,2.2307,0.0,0.019407,0.0,0.0,0.0,0.0,0.0,4.642e-05,0.0,0.0,0.0,4.642e-09,0.0,0.0,0.0,0.0,4.642e-09,4.642e-05,0.0
24443861.0,4995000000.0,5000000.0,5.0,0.0,0.0487,0.0487,0.0487,0.0487,2.2307,0.012046,0.019407,0.012046,2.2307,0.0096365,0.019407,0.0096365,0.0,0.0,0.0,0.0,4.642e-09,0.0,0.0,0.0,2.154e-10,0.0,0.0,0.0,0.0,2.154e-10,4.642e-09,0.0
24448191.0,4995000000.0,5000000.0,5.0,0.0,0.0487,0.0487,0.0487,0.0487,2.2307,0.1644,0.0020402,0.1644,2.2307,0.00015036,0.0020402,0.00015036,0.0,0.0,0.0,0.0,2.154e-06,0.0,0.0,0.0,4.642e-05,0.0,0.0,0.0,0.0,4.642e-05,2.154e-06,0.0
24443747.0,4995000000.0,5000000.0,5.0,0.0,0.0487,0.0487,0.0487,0.0487,2.2307,0.012046,0.019407,0.012046,2.2307,1.1017e-05,0.019407,1.1017e-05,0.0,0.0,0.0,0.0,0.001,0.0,0.0,0.0,0.001,0.0,0.0,0.0,0.0,0.001,0.001,0.0
24442297.0,4995000000.0,5000000.0,5.0,0.0,0.0487,0.0487,0.0487,0.0487,2.2307,0.012046,0.0,0.012046,2.2307,1.152e-06,0.0,1.152e-06,0.0,0.0,0.0,0.0,4.642e-09,0.0,0.0,0.0,4.642e-05,0.0,0.0,0.0,0.0,4.642e-05,4.642e-09,0.0
24443516.0,4995000000.0,5000000.0,5.0,0.0,0.0487,0.0487,0.0487,0.0487,2.2307,0.012046,0.0020402,0.012046,2.2307,0.0096365,0.0020402,0.0096365,0.0,0.0,0.0,0.0,2.154e-10,0.0,0.0,0.0,0.001,0.0,0.0,0.0,0.0,0.001,2.154e-10,0.0
24446121.0,4995000000.0,5000000.0,5.0,0.0,0.0487,0.0487,0.0487,0.0487,2.2307,0.044614,0.019407,0.044614,2.2307,4.0804e-05,0.019407,4.0804e-05,0.0,0.0,0.0,0.0,1e-07,0.0,0.0,0.0,1e-11,0.0,0.0,0.0,0.0,1e-11,1e-07,0.0
24443315.0,4995000000.0,5000000.0,5.0,0.0,0.0487,0.0487,0.0487,0.0487,2.2307,0.012046,0.0020402,0.012046,2.2307,1.152e-06,0.0020402,1.152e-06,0.0,0.0,0.0,0.0,2.154e-10,0.0,0.0,0.0,2.154e-10,0.0,0.0,0.0,0.0,2.154e-10,2.154e-10,0.0
24443402.0,4995000000.0,5000000.0,5.0,0.0,0.0487,0.0487,0.0487,0.0487,2.2307,0.012046,0.0020402,0.012046,2.2307,1.1017e-05,0.0020402,1.1017e-05,0.0,0.0,0.0,0.0,0.001,0.0,0.0,0.0,2.154e-06,0.0,0.0,0.0,0.0,2.154e-06,0.001,0.0
24443155.0,4995000000.0,5000000.0,5.0,0.0,0.0487,0.0487,0.0487,0.0487,2.2307,0.012046,0.00021333,0.012046,2.2307,0.0010082,0.00021333,0.0010082,0.0,0.0,0.0,0.0,0.001,0.0,0.0,0.0,4.642e-09,0.0,0.0,0.0,0.0,4.642e-09,0.001,0.0
24445920.0,4995000000.0,5000000.0,5.0,0.0,0.0487,0.0487,0.0487,0.0487,2.2307,0.044614,0.0020402,0.044614,2.2307,0.035691,0.0020402,0.035691,0.0,0.0,0.0,0.0,4.642e-09,0.0,0.0,0.0,4.642e-09,0.0,0.0,0.0,0.0,4.642e-09,4.642e-09,0.0
24445050.0,4995000000.0,5000000.0,5.0,0.0,0.0487,0.0487,0.0487,0.0487,2.2307,0.044614,2.2307e-05,0.044614,2.2307,4.2666e-06,2.2307e-05,4.2666e-06,0.0,0.0,0.0,0.0,2.154e-06,0.0,0.0,0.0,1e-11,0.0,0.0,0.0,0.0,1e-11,2.154e-06,0.0
24446074.0,4995000000.0,5000000.0,5.0,0.0,0.0487,0.0487,0.0487,0.0487,2.2307,0.044614,0.019407,0.044614,2.2307,4.2666e-06,0.019407,4.2666e-06,0.0,0.0,0.0,0.0,1e-07,0.0,0.0,0.0,4.642e-09,0.0,0.0,0.0,0.0,4.642e-09,1e-07,0.0
24449779.0,4995000000.0,5000000.0,5.0,0.0,0.0487,0.0487,0.0487,0.0487,2.2307,0.60541,2.2307e-05,0.60541,2.2307,6.0541e-06,2.2307e-05,6.0541e-06,0.0,0.0,0.0,0.0,1e-11,0.0,0.0,0.0,2.154e-06,0.0,0.0,0.0,0.0,2.154e-06,1e-11,0.0
24443362.0,4995000000.0,5000000.0,5.0,0.0,0.0487,0.0487,0.0487,0.0487,2.2307,0.012046,0.0020402,0.012046,2.2307,1.1017e-05,0.0020402,1.1017e-05,0.0,0.0,0.0,0.0,1e-11,0.0,0.0,0.0,0.001,0.0,0.0,0.0,0.0,0.001,1e-11,0.0
24444693.0,4995000000.0,5000000.0,5.0,0.0,0.0487,0.0487,0.0487,0.0487,2.2307,0.044614,0.0,0.044614,2.2307,4.2666e-06,0.0,4.2666e-06,0.0,0.0,0.0,0.0,4.642e-09,0.0,0.0,0.0,1e-11,0.0,0.0,0.0,0.0,1e-11,4.642e-09,0.0
24444715.0,4995000000.0,5000000.0,5.0,0.0,0.0487,0.0487,0.0487,0.0487,2.2307,0.044614,0.0,0.044614,2.2307,4.2666e-06,0.0,4.2666e-06,0.0,0.0,0.0,0.0,4.642e-05,0.0,0.0,0.0,2.154e-10,0.0,0.0,0.0,0.0,2.154e-10,4.642e-05,0.0
24447793.0,4995000000.0,5000000.0,5.0,0.0,0.0487,0.0487,0.0487,0.0487,2.2307,0.1644,0.00021333,0.1644,2.2307,1.5722e-05,0.00021333,1.5722e-05,0.0,0.0,0.0,0.0,1e-07,0.0,0.0,0.0,0.001,0.0,0.0,0.0,0.0,0.001,1e-07,0.0
24445394.0,4995000000.0,5000000.0,5.0,0.0,0.0487,0.0487,0.0487,0.0487,2.2307,0.044614,0.00021333,0.044614,2.2307,4.2666e-06,0.00021333,4.2666e-06,0.0,0.0,0.0,0.0,2.154e-06,0.0,0.0,0.0,2.154e-10,0.0,0.0,0.0,0.0,2.154e-10,2.154e-06,0.0
24449527.0,4995000000.0,5000000.0,5.0,0.0,0.0487,0.0487,0.0487,0.0487,2.2307,0.60541,0.0,0.60541,2.2307,5.7898e-05,0.0,5.7898e-05,0.0,0.0,0.0,0.0,0.001,0.0,0.0,0.0,2.154e-06,0.0,0.0,0.0,0.0,2.154e-06,0.001,0.0
24443235.0,4995000000.0,5000000.0,5.0,0.0,0.0487,0.0487,0.0487,0.0487,2.2307,0.012046,0.0020402,0.012046,2.2307,0.0,0.0020402,0.0,0.0,0.0,0.0,0.0,1e-07,0.0,0.0,0.0,4.642e-05,0.0,0.0,0.0,0.0,4.642e-05,1e-07,0.0
24447681.0,4995000000.0,5000000.0,5.0,0.0,0.0487,0.0487,0.0487,0.0487,2.2307,0.1644,0.00021333,0.1644,2.2307,0.0,0.00021333,0.0,0.0,0.0,0.0,0.0,2.154e-10,0.0,0.0,0.0,0.001,0.0,0.0,0.0,0.0,0.001,2.154e-10,0.0
24445530.0,4995000000.0,5000000.0,5.0,0.0,0.0487,0.0487,0.0487,0.0487,2.2307,0.044614,0.00021333,0.044614,2.2307,0.0037342,0.00021333,0.0037342,0.0,0.0,0.0,0.0,4.642e-09,0.0,0.0,0.0,2.154e-06,0.0,0.0,0.0,0.0,2.154e-06,4.642e-09,0.0
24445923.0,4995000000.0,5000000.0,5.0,0.0,0.0487,0.0487,0.0487,0.0487,2.2307,0.044614,0.0020402,0.044614,2.2307,0.035691,0.0020402,0.035691,0.0,0.0,0.0,0.0,4.642e-09,0.0,0.0,0.0,4.642e-05,0.0,0.0,0.0,0.0,4.642e-05,4.642e-09,0.0
24448127.0,4995000000.0,5000000.0,5.0,0.0,0.0487,0.0487,0.0487,0.0487,2.2307,0.1644,0.0020402,0.1644,2.2307,1.5722e-05,0.0020402,1.5722e-05,0.0,0.0,0.0,0.0,4.642e-09,0.0,0.0,0.0,2.154e-06,0.0,0.0,0.0,0.0,2.154e-06,4.642e-09,0.0
24442334.0,4995000000.0,5000000.0,5.0,0.0,0.0487,0.0487,0.0487,0.0487,2.2307,0.012046,0.0,0.012046,2.2307,1.1017e-05,0.0,1.1017e-05,0.0,0.0,0.0,0.0,2.154e-10,0.0,0.0,0.0,1e-11,0.0,0.0,0.0,0.0,1e-11,2.154e-10,0.0
24447398.0,4995000000.0,5000000.0,5.0,0.0,0.0487,0.0487,0.0487,0.0487,2.2307,0.1644,2.2307e-05,0.1644,2.2307,1.644e-06,2.2307e-05,1.644e-06,0.0,0.0,0.0,0.0,1e-07,0.0,0.0,0.0,1e-07,0.0,0.0,0.0,0.0,1e-07,1e-07,0.0
24445468.0,4995000000.0,5000000.0,5.0,0.0,0.0487,0.0487,0.0487,0.0487,2.2307,0.044614,0.00021333,0.044614,2.2307,0.00038814,0.00021333,0.00038814,0.0,0.0,0.0,0.0,1e-11,0.0,0.0,0.0,4.642e-05,0.0,0.0,0.0,0.0,4.642e-05,1e-11,0.0
24448521.0,4995000000.0,5000000.0,5.0,0.0,0.0487,0.0487,0.0487,0.0487,2.2307,0.1644,0.019407,0.1644,2.2307,0.00015036,0.019407,0.00015036,0.0,0.0,0.0,0.0,4.642e-09,0.0,0.0,0.0,0.001,0.0,0.0,0.0,0.0,0.001,4.642e-09,0.0
24442725.0,4995000000.0,5000000.0,5.0,0.0,0.0487,0.0487,0.0487,0.0487,2.2307,0.012046,2.2307e-05,0.012046,2.2307,0.0001048,2.2307e-05,0.0001048,0.0,0.0,0.0,0.0,1e-11,0.0,0.0,0.0,0.001,0.0,0.0,0.0,0.0,0.001,1e-11,0.0
24444675.0,4995000000.0,5000000.0,5.0,0.0,0.0487,0.0487,0.0487,0.0487,2.2307,0.044614,0.0,0.044614,2.2307,4.4614e-07,0.0,4.4614e-07,0.0,0.0,0.0,0.0,0.001,0.0,0.0,0.0,1e-07,0.0,0.0,0.0,0.0,1e-07,0.001,0.0
24447253.0,4995000000.0,5000000.0,5.0,0.0,0.0487,0.0487,0.0487,0.0487,2.2307,0.1644,0.0,0.1644,2.2307,0.01376,0.0,0.01376,0.0,0.0,0.0,0.0,1e-07,0.0,0.0,0.0,4.642e-05,0.0,0.0,0.0,0.0,4.642e-05,1e-07,0.0
24445328.0,4995000000.0,5000000.0,5.0,0.0,0.0487,0.0487,0.0487,0.0487,2.2307,0.044614,0.00021333,0.044614,2.2307,4.4614e-07,0.00021333,4.4614e-07,0.0,0.0,0.0,0.0,2.154e-10,0.0,0.0,0.0,4.642e-05,0.0,0.0,0.0,0.0,4.642e-05,2.154e-10,0.0
24445757.0,4995000000.0,5000000.0,5.0,0.0,0.0487,0.0487,0.0487,0.0487,2.2307,0.044614,0.0020402,0.044614,2.2307,4.0804e-05,0.0020402,4.0804e-05,0.0,0.0,0.0,0.0,1e-11,0.0,0.0,0.0,1e-11,0.0,0.0,0.0,0.0,1e-11,1e-11,0.0
24445298.0,4995000000.0,5000000.0,5.0,0.0,0.0487,0.0487,0.0487,0.0487,2.2307,0.044614,0.00021333,0.044614,2.2307,0.0,0.00021333,0.0,0.0,0.0,0.0,0.0,2.154e-06,0.0,0.0,0.0,1e-07,0.0,0.0,0.0,0.0,1e-07,2.154e-06,0.0
24448052.0,4995000000.0,5000000.0,5.0,0.0,0.0487,0.0487,0.0487,0.0487,2.2307,0.1644,0.0020402,0.1644,2.2307,0.0,0.0020402,0.0,0.0,0.0,0.0,0.0,4.642e-05,0.0,0.0,0.0,0.001,0.0,0.0,0.0,0.0,0.001,4.642e-05,0.0
24443778.0,4995000000.0,5000000.0,5.0,0.0,0.0487,0.0487,0.0487,0.0487,2.2307,0.012046,0.019407,0.012046,2.2307,0.0001048,0.019407,0.0001048,0.0,0.0,0.0,0.0,2.154e-06,0.0,0.0,0.0,4.642e-09,0.0,0.0,0.0,0.0,4.642e-09,2.154e-06,0.0
24443429.0,4995000000.0,5000000.0,5.0,0.0,0.0487,0.0487,0.0487,0.0487,2.2307,0.012046,0.0020402,0.012046,2.2307,0.0001048,0.0020402,0.0001048,0.0,0.0,0.0,0.0,1e-07,0.0,0.0,0.0,1e-07,0.0,0.0,0.0,0.0,1e-07,1e-07,0.0
24447393.0,4995000000.0,5000000.0,5.0,0.0,0.0487,0.0487,0.0487,0.0487,2.2307,0.1644,2.2307e-05,0.1644,2.2307,1.644e-06,2.2307e-05,1.644e-06,0.0,0.0,0.0,0.0,4.642e-09,0.0,0.0,0.0,4.642e-05,0.0,0.0,0.0,0.0,4.642e-05,4.642e-09,0.0
24443041.0,4995000000.0,5000000.0,5.0,0.0,0.0487,0.0487,0.0487,0.0487,2.2307,0.012046,0.00021333,0.012046,2.2307,1.1017e-05,0.00021333,1.1017e-05,0.0,0.0,0.0,0.0,2.154e-06,0.0,0.0,0.0,1e-11,0.0,0.0,0.0,0.0,1e-11,2.154e-06,0.0
24445441.0,4995000000.0,5000000.0,5.0,0.0,0.0487,0.0487,0.0487,0.0487,2.2307,0.044614,0.00021333,0.044614,2.2307,4.0804e-05,0.00021333,4.0804e-05,0.0,0.0,0.0,0.0,1e-07,0.0,0.0,0.0,0.001,0.0,0.0,0.0,0.0,0.001,1e-07,0.0
24442996.0,4995000000.0,5000000.0,5.0,0.0,0.0487,0.0487,0.0487,0.0487,2.2307,0.012046,0.00021333,0.012046,2.2307,1.152e-06,0.00021333,1.152e-06,0.0,0.0,0.0,0.0,2.154e-06,0.0,0.0,0.0,2.154e-06,0.0,0.0,0.0,0.0,2.154e-06,2.154e-06,0.0
24447749.0,4995000000.0,5000000.0,5.0,0.0,0.0487,0.0487,0.0487,0.0487,2.2307,0.1644,0.00021333,0.1644,2.2307,1.644e-06,0.00021333,1.644e-06,0.0,0.0,0.0,0.0,2.154e-06,0.0,0.0,0.0,2.154e-06,0.0,0.0,0.0,0.0,2.154e-06,2.154e-06,0.0
24447910.0,4995000000.0,5000000.0,5.0,0.0,0.0487,0.0487,0.0487,0.0487,2.2307,0.1644,0.00021333,0.1644,2.2307,0.0014303,0.00021333,0.0014303,0.0,0.0,0.0,0.0,0.001,0.0,0.0,0.0,2.154e-06,0.0,0.0,0.0,0.0,2.154e-06,0.001,0.0
24443354.0,4995000000.0,5000000.0,5.0,0.0,0.0487,0.0487,0.0487,0.0487,2.2307,0.012046,0.0020402,0.012046,2.2307,1.152e-06,0.0020402,1.152e-06,0.0,0.0,0.0,0.0,0.001,0.0,0.0,0.0,4.642e-05,0.0,0.0,0.0,0.0,4.642e-05,0.001,0.0
24442477.0,4995000000.0,5000000.0,5.0,0.0,0.0487,0.0487,0.0487,0.0487,2.2307,0.012046,0.0,0.012046,2.2307,0.0096365,0.0,0.0096365,0.0,0.0,0.0,0.0,1e-11,0.0,0.0,0.0,1e-07,0.0,0.0,0.0,0.0,1e-07,1e-11,0.0
24445236.0,4995000000.0,5000000.0,5.0,0.0,0.0487,0.0487,0.0487,0.0487,2.2307,0.044614,2.2307e-05,0.044614,2.2307,0.035691,2.2307e-05,0.035691,0.0,0.0,0.0,0.0,4.642e-09,0.0,0.0,0.0,2.154e-06,0.0,0.0,0.0,0.0,2.154e-06,4.642e-09,0.0
24442811.0,4995000000.0,5000000.0,5.0,0.0,0.0487,0.0487,0.0487,0.0487,2.2307,0.012046,2.2307e-05,0.012046,2.2307,0.0010082,2.2307e-05,0.0010082,0.0,0.0,0.0,0.0,0.001,0.0,0.0,0.0,2.154e-10,0.0,0.0,0.0,0.0,2.154e-10,0.001,0.0
24449847.0,4995000000.0,5000000.0,5.0,0.0,0.0487,0.0487,0.0487,0.0487,2.2307,0.60541,2.2307e-05,0.60541,2.2307,5.7898e-05,2.2307e-05,5.7898e-05,0.0,0.0,0.0,0.0,1e-07,0.0,0.0,0.0,4.642e-09,0.0,0.0,0.0,0.0,4.642e-09,1e-07,0.0
24446157.0,4995000000.0,5000000.0,5.0,0.0,0.0487,0.0487,0.0487,0.0487,2.2307,0.044614,0.019407,0.044614,2.2307,0.00038814,0.019407,0.00038814,0.0,0.0,0.0,0.0,2.154e-10,0.0,0.0,0.0,2.154e-10,0.0,0.0,0.0,0.0,2.154e-10,2.154e-10,0.0
24443228.0,4995000000.0,5000000.0,5.0,0.0,0.0487,0.0487,0.0487,0.0487,2.2307,0.012046,0.0020402,0.012046,2.2307,0.0,0.0020402,0.0,0.0,0.0,0.0,0.0,4.642e-09,0.0,0.0,0.0,4.642e-05,0.0,0.0,0.0,0.0,4.642e-05,4.642e-09,0.0
24445077.0,4995000000.0,5000000.0,5.0,0.0,0.0487,0.0487,0.0487,0.0487,2.2307,0.044614,2.2307e-05,0.044614,2.2307,4.0804e-05,2.2307e-05,4.0804e-05,0.0,0.0,0.0,0.0,1e-11,0.0,0.0,0.0,0.001,0.0,0.0,0.0,0.0,0.001,1e-11,0.0
24442948.0,4995000000.0,5000000.0,5.0,0.0,0.0487,0.0487,0.0487,0.0487,2.2307,0.012046,0.00021333,0.012046,2.2307,1.2046e-07,0.00021333,1.2046e-07,0.0,0.0,0.0,0.0,2.154e-06,0.0,0.0,0.0,4.642e-05,0.0,0.0,0.0,0.0,4.642e-05,2.154e-06,0.0
24442544.0,4995000000.0,5000000.0,5.0,0.0,0.0487,0.0487,0.0487,0.0487,2.2307,0.012046,2.2307e-05,0.012046,2.2307,0.0,2.2307e-05,0.0,0.0,0.0,0.0,0.0,1e-07,0.0,0.0,0.0,1e-11,0.0,0.0,0.0,0.0,1e-11,1e-07,0.0
24443673.0,4995000000.0,5000000.0,5.0,0.0,0.0487,0.0487,0.0487,0.0487,2.2307,0.012046,0.019407,0.012046,2.2307,1.152e-06,0.019407,1.152e-06,0.0,0.0,0.0,0.0,1e-07,0.0,0.0,0.0,4.642e-09,0.0,0.0,0.0,0.0,4.642e-09,1e-07,0.0
24443489.0,4995000000.0,5000000.0,5.0,0.0,0.0487,0.0487,0.0487,0.0487,2.2307,0.012046,0.0020402,0.012046,2.2307,0.0010082,0.0020402,0.0010082,0.0,0.0,0.0,0.0,4.642e-05,0.0,0.0,0.0,1e-11,0.0,0.0,0.0,0.0,1e-11,4.642e-05,0.0
24449885.0,4995000000.0,5000000.0,5.0,0.0,0.0487,0.0487,0.0487,0.0487,2.2307,0.60541,2.2307e-05,0.60541,2.2307,0.00055371,2.2307e-05,0.00055371,0.0,0.0,0.0,0.0,2.154e-10,0.0,0.0,0.0,4.642e-05,0.0,0.0,0.0,0.0,4.642e-05,2.154e-10,0.0
24446255.0,4995000000.0,5000000.0,5.0,0.0,0.0487,0.0487,0.0487,0.0487,2.2307,0.044614,0.019407,0.044614,2.2307,0.035691,0.019407,0.035691,0.0,0.0,0.0,0.0,2.154e-10,0.0,0.0,0.0,2.154e-10,0.0,0.0,0.0,0.0,2.154e-10,2.154e-10,0.0
24445737.0,4995000000.0,5000000.0,5.0,0.0,0.0487,0.0487,0.0487,0.0487,2.2307,0.044614,0.0020402,0.044614,2.2307,4.2666e-06,0.0020402,4.2666e-06,0.0,0.0,0.0,0.0,2.154e-06,0.0,0.0,0.0,2.154e-10,0.0,0.0,0.0,0.0,2.154e-10,2.154e-06,0.0
24444923.0,4995000000.0,5000000.0,5.0,0.0,0.0487,0.0487,0.0487,0.0487,2.2307,0.044614,0.0,0.044614,2.2307,0.035691,0.0,0.035691,0.0,0.0,0.0,0.0,0.001,0.0,0.0,0.0,0.001,0.0,0.0,0.0,0.0,0.001,0.001,0.0
24444854.0,4995000000.0,5000000.0,5.0,0.0,0.0487,0.0487,0.0487,0.0487,2.2307,0.044614,0.0,0.044614,2.2307,0.0037342,0.0,0.0037342,0.0,0.0,0.0,0.0,2.154e-06,0.0,0.0,0.0,1e-11,0.0,0.0,0.0,0.0,1e-11,2.154e-06,0.0
24442564.0,4995000000.0,5000000.0,5.0,0.0,0.0487,0.0487,0.0487,0.0487,2.2307,0.012046,2.2307e-05,0.012046,2.2307,0.0,2.2307e-05,0.0,0.0,0.0,0.0,0.0,4.642e-05,0.0,0.0,0.0,0.001,0.0,0.0,0.0,0.0,0.001,4.642e-05,0.0
24442315.0,4995000000.0,5000000.0,5.0,0.0,0.0487,0.0487,0.0487,0.0487,2.2307,0.012046,0.0,0.012046,2.2307,1.152e-06,0.0,1.152e-06,0.0,0.0,0.0,0.0,4.642e-05,0.0,0.0,0.0,4.642e-09,0.0,0.0,0.0,0.0,4.642e-09,4.642e-05,0.0
24449464.0,4995000000.0,5000000.0,5.0,0.0,0.0487,0.0487,0.0487,0.0487,2.2307,0.60541,0.0,0.60541,2.2307,6.0541e-06,0.0,6.0541e-06,0.0,0.0,0.0,0.0,2.154e-06,0.0,0.0,0.0,2.154e-06,0.0,0.0,0.0,0.0,2.154e-06,2.154e-06,0.0
24444625.0,4995000000.0,5000000.0,5.0,0.0,0.0487,0.0487,0.0487,0.0487,2.2307,0.044614,0.0,0.044614,2.2307,0.0,0.0,0.0,0.0,0.0,0.0,0.0,0.001,0.0,0.0,0.0,4.642e-09,0.0,0.0,0.0,0.0,4.642e-09,0.001,0.0
24447113.0,4995000000.0,5000000.0,5.0,0.0,0.0487,0.0487,0.0487,0.0487,2.2307,0.1644,0.0,0.1644,2.2307,1.5722e-05,0.0,1.5722e-05,0.0,0.0,0.0,0.0,2.154e-06,0.0,0.0,0.0,4.642e-05,0.0,0.0,0.0,0.0,4.642e-05,2.154e-06,0.0
24447502.0,4995000000.0,5000000.0,5.0,0.0,0.0487,0.0487,0.0487,0.0487,2.2307,0.1644,2.2307e-05,0.1644,2.2307,0.00015036,2.2307e-05,0.00015036,0.0,0.0,0.0,0.0,2.154e-06,0.0,0.0,0.0,4.642e-09,0.0,0.0,0.0,0.0,4.642e-09,2.154e-06,0.0
24447497.0,4995000000.0,5000000.0,5.0,0.0,0.0487,0.0487,0.0487,0.0487,2.2307,0.1644,2.2307e-05,0.1644,2.2307,0.00015036,2.2307e-05,0.00015036,0.0,0.0,0.0,0.0,1e-07,0.0,0.0,0.0,2.154e-06,0.0,0.0,0.0,0.0,2.154e-06,1e-07,0.0
24445987.0,4995000000.0,5000000.0,5.0,0.0,0.0487,0.0487,0.0487,0.0487,2.2307,0.044614,0.019407,0.044614,2.2307,0.0,0.019407,0.0,0.0,0.0,0.0,0.0,2.154e-06,0.0,0.0,0.0,0.001,0.0,0.0,0.0,0.0,0.001,2.154e-06,0.0
24445073.0,4995000000.0,5000000.0,5.0,0.0,0.0487,0.0487,0.0487,0.0487,2.2307,0.044614,2.2307e-05,0.044614,2.2307,4.0804e-05,2.2307e-05,4.0804e-05,0.0,0.0,0.0,0.0,1e-11,0.0,0.0,0.0,4.642e-09,0.0,0.0,0.0,0.0,4.642e-09,1e-11,0.0
24446005.0,4995000000.0,5000000.0,5.0,0.0,0.0487,0.0487,0.0487,0.0487,2.2307,0.044614,0.019407,0.044614,2.2307,4.4614e-07,0.019407,4.4614e-07,0.0,0.0,0.0,0.0,1e-11,0.0,0.0,0.0,1e-07,0.0,0.0,0.0,0.0,1e-07,1e-11,0.0
24444966.0,4995000000.0,5000000.0,5.0,0.0,0.0487,0.0487,0.0487,0.0487,2.2307,0.044614,2.2307e-05,0.044614,2.2307,0.0,2.2307e-05,0.0,0.0,0.0,0.0,0.0,0.001,0.0,0.0,0.0,1e-11,0.0,0.0,0.0,0.0,1e-11,0.001,0.0
24443084.0,4995000000.0,5000000.0,5.0,0.0,0.0487,0.0487,0.0487,0.0487,2.2307,0.012046,0.00021333,0.012046,2.2307,0.0001048,0.00021333,0.0001048,0.0,0.0,0.0,0.0,1e-07,0.0,0.0,0.0,2.154e-10,0.0,0.0,0.0,0.0,2.154e-10,1e-07,0.0
24443727.0,4995000000.0,5000000.0,5.0,0.0,0.0487,0.0487,0.0487,0.0487,2.2307,0.012046,0.019407,0.012046,2.2307,1.1017e-05,0.019407,1.1017e-05,0.0,0.0,0.0,0.0,2.154e-06,0.0,0.0,0.0,1e-11,0.0,0.0,0.0,0.0,1e-11,2.154e-06,0.0
24447804.0,4995000000.0,5000000.0,5.0,0.0,0.0487,0.0487,0.0487,0.0487,2.2307,0.1644,0.00021333,0.1644,2.2307,1.5722e-05,0.00021333,1.5722e-05,0.0,0.0,0.0,0.0,4.642e-05,0.0,0.0,0.0,1e-07,0.0,0.0,0.0,0.0,1e-07,4.642e-05,0.0
24443082.0,4995000000.0,5000000.0,5.0,0.0,0.0487,0.0487,0.0487,0.0487,2.2307,0.012046,0.00021333,0.012046,2.2307,0.0001048,0.00021333,0.0001048,0.0,0.0,0.0,0.0,4.642e-09,0.0,0.0,0.0,0.001,0.0,0.0,0.0,0.0,0.001,4.642e-09,0.0
24445229.0,4995000000.0,5000000.0,5.0,0.0,0.0487,0.0487,0.0487,0.0487,2.2307,0.044614,2.2307e-05,0.044614,2.2307,0.035691,2.2307e-05,0.035691,0.0,0.0,0.0,0.0,2.154e-10,0.0,0.0,0.0,2.154e-06,0.0,0.0,0.0,0.0,2.154e-06,2.154e-10,0.0
24445117.0,4995000000.0,5000000.0,5.0,0.0,0.0487,0.0487,0.0487,0.0487,2.2307,0.044614,2.2307e-05,0.044614,2.2307,4.0804e-05,2.2307e-05,4.0804e-05,0.0,0.0,0.0,0.0,0.001,0.0,0.0,0.0,2.154e-06,0.0,0.0,0.0,0.0,2.154e-06,0.001,0.0
24446291.0,4995000000.0,5000000.0,5.0,0.0,0.0487,0.0487,0.0487,0.0487,2.2307,0.044614,0.019407,0.044614,2.2307,0.035691,0.019407,0.035691,0.0,0.0,0.0,0.0,0.001,0.0,0.0,0.0,4.642e-09,0.0,0.0,0.0,0.0,4.642e-09,0.001,0.0
24445040.0,4995000000.0,5000000.0,5.0,0.0,0.0487,0.0487,0.0487,0.0487,2.2307,0.044614,2.2307e-05,0.044614,2.2307,4.2666e-06,2.2307e-05,4.2666e-06,0.0,0.0,0.0,0.0,4.642e-09,0.0,0.0,0.0,2.154e-06,0.0,0.0,0.0,0.0,2.154e-06,4.642e-09,0.0
24445095.0,4995000000.0,5000000.0,5.0,0.0,0.0487,0.0487,0.0487,0.0487,2.2307,0.044614,2.2307e-05,0.044614,2.2307,4.0804e-05,2.2307e-05,4.0804e-05,0.0,0.0,0.0,0.0,1e-07,0.0,0.0,0.0,1e-07,0.0,0.0,0.0,0.0,1e-07,1e-07,0.0
24447866.0,4995000000.0,5000000.0,5.0,0.0,0.0487,0.0487,0.0487,0.0487,2.2307,0.1644,0.00021333,0.1644,2.2307,0.0014303,0.00021333,0.0014303,0.0,0.0,0.0,0.0,1e-11,0.0,0.0,0.0,4.642e-09,0.0,0.0,0.0,0.0,4.642e-09,1e-11,0.0
24446275.0,4995000000.0,5000000.0,5.0,0.0,0.0487,0.0487,0.0487,0.0487,2.2307,0.044614,0.019407,0.044614,2.2307,0.035691,0.019407,0.035691,0.0,0.0,0.0,0.0,2.154e-06,0.0,0.0,0.0,1e-11,0.0,0.0,0.0,0.0,1e-11,2.154e-06,0.0
24442497.0,4995000000.0,5000000.0,5.0,0.0,0.0487,0.0487,0.0487,0.0487,2.2307,0.012046,0.0,0.012046,2.2307,0.0096365,0.0,0.0096365,0.0,0.0,0.0,0.0,1e-07,0.0,0.0,0.0,4.642e-09,0.0,0.0,0.0,0.0,4.642e-09,1e-07,0.0
24442328.0,4995000000.0,5000000.0,5.0,0.0,0.0487,0.0487,0.0487,0.0487,2.2307,0.012046,0.0,0.012046,2.2307,1.1017e-05,0.0,1.1017e-05,0.0,0.0,0.0,0.0,1e-11,0.0,0.0,0.0,2.154e-10,0.0,0.0,0.0,0.0,2.154e-10,1e-11,0.0
24445921.0,4995000000.0,5000000.0,5.0,0.0,0.0487,0.0487,0.0487,0.0487,2.2307,0.044614,0.0020402,0.044614,2.2307,0.035691,0.0020402,0.035691,0.0,0.0,0.0,0.0,4.642e-09,0.0,0.0,0.0,1e-07,0.0,0.0,0.0,0.0,1e-07,4.642e-09,0.0
24445577.0,4995000000.0,5000000.0,5.0,0.0,0.0487,0.0487,0.0487,0.0487,2.2307,0.044614,0.00021333,0.044614,2.2307,0.035691,0.00021333,0.035691,0.0,0.0,0.0,0.0,4.642e-09,0.0,0.0,0.0,4.642e-09,0.0,0.0,0.0,0.0,4.642e-09,4.642e-09,0.0
24442684.0,4995000000.0,5000000.0,5.0,0.0,0.0487,0.0487,0.0487,0.0487,2.2307,0.012046,2.2307e-05,0.012046,2.2307,1.1017e-05,2.2307e-05,1.1017e-05,0.0,0.0,0.0,0.0,4.642e-09,0.0,0.0,0.0,1e-11,0.0,0.0,0.0,0.0,1e-11,4.642e-09,0.0
24443880.0,4995000000.0,5000000.0,5.0,0.0,0.0487,0.0487,0.0487,0.0487,2.2307,0.012046,0.019407,0.012046,2.2307,0.0096365,0.019407,0.0096365,0.0,0.0,0.0,0.0,2.154e-06,0.0,0.0,0.0,0.001,0.0,0.0,0.0,0.0,0.001,2.154e-06,0.0
24443007.0,4995000000.0,5000000.0,5.0,0.0,0.0487,0.0487,0.0487,0.0487,2.2307,0.012046,0.00021333,0.012046,2.2307,1.152e-06,0.00021333,1.152e-06,0.0,0.0,0.0,0.0,0.001,0.0,0.0,0.0,2.154e-10,0.0,0.0,0.0,0.0,2.154e-10,0.001,0.0
24442488.0,4995000000.0,5000000.0,5.0,0.0,0.0487,0.0487,0.0487,0.0487,2.2307,0.012046,0.0,0.012046,2.2307,0.0096365,0.0,0.0096365,0.0,0.0,0.0,0.0,4.642e-09,0.0,0.0,0.0,1e-11,0.0,0.0,0.0,0.0,1e-11,4.642e-09,0.0
24445317.0,4995000000.0,5000000.0,5.0,0.0,0.0487,0.0487,0.0487,0.0487,2.2307,0.044614,0.00021333,0.044614,2.2307,4.4614e-07,0.00021333,4.4614e-07,0.0,0.0,0.0,0.0,1e-11,0.0,0.0,0.0,2.154e-10,0.0,0.0,0.0,0.0,2.154e-10,1e-11,0.0
24449451.0,4995000000.0,5000000.0,5.0,0.0,0.0487,0.0487,0.0487,0.0487,2.2307,0.60541,0.0,0.60541,2.2307,6.0541e-06,0.0,6.0541e-06,0.0,0.0,0.0,0.0,4.642e-09,0.0,0.0,0.0,4.642e-05,0.0,0.0,0.0,0.0,4.642e-05,4.642e-09,0.0
24448283.0,4995000000.0,5000000.0,5.0,0.0,0.0487,0.0487,0.0487,0.0487,2.2307,0.1644,0.0020402,0.1644,2.2307,0.01376,0.0020402,0.01376,0.0,0.0,0.0,0.0,1e-07,0.0,0.0,0.0,0.001,0.0,0.0,0.0,0.0,0.001,1e-07,0.0
24442945.0,4995000000.0,5000000.0,5.0,0.0,0.0487,0.0487,0.0487,0.0487,2.2307,0.012046,0.00021333,0.012046,2.2307,1.2046e-07,0.00021333,1.2046e-07,0.0,0.0,0.0,0.0,2.154e-06,0.0,0.0,0.0,4.642e-09,0.0,0.0,0.0,0.0,4.642e-09,2.154e-06,0.0
24448225.0,4995000000.0,5000000.0,5.0,0.0,0.0487,0.0487,0.0487,0.0487,2.2307,0.1644,0.0020402,0.1644,2.2307,0.0014303,0.0020402,0.0014303,0.0,0.0,0.0,0.0,4.642e-09,0.0,0.0,0.0,2.154e-06,0.0,0.0,0.0,0.0,2.154e-06,4.642e-09,0.0
24442505.0,4995000000.0,5000000.0,5.0,0.0,0.0487,0.0487,0.0487,0.0487,2.2307,0.012046,0.0,0.012046,2.2307,0.0096365,0.0,0.0096365,0.0,0.0,0.0,0.0,2.154e-06,0.0,0.0,0.0,1e-07,0.0,0.0,0.0,0.0,1e-07,2.154e-06,0.0
24445905.0,4995000000.0,5000000.0,5.0,0.0,0.0487,0.0487,0.0487,0.0487,2.2307,0.044614,0.0020402,0.044614,2.2307,0.035691,0.0020402,0.035691,0.0,0.0,0.0,0.0,1e-11,0.0,0.0,0.0,2.154e-10,0.0,0.0,0.0,0.0,2.154e-10,1e-11,0.0
24444823.0,4995000000.0,5000000.0,5.0,0.0,0.0487,0.0487,0.0487,0.0487,2.2307,0.044614,0.0,0.044614,2.2307,0.00038814,0.0,0.00038814,0.0,0.0,0.0,0.0,0.001,0.0,0.0,0.0,2.154e-06,0.0,0.0,0.0,0.0,2.154e-06,0.001,0.0
24443236.0,4995000000.0,5000000.0,5.0,0.0,0.0487,0.0487,0.0487,0.0487,2.2307,0.012046,0.0020402,0.012046,2.2307,0.0,0.0020402,0.0,0.0,0.0,0.0,0.0,1e-07,0.0,0.0,0.0,0.001,0.0,0.0,0.0,0.0,0.001,1e-07,0.0
24443375.0,4995000000.0,5000000.0,5.0,0.0,0.0487,0.0487,0.0487,0.0487,2.2307,0.012046,0.0020402,0.012046,2.2307,1.1017e-05,0.0020402,1.1017e-05,0.0,0.0,0.0,0.0,4.642e-09,0.0,0.0,0.0,4.642e-05,0.0,0.0,0.0,0.0,4.642e-05,4.642e-09,0.0
24449479.0,4995000000.0,5000000.0,5.0,0.0,0.0487,0.0487,0.0487,0.0487,2.2307,0.60541,0.0,0.60541,2.2307,6.0541e-06,0.0,6.0541e-06,0.0,0.0,0.0,0.0,0.001,0.0,0.0,0.0,4.642e-05,0.0,0.0,0.0,0.0,4.642e-05,0.001,0.0
24443457.0,4995000000.0,5000000.0,5.0,0.0,0.0487,0.0487,0.0487,0.0487,2.2307,0.012046,0.0020402,0.012046,2.2307,0.0010082,0.0020402,0.0010082,0.0,0.0,0.0,0.0,1e-11,0.0,0.0,0.0,1e-07,0.0,0.0,0.0,0.0,1e-07,1e-11,0.0
24443857.0,4995000000.0,5000000.0,5.0,0.0,0.0487,0.0487,0.0487,0.0487,2.2307,0.012046,0.019407,0.012046,2.2307,0.0096365,0.019407,0.0096365,0.0,0.0,0.0,0.0,2.154e-10,0.0,0.0,0.0,2.154e-06,0.0,0.0,0.0,0.0,2.154e-06,2.154e-10,0.0
24443036.0,4995000000.0,5000000.0,5.0,0.0,0.0487,0.0487,0.0487,0.0487,2.2307,0.012046,0.00021333,0.012046,2.2307,1.1017e-05,0.00021333,1.1017e-05,0.0,0.0,0.0,0.0,1e-07,0.0,0.0,0.0,4.642e-09,0.0,0.0,0.0,0.0,4.642e-09,1e-07,0.0
24444596.0,4995000000.0,5000000.0,5.0,0.0,0.0487,0.0487,0.0487,0.0487,2.2307,0.044614,0.0,0.044614,2.2307,0.0,0.0,0.0,0.0,0.0,0.0,0.0,4.642e-09,0.0,0.0,0.0,2.154e-10,0.0,0.0,0.0,0.0,2.154e-10,4.642e-09,0.0
24446047.0,4995000000.0,5000000.0,5.0,0.0,0.0487,0.0487,0.0487,0.0487,2.2307,0.044614,0.019407,0.044614,2.2307,4.4614e-07,0.019407,4.4614e-07,0.0,0.0,0.0,0.0,0.001,0.0,0.0,0.0,1e-07,0.0,0.0,0.0,0.0,1e-07,0.001,0.0
24445152.0,4995000000.0,5000000.0,5.0,0.0,0.0487,0.0487,0.0487,0.0487,2.2307,0.044614,2.2307e-05,0.044614,2.2307,0.00038814,2.2307e-05,0.00038814,0.0,0.0,0.0,0.0,2.154e-06,0.0,0.0,0.0,2.154e-06,0.0,0.0,0.0,0.0,2.154e-06,2.154e-06,0.0
24447033.0,4995000000.0,5000000.0,5.0,0.0,0.0487,0.0487,0.0487,0.0487,2.2307,0.1644,0.0,0.1644,2.2307,1.644e-06,0.0,1.644e-06,0.0,0.0,0.0,0.0,1e-11,0.0,0.0,0.0,4.642e-09,0.0,0.0,0.0,0.0,4.642e-09,1e-11,0.0
24442524.0,4995000000.0,5000000.0,5.0,0.0,0.0487,0.0487,0.0487,0.0487,2.2307,0.012046,2.2307e-05,0.012046,2.2307,0.0,2.2307e-05,0.0,0.0,0.0,0.0,0.0,1e-11,0.0,0.0,0.0,2.154e-10,0.0,0.0,0.0,0.0,2.154e-10,1e-11,0.0
24448279.0,4995000000.0,5000000.0,5.0,0.0,0.0487,0.0487,0.0487,0.0487,2.2307,0.1644,0.0020402,0.1644,2.2307,0.01376,0.0020402,0.01376,0.0,0.0,0.0,0.0,1e-07,0.0,0.0,0.0,4.642e-09,0.0,0.0,0.0,0.0,4.642e-09,1e-07,0.0
24442236.0,4995000000.0,5000000.0,5.0,0.0,0.0487,0.0487,0.0487,0.0487,2.2307,0.012046,0.0,0.012046,2.2307,1.2046e-07,0.0,1.2046e-07,0.0,0.0,0.0,0.0,2.154e-10,0.0,0.0,0.0,1e-11,0.0,0.0,0.0,0.0,1e-11,2.154e-10,0.0
24443595.0,4995000000.0,5000000.0,5.0,0.0,0.0487,0.0487,0.0487,0.0487,2.2307,0.012046,0.019407,0.012046,2.2307,0.0,0.019407,0.0,0.0,0.0,0.0,0.0,0.001,0.0,0.0,0.0,2.154e-10,0.0,0.0,0.0,0.0,2.154e-10,0.001,0.0
24447005.0,4995000000.0,5000000.0,5.0,0.0,0.0487,0.0487,0.0487,0.0487,2.2307,0.1644,0.0,0.1644,2.2307,0.0,0.0,0.0,0.0,0.0,0.0,0.0,1e-07,0.0,0.0,0.0,4.642e-09,0.0,0.0,0.0,0.0,4.642e-09,1e-07,0.0
24445853.0,4995000000.0,5000000.0,5.0,0.0,0.0487,0.0487,0.0487,0.0487,2.2307,0.044614,0.0020402,0.044614,2.2307,0.00038814,0.0020402,0.00038814,0.0,0.0,0.0,0.0,0.001,0.0,0.0,0.0,4.642e-05,0.0,0.0,0.0,0.0,4.642e-05,0.001,0.0
24445960.0,4995000000.0,5000000.0,5.0,0.0,0.0487,0.0487,0.0487,0.0487,2.2307,0.044614,0.019407,0.044614,2.2307,0.0,0.019407,0.0,0.0,0.0,0.0,0.0,2.154e-10,0.0,0.0,0.0,1e-11,0.0,0.0,0.0,0.0,1e-11,2.154e-10,0.0
24443283.0,4995000000.0,5000000.0,5.0,0.0,0.0487,0.0487,0.0487,0.0487,2.2307,0.012046,0.0020402,0.012046,2.2307,1.2046e-07,0.0020402,1.2046e-07,0.0,0.0,0.0,0.0,1e-07,0.0,0.0,0.0,2.154e-06,0.0,0.0,0.0,0.0,2.154e-06,1e-07,0.0
24443376.0,4995000000.0,5000000.0,5.0,0.0,0.0487,0.0487,0.0487,0.0487,2.2307,0.012046,0.0020402,0.012046,2.2307,1.1017e-05,0.0020402,1.1017e-05,0.0,0.0,0.0,0.0,4.642e-09,0.0,0.0,0.0,0.001,0.0,0.0,0.0,0.0,0.001,4.642e-09,0.0
24444789.0,4995000000.0,5000000.0,5.0,0.0,0.0487,0.0487,0.0487,0.0487,2.2307,0.044614,0.0,0.044614,2.2307,0.00038814,0.0,0.00038814,0.0,0.0,0.0,0.0,2.154e-10,0.0,0.0,0.0,4.642e-05,0.0,0.0,0.0,0.0,4.642e-05,2.154e-10,0.0
24443701.0,4995000000.0,5000000.0,5.0,0.0,0.0487,0.0487,0.0487,0.0487,2.2307,0.012046,0.019407,0.012046,2.2307,1.1017e-05,0.019407,1.1017e-05,0.0,0.0,0.0,0.0,1e-11,0.0,0.0,0.0,4.642e-09,0.0,0.0,0.0,0.0,4.642e-09,1e-11,0.0
24445448.0,4995000000.0,5000000.0,5.0,0.0,0.0487,0.0487,0.0487,0.0487,2.2307,0.044614,0.00021333,0.044614,2.2307,4.0804e-05,0.00021333,4.0804e-05,0.0,0.0,0.0,0.0,2.154e-06,0.0,0.0,0.0,0.001,0.0,0.0,0.0,0.0,0.001,2.154e-06,0.0
24442694.0,4995000000.0,5000000.0,5.0,0.0,0.0487,0.0487,0.0487,0.0487,2.2307,0.012046,2.2307e-05,0.012046,2.2307,1.1017e-05,2.2307e-05,1.1017e-05,0.0,0.0,0.0,0.0,1e-07,0.0,0.0,0.0,1e-07,0.0,0.0,0.0,0.0,1e-07,1e-07,0.0
24444958.0,4995000000.0,5000000.0,5.0,0.0,0.0487,0.0487,0.0487,0.0487,2.2307,0.044614,2.2307e-05,0.044614,2.2307,0.0,2.2307e-05,0.0,0.0,0.0,0.0,0.0,2.154e-06,0.0,0.0,0.0,0.001,0.0,0.0,0.0,0.0,0.001,2.154e-06,0.0
24445136.0,4995000000.0,5000000.0,5.0,0.0,0.0487,0.0487,0.0487,0.0487,2.2307,0.044614,2.2307e-05,0.044614,2.2307,0.00038814,2.2307e-05,0.00038814,0.0,0.0,0.0,0.0,4.642e-09,0.0,0.0,0.0,4.642e-09,0.0,0.0,0.0,0.0,4.642e-09,4.642e-09,0.0
24449581.0,4995000000.0,5000000.0,5.0,0.0,0.0487,0.0487,0.0487,0.0487,2.2307,0.60541,0.0,0.60541,2.2307,0.005267,0.0,0.005267,0.0,0.0,0.0,0.0,1e-11,0.0,0.0,0.0,4.642e-09,0.0,0.0,0.0,0.0,4.642e-09,1e-11,0.0
24444721.0,4995000000.0,5000000.0,5.0,0.0,0.0487,0.0487,0.0487,0.0487,2.2307,0.044614,0.0,0.044614,2.2307,4.2666e-06,0.0,4.2666e-06,0.0,0.0,0.0,0.0,0.001,0.0,0.0,0.0,1e-11,0.0,0.0,0.0,0.0,1e-11,0.001,0.0
24443173.0,4995000000.0,5000000.0,5.0,0.0,0.0487,0.0487,0.0487,0.0487,2.2307,0.012046,0.00021333,0.012046,2.2307,0.0096365,0.00021333,0.0096365,0.0,0.0,0.0,0.0,2.154e-10,0.0,0.0,0.0,0.001,0.0,0.0,0.0,0.0,0.001,2.154e-10,0.0
24446263.0,4995000000.0,5000000.0,5.0,0.0,0.0487,0.0487,0.0487,0.0487,2.2307,0.044614,0.019407,0.044614,2.2307,0.035691,0.019407,0.035691,0.0,0.0,0.0,0.0,4.642e-09,0.0,0.0,0.0,4.642e-09,0.0,0.0,0.0,0.0,4.642e-09,4.642e-09,0.0
24447397.0,4995000000.0,5000000.0,5.0,0.0,0.0487,0.0487,0.0487,0.0487,2.2307,0.1644,2.2307e-05,0.1644,2.2307,1.644e-06,2.2307e-05,1.644e-06,0.0,0.0,0.0,0.0,1e-07,0.0,0.0,0.0,4.642e-09,0.0,0.0,0.0,0.0,4.642e-09,1e-07,0.0
24443615.0,4995000000.0,5000000.0,5.0,0.0,0.0487,0.0487,0.0487,0.0487,2.2307,0.012046,0.019407,0.012046,2.2307,1.2046e-07,0.019407,1.2046e-07,0.0,0.0,0.0,0.0,4.642e-09,0.0,0.0,0.0,1e-11,0.0,0.0,0.0,0.0,1e-11,4.642e-09,0.0
24445420.0,4995000000.0,5000000.0,5.0,0.0,0.0487,0.0487,0.0487,0.0487,2.2307,0.044614,0.00021333,0.044614,2.2307,4.0804e-05,0.00021333,4.0804e-05,0.0,0.0,0.0,0.0,1e-11,0.0,0.0,0.0,0.001,0.0,0.0,0.0,0.0,0.001,1e-11,0.0
24446094.0,4995000000.0,5000000.0,5.0,0.0,0.0487,0.0487,0.0487,0.0487,2.2307,0.044614,0.019407,0.044614,2.2307,4.2666e-06,0.019407,4.2666e-06,0.0,0.0,0.0,0.0,0.001,0.0,0.0,0.0,2.154e-10,0.0,0.0,0.0,0.0,2.154e-10,0.001,0.0
24444619.0,4995000000.0,5000000.0,5.0,0.0,0.0487,0.0487,0.0487,0.0487,2.2307,0.044614,0.0,0.044614,2.2307,0.0,0.0,0.0,0.0,0.0,0.0,0.0,4.642e-05,0.0,0.0,0.0,1e-07,0.0,0.0,0.0,0.0,1e-07,4.642e-05,0.0
24445787.0,4995000000.0,5000000.0,5.0,0.0,0.0487,0.0487,0.0487,0.0487,2.2307,0.044614,0.0020402,0.044614,2.2307,4.0804e-05,0.0020402,4.0804e-05,0.0,0.0,0.0,0.0,2.154e-06,0.0,0.0,0.0,4.642e-09,0.0,0.0,0.0,0.0,4.642e-09,2.154e-06,0.0
24447051.0,4995000000.0,5000000.0,5.0,0.0,0.0487,0.0487,0.0487,0.0487,2.2307,0.1644,0.0,0.1644,2.2307,1.644e-06,0.0,1.644e-06,0.0,0.0,0.0,0.0,4.642e-09,0.0,0.0,0.0,0.001,0.0,0.0,0.0,0.0,0.001,4.642e-09,0.0
24447152.0,4995000000.0,5000000.0,5.0,0.0,0.0487,0.0487,0.0487,0.0487,2.2307,0.1644,0.0,0.1644,2.2307,0.00015036,0.0,0.00015036,0.0,0.0,0.0,0.0,1e-07,0.0,0.0,0.0,4.642e-09,0.0,0.0,0.0,0.0,4.642e-09,1e-07,0.0
24447104.0,4995000000.0,5000000.0,5.0,0.0,0.0487,0.0487,0.0487,0.0487,2.2307,0.1644,0.0,0.1644,2.2307,1.5722e-05,0.0,1.5722e-05,0.0,0.0,0.0,0.0,1e-07,0.0,0.0,0.0,1e-07,0.0,0.0,0.0,0.0,1e-07,1e-07,0.0
24445069.0,4995000000.0,5000000.0,5.0,0.0,0.0487,0.0487,0.0487,0.0487,2.2307,0.044614,2.2307e-05,0.044614,2.2307,4.2666e-06,2.2307e-05,4.2666e-06,0.0,0.0,0.0,0.0,0.001,0.0,0.0,0.0,4.642e-05,0.0,0.0,0.0,0.0,4.642e-05,0.001,0.0
24445789.0,4995000000.0,5000000.0,5.0,0.0,0.0487,0.0487,0.0487,0.0487,2.2307,0.044614,0.0020402,0.044614,2.2307,4.0804e-05,0.0020402,4.0804e-05,0.0,0.0,0.0,0.0,2.154e-06,0.0,0.0,0.0,2.154e-06,0.0,0.0,0.0,0.0,2.154e-06,2.154e-06,0.0
24442627.0,4995000000.0,5000000.0,5.0,0.0,0.0487,0.0487,0.0487,0.0487,2.2307,0.012046,2.2307e-05,0.012046,2.2307,1.152e-06,2.2307e-05,1.152e-06,0.0,0.0,0.0,0.0,1e-11,0.0,0.0,0.0,0.001,0.0,0.0,0.0,0.0,0.001,1e-11,0.0
24446147.0,4995000000.0,5000000.0,5.0,0.0,0.0487,0.0487,0.0487,0.0487,2.2307,0.044614,0.019407,0.044614,2.2307,4.0804e-05,0.019407,4.0804e-05,0.0,0.0,0.0,0.0,0.001,0.0,0.0,0.0,4.642e-05,0.0,0.0,0.0,0.0,4.642e-05,0.001,0.0
24444982.0,4995000000.0,5000000.0,5.0,0.0,0.0487,0.0487,0.0487,0.0487,2.2307,0.044614,2.2307e-05,0.044614,2.2307,4.4614e-07,2.2307e-05,4.4614e-07,0.0,0.0,0.0,0.0,2.154e-10,0.0,0.0,0.0,4.642e-09,0.0,0.0,0.0,0.0,4.642e-09,2.154e-10,0.0
24443656.0,4995000000.0,5000000.0,5.0,0.0,0.0487,0.0487,0.0487,0.0487,2.2307,0.012046,0.019407,0.012046,2.2307,1.152e-06,0.019407,1.152e-06,0.0,0.0,0.0,0.0,1e-11,0.0,0.0,0.0,0.001,0.0,0.0,0.0,0.0,0.001,1e-11,0.0
24442490.0,4995000000.0,5000000.0,5.0,0.0,0.0487,0.0487,0.0487,0.0487,2.2307,0.012046,0.0,0.012046,2.2307,0.0096365,0.0,0.0096365,0.0,0.0,0.0,0.0,4.642e-09,0.0,0.0,0.0,4.642e-09,0.0,0.0,0.0,0.0,4.642e-09,4.642e-09,0.0
24445876.0,4995000000.0,5000000.0,5.0,0.0,0.0487,0.0487,0.0487,0.0487,2.2307,0.044614,0.0020402,0.044614,2.2307,0.0037342,0.0020402,0.0037342,0.0,0.0,0.0,0.0,1e-07,0.0,0.0,0.0,1e-11,0.0,0.0,0.0,0.0,1e-11,1e-07,0.0
24442463.0,4995000000.0,5000000.0,5.0,0.0,0.0487,0.0487,0.0487,0.0487,2.2307,0.012046,0.0,0.012046,2.2307,0.0010082,0.0,0.0010082,0.0,0.0,0.0,0.0,4.642e-05,0.0,0.0,0.0,1e-07,0.0,0.0,0.0,0.0,1e-07,4.642e-05,0.0
24447579.0,4995000000.0,5000000.0,5.0,0.0,0.0487,0.0487,0.0487,0.0487,2.2307,0.1644,2.2307e-05,0.1644,2.2307,0.01376,2.2307e-05,0.01376,0.0,0.0,0.0,0.0,2.154e-10,0.0,0.0,0.0,4.642e-09,0.0,0.0,0.0,0.0,4.642e-09,2.154e-10,0.0
24444690.0,4995000000.0,5000000.0,5.0,0.0,0.0487,0.0487,0.0487,0.0487,2.2307,0.044614,0.0,0.044614,2.2307,4.2666e-06,0.0,4.2666e-06,0.0,0.0,0.0,0.0,2.154e-10,0.0,0.0,0.0,2.154e-06,0.0,0.0,0.0,0.0,2.154e-06,2.154e-10,0.0
24442203.0,4995000000.0,5000000.0,5.0,0.0,0.0487,0.0487,0.0487,0.0487,2.2307,0.012046,0.0,0.012046,2.2307,0.0,0.0,0.0,0.0,0.0,0.0,0.0,1e-07,0.0,0.0,0.0,4.642e-09,0.0,0.0,0.0,0.0,4.642e-09,1e-07,0.0
24449520.0,4995000000.0,5000000.0,5.0,0.0,0.0487,0.0487,0.0487,0.0487,2.2307,0.60541,0.0,0.60541,2.2307,5.7898e-05,0.0,5.7898e-05,0.0,0.0,0.0,0.0,4.642e-05,0.0,0.0,0.0,2.154e-06,0.0,0.0,0.0,0.0,2.154e-06,4.642e-05,0.0
24443197.0,4995000000.0,5000000.0,5.0,0.0,0.0487,0.0487,0.0487,0.0487,2.2307,0.012046,0.00021333,0.012046,2.2307,0.0096365,0.00021333,0.0096365,0.0,0.0,0.0,0.0,4.642e-05,0.0,0.0,0.0,4.642e-09,0.0,0.0,0.0,0.0,4.642e-09,4.642e-05,0.0
24445355.0,4995000000.0,5000000.0,5.0,0.0,0.0487,0.0487,0.0487,0.0487,2.2307,0.044614,0.00021333,0.044614,2.2307,4.4614e-07,0.00021333,4.4614e-07,0.0,0.0,0.0,0.0,4.642e-05,0.0,0.0,0.0,2.154e-06,0.0,0.0,0.0,0.0,2.154e-06,4.642e-05,0.0
24448462.0,4995000000.0,5000000.0,5.0,0.0,0.0487,0.0487,0.0487,0.0487,2.2307,0.1644,0.019407,0.1644,2.2307,1.5722e-05,0.019407,1.5722e-05,0.0,0.0,0.0,0.0,2.154e-10,0.0,0.0,0.0,1e-07,0.0,0.0,0.0,0.0,1e-07,2.154e-10,0.0
24442721.0,4995000000.0,5000000.0,5.0,0.0,0.0487,0.0487,0.0487,0.0487,2.2307,0.012046,2.2307e-05,0.012046,2.2307,0.0001048,2.2307e-05,0.0001048,0.0,0.0,0.0,0.0,1e-11,0.0,0.0,0.0,4.642e-09,0.0,0.0,0.0,0.0,4.642e-09,1e-11,0.0
24445510.0,4995000000.0,5000000.0,5.0,0.0,0.0487,0.0487,0.0487,0.0487,2.2307,0.044614,0.00021333,0.044614,2.2307,0.00038814,0.00021333,0.00038814,0.0,0.0,0.0,0.0,0.001,0.0,0.0,0.0,4.642e-05,0.0,0.0,0.0,0.0,4.642e-05,0.001,0.0
24447539.0,4995000000.0,5000000.0,5.0,0.0,0.0487,0.0487,0.0487,0.0487,2.2307,0.1644,2.2307e-05,0.1644,2.2307,0.0014303,2.2307e-05,0.0014303,0.0,0.0,0.0,0.0,4.642e-09,0.0,0.0,0.0,2.154e-06,0.0,0.0,0.0,0.0,2.154e-06,4.642e-09,0.0
24445547.0,4995000000.0,5000000.0,5.0,0.0,0.0487,0.0487,0.0487,0.0487,2.2307,0.044614,0.00021333,0.044614,2.2307,0.0037342,0.00021333,0.0037342,0.0,0.0,0.0,0.0,4.642e-05,0.0,0.0,0.0,1e-11,0.0,0.0,0.0,0.0,1e-11,4.642e-05,0.0
24442609.0,4995000000.0,5000000.0,5.0,0.0,0.0487,0.0487,0.0487,0.0487,2.2307,0.012046,2.2307e-05,0.012046,2.2307,1.2046e-07,2.2307e-05,1.2046e-07,0.0,0.0,0.0,0.0,4.642e-05,0.0,0.0,0.0,4.642e-09,0.0,0.0,0.0,0.0,4.642e-09,4.642e-05,0.0
24443678.0,4995000000.0,5000000.0,5.0,0.0,0.0487,0.0487,0.0487,0.0487,2.2307,0.012046,0.019407,0.012046,2.2307,1.152e-06,0.019407,1.152e-06,0.0,0.0,0.0,0.0,2.154e-06,0.0,0.0,0.0,1e-11,0.0,0.0,0.0,0.0,1e-11,2.154e-06,0.0
24444606.0,4995000000.0,5000000.0,5.0,0.0,0.0487,0.0487,0.0487,0.0487,2.2307,0.044614,0.0,0.044614,2.2307,0.0,0.0,0.0,0.0,0.0,0.0,0.0,1e-07,0.0,0.0,0.0,2.154e-06,0.0,0.0,0.0,0.0,2.154e-06,1e-07,0.0
24444858.0,4995000000.0,5000000.0,5.0,0.0,0.0487,0.0487,0.0487,0.0487,2.2307,0.044614,0.0,0.044614,2.2307,0.0037342,0.0,0.0037342,0.0,0.0,0.0,0.0,2.154e-06,0.0,0.0,0.0,2.154e-06,0.0,0.0,0.0,0.0,2.154e-06,2.154e-06,0.0
24444705.0,4995000000.0,5000000.0,5.0,0.0,0.0487,0.0487,0.0487,0.0487,2.2307,0.044614,0.0,0.044614,2.2307,4.2666e-06,0.0,4.2666e-06,0.0,0.0,0.0,0.0,1e-07,0.0,0.0,0.0,4.642e-05,0.0,0.0,0.0,0.0,4.642e-05,1e-07,0.0
24445616.0,4995000000.0,5000000.0,5.0,0.0,0.0487,0.0487,0.0487,0.0487,2.2307,0.044614,0.0020402,0.044614,2.2307,0.0,0.0020402,0.0,0.0,0.0,0.0,0.0,1e-11,0.0,0.0,0.0,0.001,0.0,0.0,0.0,0.0,0.001,1e-11,0.0
24449926.0,4995000000.0,5000000.0,5.0,0.0,0.0487,0.0487,0.0487,0.0487,2.2307,0.60541,2.2307e-05,0.60541,2.2307,0.005267,2.2307e-05,0.005267,0.0,0.0,0.0,0.0,1e-11,0.0,0.0,0.0,2.154e-06,0.0,0.0,0.0,0.0,2.154e-06,1e-11,0.0
24445515.0,4995000000.0,5000000.0,5.0,0.0,0.0487,0.0487,0.0487,0.0487,2.2307,0.044614,0.00021333,0.044614,2.2307,0.0037342,0.00021333,0.0037342,0.0,0.0,0.0,0.0,1e-11,0.0,0.0,0.0,1e-07,0.0,0.0,0.0,0.0,1e-07,1e-11,0.0
24445034.0,4995000000.0,5000000.0,5.0,0.0,0.0487,0.0487,0.0487,0.0487,2.2307,0.044614,2.2307e-05,0.044614,2.2307,4.2666e-06,2.2307e-05,4.2666e-06,0.0,0.0,0.0,0.0,2.154e-10,0.0,0.0,0.0,4.642e-05,0.0,0.0,0.0,0.0,4.642e-05,2.154e-10,0.0
24445277.0,4995000000.0,5000000.0,5.0,0.0,0.0487,0.0487,0.0487,0.0487,2.2307,0.044614,0.00021333,0.044614,2.2307,0.0,0.00021333,0.0,0.0,0.0,0.0,0.0,2.154e-10,0.0,0.0,0.0,1e-07,0.0,0.0,0.0,0.0,1e-07,2.154e-10,0.0
24449856.0,4995000000.0,5000000.0,5.0,0.0,0.0487,0.0487,0.0487,0.0487,2.2307,0.60541,2.2307e-05,0.60541,2.2307,5.7898e-05,2.2307e-05,5.7898e-05,0.0,0.0,0.0,0.0,2.154e-06,0.0,0.0,0.0,2.154e-06,0.0,0.0,0.0,0.0,2.154e-06,2.154e-06,0.0
24444648.0,4995000000.0,5000000.0,5.0,0.0,0.0487,0.0487,0.0487,0.0487,2.2307,0.044614,0.0,0.044614,2.2307,4.4614e-07,0.0,4.4614e-07,0.0,0.0,0.0,0.0,4.642e-09,0.0,0.0,0.0,2.154e-06,0.0,0.0,0.0,0.0,2.154e-06,4.642e-09,0.0
24446046.0,4995000000.0,5000000.0,5.0,0.0,0.0487,0.0487,0.0487,0.0487,2.2307,0.044614,0.019407,0.044614,2.2307,4.4614e-07,0.019407,4.4614e-07,0.0,0.0,0.0,0.0,0.001,0.0,0.0,0.0,4.642e-09,0.0,0.0,0.0,0.0,4.642e-09,0.001,0.0
24448262.0,4995000000.0,5000000.0,5.0,0.0,0.0487,0.0487,0.0487,0.0487,2.2307,0.1644,0.0020402,0.1644,2.2307,0.01376,0.0020402,0.01376,0.0,0.0,0.0,0.0,1e-11,0.0,0.0,0.0,0.001,0.0,0.0,0.0,0.0,0.001,1e-11,0.0
24444861.0,4995000000.0,5000000.0,5.0,0.0,0.0487,0.0487,0.0487,0.0487,2.2307,0.044614,0.0,0.044614,2.2307,0.0037342,0.0,0.0037342,0.0,0.0,0.0,0.0,4.642e-05,0.0,0.0,0.0,1e-11,0.0,0.0,0.0,0.0,1e-11,4.642e-05,0.0
24446063.0,4995000000.0,5000000.0,5.0,0.0,0.0487,0.0487,0.0487,0.0487,2.2307,0.044614,0.019407,0.044614,2.2307,4.2666e-06,0.019407,4.2666e-06,0.0,0.0,0.0,0.0,2.154e-10,0.0,0.0,0.0,4.642e-05,0.0,0.0,0.0,0.0,4.642e-05,2.154e-10,0.0
24445498.0,4995000000.0,5000000.0,5.0,0.0,0.0487,0.0487,0.0487,0.0487,2.2307,0.044614,0.00021333,0.044614,2.2307,0.00038814,0.00021333,0.00038814,0.0,0.0,0.0,0.0,4.642e-05,0.0,0.0,0.0,1e-11,0.0,0.0,0.0,0.0,1e-11,4.642e-05,0.0
24442409.0,4995000000.0,5000000.0,5.0,0.0,0.0487,0.0487,0.0487,0.0487,2.2307,0.012046,0.0,0.012046,2.2307,0.0001048,0.0,0.0001048,0.0,0.0,0.0,0.0,2.154e-06,0.0,0.0,0.0,4.642e-05,0.0,0.0,0.0,0.0,4.642e-05,2.154e-06,0.0
24442759.0,4995000000.0,5000000.0,5.0,0.0,0.0487,0.0487,0.0487,0.0487,2.2307,0.012046,2.2307e-05,0.012046,2.2307,0.0001048,2.2307e-05,0.0001048,0.0,0.0,0.0,0.0,4.642e-05,0.0,0.0,0.0,4.642e-05,0.0,0.0,0.0,0.0,4.642e-05,4.642e-05,0.0
24447091.0,4995000000.0,5000000.0,5.0,0.0,0.0487,0.0487,0.0487,0.0487,2.2307,0.1644,0.0,0.1644,2.2307,1.5722e-05,0.0,1.5722e-05,0.0,0.0,0.0,0.0,2.154e-10,0.0,0.0,0.0,2.154e-06,0.0,0.0,0.0,0.0,2.154e-06,2.154e-10,0.0
24445153.0,4995000000.0,5000000.0,5.0,0.0,0.0487,0.0487,0.0487,0.0487,2.2307,0.044614,2.2307e-05,0.044614,2.2307,0.00038814,2.2307e-05,0.00038814,0.0,0.0,0.0,0.0,2.154e-06,0.0,0.0,0.0,4.642e-05,0.0,0.0,0.0,0.0,4.642e-05,2.154e-06,0.0
24443002.0,4995000000.0,5000000.0,5.0,0.0,0.0487,0.0487,0.0487,0.0487,2.2307,0.012046,0.00021333,0.012046,2.2307,1.152e-06,0.00021333,1.152e-06,0.0,0.0,0.0,0.0,4.642e-05,0.0,0.0,0.0,1e-07,0.0,0.0,0.0,0.0,1e-07,4.642e-05,0.0
24442953.0,4995000000.0,5000000.0,5.0,0.0,0.0487,0.0487,0.0487,0.0487,2.2307,0.012046,0.00021333,0.012046,2.2307,1.2046e-07,0.00021333,1.2046e-07,0.0,0.0,0.0,0.0,4.642e-05,0.0,0.0,0.0,1e-07,0.0,0.0,0.0,0.0,1e-07,4.642e-05,0.0
24445983.0,4995000000.0,5000000.0,5.0,0.0,0.0487,0.0487,0.0487,0.0487,2.2307,0.044614,0.019407,0.044614,2.2307,0.0,0.019407,0.0,0.0,0.0,0.0,0.0,2.154e-06,0.0,0.0,0.0,4.642e-09,0.0,0.0,0.0,0.0,4.642e-09,2.154e-06,0.0
24448143.0,4995000000.0,5000000.0,5.0,0.0,0.0487,0.0487,0.0487,0.0487,2.2307,0.1644,0.0020402,0.1644,2.2307,1.5722e-05,0.0020402,1.5722e-05,0.0,0.0,0.0,0.0,2.154e-06,0.0,0.0,0.0,0.001,0.0,0.0,0.0,0.0,0.001,2.154e-06,0.0
24443571.0,4995000000.0,5000000.0,5.0,0.0,0.0487,0.0487,0.0487,0.0487,2.2307,0.012046,0.019407,0.012046,2.2307,0.0,0.019407,0.0,0.0,0.0,0.0,0.0,4.642e-09,0.0,0.0,0.0,4.642e-05,0.0,0.0,0.0,0.0,4.642e-05,4.642e-09,0.0
24449463.0,4995000000.0,5000000.0,5.0,0.0,0.0487,0.0487,0.0487,0.0487,2.2307,0.60541,0.0,0.60541,2.2307,6.0541e-06,0.0,6.0541e-06,0.0,0.0,0.0,0.0,2.154e-06,0.0,0.0,0.0,1e-07,0.0,0.0,0.0,0.0,1e-07,2.154e-06,0.0
24448302.0,4995000000.0,5000000.0,5.0,0.0,0.0487,0.0487,0.0487,0.0487,2.2307,0.1644,0.0020402,0.1644,2.2307,0.01376,0.0020402,0.01376,0.0,0.0,0.0,0.0,0.001,0.0,0.0,0.0,2.154e-06,0.0,0.0,0.0,0.0,2.154e-06,0.001,0.0
24443451.0,4995000000.0,5000000.0,5.0,0.0,0.0487,0.0487,0.0487,0.0487,2.2307,0.012046,0.0020402,0.012046,2.2307,0.0001048,0.0020402,0.0001048,0.0,0.0,0.0,0.0,0.001,0.0,0.0,0.0,2.154e-06,0.0,0.0,0.0,0.0,2.154e-06,0.001,0.0
24442972.0,4995000000.0,5000000.0,5.0,0.0,0.0487,0.0487,0.0487,0.0487,2.2307,0.012046,0.00021333,0.012046,2.2307,1.152e-06,0.00021333,1.152e-06,0.0,0.0,0.0,0.0,2.154e-10,0.0,0.0,0.0,2.154e-10,0.0,0.0,0.0,0.0,2.154e-10,2.154e-10,0.0
24449850.0,4995000000.0,5000000.0,5.0,0.0,0.0487,0.0487,0.0487,0.0487,2.2307,0.60541,2.2307e-05,0.60541,2.2307,5.7898e-05,2.2307e-05,5.7898e-05,0.0,0.0,0.0,0.0,1e-07,0.0,0.0,0.0,4.642e-05,0.0,0.0,0.0,0.0,4.642e-05,1e-07,0.0
24449563.0,4995000000.0,5000000.0,5.0,0.0,0.0487,0.0487,0.0487,0.0487,2.2307,0.60541,0.0,0.60541,2.2307,0.00055371,0.0,0.00055371,0.0,0.0,0.0,0.0,2.154e-06,0.0,0.0,0.0,4.642e-05,0.0,0.0,0.0,0.0,4.642e-05,2.154e-06,0.0
24445456.0,4995000000.0,5000000.0,5.0,0.0,0.0487,0.0487,0.0487,0.0487,2.2307,0.044614,0.00021333,0.044614,2.2307,4.0804e-05,0.00021333,4.0804e-05,0.0,0.0,0.0,0.0,0.001,0.0,0.0,0.0,1e-11,0.0,0.0,0.0,0.0,1e-11,0.001,0.0
24446191.0,4995000000.0,5000000.0,5.0,0.0,0.0487,0.0487,0.0487,0.0487,2.2307,0.044614,0.019407,0.044614,2.2307,0.00038814,0.019407,0.00038814,0.0,0.0,0.0,0.0,0.001,0.0,0.0,0.0,1e-11,0.0,0.0,0.0,0.0,1e-11,0.001,0.0
24443537.0,4995000000.0,5000000.0,5.0,0.0,0.0487,0.0487,0.0487,0.0487,2.2307,0.012046,0.0020402,0.012046,2.2307,0.0096365,0.0020402,0.0096365,0.0,0.0,0.0,0.0,2.154e-06,0.0,0.0,0.0,0.001,0.0,0.0,0.0,0.0,0.001,2.154e-06,0.0
24442991.0,4995000000.0,5000000.0,5.0,0.0,0.0487,0.0487,0.0487,0.0487,2.2307,0.012046,0.00021333,0.012046,2.2307,1.152e-06,0.00021333,1.152e-06,0.0,0.0,0.0,0.0,1e-07,0.0,0.0,0.0,0.001,0.0,0.0,0.0,0.0,0.001,1e-07,0.0
24447142.0,4995000000.0,5000000.0,5.0,0.0,0.0487,0.0487,0.0487,0.0487,2.2307,0.1644,0.0,0.1644,2.2307,0.00015036,0.0,0.00015036,0.0,0.0,0.0,0.0,2.154e-10,0.0,0.0,0.0,0.001,0.0,0.0,0.0,0.0,0.001,2.154e-10,0.0
24445435.0,4995000000.0,5000000.0,5.0,0.0,0.0487,0.0487,0.0487,0.0487,2.2307,0.044614,0.00021333,0.044614,2.2307,4.0804e-05,0.00021333,4.0804e-05,0.0,0.0,0.0,0.0,1e-07,0.0,0.0,0.0,1e-11,0.0,0.0,0.0,0.0,1e-11,1e-07,0.0
24445103.0,4995000000.0,5000000.0,5.0,0.0,0.0487,0.0487,0.0487,0.0487,2.2307,0.044614,2.2307e-05,0.044614,2.2307,4.0804e-05,2.2307e-05,4.0804e-05,0.0,0.0,0.0,0.0,2.154e-06,0.0,0.0,0.0,2.154e-06,0.0,0.0,0.0,0.0,2.154e-06,2.154e-06,0.0
24442698.0,4995000000.0,5000000.0,5.0,0.0,0.0487,0.0487,0.0487,0.0487,2.2307,0.012046,2.2307e-05,0.012046,2.2307,1.1017e-05,2.2307e-05,1.1017e-05,0.0,0.0,0.0,0.0,2.154e-06,0.0,0.0,0.0,1e-11,0.0,0.0,0.0,0.0,1e-11,2.154e-06,0.0
24442898.0,4995000000.0,5000000.0,5.0,0.0,0.0487,0.0487,0.0487,0.0487,2.2307,0.012046,0.00021333,0.012046,2.2307,0.0,0.00021333,0.0,0.0,0.0,0.0,0.0,2.154e-06,0.0,0.0,0.0,2.154e-06,0.0,0.0,0.0,0.0,2.154e-06,2.154e-06,0.0
24449785.0,4995000000.0,5000000.0,5.0,0.0,0.0487,0.0487,0.0487,0.0487,2.2307,0.60541,2.2307e-05,0.60541,2.2307,6.0541e-06,2.2307e-05,6.0541e-06,0.0,0.0,0.0,0.0,2.154e-10,0.0,0.0,0.0,1e-07,0.0,0.0,0.0,0.0,1e-07,2.154e-10,0.0
24445127.0,4995000000.0,5000000.0,5.0,0.0,0.0487,0.0487,0.0487,0.0487,2.2307,0.044614,2.2307e-05,0.044614,2.2307,0.00038814,2.2307e-05,0.00038814,0.0,0.0,0.0,0.0,2.154e-10,0.0,0.0,0.0,1e-11,0.0,0.0,0.0,0.0,1e-11,2.154e-10,0.0
24445909.0,4995000000.0,5000000.0,5.0,0.0,0.0487,0.0487,0.0487,0.0487,2.2307,0.044614,0.0020402,0.044614,2.2307,0.035691,0.0020402,0.035691,0.0,0.0,0.0,0.0,1e-11,0.0,0.0,0.0,4.642e-05,0.0,0.0,0.0,0.0,4.642e-05,1e-11,0.0
24443042.0,4995000000.0,5000000.0,5.0,0.0,0.0487,0.0487,0.0487,0.0487,2.2307,0.012046,0.00021333,0.012046,2.2307,1.1017e-05,0.00021333,1.1017e-05,0.0,0.0,0.0,0.0,2.154e-06,0.0,0.0,0.0,2.154e-10,0.0,0.0,0.0,0.0,2.154e-10,2.154e-06,0.0
24442584.0,4995000000.0,5000000.0,5.0,0.0,0.0487,0.0487,0.0487,0.0487,2.2307,0.012046,2.2307e-05,0.012046,2.2307,1.2046e-07,2.2307e-05,1.2046e-07,0.0,0.0,0.0,0.0,2.154e-10,0.0,0.0,0.0,4.642e-05,0.0,0.0,0.0,0.0,4.642e-05,2.154e-10,0.0
24449949.0,4995000000.0,5000000.0,5.0,0.0,0.0487,0.0487,0.0487,0.0487,2.2307,0.60541,2.2307e-05,0.60541,2.2307,0.005267,2.2307e-05,0.005267,0.0,0.0,0.0,0.0,1e-07,0.0,0.0,0.0,0.001,0.0,0.0,0.0,0.0,0.001,1e-07,0.0
24442588.0,4995000000.0,5000000.0,5.0,0.0,0.0487,0.0487,0.0487,0.0487,2.2307,0.012046,2.2307e-05,0.012046,2.2307,1.2046e-07,2.2307e-05,1.2046e-07,0.0,0.0,0.0,0.0,4.642e-09,0.0,0.0,0.0,4.642e-09,0.0,0.0,0.0,0.0,4.642e-09,4.642e-09,0.0
24445663.0,4995000000.0,5000000.0,5.0,0.0,0.0487,0.0487,0.0487,0.0487,2.2307,0.044614,0.0020402,0.044614,2.2307,4.4614e-07,0.0020402,4.4614e-07,0.0,0.0,0.0,0.0,1e-11,0.0,0.0,0.0,2.154e-06,0.0,0.0,0.0,0.0,2.154e-06,1e-11,0.0
24448406.0,4995000000.0,5000000.0,5.0,0.0,0.0487,0.0487,0.0487,0.0487,2.2307,0.1644,0.019407,0.1644,2.2307,1.644e-06,0.019407,1.644e-06,0.0,0.0,0.0,0.0,1e-11,0.0,0.0,0.0,1e-07,0.0,0.0,0.0,0.0,1e-07,1e-11,0.0
24443513.0,4995000000.0,5000000.0,5.0,0.0,0.0487,0.0487,0.0487,0.0487,2.2307,0.012046,0.0020402,0.012046,2.2307,0.0096365,0.0020402,0.0096365,0.0,0.0,0.0,0.0,2.154e-10,0.0,0.0,0.0,1e-07,0.0,0.0,0.0,0.0,1e-07,2.154e-10,0.0
24443730.0,4995000000.0,5000000.0,5.0,0.0,0.0487,0.0487,0.0487,0.0487,2.2307,0.012046,0.019407,0.012046,2.2307,1.1017e-05,0.019407,1.1017e-05,0.0,0.0,0.0,0.0,2.154e-06,0.0,0.0,0.0,1e-07,0.0,0.0,0.0,0.0,1e-07,2.154e-06,0.0
24443817.0,4995000000.0,5000000.0,5.0,0.0,0.0487,0.0487,0.0487,0.0487,2.2307,0.012046,0.019407,0.012046,2.2307,0.0010082,0.019407,0.0010082,0.0,0.0,0.0,0.0,4.642e-09,0.0,0.0,0.0,0.001,0.0,0.0,0.0,0.0,0.001,4.642e-09,0.0
24443223.0,4995000000.0,5000000.0,5.0,0.0,0.0487,0.0487,0.0487,0.0487,2.2307,0.012046,0.0020402,0.012046,2.2307,0.0,0.0020402,0.0,0.0,0.0,0.0,0.0,4.642e-09,0.0,0.0,0.0,1e-11,0.0,0.0,0.0,0.0,1e-11,4.642e-09,0.0
24444995.0,4995000000.0,5000000.0,5.0,0.0,0.0487,0.0487,0.0487,0.0487,2.2307,0.044614,2.2307e-05,0.044614,2.2307,4.4614e-07,2.2307e-05,4.4614e-07,0.0,0.0,0.0,0.0,1e-07,0.0,0.0,0.0,2.154e-10,0.0,0.0,0.0,0.0,2.154e-10,1e-07,0.0
24448373.0,4995000000.0,5000000.0,5.0,0.0,0.0487,0.0487,0.0487,0.0487,2.2307,0.1644,0.019407,0.1644,2.2307,0.0,0.019407,0.0,0.0,0.0,0.0,0.0,4.642e-09,0.0,0.0,0.0,4.642e-05,0.0,0.0,0.0,0.0,4.642e-05,4.642e-09,0.0
24443551.0,4995000000.0,5000000.0,5.0,0.0,0.0487,0.0487,0.0487,0.0487,2.2307,0.012046,0.0020402,0.012046,2.2307,0.0096365,0.0020402,0.0096365,0.0,0.0,0.0,0.0,0.001,0.0,0.0,0.0,0.001,0.0,0.0,0.0,0.0,0.001,0.001,0.0
24445609.0,4995000000.0,5000000.0,5.0,0.0,0.0487,0.0487,0.0487,0.0487,2.2307,0.044614,0.00021333,0.044614,2.2307,0.035691,0.00021333,0.035691,0.0,0.0,0.0,0.0,0.001,0.0,0.0,0.0,0.001,0.0,0.0,0.0,0.0,0.001,0.001,0.0
24442872.0,4995000000.0,5000000.0,5.0,0.0,0.0487,0.0487,0.0487,0.0487,2.2307,0.012046,0.00021333,0.012046,2.2307,0.0,0.00021333,0.0,0.0,0.0,0.0,0.0,1e-11,0.0,0.0,0.0,0.001,0.0,0.0,0.0,0.0,0.001,1e-11,0.0
24447440.0,4995000000.0,5000000.0,5.0,0.0,0.0487,0.0487,0.0487,0.0487,2.2307,0.1644,2.2307e-05,0.1644,2.2307,1.5722e-05,2.2307e-05,1.5722e-05,0.0,0.0,0.0,0.0,4.642e-09,0.0,0.0,0.0,1e-07,0.0,0.0,0.0,0.0,1e-07,4.642e-09,0.0
24449469.0,4995000000.0,5000000.0,5.0,0.0,0.0487,0.0487,0.0487,0.0487,2.2307,0.60541,0.0,0.60541,2.2307,6.0541e-06,0.0,6.0541e-06,0.0,0.0,0.0,0.0,4.642e-05,0.0,0.0,0.0,4.642e-09,0.0,0.0,0.0,0.0,4.642e-09,4.642e-05,0.0
24442586.0,4995000000.0,5000000.0,5.0,0.0,0.0487,0.0487,0.0487,0.0487,2.2307,0.012046,2.2307e-05,0.012046,2.2307,1.2046e-07,2.2307e-05,1.2046e-07,0.0,0.0,0.0,0.0,4.642e-09,0.0,0.0,0.0,1e-11,0.0,0.0,0.0,0.0,1e-11,4.642e-09,0.0
24443821.0,4995000000.0,5000000.0,5.0,0.0,0.0487,0.0487,0.0487,0.0487,2.2307,0.012046,0.019407,0.012046,2.2307,0.0010082,0.019407,0.0010082,0.0,0.0,0.0,0.0,1e-07,0.0,0.0,0.0,1e-07,0.0,0.0,0.0,0.0,1e-07,1e-07,0.0
24446998.0,4995000000.0,5000000.0,5.0,0.0,0.0487,0.0487,0.0487,0.0487,2.2307,0.1644,0.0,0.1644,2.2307,0.0,0.0,0.0,0.0,0.0,0.0,0.0,4.642e-09,0.0,0.0,0.0,4.642e-09,0.0,0.0,0.0,0.0,4.642e-09,4.642e-09,0.0
24444687.0,4995000000.0,5000000.0,5.0,0.0,0.0487,0.0487,0.0487,0.0487,2.2307,0.044614,0.0,0.044614,2.2307,4.2666e-06,0.0,4.2666e-06,0.0,0.0,0.0,0.0,2.154e-10,0.0,0.0,0.0,2.154e-10,0.0,0.0,0.0,0.0,2.154e-10,2.154e-10,0.0
24443624.0,4995000000.0,5000000.0,5.0,0.0,0.0487,0.0487,0.0487,0.0487,2.2307,0.012046,0.019407,0.012046,2.2307,1.2046e-07,0.019407,1.2046e-07,0.0,0.0,0.0,0.0,1e-07,0.0,0.0,0.0,4.642e-09,0.0,0.0,0.0,0.0,4.642e-09,1e-07,0.0
24443145.0,4995000000.0,5000000.0,5.0,0.0,0.0487,0.0487,0.0487,0.0487,2.2307,0.012046,0.00021333,0.012046,2.2307,0.0010082,0.00021333,0.0010082,0.0,0.0,0.0,0.0,2.154e-06,0.0,0.0,0.0,0.001,0.0,0.0,0.0,0.0,0.001,2.154e-06,0.0
24444790.0,4995000000.0,5000000.0,5.0,0.0,0.0487,0.0487,0.0487,0.0487,2.2307,0.044614,0.0,0.044614,2.2307,0.00038814,0.0,0.00038814,0.0,0.0,0.0,0.0,2.154e-10,0.0,0.0,0.0,0.001,0.0,0.0,0.0,0.0,0.001,2.154e-10,0.0
24443850.0,4995000000.0,5000000.0,5.0,0.0,0.0487,0.0487,0.0487,0.0487,2.2307,0.012046,0.019407,0.012046,2.2307,0.0096365,0.019407,0.0096365,0.0,0.0,0.0,0.0,1e-11,0.0,0.0,0.0,2.154e-06,0.0,0.0,0.0,0.0,2.154e-06,1e-11,0.0
24443674.0,4995000000.0,5000000.0,5.0,0.0,0.0487,0.0487,0.0487,0.0487,2.2307,0.012046,0.019407,0.012046,2.2307,1.152e-06,0.019407,1.152e-06,0.0,0.0,0.0,0.0,1e-07,0.0,0.0,0.0,1e-07,0.0,0.0,0.0,0.0,1e-07,1e-07,0.0
24443398.0,4995000000.0,5000000.0,5.0,0.0,0.0487,0.0487,0.0487,0.0487,2.2307,0.012046,0.0020402,0.012046,2.2307,1.1017e-05,0.0020402,1.1017e-05,0.0,0.0,0.0,0.0,0.001,0.0,0.0,0.0,1e-11,0.0,0.0,0.0,0.0,1e-11,0.001,0.0
24442374.0,4995000000.0,5000000.0,5.0,0.0,0.0487,0.0487,0.0487,0.0487,2.2307,0.012046,0.0,0.012046,2.2307,1.1017e-05,0.0,1.1017e-05,0.0,0.0,0.0,0.0,0.001,0.0,0.0,0.0,4.642e-05,0.0,0.0,0.0,0.0,4.642e-05,0.001,0.0
24443179.0,4995000000.0,5000000.0,5.0,0.0,0.0487,0.0487,0.0487,0.0487,2.2307,0.012046,0.00021333,0.012046,2.2307,0.0096365,0.00021333,0.0096365,0.0,0.0,0.0,0.0,4.642e-09,0.0,0.0,0.0,4.642e-05,0.0,0.0,0.0,0.0,4.642e-05,4.642e-09,0.0
24443251.0,4995000000.0,5000000.0,5.0,0.0,0.0487,0.0487,0.0487,0.0487,2.2307,0.012046,0.0020402,0.012046,2.2307,0.0,0.0020402,0.0,0.0,0.0,0.0,0.0,0.001,0.0,0.0,0.0,1e-11,0.0,0.0,0.0,0.0,1e-11,0.001,0.0
24447939.0,4995000000.0,5000000.0,5.0,0.0,0.0487,0.0487,0.0487,0.0487,2.2307,0.1644,0.00021333,0.1644,2.2307,0.01376,0.00021333,0.01376,0.0,0.0,0.0,0.0,1e-07,0.0,0.0,0.0,4.642e-05,0.0,0.0,0.0,0.0,4.642e-05,1e-07,0.0
24442807.0,4995000000.0,5000000.0,5.0,0.0,0.0487,0.0487,0.0487,0.0487,2.2307,0.012046,2.2307e-05,0.012046,2.2307,0.0010082,2.2307e-05,0.0010082,0.0,0.0,0.0,0.0,4.642e-05,0.0,0.0,0.0,2.154e-06,0.0,0.0,0.0,0.0,2.154e-06,4.642e-05,0.0
24442318.0,4995000000.0,5000000.0,5.0,0.0,0.0487,0.0487,0.0487,0.0487,2.2307,0.012046,0.0,0.012046,2.2307,1.152e-06,0.0,1.152e-06,0.0,0.0,0.0,0.0,4.642e-05,0.0,0.0,0.0,4.642e-05,0.0,0.0,0.0,0.0,4.642e-05,4.642e-05,0.0
24447392.0,4995000000.0,5000000.0,5.0,0.0,0.0487,0.0487,0.0487,0.0487,2.2307,0.1644,2.2307e-05,0.1644,2.2307,1.644e-06,2.2307e-05,1.644e-06,0.0,0.0,0.0,0.0,4.642e-09,0.0,0.0,0.0,2.154e-06,0.0,0.0,0.0,0.0,2.154e-06,4.642e-09,0.0
24443449.0,4995000000.0,5000000.0,5.0,0.0,0.0487,0.0487,0.0487,0.0487,2.2307,0.012046,0.0020402,0.012046,2.2307,0.0001048,0.0020402,0.0001048,0.0,0.0,0.0,0.0,0.001,0.0,0.0,0.0,4.642e-09,0.0,0.0,0.0,0.0,4.642e-09,0.001,0.0
24444987.0,4995000000.0,5000000.0,5.0,0.0,0.0487,0.0487,0.0487,0.0487,2.2307,0.044614,2.2307e-05,0.044614,2.2307,4.4614e-07,2.2307e-05,4.4614e-07,0.0,0.0,0.0,0.0,4.642e-09,0.0,0.0,0.0,1e-11,0.0,0.0,0.0,0.0,1e-11,4.642e-09,0.0
24442506.0,4995000000.0,5000000.0,5.0,0.0,0.0487,0.0487,0.0487,0.0487,2.2307,0.012046,0.0,0.012046,2.2307,0.0096365,0.0,0.0096365,0.0,0.0,0.0,0.0,2.154e-06,0.0,0.0,0.0,2.154e-06,0.0,0.0,0.0,0.0,2.154e-06,2.154e-06,0.0
24443562.0,4995000000.0,5000000.0,5.0,0.0,0.0487,0.0487,0.0487,0.0487,2.2307,0.012046,0.019407,0.012046,2.2307,0.0,0.019407,0.0,0.0,0.0,0.0,0.0,2.154e-10,0.0,0.0,0.0,1e-07,0.0,0.0,0.0,0.0,1e-07,2.154e-10,0.0
24447177.0,4995000000.0,5000000.0,5.0,0.0,0.0487,0.0487,0.0487,0.0487,2.2307,0.1644,0.0,0.1644,2.2307,0.00015036,0.0,0.00015036,0.0,0.0,0.0,0.0,0.001,0.0,0.0,0.0,0.001,0.0,0.0,0.0,0.0,0.001,0.001,0.0
24449883.0,4995000000.0,5000000.0,5.0,0.0,0.0487,0.0487,0.0487,0.0487,2.2307,0.60541,2.2307e-05,0.60541,2.2307,0.00055371,2.2307e-05,0.00055371,0.0,0.0,0.0,0.0,2.154e-10,0.0,0.0,0.0,1e-07,0.0,0.0,0.0,0.0,1e-07,2.154e-10,0.0
24448393.0,4995000000.0,5000000.0,5.0,0.0,0.0487,0.0487,0.0487,0.0487,2.2307,0.1644,0.019407,0.1644,2.2307,0.0,0.019407,0.0,0.0,0.0,0.0,0.0,4.642e-05,0.0,0.0,0.0,2.154e-06,0.0,0.0,0.0,0.0,2.154e-06,4.642e-05,0.0
24442585.0,4995000000.0,5000000.0,5.0,0.0,0.0487,0.0487,0.0487,0.0487,2.2307,0.012046,2.2307e-05,0.012046,2.2307,1.2046e-07,2.2307e-05,1.2046e-07,0.0,0.0,0.0,0.0,2.154e-10,0.0,0.0,0.0,0.001,0.0,0.0,0.0,0.0,0.001,2.154e-10,0.0
24445362.0,4995000000.0,5000000.0,5.0,0.0,0.0487,0.0487,0.0487,0.0487,2.2307,0.044614,0.00021333,0.044614,2.2307,4.4614e-07,0.00021333,4.4614e-07,0.0,0.0,0.0,0.0,0.001,0.0,0.0,0.0,2.154e-06,0.0,0.0,0.0,0.0,2.154e-06,0.001,0.0
24442890.0,4995000000.0,5000000.0,5.0,0.0,0.0487,0.0487,0.0487,0.0487,2.2307,0.012046,0.00021333,0.012046,2.2307,0.0,0.00021333,0.0,0.0,0.0,0.0,0.0,1e-07,0.0,0.0,0.0,1e-07,0.0,0.0,0.0,0.0,1e-07,1e-07,0.0
24442214.0,4995000000.0,5000000.0,5.0,0.0,0.0487,0.0487,0.0487,0.0487,2.2307,0.012046,0.0,0.012046,2.2307,0.0,0.0,0.0,0.0,0.0,0.0,0.0,2.154e-06,0.0,0.0,0.0,0.001,0.0,0.0,0.0,0.0,0.001,2.154e-06,0.0
24442468.0,4995000000.0,5000000.0,5.0,0.0,0.0487,0.0487,0.0487,0.0487,2.2307,0.012046,0.0,0.012046,2.2307,0.0010082,0.0,0.0010082,0.0,0.0,0.0,0.0,0.001,0.0,0.0,0.0,2.154e-10,0.0,0.0,0.0,0.0,2.154e-10,0.001,0.0
24447905.0,4995000000.0,5000000.0,5.0,0.0,0.0487,0.0487,0.0487,0.0487,2.2307,0.1644,0.00021333,0.1644,2.2307,0.0014303,0.00021333,0.0014303,0.0,0.0,0.0,0.0,4.642e-05,0.0,0.0,0.0,0.001,0.0,0.0,0.0,0.0,0.001,4.642e-05,0.0
24444953.0,4995000000.0,5000000.0,5.0,0.0,0.0487,0.0487,0.0487,0.0487,2.2307,0.044614,2.2307e-05,0.044614,2.2307,0.0,2.2307e-05,0.0,0.0,0.0,0.0,0.0,2.154e-06,0.0,0.0,0.0,2.154e-10,0.0,0.0,0.0,0.0,2.154e-10,2.154e-06,0.0
24445943.0,4995000000.0,5000000.0,5.0,0.0,0.0487,0.0487,0.0487,0.0487,2.2307,0.044614,0.0020402,0.044614,2.2307,0.035691,0.0020402,0.035691,0.0,0.0,0.0,0.0,4.642e-05,0.0,0.0,0.0,2.154e-06,0.0,0.0,0.0,0.0,2.154e-06,4.642e-05,0.0
24442492.0,4995000000.0,5000000.0,5.0,0.0,0.0487,0.0487,0.0487,0.0487,2.2307,0.012046,0.0,0.012046,2.2307,0.0096365,0.0,0.0096365,0.0,0.0,0.0,0.0,4.642e-09,0.0,0.0,0.0,2.154e-06,0.0,0.0,0.0,0.0,2.154e-06,4.642e-09,0.0
24444936.0,4995000000.0,5000000.0,5.0,0.0,0.0487,0.0487,0.0487,0.0487,2.2307,0.044614,2.2307e-05,0.044614,2.2307,0.0,2.2307e-05,0.0,0.0,0.0,0.0,0.0,2.154e-10,0.0,0.0,0.0,4.642e-05,0.0,0.0,0.0,0.0,4.642e-05,2.154e-10,0.0
24445545.0,4995000000.0,5000000.0,5.0,0.0,0.0487,0.0487,0.0487,0.0487,2.2307,0.044614,0.00021333,0.044614,2.2307,0.0037342,0.00021333,0.0037342,0.0,0.0,0.0,0.0,2.154e-06,0.0,0.0,0.0,4.642e-05,0.0,0.0,0.0,0.0,4.642e-05,2.154e-06,0.0
24443743.0,4995000000.0,5000000.0,5.0,0.0,0.0487,0.0487,0.0487,0.0487,2.2307,0.012046,0.019407,0.012046,2.2307,1.1017e-05,0.019407,1.1017e-05,0.0,0.0,0.0,0.0,0.001,0.0,0.0,0.0,4.642e-09,0.0,0.0,0.0,0.0,4.642e-09,0.001,0.0
24442459.0,4995000000.0,5000000.0,5.0,0.0,0.0487,0.0487,0.0487,0.0487,2.2307,0.012046,0.0,0.012046,2.2307,0.0010082,0.0,0.0010082,0.0,0.0,0.0,0.0,2.154e-06,0.0,0.0,0.0,0.001,0.0,0.0,0.0,0.0,0.001,2.154e-06,0.0
24443413.0,4995000000.0,5000000.0,5.0,0.0,0.0487,0.0487,0.0487,0.0487,2.2307,0.012046,0.0020402,0.012046,2.2307,0.0001048,0.0020402,0.0001048,0.0,0.0,0.0,0.0,2.154e-10,0.0,0.0,0.0,2.154e-10,0.0,0.0,0.0,0.0,2.154e-10,2.154e-10,0.0
24442909.0,4995000000.0,5000000.0,5.0,0.0,0.0487,0.0487,0.0487,0.0487,2.2307,0.012046,0.00021333,0.012046,2.2307,0.0,0.00021333,0.0,0.0,0.0,0.0,0.0,0.001,0.0,0.0,0.0,2.154e-10,0.0,0.0,0.0,0.0,2.154e-10,0.001,0.0
24443553.0,4995000000.0,5000000.0,5.0,0.0,0.0487,0.0487,0.0487,0.0487,2.2307,0.012046,0.019407,0.012046,2.2307,0.0,0.019407,0.0,0.0,0.0,0.0,0.0,1e-11,0.0,0.0,0.0,2.154e-10,0.0,0.0,0.0,0.0,2.154e-10,1e-11,0.0
24444590.0,4995000000.0,5000000.0,5.0,0.0,0.0487,0.0487,0.0487,0.0487,2.2307,0.044614,0.0,0.044614,2.2307,0.0,0.0,0.0,0.0,0.0,0.0,0.0,2.154e-10,0.0,0.0,0.0,4.642e-09,0.0,0.0,0.0,0.0,4.642e-09,2.154e-10,0.0
24443564.0,4995000000.0,5000000.0,5.0,0.0,0.0487,0.0487,0.0487,0.0487,2.2307,0.012046,0.019407,0.012046,2.2307,0.0,0.019407,0.0,0.0,0.0,0.0,0.0,2.154e-10,0.0,0.0,0.0,4.642e-05,0.0,0.0,0.0,0.0,4.642e-05,2.154e-10,0.0
24445624.0,4995000000.0,5000000.0,5.0,0.0,0.0487,0.0487,0.0487,0.0487,2.2307,0.044614,0.0020402,0.044614,2.2307,0.0,0.0020402,0.0,0.0,0.0,0.0,0.0,4.642e-09,0.0,0.0,0.0,1e-11,0.0,0.0,0.0,0.0,1e-11,4.642e-09,0.0
24447204.0,4995000000.0,5000000.0,5.0,0.0,0.0487,0.0487,0.0487,0.0487,2.2307,0.1644,0.0,0.1644,2.2307,0.0014303,0.0,0.0014303,0.0,0.0,0.0,0.0,1e-07,0.0,0.0,0.0,4.642e-05,0.0,0.0,0.0,0.0,4.642e-05,1e-07,0.0
24446139.0,4995000000.0,5000000.0,5.0,0.0,0.0487,0.0487,0.0487,0.0487,2.2307,0.044614,0.019407,0.044614,2.2307,4.0804e-05,0.019407,4.0804e-05,0.0,0.0,0.0,0.0,4.642e-05,0.0,0.0,0.0,2.154e-06,0.0,0.0,0.0,0.0,2.154e-06,4.642e-05,0.0
24446120.0,4995000000.0,5000000.0,5.0,0.0,0.0487,0.0487,0.0487,0.0487,2.2307,0.044614,0.019407,0.044614,2.2307,4.0804e-05,0.019407,4.0804e-05,0.0,0.0,0.0,0.0,4.642e-09,0.0,0.0,0.0,0.001,0.0,0.0,0.0,0.0,0.001,4.642e-09,0.0
24445872.0,4995000000.0,5000000.0,5.0,0.0,0.0487,0.0487,0.0487,0.0487,2.2307,0.044614,0.0020402,0.044614,2.2307,0.0037342,0.0020402,0.0037342,0.0,0.0,0.0,0.0,4.642e-09,0.0,0.0,0.0,1e-07,0.0,0.0,0.0,0.0,1e-07,4.642e-09,0.0
24442573.0,4995000000.0,5000000.0,5.0,0.0,0.0487,0.0487,0.0487,0.0487,2.2307,0.012046,2.2307e-05,0.012046,2.2307,1.2046e-07,2.2307e-05,1.2046e-07,0.0,0.0,0.0,0.0,1e-11,0.0,0.0,0.0,2.154e-10,0.0,0.0,0.0,0.0,2.154e-10,1e-11,0.0
24449408.0,4995000000.0,5000000.0,5.0,0.0,0.0487,0.0487,0.0487,0.0487,2.2307,0.60541,0.0,0.60541,2.2307,0.0,0.0,0.0,0.0,0.0,0.0,0.0,1e-07,0.0,0.0,0.0,2.154e-06,0.0,0.0,0.0,0.0,2.154e-06,1e-07,0.0
24445076.0,4995000000.0,5000000.0,5.0,0.0,0.0487,0.0487,0.0487,0.0487,2.2307,0.044614,2.2307e-05,0.044614,2.2307,4.0804e-05,2.2307e-05,4.0804e-05,0.0,0.0,0.0,0.0,1e-11,0.0,0.0,0.0,4.642e-05,0.0,0.0,0.0,0.0,4.642e-05,1e-11,0.0
24442358.0,4995000000.0,5000000.0,5.0,0.0,0.0487,0.0487,0.0487,0.0487,2.2307,0.012046,0.0,0.012046,2.2307,1.1017e-05,0.0,1.1017e-05,0.0,0.0,0.0,0.0,2.154e-06,0.0,0.0,0.0,1e-07,0.0,0.0,0.0,0.0,1e-07,2.154e-06,0.0
24442234.0,4995000000.0,5000000.0,5.0,0.0,0.0487,0.0487,0.0487,0.0487,2.2307,0.012046,0.0,0.012046,2.2307,1.2046e-07,0.0,1.2046e-07,0.0,0.0,0.0,0.0,1e-11,0.0,0.0,0.0,4.642e-05,0.0,0.0,0.0,0.0,4.642e-05,1e-11,0.0
24445946.0,4995000000.0,5000000.0,5.0,0.0,0.0487,0.0487,0.0487,0.0487,2.2307,0.044614,0.0020402,0.044614,2.2307,0.035691,0.0020402,0.035691,0.0,0.0,0.0,0.0,0.001,0.0,0.0,0.0,1e-11,0.0,0.0,0.0,0.0,1e-11,0.001,0.0
24446184.0,4995000000.0,5000000.0,5.0,0.0,0.0487,0.0487,0.0487,0.0487,2.2307,0.044614,0.019407,0.044614,2.2307,0.00038814,0.019407,0.00038814,0.0,0.0,0.0,0.0,4.642e-05,0.0,0.0,0.0,1e-11,0.0,0.0,0.0,0.0,1e-11,4.642e-05,0.0
24443249.0,4995000000.0,5000000.0,5.0,0.0,0.0487,0.0487,0.0487,0.0487,2.2307,0.012046,0.0020402,0.012046,2.2307,0.0,0.0020402,0.0,0.0,0.0,0.0,0.0,4.642e-05,0.0,0.0,0.0,4.642e-05,0.0,0.0,0.0,0.0,4.642e-05,4.642e-05,0.0
24445812.0,4995000000.0,5000000.0,5.0,0.0,0.0487,0.0487,0.0487,0.0487,2.2307,0.044614,0.0020402,0.044614,2.2307,0.00038814,0.0020402,0.00038814,0.0,0.0,0.0,0.0,1e-11,0.0,0.0,0.0,0.001,0.0,0.0,0.0,0.0,0.001,1e-11,0.0
24442241.0,4995000000.0,5000000.0,5.0,0.0,0.0487,0.0487,0.0487,0.0487,2.2307,0.012046,0.0,0.012046,2.2307,1.2046e-07,0.0,1.2046e-07,0.0,0.0,0.0,0.0,2.154e-10,0.0,0.0,0.0,4.642e-05,0.0,0.0,0.0,0.0,4.642e-05,2.154e-10,0.0
24443091.0,4995000000.0,5000000.0,5.0,0.0,0.0487,0.0487,0.0487,0.0487,2.2307,0.012046,0.00021333,0.012046,2.2307,0.0001048,0.00021333,0.0001048,0.0,0.0,0.0,0.0,2.154e-06,0.0,0.0,0.0,2.154e-10,0.0,0.0,0.0,0.0,2.154e-10,2.154e-06,0.0
24445971.0,4995000000.0,5000000.0,5.0,0.0,0.0487,0.0487,0.0487,0.0487,2.2307,0.044614,0.019407,0.044614,2.2307,0.0,0.019407,0.0,0.0,0.0,0.0,0.0,4.642e-09,0.0,0.0,0.0,2.154e-06,0.0,0.0,0.0,0.0,2.154e-06,4.642e-09,0.0
24443383.0,4995000000.0,5000000.0,5.0,0.0,0.0487,0.0487,0.0487,0.0487,2.2307,0.012046,0.0020402,0.012046,2.2307,1.1017e-05,0.0020402,1.1017e-05,0.0,0.0,0.0,0.0,1e-07,0.0,0.0,0.0,0.001,0.0,0.0,0.0,0.0,0.001,1e-07,0.0
24447474.0,4995000000.0,5000000.0,5.0,0.0,0.0487,0.0487,0.0487,0.0487,2.2307,0.1644,2.2307e-05,0.1644,2.2307,0.00015036,2.2307e-05,0.00015036,0.0,0.0,0.0,0.0,1e-11,0.0,0.0,0.0,4.642e-09,0.0,0.0,0.0,0.0,4.642e-09,1e-11,0.0
24444677.0,4995000000.0,5000000.0,5.0,0.0,0.0487,0.0487,0.0487,0.0487,2.2307,0.044614,0.0,0.044614,2.2307,4.4614e-07,0.0,4.4614e-07,0.0,0.0,0.0,0.0,0.001,0.0,0.0,0.0,4.642e-05,0.0,0.0,0.0,0.0,4.642e-05,0.001,0.0
24443265.0,4995000000.0,5000000.0,5.0,0.0,0.0487,0.0487,0.0487,0.0487,2.2307,0.012046,0.0020402,0.012046,2.2307,1.2046e-07,0.0020402,1.2046e-07,0.0,0.0,0.0,0.0,2.154e-10,0.0,0.0,0.0,1e-11,0.0,0.0,0.0,0.0,1e-11,2.154e-10,0.0
24442302.0,4995000000.0,5000000.0,5.0,0.0,0.0487,0.0487,0.0487,0.0487,2.2307,0.012046,0.0,0.012046,2.2307,1.152e-06,0.0,1.152e-06,0.0,0.0,0.0,0.0,1e-07,0.0,0.0,0.0,1e-07,0.0,0.0,0.0,0.0,1e-07,1e-07,0.0
24446068.0,4995000000.0,5000000.0,5.0,0.0,0.0487,0.0487,0.0487,0.0487,2.2307,0.044614,0.019407,0.044614,2.2307,4.2666e-06,0.019407,4.2666e-06,0.0,0.0,0.0,0.0,4.642e-09,0.0,0.0,0.0,1e-07,0.0,0.0,0.0,0.0,1e-07,4.642e-09,0.0
24446278.0,4995000000.0,5000000.0,5.0,0.0,0.0487,0.0487,0.0487,0.0487,2.2307,0.044614,0.019407,0.044614,2.2307,0.035691,0.019407,0.035691,0.0,0.0,0.0,0.0,2.154e-06,0.0,0.0,0.0,1e-07,0.0,0.0,0.0,0.0,1e-07,2.154e-06,0.0
24442818.0,4995000000.0,5000000.0,5.0,0.0,0.0487,0.0487,0.0487,0.0487,2.2307,0.012046,2.2307e-05,0.012046,2.2307,0.0096365,2.2307e-05,0.0096365,0.0,0.0,0.0,0.0,1e-11,0.0,0.0,0.0,2.154e-10,0.0,0.0,0.0,0.0,2.154e-10,1e-11,0.0
24447882.0,4995000000.0,5000000.0,5.0,0.0,0.0487,0.0487,0.0487,0.0487,2.2307,0.1644,0.00021333,0.1644,2.2307,0.0014303,0.00021333,0.0014303,0.0,0.0,0.0,0.0,4.642e-09,0.0,0.0,0.0,2.154e-06,0.0,0.0,0.0,0.0,2.154e-06,4.642e-09,0.0
24442578.0,4995000000.0,5000000.0,5.0,0.0,0.0487,0.0487,0.0487,0.0487,2.2307,0.012046,2.2307e-05,0.012046,2.2307,1.2046e-07,2.2307e-05,1.2046e-07,0.0,0.0,0.0,0.0,1e-11,0.0,0.0,0.0,0.001,0.0,0.0,0.0,0.0,0.001,1e-11,0.0
24447825.0,4995000000.0,5000000.0,5.0,0.0,0.0487,0.0487,0.0487,0.0487,2.2307,0.1644,0.00021333,0.1644,2.2307,0.00015036,0.00021333,0.00015036,0.0,0.0,0.0,0.0,2.154e-10,0.0,0.0,0.0,1e-07,0.0,0.0,0.0,0.0,1e-07,2.154e-10,0.0
24446160.0,4995000000.0,5000000.0,5.0,0.0,0.0487,0.0487,0.0487,0.0487,2.2307,0.044614,0.019407,0.044614,2.2307,0.00038814,0.019407,0.00038814,0.0,0.0,0.0,0.0,2.154e-10,0.0,0.0,0.0,2.154e-06,0.0,0.0,0.0,0.0,2.154e-06,2.154e-10,0.0
24444734.0,4995000000.0,5000000.0,5.0,0.0,0.0487,0.0487,0.0487,0.0487,2.2307,0.044614,0.0,0.044614,2.2307,4.0804e-05,0.0,4.0804e-05,0.0,0.0,0.0,0.0,1e-11,0.0,0.0,0.0,0.001,0.0,0.0,0.0,0.0,0.001,1e-11,0.0
24447376.0,4995000000.0,5000000.0,5.0,0.0,0.0487,0.0487,0.0487,0.0487,2.2307,0.1644,2.2307e-05,0.1644,2.2307,1.644e-06,2.2307e-05,1.644e-06,0.0,0.0,0.0,0.0,1e-11,0.0,0.0,0.0,4.642e-09,0.0,0.0,0.0,0.0,4.642e-09,1e-11,0.0
24443555.0,4995000000.0,5000000.0,5.0,0.0,0.0487,0.0487,0.0487,0.0487,2.2307,0.012046,0.019407,0.012046,2.2307,0.0,0.019407,0.0,0.0,0.0,0.0,0.0,1e-11,0.0,0.0,0.0,1e-07,0.0,0.0,0.0,0.0,1e-07,1e-11,0.0
24445831.0,4995000000.0,5000000.0,5.0,0.0,0.0487,0.0487,0.0487,0.0487,2.2307,0.044614,0.0020402,0.044614,2.2307,0.00038814,0.0020402,0.00038814,0.0,0.0,0.0,0.0,1e-07,0.0,0.0,0.0,2.154e-06,0.0,0.0,0.0,0.0,2.154e-06,1e-07,0.0
24447712.0,4995000000.0,5000000.0,5.0,0.0,0.0487,0.0487,0.0487,0.0487,2.2307,0.1644,0.00021333,0.1644,2.2307,0.0,0.00021333,0.0,0.0,0.0,0.0,0.0,0.001,0.0,0.0,0.0,4.642e-09,0.0,0.0,0.0,0.0,4.642e-09,0.001,0.0
24445726.0,4995000000.0,5000000.0,5.0,0.0,0.0487,0.0487,0.0487,0.0487,2.2307,0.044614,0.0020402,0.044614,2.2307,4.2666e-06,0.0020402,4.2666e-06,0.0,0.0,0.0,0.0,4.642e-09,0.0,0.0,0.0,2.154e-06,0.0,0.0,0.0,0.0,2.154e-06,4.642e-09,0.0
24445445.0,4995000000.0,5000000.0,5.0,0.0,0.0487,0.0487,0.0487,0.0487,2.2307,0.044614,0.00021333,0.044614,2.2307,4.0804e-05,0.00021333,4.0804e-05,0.0,0.0,0.0,0.0,2.154e-06,0.0,0.0,0.0,1e-07,0.0,0.0,0.0,0.0,1e-07,2.154e-06,0.0
24444921.0,4995000000.0,5000000.0,5.0,0.0,0.0487,0.0487,0.0487,0.0487,2.2307,0.044614,0.0,0.044614,2.2307,0.035691,0.0,0.035691,0.0,0.0,0.0,0.0,0.001,0.0,0.0,0.0,2.154e-06,0.0,0.0,0.0,0.0,2.154e-06,0.001,0.0
24445253.0,4995000000.0,5000000.0,5.0,0.0,0.0487,0.0487,0.0487,0.0487,2.2307,0.044614,2.2307e-05,0.044614,2.2307,0.035691,2.2307e-05,0.035691,0.0,0.0,0.0,0.0,4.642e-05,0.0,0.0,0.0,1e-11,0.0,0.0,0.0,0.0,1e-11,4.642e-05,0.0
24442723.0,4995000000.0,5000000.0,5.0,0.0,0.0487,0.0487,0.0487,0.0487,2.2307,0.012046,2.2307e-05,0.012046,2.2307,0.0001048,2.2307e-05,0.0001048,0.0,0.0,0.0,0.0,1e-11,0.0,0.0,0.0,2.154e-06,0.0,0.0,0.0,0.0,2.154e-06,1e-11,0.0
24443859.0,4995000000.0,5000000.0,5.0,0.0,0.0487,0.0487,0.0487,0.0487,2.2307,0.012046,0.019407,0.012046,2.2307,0.0096365,0.019407,0.0096365,0.0,0.0,0.0,0.0,2.154e-10,0.0,0.0,0.0,0.001,0.0,0.0,0.0,0.0,0.001,2.154e-10,0.0
24442965.0,4995000000.0,5000000.0,5.0,0.0,0.0487,0.0487,0.0487,0.0487,2.2307,0.012046,0.00021333,0.012046,2.2307,1.152e-06,0.00021333,1.152e-06,0.0,0.0,0.0,0.0,1e-11,0.0,0.0,0.0,2.154e-10,0.0,0.0,0.0,0.0,2.154e-10,1e-11,0.0
24449920.0,4995000000.0,5000000.0,5.0,0.0,0.0487,0.0487,0.0487,0.0487,2.2307,0.60541,2.2307e-05,0.60541,2.2307,0.00055371,2.2307e-05,0.00055371,0.0,0.0,0.0,0.0,0.001,0.0,0.0,0.0,4.642e-05,0.0,0.0,0.0,0.0,4.642e-05,0.001,0.0
24443293.0,4995000000.0,5000000.0,5.0,0.0,0.0487,0.0487,0.0487,0.0487,2.2307,0.012046,0.0020402,0.012046,2.2307,1.2046e-07,0.0020402,1.2046e-07,0.0,0.0,0.0,0.0,4.642e-05,0.0,0.0,0.0,1e-11,0.0,0.0,0.0,0.0,1e-11,4.642e-05,0.0
24442189.0,4995000000.0,5000000.0,5.0,0.0,0.0487,0.0487,0.0487,0.0487,2.2307,0.012046,0.0,0.012046,2.2307,0.0,0.0,0.0,0.0,0.0,0.0,0.0,2.154e-10,0.0,0.0,0.0,4.642e-09,0.0,0.0,0.0,0.0,4.642e-09,2.154e-10,0.0
24446084.0,4995000000.0,5000000.0,5.0,0.0,0.0487,0.0487,0.0487,0.0487,2.2307,0.044614,0.019407,0.044614,2.2307,4.2666e-06,0.019407,4.2666e-06,0.0,0.0,0.0,0.0,2.154e-06,0.0,0.0,0.0,4.642e-05,0.0,0.0,0.0,0.0,4.642e-05,2.154e-06,0.0
24447554.0,4995000000.0,5000000.0,5.0,0.0,0.0487,0.0487,0.0487,0.0487,2.2307,0.1644,2.2307e-05,0.1644,2.2307,0.0014303,2.2307e-05,0.0014303,0.0,0.0,0.0,0.0,2.154e-06,0.0,0.0,0.0,4.642e-05,0.0,0.0,0.0,0.0,4.642e-05,2.154e-06,0.0
24444950.0,4995000000.0,5000000.0,5.0,0.0,0.0487,0.0487,0.0487,0.0487,2.2307,0.044614,2.2307e-05,0.044614,2.2307,0.0,2.2307e-05,0.0,0.0,0.0,0.0,0.0,1e-07,0.0,0.0,0.0,4.642e-05,0.0,0.0,0.0,0.0,4.642e-05,1e-07,0.0
24447482.0,4995000000.0,5000000.0,5.0,0.0,0.0487,0.0487,0.0487,0.0487,2.2307,0.1644,2.2307e-05,0.1644,2.2307,0.00015036,2.2307e-05,0.00015036,0.0,0.0,0.0,0.0,2.154e-10,0.0,0.0,0.0,1e-07,0.0,0.0,0.0,0.0,1e-07,2.154e-10,0.0
24442364.0,4995000000.0,5000000.0,5.0,0.0,0.0487,0.0487,0.0487,0.0487,2.2307,0.012046,0.0,0.012046,2.2307,1.1017e-05,0.0,1.1017e-05,0.0,0.0,0.0,0.0,4.642e-05,0.0,0.0,0.0,4.642e-09,0.0,0.0,0.0,0.0,4.642e-09,4.642e-05,0.0
24444983.0,4995000000.0,5000000.0,5.0,0.0,0.0487,0.0487,0.0487,0.0487,2.2307,0.044614,2.2307e-05,0.044614,2.2307,4.4614e-07,2.2307e-05,4.4614e-07,0.0,0.0,0.0,0.0,2.154e-10,0.0,0.0,0.0,1e-07,0.0,0.0,0.0,0.0,1e-07,2.154e-10,0.0
24447363.0,4995000000.0,5000000.0,5.0,0.0,0.0487,0.0487,0.0487,0.0487,2.2307,0.1644,2.2307e-05,0.1644,2.2307,0.0,2.2307e-05,0.0,0.0,0.0,0.0,0.0,4.642e-05,0.0,0.0,0.0,1e-07,0.0,0.0,0.0,0.0,1e-07,4.642e-05,0.0
24442936.0,4995000000.0,5000000.0,5.0,0.0,0.0487,0.0487,0.0487,0.0487,2.2307,0.012046,0.00021333,0.012046,2.2307,1.2046e-07,0.00021333,1.2046e-07,0.0,0.0,0.0,0.0,1e-07,0.0,0.0,0.0,1e-11,0.0,0.0,0.0,0.0,1e-11,1e-07,0.0
24444835.0,4995000000.0,5000000.0,5.0,0.0,0.0487,0.0487,0.0487,0.0487,2.2307,0.044614,0.0,0.044614,2.2307,0.0037342,0.0,0.0037342,0.0,0.0,0.0,0.0,2.154e-10,0.0,0.0,0.0,4.642e-09,0.0,0.0,0.0,0.0,4.642e-09,2.154e-10,0.0
24443578.0,4995000000.0,5000000.0,5.0,0.0,0.0487,0.0487,0.0487,0.0487,2.2307,0.012046,0.019407,0.012046,2.2307,0.0,0.019407,0.0,0.0,0.0,0.0,0.0,1e-07,0.0,0.0,0.0,4.642e-05,0.0,0.0,0.0,0.0,4.642e-05,1e-07,0.0
24445675.0,4995000000.0,5000000.0,5.0,0.0,0.0487,0.0487,0.0487,0.0487,2.2307,0.044614,0.0020402,0.044614,2.2307,4.4614e-07,0.0020402,4.4614e-07,0.0,0.0,0.0,0.0,4.642e-09,0.0,0.0,0.0,4.642e-09,0.0,0.0,0.0,0.0,4.642e-09,4.642e-09,0.0
24449931.0,4995000000.0,5000000.0,5.0,0.0,0.0487,0.0487,0.0487,0.0487,2.2307,0.60541,2.2307e-05,0.60541,2.2307,0.005267,2.2307e-05,0.005267,0.0,0.0,0.0,0.0,2.154e-10,0.0,0.0,0.0,4.642e-09,0.0,0.0,0.0,0.0,4.642e-09,2.154e-10,0.0
24447946.0,4995000000.0,5000000.0,5.0,0.0,0.0487,0.0487,0.0487,0.0487,2.2307,0.1644,0.00021333,0.1644,2.2307,0.01376,0.00021333,0.01376,0.0,0.0,0.0,0.0,2.154e-06,0.0,0.0,0.0,4.642e-05,0.0,0.0,0.0,0.0,4.642e-05,2.154e-06,0.0
24447777.0,4995000000.0,5000000.0,5.0,0.0,0.0487,0.0487,0.0487,0.0487,2.2307,0.1644,0.00021333,0.1644,2.2307,1.5722e-05,0.00021333,1.5722e-05,0.0,0.0,0.0,0.0,2.154e-10,0.0,0.0,0.0,2.154e-06,0.0,0.0,0.0,0.0,2.154e-06,2.154e-10,0.0
24446268.0,4995000000.0,5000000.0,5.0,0.0,0.0487,0.0487,0.0487,0.0487,2.2307,0.044614,0.019407,0.044614,2.2307,0.035691,0.019407,0.035691,0.0,0.0,0.0,0.0,1e-07,0.0,0.0,0.0,1e-11,0.0,0.0,0.0,0.0,1e-11,1e-07,0.0
24444797.0,4995000000.0,5000000.0,5.0,0.0,0.0487,0.0487,0.0487,0.0487,2.2307,0.044614,0.0,0.044614,2.2307,0.00038814,0.0,0.00038814,0.0,0.0,0.0,0.0,4.642e-09,0.0,0.0,0.0,0.001,0.0,0.0,0.0,0.0,0.001,4.642e-09,0.0
24447014.0,4995000000.0,5000000.0,5.0,0.0,0.0487,0.0487,0.0487,0.0487,2.2307,0.1644,0.0,0.1644,2.2307,0.0,0.0,0.0,0.0,0.0,0.0,0.0,2.154e-06,0.0,0.0,0.0,2.154e-06,0.0,0.0,0.0,0.0,2.154e-06,2.154e-06,0.0
24444914.0,4995000000.0,5000000.0,5.0,0.0,0.0487,0.0487,0.0487,0.0487,2.2307,0.044614,0.0,0.044614,2.2307,0.035691,0.0,0.035691,0.0,0.0,0.0,0.0,4.642e-05,0.0,0.0,0.0,2.154e-06,0.0,0.0,0.0,0.0,2.154e-06,4.642e-05,0.0
24442265.0,4995000000.0,5000000.0,5.0,0.0,0.0487,0.0487,0.0487,0.0487,2.2307,0.012046,0.0,0.012046,2.2307,1.2046e-07,0.0,1.2046e-07,0.0,0.0,0.0,0.0,4.642e-05,0.0,0.0,0.0,2.154e-10,0.0,0.0,0.0,0.0,2.154e-10,4.642e-05,0.0
24443222.0,4995000000.0,5000000.0,5.0,0.0,0.0487,0.0487,0.0487,0.0487,2.2307,0.012046,0.0020402,0.012046,2.2307,0.0,0.0020402,0.0,0.0,0.0,0.0,0.0,2.154e-10,0.0,0.0,0.0,0.001,0.0,0.0,0.0,0.0,0.001,2.154e-10,0.0
24448156.0,4995000000.0,5000000.0,5.0,0.0,0.0487,0.0487,0.0487,0.0487,2.2307,0.1644,0.0020402,0.1644,2.2307,1.5722e-05,0.0020402,1.5722e-05,0.0,0.0,0.0,0.0,0.001,0.0,0.0,0.0,4.642e-05,0.0,0.0,0.0,0.0,4.642e-05,0.001,0.0
24449816.0,4995000000.0,5000000.0,5.0,0.0,0.0487,0.0487,0.0487,0.0487,2.2307,0.60541,2.2307e-05,0.60541,2.2307,6.0541e-06,2.2307e-05,6.0541e-06,0.0,0.0,0.0,0.0,4.642e-05,0.0,0.0,0.0,0.001,0.0,0.0,0.0,0.0,0.001,4.642e-05,0.0
24443862.0,4995000000.0,5000000.0,5.0,0.0,0.0487,0.0487,0.0487,0.0487,2.2307,0.012046,0.019407,0.012046,2.2307,0.0096365,0.019407,0.0096365,0.0,0.0,0.0,0.0,4.642e-09,0.0,0.0,0.0,4.642e-09,0.0,0.0,0.0,0.0,4.642e-09,4.642e-09,0.0
24445123.0,4995000000.0,5000000.0,5.0,0.0,0.0487,0.0487,0.0487,0.0487,2.2307,0.044614,2.2307e-05,0.044614,2.2307,0.00038814,2.2307e-05,0.00038814,0.0,0.0,0.0,0.0,1e-11,0.0,0.0,0.0,1e-07,0.0,0.0,0.0,0.0,1e-07,1e-11,0.0
24447119.0,4995000000.0,5000000.0,5.0,0.0,0.0487,0.0487,0.0487,0.0487,2.2307,0.1644,0.0,0.1644,2.2307,1.5722e-05,0.0,1.5722e-05,0.0,0.0,0.0,0.0,4.642e-05,0.0,0.0,0.0,2.154e-06,0.0,0.0,0.0,0.0,2.154e-06,4.642e-05,0.0
24443843.0,4995000000.0,5000000.0,5.0,0.0,0.0487,0.0487,0.0487,0.0487,2.2307,0.012046,0.019407,0.012046,2.2307,0.0010082,0.019407,0.0010082,0.0,0.0,0.0,0.0,0.001,0.0,0.0,0.0,2.154e-06,0.0,0.0,0.0,0.0,2.154e-06,0.001,0.0
24444837.0,4995000000.0,5000000.0,5.0,0.0,0.0487,0.0487,0.0487,0.0487,2.2307,0.044614,0.0,0.044614,2.2307,0.0037342,0.0,0.0037342,0.0,0.0,0.0,0.0,2.154e-10,0.0,0.0,0.0,2.154e-06,0.0,0.0,0.0,0.0,2.154e-06,2.154e-10,0.0
24444656.0,4995000000.0,5000000.0,5.0,0.0,0.0487,0.0487,0.0487,0.0487,2.2307,0.044614,0.0,0.044614,2.2307,4.4614e-07,0.0,4.4614e-07,0.0,0.0,0.0,0.0,1e-07,0.0,0.0,0.0,4.642e-05,0.0,0.0,0.0,0.0,4.642e-05,1e-07,0.0
24443394.0,4995000000.0,5000000.0,5.0,0.0,0.0487,0.0487,0.0487,0.0487,2.2307,0.012046,0.0020402,0.012046,2.2307,1.1017e-05,0.0020402,1.1017e-05,0.0,0.0,0.0,0.0,4.642e-05,0.0,0.0,0.0,1e-07,0.0,0.0,0.0,0.0,1e-07,4.642e-05,0.0
24449522.0,4995000000.0,5000000.0,5.0,0.0,0.0487,0.0487,0.0487,0.0487,2.2307,0.60541,0.0,0.60541,2.2307,5.7898e-05,0.0,5.7898e-05,0.0,0.0,0.0,0.0,4.642e-05,0.0,0.0,0.0,0.001,0.0,0.0,0.0,0.0,0.001,4.642e-05,0.0
24445193.0,4995000000.0,5000000.0,5.0,0.0,0.0487,0.0487,0.0487,0.0487,2.2307,0.044614,2.2307e-05,0.044614,2.2307,0.0037342,2.2307e-05,0.0037342,0.0,0.0,0.0,0.0,1e-07,0.0,0.0,0.0,1e-07,0.0,0.0,0.0,0.0,1e-07,1e-07,0.0
24442829.0,4995000000.0,5000000.0,5.0,0.0,0.0487,0.0487,0.0487,0.0487,2.2307,0.012046,2.2307e-05,0.012046,2.2307,0.0096365,2.2307e-05,0.0096365,0.0,0.0,0.0,0.0,2.154e-10,0.0,0.0,0.0,4.642e-05,0.0,0.0,0.0,0.0,4.642e-05,2.154e-10,0.0
24443839.0,4995000000.0,5000000.0,5.0,0.0,0.0487,0.0487,0.0487,0.0487,2.2307,0.012046,0.019407,0.012046,2.2307,0.0010082,0.019407,0.0010082,0.0,0.0,0.0,0.0,0.001,0.0,0.0,0.0,1e-11,0.0,0.0,0.0,0.0,1e-11,0.001,0.0
24444907.0,4995000000.0,5000000.0,5.0,0.0,0.0487,0.0487,0.0487,0.0487,2.2307,0.044614,0.0,0.044614,2.2307,0.035691,0.0,0.035691,0.0,0.0,0.0,0.0,2.154e-06,0.0,0.0,0.0,2.154e-06,0.0,0.0,0.0,0.0,2.154e-06,2.154e-06,0.0
24447721.0,4995000000.0,5000000.0,5.0,0.0,0.0487,0.0487,0.0487,0.0487,2.2307,0.1644,0.00021333,0.1644,2.2307,1.644e-06,0.00021333,1.644e-06,0.0,0.0,0.0,0.0,1e-11,0.0,0.0,0.0,2.154e-06,0.0,0.0,0.0,0.0,2.154e-06,1e-11,0.0
24442510.0,4995000000.0,5000000.0,5.0,0.0,0.0487,0.0487,0.0487,0.0487,2.2307,0.012046,0.0,0.012046,2.2307,0.0096365,0.0,0.0096365,0.0,0.0,0.0,0.0,4.642e-05,0.0,0.0,0.0,2.154e-10,0.0,0.0,0.0,0.0,2.154e-10,4.642e-05,0.0
24442259.0,4995000000.0,5000000.0,5.0,0.0,0.0487,0.0487,0.0487,0.0487,2.2307,0.012046,0.0,0.012046,2.2307,1.2046e-07,0.0,1.2046e-07,0.0,0.0,0.0,0.0,2.154e-06,0.0,0.0,0.0,4.642e-09,0.0,0.0,0.0,0.0,4.642e-09,2.154e-06,0.0
24444941.0,4995000000.0,5000000.0,5.0,0.0,0.0487,0.0487,0.0487,0.0487,2.2307,0.044614,2.2307e-05,0.044614,2.2307,0.0,2.2307e-05,0.0,0.0,0.0,0.0,0.0,4.642e-09,0.0,0.0,0.0,1e-07,0.0,0.0,0.0,0.0,1e-07,4.642e-09,0.0
24443358.0,4995000000.0,5000000.0,5.0,0.0,0.0487,0.0487,0.0487,0.0487,2.2307,0.012046,0.0020402,0.012046,2.2307,1.1017e-05,0.0020402,1.1017e-05,0.0,0.0,0.0,0.0,1e-11,0.0,0.0,0.0,4.642e-09,0.0,0.0,0.0,0.0,4.642e-09,1e-11,0.0
24442530.0,4995000000.0,5000000.0,5.0,0.0,0.0487,0.0487,0.0487,0.0487,2.2307,0.012046,2.2307e-05,0.012046,2.2307,0.0,2.2307e-05,0.0,0.0,0.0,0.0,0.0,2.154e-10,0.0,0.0,0.0,1e-11,0.0,0.0,0.0,0.0,1e-11,2.154e-10,0.0
24445778.0,4995000000.0,5000000.0,5.0,0.0,0.0487,0.0487,0.0487,0.0487,2.2307,0.044614,0.0020402,0.044614,2.2307,4.0804e-05,0.0020402,4.0804e-05,0.0,0.0,0.0,0.0,1e-07,0.0,0.0,0.0,1e-11,0.0,0.0,0.0,0.0,1e-11,1e-07,0.0
24444846.0,4995000000.0,5000000.0,5.0,0.0,0.0487,0.0487,0.0487,0.0487,2.2307,0.044614,0.0,0.044614,2.2307,0.0037342,0.0,0.0037342,0.0,0.0,0.0,0.0,4.642e-09,0.0,0.0,0.0,0.001,0.0,0.0,0.0,0.0,0.001,4.642e-09,0.0
24445014.0,4995000000.0,5000000.0,5.0,0.0,0.0487,0.0487,0.0487,0.0487,2.2307,0.044614,2.2307e-05,0.044614,2.2307,4.4614e-07,2.2307e-05,4.4614e-07,0.0,0.0,0.0,0.0,4.642e-05,0.0,0.0,0.0,0.001,0.0,0.0,0.0,0.0,0.001,4.642e-05,0.0
24449918.0,4995000000.0,5000000.0,5.0,0.0,0.0487,0.0487,0.0487,0.0487,2.2307,0.60541,2.2307e-05,0.60541,2.2307,0.00055371,2.2307e-05,0.00055371,0.0,0.0,0.0,0.0,0.001,0.0,0.0,0.0,1e-07,0.0,0.0,0.0,0.0,1e-07,0.001,0.0
24445576.0,4995000000.0,5000000.0,5.0,0.0,0.0487,0.0487,0.0487,0.0487,2.2307,0.044614,0.00021333,0.044614,2.2307,0.035691,0.00021333,0.035691,0.0,0.0,0.0,0.0,4.642e-09,0.0,0.0,0.0,2.154e-10,0.0,0.0,0.0,0.0,2.154e-10,4.642e-09,0.0
24449849.0,4995000000.0,5000000.0,5.0,0.0,0.0487,0.0487,0.0487,0.0487,2.2307,0.60541,2.2307e-05,0.60541,2.2307,5.7898e-05,2.2307e-05,5.7898e-05,0.0,0.0,0.0,0.0,1e-07,0.0,0.0,0.0,2.154e-06,0.0,0.0,0.0,0.0,2.154e-06,1e-07,0.0
24443181.0,4995000000.0,5000000.0,5.0,0.0,0.0487,0.0487,0.0487,0.0487,2.2307,0.012046,0.00021333,0.012046,2.2307,0.0096365,0.00021333,0.0096365,0.0,0.0,0.0,0.0,1e-07,0.0,0.0,0.0,1e-11,0.0,0.0,0.0,0.0,1e-11,1e-07,0.0
24445665.0,4995000000.0,5000000.0,5.0,0.0,0.0487,0.0487,0.0487,0.0487,2.2307,0.044614,0.0020402,0.044614,2.2307,4.4614e-07,0.0020402,4.4614e-07,0.0,0.0,0.0,0.0,1e-11,0.0,0.0,0.0,0.001,0.0,0.0,0.0,0.0,0.001,1e-11,0.0
24444973.0,4995000000.0,5000000.0,5.0,0.0,0.0487,0.0487,0.0487,0.0487,2.2307,0.044614,2.2307e-05,0.044614,2.2307,4.4614e-07,2.2307e-05,4.4614e-07,0.0,0.0,0.0,0.0,1e-11,0.0,0.0,0.0,1e-11,0.0,0.0,0.0,0.0,1e-11,1e-11,0.0
24442191.0,4995000000.0,5000000.0,5.0,0.0,0.0487,0.0487,0.0487,0.0487,2.2307,0.012046,0.0,0.012046,2.2307,0.0,0.0,0.0,0.0,0.0,0.0,0.0,2.154e-10,0.0,0.0,0.0,2.154e-06,0.0,0.0,0.0,0.0,2.154e-06,2.154e-10,0.0
24445200.0,4995000000.0,5000000.0,5.0,0.0,0.0487,0.0487,0.0487,0.0487,2.2307,0.044614,2.2307e-05,0.044614,2.2307,0.0037342,2.2307e-05,0.0037342,0.0,0.0,0.0,0.0,2.154e-06,0.0,0.0,0.0,1e-07,0.0,0.0,0.0,0.0,1e-07,2.154e-06,0.0
24445258.0,4995000000.0,5000000.0,5.0,0.0,0.0487,0.0487,0.0487,0.0487,2.2307,0.044614,2.2307e-05,0.044614,2.2307,0.035691,2.2307e-05,0.035691,0.0,0.0,0.0,0.0,4.642e-05,0.0,0.0,0.0,4.642e-05,0.0,0.0,0.0,0.0,4.642e-05,4.642e-05,0.0
24443062.0,4995000000.0,5000000.0,5.0,0.0,0.0487,0.0487,0.0487,0.0487,2.2307,0.012046,0.00021333,0.012046,2.2307,0.0001048,0.00021333,0.0001048,0.0,0.0,0.0,0.0,1e-11,0.0,0.0,0.0,1e-11,0.0,0.0,0.0,0.0,1e-11,1e-11,0.0
24442277.0,4995000000.0,5000000.0,5.0,0.0,0.0487,0.0487,0.0487,0.0487,2.2307,0.012046,0.0,0.012046,2.2307,1.2046e-07,0.0,1.2046e-07,0.0,0.0,0.0,0.0,0.001,0.0,0.0,0.0,0.001,0.0,0.0,0.0,0.0,0.001,0.001,0.0
24448597.0,4995000000.0,5000000.0,5.0,0.0,0.0487,0.0487,0.0487,0.0487,2.2307,0.1644,0.019407,0.1644,2.2307,0.0014303,0.019407,0.0014303,0.0,0.0,0.0,0.0,0.001,0.0,0.0,0.0,4.642e-05,0.0,0.0,0.0,0.0,4.642e-05,0.001,0.0
24443020.0,4995000000.0,5000000.0,5.0,0.0,0.0487,0.0487,0.0487,0.0487,2.2307,0.012046,0.00021333,0.012046,2.2307,1.1017e-05,0.00021333,1.1017e-05,0.0,0.0,0.0,0.0,2.154e-10,0.0,0.0,0.0,1e-11,0.0,0.0,0.0,0.0,1e-11,2.154e-10,0.0
24445764.0,4995000000.0,5000000.0,5.0,0.0,0.0487,0.0487,0.0487,0.0487,2.2307,0.044614,0.0020402,0.044614,2.2307,4.0804e-05,0.0020402,4.0804e-05,0.0,0.0,0.0,0.0,2.154e-10,0.0,0.0,0.0,1e-11,0.0,0.0,0.0,0.0,1e-11,2.154e-10,0.0
24447848.0,4995000000.0,5000000.0,5.0,0.0,0.0487,0.0487,0.0487,0.0487,2.2307,0.1644,0.00021333,0.1644,2.2307,0.00015036,0.00021333,0.00015036,0.0,0.0,0.0,0.0,2.154e-06,0.0,0.0,0.0,4.642e-05,0.0,0.0,0.0,0.0,4.642e-05,2.154e-06,0.0
24445378.0,4995000000.0,5000000.0,5.0,0.0,0.0487,0.0487,0.0487,0.0487,2.2307,0.044614,0.00021333,0.044614,2.2307,4.2666e-06,0.00021333,4.2666e-06,0.0,0.0,0.0,0.0,2.154e-10,0.0,0.0,0.0,0.001,0.0,0.0,0.0,0.0,0.001,2.154e-10,0.0
24445914.0,4995000000.0,5000000.0,5.0,0.0,0.0487,0.0487,0.0487,0.0487,2.2307,0.044614,0.0020402,0.044614,2.2307,0.035691,0.0020402,0.035691,0.0,0.0,0.0,0.0,2.154e-10,0.0,0.0,0.0,1e-07,0.0,0.0,0.0,0.0,1e-07,2.154e-10,0.0
24444637.0,4995000000.0,5000000.0,5.0,0.0,0.0487,0.0487,0.0487,0.0487,2.2307,0.044614,0.0,0.044614,2.2307,4.4614e-07,0.0,4.4614e-07,0.0,0.0,0.0,0.0,2.154e-10,0.0,0.0,0.0,1e-11,0.0,0.0,0.0,0.0,1e-11,2.154e-10,0.0
24447763.0,4995000000.0,5000000.0,5.0,0.0,0.0487,0.0487,0.0487,0.0487,2.2307,0.1644,0.00021333,0.1644,2.2307,1.644e-06,0.00021333,1.644e-06,0.0,0.0,0.0,0.0,0.001,0.0,0.0,0.0,2.154e-06,0.0,0.0,0.0,0.0,2.154e-06,0.001,0.0
24442825.0,4995000000.0,5000000.0,5.0,0.0,0.0487,0.0487,0.0487,0.0487,2.2307,0.012046,2.2307e-05,0.012046,2.2307,0.0096365,2.2307e-05,0.0096365,0.0,0.0,0.0,0.0,2.154e-10,0.0,0.0,0.0,2.154e-10,0.0,0.0,0.0,0.0,2.154e-10,2.154e-10,0.0
24443224.0,4995000000.0,5000000.0,5.0,0.0,0.0487,0.0487,0.0487,0.0487,2.2307,0.012046,0.0020402,0.012046,2.2307,0.0,0.0020402,0.0,0.0,0.0,0.0,0.0,4.642e-09,0.0,0.0,0.0,2.154e-10,0.0,0.0,0.0,0.0,2.154e-10,4.642e-09,0.0
24445099.0,4995000000.0,5000000.0,5.0,0.0,0.0487,0.0487,0.0487,0.0487,2.2307,0.044614,2.2307e-05,0.044614,2.2307,4.0804e-05,2.2307e-05,4.0804e-05,0.0,0.0,0.0,0.0,2.154e-06,0.0,0.0,0.0,1e-11,0.0,0.0,0.0,0.0,1e-11,2.154e-06,0.0
24442219.0,4995000000.0,5000000.0,5.0,0.0,0.0487,0.0487,0.0487,0.0487,2.2307,0.012046,0.0,0.012046,2.2307,0.0,0.0,0.0,0.0,0.0,0.0,0.0,4.642e-05,0.0,0.0,0.0,2.154e-06,0.0,0.0,0.0,0.0,2.154e-06,4.642e-05,0.0
24445989.0,4995000000.0,5000000.0,5.0,0.0,0.0487,0.0487,0.0487,0.0487,2.2307,0.044614,0.019407,0.044614,2.2307,0.0,0.019407,0.0,0.0,0.0,0.0,0.0,4.642e-05,0.0,0.0,0.0,2.154e-10,0.0,0.0,0.0,0.0,2.154e-10,4.642e-05,0.0
24443275.0,4995000000.0,5000000.0,5.0,0.0,0.0487,0.0487,0.0487,0.0487,2.2307,0.012046,0.0020402,0.012046,2.2307,1.2046e-07,0.0020402,1.2046e-07,0.0,0.0,0.0,0.0,4.642e-09,0.0,0.0,0.0,1e-07,0.0,0.0,0.0,0.0,1e-07,4.642e-09,0.0
24449805.0,4995000000.0,5000000.0,5.0,0.0,0.0487,0.0487,0.0487,0.0487,2.2307,0.60541,2.2307e-05,0.60541,2.2307,6.0541e-06,2.2307e-05,6.0541e-06,0.0,0.0,0.0,0.0,2.154e-06,0.0,0.0,0.0,4.642e-09,0.0,0.0,0.0,0.0,4.642e-09,2.154e-06,0.0
24445283.0,4995000000.0,5000000.0,5.0,0.0,0.0487,0.0487,0.0487,0.0487,2.2307,0.044614,0.00021333,0.044614,2.2307,0.0,0.00021333,0.0,0.0,0.0,0.0,0.0,4.642e-09,0.0,0.0,0.0,4.642e-09,0.0,0.0,0.0,0.0,4.642e-09,4.642e-09,0.0
24447365.0,4995000000.0,5000000.0,5.0,0.0,0.0487,0.0487,0.0487,0.0487,2.2307,0.1644,2.2307e-05,0.1644,2.2307,0.0,2.2307e-05,0.0,0.0,0.0,0.0,0.0,4.642e-05,0.0,0.0,0.0,4.642e-05,0.0,0.0,0.0,0.0,4.642e-05,4.642e-05,0.0
24445524.0,4995000000.0,5000000.0,5.0,0.0,0.0487,0.0487,0.0487,0.0487,2.2307,0.044614,0.00021333,0.044614,2.2307,0.0037342,0.00021333,0.0037342,0.0,0.0,0.0,0.0,2.154e-10,0.0,0.0,0.0,4.642e-05,0.0,0.0,0.0,0.0,4.642e-05,2.154e-10,0.0
24443745.0,4995000000.0,5000000.0,5.0,0.0,0.0487,0.0487,0.0487,0.0487,2.2307,0.012046,0.019407,0.012046,2.2307,1.1017e-05,0.019407,1.1017e-05,0.0,0.0,0.0,0.0,0.001,0.0,0.0,0.0,2.154e-06,0.0,0.0,0.0,0.0,2.154e-06,0.001,0.0
24443163.0,4995000000.0,5000000.0,5.0,0.0,0.0487,0.0487,0.0487,0.0487,2.2307,0.012046,0.00021333,0.012046,2.2307,0.0096365,0.00021333,0.0096365,0.0,0.0,0.0,0.0,1e-11,0.0,0.0,0.0,1e-07,0.0,0.0,0.0,0.0,1e-07,1e-11,0.0
24447807.0,4995000000.0,5000000.0,5.0,0.0,0.0487,0.0487,0.0487,0.0487,2.2307,0.1644,0.00021333,0.1644,2.2307,1.5722e-05,0.00021333,1.5722e-05,0.0,0.0,0.0,0.0,4.642e-05,0.0,0.0,0.0,0.001,0.0,0.0,0.0,0.0,0.001,4.642e-05,0.0
24443714.0,4995000000.0,5000000.0,5.0,0.0,0.0487,0.0487,0.0487,0.0487,2.2307,0.012046,0.019407,0.012046,2.2307,1.1017e-05,0.019407,1.1017e-05,0.0,0.0,0.0,0.0,4.642e-09,0.0,0.0,0.0,2.154e-10,0.0,0.0,0.0,0.0,2.154e-10,4.642e-09,0.0
24445038.0,4995000000.0,5000000.0,5.0,0.0,0.0487,0.0487,0.0487,0.0487,2.2307,0.044614,2.2307e-05,0.044614,2.2307,4.2666e-06,2.2307e-05,4.2666e-06,0.0,0.0,0.0,0.0,4.642e-09,0.0,0.0,0.0,4.642e-09,0.0,0.0,0.0,0.0,4.642e-09,4.642e-09,0.0
24446999.0,4995000000.0,5000000.0,5.0,0.0,0.0487,0.0487,0.0487,0.0487,2.2307,0.1644,0.0,0.1644,2.2307,0.0,0.0,0.0,0.0,0.0,0.0,0.0,4.642e-09,0.0,0.0,0.0,1e-07,0.0,0.0,0.0,0.0,1e-07,4.642e-09,0.0
24443490.0,4995000000.0,5000000.0,5.0,0.0,0.0487,0.0487,0.0487,0.0487,2.2307,0.012046,0.0020402,0.012046,2.2307,0.0010082,0.0020402,0.0010082,0.0,0.0,0.0,0.0,4.642e-05,0.0,0.0,0.0,2.154e-10,0.0,0.0,0.0,0.0,2.154e-10,4.642e-05,0.0
24443804.0,4995000000.0,5000000.0,5.0,0.0,0.0487,0.0487,0.0487,0.0487,2.2307,0.012046,0.019407,0.012046,2.2307,0.0010082,0.019407,0.0010082,0.0,0.0,0.0,0.0,2.154e-10,0.0,0.0,0.0,1e-11,0.0,0.0,0.0,0.0,1e-11,2.154e-10,0.0
24442837.0,4995000000.0,5000000.0,5.0,0.0,0.0487,0.0487,0.0487,0.0487,2.2307,0.012046,2.2307e-05,0.012046,2.2307,0.0096365,2.2307e-05,0.0096365,0.0,0.0,0.0,0.0,4.642e-09,0.0,0.0,0.0,0.001,0.0,0.0,0.0,0.0,0.001,4.642e-09,0.0
24442224.0,4995000000.0,5000000.0,5.0,0.0,0.0487,0.0487,0.0487,0.0487,2.2307,0.012046,0.0,0.012046,2.2307,0.0,0.0,0.0,0.0,0.0,0.0,0.0,0.001,0.0,0.0,0.0,4.642e-09,0.0,0.0,0.0,0.0,4.642e-09,0.001,0.0
24443569.0,4995000000.0,5000000.0,5.0,0.0,0.0487,0.0487,0.0487,0.0487,2.2307,0.012046,0.019407,0.012046,2.2307,0.0,0.019407,0.0,0.0,0.0,0.0,0.0,4.642e-09,0.0,0.0,0.0,1e-07,0.0,0.0,0.0,0.0,1e-07,4.642e-09,0.0
24445613.0,4995000000.0,5000000.0,5.0,0.0,0.0487,0.0487,0.0487,0.0487,2.2307,0.044614,0.0020402,0.044614,2.2307,0.0,0.0020402,0.0,0.0,0.0,0.0,0.0,1e-11,0.0,0.0,0.0,1e-07,0.0,0.0,0.0,0.0,1e-07,1e-11,0.0
24442916.0,4995000000.0,5000000.0,5.0,0.0,0.0487,0.0487,0.0487,0.0487,2.2307,0.012046,0.00021333,0.012046,2.2307,1.2046e-07,0.00021333,1.2046e-07,0.0,0.0,0.0,0.0,1e-11,0.0,0.0,0.0,2.154e-10,0.0,0.0,0.0,0.0,2.154e-10,1e-11,0.0
24444610.0,4995000000.0,5000000.0,5.0,0.0,0.0487,0.0487,0.0487,0.0487,2.2307,0.044614,0.0,0.044614,2.2307,0.0,0.0,0.0,0.0,0.0,0.0,0.0,2.154e-06,0.0,0.0,0.0,2.154e-10,0.0,0.0,0.0,0.0,2.154e-10,2.154e-06,0.0
24449739.0,4995000000.0,5000000.0,5.0,0.0,0.0487,0.0487,0.0487,0.0487,2.2307,0.60541,2.2307e-05,0.60541,2.2307,0.0,2.2307e-05,0.0,0.0,0.0,0.0,0.0,2.154e-10,0.0,0.0,0.0,0.001,0.0,0.0,0.0,0.0,0.001,2.154e-10,0.0
24443103.0,4995000000.0,5000000.0,5.0,0.0,0.0487,0.0487,0.0487,0.0487,2.2307,0.012046,0.00021333,0.012046,2.2307,0.0001048,0.00021333,0.0001048,0.0,0.0,0.0,0.0,4.642e-05,0.0,0.0,0.0,0.001,0.0,0.0,0.0,0.0,0.001,4.642e-05,0.0
24443124.0,4995000000.0,5000000.0,5.0,0.0,0.0487,0.0487,0.0487,0.0487,2.2307,0.012046,0.00021333,0.012046,2.2307,0.0010082,0.00021333,0.0010082,0.0,0.0,0.0,0.0,2.154e-10,0.0,0.0,0.0,0.001,0.0,0.0,0.0,0.0,0.001,2.154e-10,0.0
24447695.0,4995000000.0,5000000.0,5.0,0.0,0.0487,0.0487,0.0487,0.0487,2.2307,0.1644,0.00021333,0.1644,2.2307,0.0,0.00021333,0.0,0.0,0.0,0.0,0.0,1e-07,0.0,0.0,0.0,0.001,0.0,0.0,0.0,0.0,0.001,1e-07,0.0
24442851.0,4995000000.0,5000000.0,5.0,0.0,0.0487,0.0487,0.0487,0.0487,2.2307,0.012046,2.2307e-05,0.012046,2.2307,0.0096365,2.2307e-05,0.0096365,0.0,0.0,0.0,0.0,2.154e-06,0.0,0.0,0.0,0.001,0.0,0.0,0.0,0.0,0.001,2.154e-06,0.0
24442460.0,4995000000.0,5000000.0,5.0,0.0,0.0487,0.0487,0.0487,0.0487,2.2307,0.012046,0.0,0.012046,2.2307,0.0010082,0.0,0.0010082,0.0,0.0,0.0,0.0,4.642e-05,0.0,0.0,0.0,1e-11,0.0,0.0,0.0,0.0,1e-11,4.642e-05,0.0
24447344.0,4995000000.0,5000000.0,5.0,0.0,0.0487,0.0487,0.0487,0.0487,2.2307,0.1644,2.2307e-05,0.1644,2.2307,0.0,2.2307e-05,0.0,0.0,0.0,0.0,0.0,4.642e-09,0.0,0.0,0.0,4.642e-05,0.0,0.0,0.0,0.0,4.642e-05,4.642e-09,0.0
24442731.0,4995000000.0,5000000.0,5.0,0.0,0.0487,0.0487,0.0487,0.0487,2.2307,0.012046,2.2307e-05,0.012046,2.2307,0.0001048,2.2307e-05,0.0001048,0.0,0.0,0.0,0.0,2.154e-10,0.0,0.0,0.0,4.642e-05,0.0,0.0,0.0,0.0,4.642e-05,2.154e-10,0.0
24443760.0,4995000000.0,5000000.0,5.0,0.0,0.0487,0.0487,0.0487,0.0487,2.2307,0.012046,0.019407,0.012046,2.2307,0.0001048,0.019407,0.0001048,0.0,0.0,0.0,0.0,2.154e-10,0.0,0.0,0.0,4.642e-05,0.0,0.0,0.0,0.0,4.642e-05,2.154e-10,0.0
24443319.0,4995000000.0,5000000.0,5.0,0.0,0.0487,0.0487,0.0487,0.0487,2.2307,0.012046,0.0020402,0.012046,2.2307,1.152e-06,0.0020402,1.152e-06,0.0,0.0,0.0,0.0,2.154e-10,0.0,0.0,0.0,4.642e-05,0.0,0.0,0.0,0.0,4.642e-05,2.154e-10,0.0
24445670.0,4995000000.0,5000000.0,5.0,0.0,0.0487,0.0487,0.0487,0.0487,2.2307,0.044614,0.0020402,0.044614,2.2307,4.4614e-07,0.0020402,4.4614e-07,0.0,0.0,0.0,0.0,2.154e-10,0.0,0.0,0.0,2.154e-06,0.0,0.0,0.0,0.0,2.154e-06,2.154e-10,0.0
24447874.0,4995000000.0,5000000.0,5.0,0.0,0.0487,0.0487,0.0487,0.0487,2.2307,0.1644,0.00021333,0.1644,2.2307,0.0014303,0.00021333,0.0014303,0.0,0.0,0.0,0.0,2.154e-10,0.0,0.0,0.0,1e-07,0.0,0.0,0.0,0.0,1e-07,2.154e-10,0.0
24445819.0,4995000000.0,5000000.0,5.0,0.0,0.0487,0.0487,0.0487,0.0487,2.2307,0.044614,0.0020402,0.044614,2.2307,0.00038814,0.0020402,0.00038814,0.0,0.0,0.0,0.0,2.154e-10,0.0,0.0,0.0,0.001,0.0,0.0,0.0,0.0,0.001,2.154e-10,0.0
24443806.0,4995000000.0,5000000.0,5.0,0.0,0.0487,0.0487,0.0487,0.0487,2.2307,0.012046,0.019407,0.012046,2.2307,0.0010082,0.019407,0.0010082,0.0,0.0,0.0,0.0,2.154e-10,0.0,0.0,0.0,4.642e-09,0.0,0.0,0.0,0.0,4.642e-09,2.154e-10,0.0
24442666.0,4995000000.0,5000000.0,5.0,0.0,0.0487,0.0487,0.0487,0.0487,2.2307,0.012046,2.2307e-05,0.012046,2.2307,1.152e-06,2.2307e-05,1.152e-06,0.0,0.0,0.0,0.0,0.001,0.0,0.0,0.0,1e-07,0.0,0.0,0.0,0.0,1e-07,0.001,0.0
24449480.0,4995000000.0,5000000.0,5.0,0.0,0.0487,0.0487,0.0487,0.0487,2.2307,0.60541,0.0,0.60541,2.2307,6.0541e-06,0.0,6.0541e-06,0.0,0.0,0.0,0.0,0.001,0.0,0.0,0.0,0.001,0.0,0.0,0.0,0.0,0.001,0.001,0.0
24445759.0,4995000000.0,5000000.0,5.0,0.0,0.0487,0.0487,0.0487,0.0487,2.2307,0.044614,0.0020402,0.044614,2.2307,4.0804e-05,0.0020402,4.0804e-05,0.0,0.0,0.0,0.0,1e-11,0.0,0.0,0.0,4.642e-09,0.0,0.0,0.0,0.0,4.642e-09,1e-11,0.0
24445957.0,4995000000.0,5000000.0,5.0,0.0,0.0487,0.0487,0.0487,0.0487,2.2307,0.044614,0.019407,0.044614,2.2307,0.0,0.019407,0.0,0.0,0.0,0.0,0.0,1e-11,0.0,0.0,0.0,2.154e-06,0.0,0.0,0.0,0.0,2.154e-06,1e-11,0.0
24445333.0,4995000000.0,5000000.0,5.0,0.0,0.0487,0.0487,0.0487,0.0487,2.2307,0.044614,0.00021333,0.044614,2.2307,4.4614e-07,0.00021333,4.4614e-07,0.0,0.0,0.0,0.0,4.642e-09,0.0,0.0,0.0,1e-07,0.0,0.0,0.0,0.0,1e-07,4.642e-09,0.0
24445627.0,4995000000.0,5000000.0,5.0,0.0,0.0487,0.0487,0.0487,0.0487,2.2307,0.044614,0.0020402,0.044614,2.2307,0.0,0.0020402,0.0,0.0,0.0,0.0,0.0,4.642e-09,0.0,0.0,0.0,1e-07,0.0,0.0,0.0,0.0,1e-07,4.642e-09,0.0
24446119.0,4995000000.0,5000000.0,5.0,0.0,0.0487,0.0487,0.0487,0.0487,2.2307,0.044614,0.019407,0.044614,2.2307,4.0804e-05,0.019407,4.0804e-05,0.0,0.0,0.0,0.0,4.642e-09,0.0,0.0,0.0,4.642e-05,0.0,0.0,0.0,0.0,4.642e-05,4.642e-09,0.0
24444760.0,4995000000.0,5000000.0,5.0,0.0,0.0487,0.0487,0.0487,0.0487,2.2307,0.044614,0.0,0.044614,2.2307,4.0804e-05,0.0,4.0804e-05,0.0,0.0,0.0,0.0,2.154e-06,0.0,0.0,0.0,2.154e-06,0.0,0.0,0.0,0.0,2.154e-06,2.154e-06,0.0
24445986.0,4995000000.0,5000000.0,5.0,0.0,0.0487,0.0487,0.0487,0.0487,2.2307,0.044614,0.019407,0.044614,2.2307,0.0,0.019407,0.0,0.0,0.0,0.0,0.0,2.154e-06,0.0,0.0,0.0,4.642e-05,0.0,0.0,0.0,0.0,4.642e-05,2.154e-06,0.0
24444603.0,4995000000.0,5000000.0,5.0,0.0,0.0487,0.0487,0.0487,0.0487,2.2307,0.044614,0.0,0.044614,2.2307,0.0,0.0,0.0,0.0,0.0,0.0,0.0,1e-07,0.0,0.0,0.0,2.154e-10,0.0,0.0,0.0,0.0,2.154e-10,1e-07,0.0
24447189.0,4995000000.0,5000000.0,5.0,0.0,0.0487,0.0487,0.0487,0.0487,2.2307,0.1644,0.0,0.1644,2.2307,0.0014303,0.0,0.0014303,0.0,0.0,0.0,0.0,2.154e-10,0.0,0.0,0.0,2.154e-06,0.0,0.0,0.0,0.0,2.154e-06,2.154e-10,0.0
24443874.0,4995000000.0,5000000.0,5.0,0.0,0.0487,0.0487,0.0487,0.0487,2.2307,0.012046,0.019407,0.012046,2.2307,0.0096365,0.019407,0.0096365,0.0,0.0,0.0,0.0,2.154e-06,0.0,0.0,0.0,1e-11,0.0,0.0,0.0,0.0,1e-11,2.154e-06,0.0
24447455.0,4995000000.0,5000000.0,5.0,0.0,0.0487,0.0487,0.0487,0.0487,2.2307,0.1644,2.2307e-05,0.1644,2.2307,1.5722e-05,2.2307e-05,1.5722e-05,0.0,0.0,0.0,0.0,2.154e-06,0.0,0.0,0.0,2.154e-06,0.0,0.0,0.0,0.0,2.154e-06,2.154e-06,0.0
24443544.0,4995000000.0,5000000.0,5.0,0.0,0.0487,0.0487,0.0487,0.0487,2.2307,0.012046,0.0020402,0.012046,2.2307,0.0096365,0.0020402,0.0096365,0.0,0.0,0.0,0.0,4.642e-05,0.0,0.0,0.0,0.001,0.0,0.0,0.0,0.0,0.001,4.642e-05,0.0
24443576.0,4995000000.0,5000000.0,5.0,0.0,0.0487,0.0487,0.0487,0.0487,2.2307,0.012046,0.019407,0.012046,2.2307,0.0,0.019407,0.0,0.0,0.0,0.0,0.0,1e-07,0.0,0.0,0.0,1e-07,0.0,0.0,0.0,0.0,1e-07,1e-07,0.0
24444784.0,4995000000.0,5000000.0,5.0,0.0,0.0487,0.0487,0.0487,0.0487,2.2307,0.044614,0.0,0.044614,2.2307,0.00038814,0.0,0.00038814,0.0,0.0,0.0,0.0,2.154e-10,0.0,0.0,0.0,1e-11,0.0,0.0,0.0,0.0,1e-11,2.154e-10,0.0
24442251.0,4995000000.0,5000000.0,5.0,0.0,0.0487,0.0487,0.0487,0.0487,2.2307,0.012046,0.0,0.012046,2.2307,1.2046e-07,0.0,1.2046e-07,0.0,0.0,0.0,0.0,1e-07,0.0,0.0,0.0,2.154e-10,0.0,0.0,0.0,0.0,2.154e-10,1e-07,0.0
24447601.0,4995000000.0,5000000.0,5.0,0.0,0.0487,0.0487,0.0487,0.0487,2.2307,0.1644,2.2307e-05,0.1644,2.2307,0.01376,2.2307e-05,0.01376,0.0,0.0,0.0,0.0,2.154e-06,0.0,0.0,0.0,1e-07,0.0,0.0,0.0,0.0,1e-07,2.154e-06,0.0
24442878.0,4995000000.0,5000000.0,5.0,0.0,0.0487,0.0487,0.0487,0.0487,2.2307,0.012046,0.00021333,0.012046,2.2307,0.0,0.00021333,0.0,0.0,0.0,0.0,0.0,2.154e-10,0.0,0.0,0.0,4.642e-05,0.0,0.0,0.0,0.0,4.642e-05,2.154e-10,0.0
24445075.0,4995000000.0,5000000.0,5.0,0.0,0.0487,0.0487,0.0487,0.0487,2.2307,0.044614,2.2307e-05,0.044614,2.2307,4.0804e-05,2.2307e-05,4.0804e-05,0.0,0.0,0.0,0.0,1e-11,0.0,0.0,0.0,2.154e-06,0.0,0.0,0.0,0.0,2.154e-06,1e-11,0.0
24442311.0,4995000000.0,5000000.0,5.0,0.0,0.0487,0.0487,0.0487,0.0487,2.2307,0.012046,0.0,0.012046,2.2307,1.152e-06,0.0,1.152e-06,0.0,0.0,0.0,0.0,2.154e-06,0.0,0.0,0.0,4.642e-05,0.0,0.0,0.0,0.0,4.642e-05,2.154e-06,0.0
24449851.0,4995000000.0,5000000.0,5.0,0.0,0.0487,0.0487,0.0487,0.0487,2.2307,0.60541,2.2307e-05,0.60541,2.2307,5.7898e-05,2.2307e-05,5.7898e-05,0.0,0.0,0.0,0.0,1e-07,0.0,0.0,0.0,0.001,0.0,0.0,0.0,0.0,0.001,1e-07,0.0
24446135.0,4995000000.0,5000000.0,5.0,0.0,0.0487,0.0487,0.0487,0.0487,2.2307,0.044614,0.019407,0.044614,2.2307,4.0804e-05,0.019407,4.0804e-05,0.0,0.0,0.0,0.0,4.642e-05,0.0,0.0,0.0,1e-11,0.0,0.0,0.0,0.0,1e-11,4.642e-05,0.0
24444980.0,4995000000.0,5000000.0,5.0,0.0,0.0487,0.0487,0.0487,0.0487,2.2307,0.044614,2.2307e-05,0.044614,2.2307,4.4614e-07,2.2307e-05,4.4614e-07,0.0,0.0,0.0,0.0,2.154e-10,0.0,0.0,0.0,1e-11,0.0,0.0,0.0,0.0,1e-11,2.154e-10,0.0
24443883.0,4995000000.0,5000000.0,5.0,0.0,0.0487,0.0487,0.0487,0.0487,2.2307,0.012046,0.019407,0.012046,2.2307,0.0096365,0.019407,0.0096365,0.0,0.0,0.0,0.0,4.642e-05,0.0,0.0,0.0,4.642e-09,0.0,0.0,0.0,0.0,4.642e-09,4.642e-05,0.0
24449907.0,4995000000.0,5000000.0,5.0,0.0,0.0487,0.0487,0.0487,0.0487,2.2307,0.60541,2.2307e-05,0.60541,2.2307,0.00055371,2.2307e-05,0.00055371,0.0,0.0,0.0,0.0,2.154e-06,0.0,0.0,0.0,0.001,0.0,0.0,0.0,0.0,0.001,2.154e-06,0.0
24447379.0,4995000000.0,5000000.0,5.0,0.0,0.0487,0.0487,0.0487,0.0487,2.2307,0.1644,2.2307e-05,0.1644,2.2307,1.644e-06,2.2307e-05,1.644e-06,0.0,0.0,0.0,0.0,1e-11,0.0,0.0,0.0,4.642e-05,0.0,0.0,0.0,0.0,4.642e-05,1e-11,0.0
24442291.0,4995000000.0,5000000.0,5.0,0.0,0.0487,0.0487,0.0487,0.0487,2.2307,0.012046,0.0,0.012046,2.2307,1.152e-06,0.0,1.152e-06,0.0,0.0,0.0,0.0,2.154e-10,0.0,0.0,0.0,0.001,0.0,0.0,0.0,0.0,0.001,2.154e-10,0.0
24443587.0,4995000000.0,5000000.0,5.0,0.0,0.0487,0.0487,0.0487,0.0487,2.2307,0.012046,0.019407,0.012046,2.2307,0.0,0.019407,0.0,0.0,0.0,0.0,0.0,4.642e-05,0.0,0.0,0.0,1e-11,0.0,0.0,0.0,0.0,1e-11,4.642e-05,0.0
24447714.0,4995000000.0,5000000.0,5.0,0.0,0.0487,0.0487,0.0487,0.0487,2.2307,0.1644,0.00021333,0.1644,2.2307,0.0,0.00021333,0.0,0.0,0.0,0.0,0.0,0.001,0.0,0.0,0.0,2.154e-06,0.0,0.0,0.0,0.0,2.154e-06,0.001,0.0
24445852.0,4995000000.0,5000000.0,5.0,0.0,0.0487,0.0487,0.0487,0.0487,2.2307,0.044614,0.0020402,0.044614,2.2307,0.00038814,0.0020402,0.00038814,0.0,0.0,0.0,0.0,0.001,0.0,0.0,0.0,2.154e-06,0.0,0.0,0.0,0.0,2.154e-06,0.001,0.0
24448189.0,4995000000.0,5000000.0,5.0,0.0,0.0487,0.0487,0.0487,0.0487,2.2307,0.1644,0.0020402,0.1644,2.2307,0.00015036,0.0020402,0.00015036,0.0,0.0,0.0,0.0,2.154e-06,0.0,0.0,0.0,1e-07,0.0,0.0,0.0,0.0,1e-07,2.154e-06,0.0
24445008.0,4995000000.0,5000000.0,5.0,0.0,0.0487,0.0487,0.0487,0.0487,2.2307,0.044614,2.2307e-05,0.044614,2.2307,4.4614e-07,2.2307e-05,4.4614e-07,0.0,0.0,0.0,0.0,4.642e-05,0.0,0.0,0.0,1e-11,0.0,0.0,0.0,0.0,1e-11,4.642e-05,0.0
24442901.0,4995000000.0,5000000.0,5.0,0.0,0.0487,0.0487,0.0487,0.0487,2.2307,0.012046,0.00021333,0.012046,2.2307,0.0,0.00021333,0.0,0.0,0.0,0.0,0.0,4.642e-05,0.0,0.0,0.0,1e-11,0.0,0.0,0.0,0.0,1e-11,4.642e-05,0.0
24443044.0,4995000000.0,5000000.0,5.0,0.0,0.0487,0.0487,0.0487,0.0487,2.2307,0.012046,0.00021333,0.012046,2.2307,1.1017e-05,0.00021333,1.1017e-05,0.0,0.0,0.0,0.0,2.154e-06,0.0,0.0,0.0,1e-07,0.0,0.0,0.0,0.0,1e-07,2.154e-06,0.0
24447741.0,4995000000.0,5000000.0,5.0,0.0,0.0487,0.0487,0.0487,0.0487,2.2307,0.1644,0.00021333,0.1644,2.2307,1.644e-06,0.00021333,1.644e-06,0.0,0.0,0.0,0.0,1e-07,0.0,0.0,0.0,1e-07,0.0,0.0,0.0,0.0,1e-07,1e-07,0.0
24447023.0,4995000000.0,5000000.0,5.0,0.0,0.0487,0.0487,0.0487,0.0487,2.2307,0.1644,0.0,0.1644,2.2307,0.0,0.0,0.0,0.0,0.0,0.0,0.0,4.642e-05,0.0,0.0,0.0,0.001,0.0,0.0,0.0,0.0,0.001,4.642e-05,0.0
24449858.0,4995000000.0,5000000.0,5.0,0.0,0.0487,0.0487,0.0487,0.0487,2.2307,0.60541,2.2307e-05,0.60541,2.2307,5.7898e-05,2.2307e-05,5.7898e-05,0.0,0.0,0.0,0.0,2.154e-06,0.0,0.0,0.0,0.001,0.0,0.0,0.0,0.0,0.001,2.154e-06,0.0
24445680.0,4995000000.0,5000000.0,5.0,0.0,0.0487,0.0487,0.0487,0.0487,2.2307,0.044614,0.0020402,0.044614,2.2307,4.4614e-07,0.0020402,4.4614e-07,0.0,0.0,0.0,0.0,1e-07,0.0,0.0,0.0,1e-11,0.0,0.0,0.0,0.0,1e-11,1e-07,0.0
24449472.0,4995000000.0,5000000.0,5.0,0.0,0.0487,0.0487,0.0487,0.0487,2.2307,0.60541,0.0,0.60541,2.2307,6.0541e-06,0.0,6.0541e-06,0.0,0.0,0.0,0.0,4.642e-05,0.0,0.0,0.0,4.642e-05,0.0,0.0,0.0,0.0,4.642e-05,4.642e-05,0.0
24442546.0,4995000000.0,5000000.0,5.0,0.0,0.0487,0.0487,0.0487,0.0487,2.2307,0.012046,2.2307e-05,0.012046,2.2307,0.0,2.2307e-05,0.0,0.0,0.0,0.0,0.0,1e-07,0.0,0.0,0.0,4.642e-09,0.0,0.0,0.0,0.0,4.642e-09,1e-07,0.0
24442794.0,4995000000.0,5000000.0,5.0,0.0,0.0487,0.0487,0.0487,0.0487,2.2307,0.012046,2.2307e-05,0.012046,2.2307,0.0010082,2.2307e-05,0.0010082,0.0,0.0,0.0,0.0,1e-07,0.0,0.0,0.0,4.642e-05,0.0,0.0,0.0,0.0,4.642e-05,1e-07,0.0
24443327.0,4995000000.0,5000000.0,5.0,0.0,0.0487,0.0487,0.0487,0.0487,2.2307,0.012046,0.0020402,0.012046,2.2307,1.152e-06,0.0020402,1.152e-06,0.0,0.0,0.0,0.0,4.642e-09,0.0,0.0,0.0,0.001,0.0,0.0,0.0,0.0,0.001,4.642e-09,0.0
24447404.0,4995000000.0,5000000.0,5.0,0.0,0.0487,0.0487,0.0487,0.0487,2.2307,0.1644,2.2307e-05,0.1644,2.2307,1.644e-06,2.2307e-05,1.644e-06,0.0,0.0,0.0,0.0,2.154e-06,0.0,0.0,0.0,4.642e-09,0.0,0.0,0.0,0.0,4.642e-09,2.154e-06,0.0
24445939.0,4995000000.0,5000000.0,5.0,0.0,0.0487,0.0487,0.0487,0.0487,2.2307,0.044614,0.0020402,0.044614,2.2307,0.035691,0.0020402,0.035691,0.0,0.0,0.0,0.0,4.642e-05,0.0,0.0,0.0,1e-11,0.0,0.0,0.0,0.0,1e-11,4.642e-05,0.0
24442267.0,4995000000.0,5000000.0,5.0,0.0,0.0487,0.0487,0.0487,0.0487,2.2307,0.012046,0.0,0.012046,2.2307,1.2046e-07,0.0,1.2046e-07,0.0,0.0,0.0,0.0,4.642e-05,0.0,0.0,0.0,1e-07,0.0,0.0,0.0,0.0,1e-07,4.642e-05,0.0
24448360.0,4995000000.0,5000000.0,5.0,0.0,0.0487,0.0487,0.0487,0.0487,2.2307,0.1644,0.019407,0.1644,2.2307,0.0,0.019407,0.0,0.0,0.0,0.0,0.0,1e-11,0.0,0.0,0.0,0.001,0.0,0.0,0.0,0.0,0.001,1e-11,0.0
24447166.0,4995000000.0,5000000.0,5.0,0.0,0.0487,0.0487,0.0487,0.0487,2.2307,0.1644,0.0,0.1644,2.2307,0.00015036,0.0,0.00015036,0.0,0.0,0.0,0.0,4.642e-05,0.0,0.0,0.0,4.642e-09,0.0,0.0,0.0,0.0,4.642e-09,4.642e-05,0.0
24443677.0,4995000000.0,5000000.0,5.0,0.0,0.0487,0.0487,0.0487,0.0487,2.2307,0.012046,0.019407,0.012046,2.2307,1.152e-06,0.019407,1.152e-06,0.0,0.0,0.0,0.0,1e-07,0.0,0.0,0.0,0.001,0.0,0.0,0.0,0.0,0.001,1e-07,0.0
24448646.0,4995000000.0,5000000.0,5.0,0.0,0.0487,0.0487,0.0487,0.0487,2.2307,0.1644,0.019407,0.1644,2.2307,0.01376,0.019407,0.01376,0.0,0.0,0.0,0.0,0.001,0.0,0.0,0.0,4.642e-05,0.0,0.0,0.0,0.0,4.642e-05,0.001,0.0
24442658.0,4995000000.0,5000000.0,5.0,0.0,0.0487,0.0487,0.0487,0.0487,2.2307,0.012046,2.2307e-05,0.012046,2.2307,1.152e-06,2.2307e-05,1.152e-06,0.0,0.0,0.0,0.0,4.642e-05,0.0,0.0,0.0,4.642e-09,0.0,0.0,0.0,0.0,4.642e-09,4.642e-05,0.0
24444834.0,4995000000.0,5000000.0,5.0,0.0,0.0487,0.0487,0.0487,0.0487,2.2307,0.044614,0.0,0.044614,2.2307,0.0037342,0.0,0.0037342,0.0,0.0,0.0,0.0,2.154e-10,0.0,0.0,0.0,2.154e-10,0.0,0.0,0.0,0.0,2.154e-10,2.154e-10,0.0
24443336.0,4995000000.0,5000000.0,5.0,0.0,0.0487,0.0487,0.0487,0.0487,2.2307,0.012046,0.0020402,0.012046,2.2307,1.152e-06,0.0020402,1.152e-06,0.0,0.0,0.0,0.0,2.154e-06,0.0,0.0,0.0,2.154e-10,0.0,0.0,0.0,0.0,2.154e-10,2.154e-06,0.0
24447618.0,4995000000.0,5000000.0,5.0,0.0,0.0487,0.0487,0.0487,0.0487,2.2307,0.1644,2.2307e-05,0.1644,2.2307,0.01376,2.2307e-05,0.01376,0.0,0.0,0.0,0.0,0.001,0.0,0.0,0.0,0.001,0.0,0.0,0.0,0.0,0.001,0.001,0.0
24445213.0,4995000000.0,5000000.0,5.0,0.0,0.0487,0.0487,0.0487,0.0487,2.2307,0.044614,2.2307e-05,0.044614,2.2307,0.0037342,2.2307e-05,0.0037342,0.0,0.0,0.0,0.0,0.001,0.0,0.0,0.0,4.642e-09,0.0,0.0,0.0,0.0,4.642e-09,0.001,0.0
24447566.0,4995000000.0,5000000.0,5.0,0.0,0.0487,0.0487,0.0487,0.0487,2.2307,0.1644,2.2307e-05,0.1644,2.2307,0.0014303,2.2307e-05,0.0014303,0.0,0.0,0.0,0.0,0.001,0.0,0.0,0.0,1e-07,0.0,0.0,0.0,0.0,1e-07,0.001,0.0
24445580.0,4995000000.0,5000000.0,5.0,0.0,0.0487,0.0487,0.0487,0.0487,2.2307,0.044614,0.00021333,0.044614,2.2307,0.035691,0.00021333,0.035691,0.0,0.0,0.0,0.0,4.642e-09,0.0,0.0,0.0,4.642e-05,0.0,0.0,0.0,0.0,4.642e-05,4.642e-09,0.0
24449386.0,4995000000.0,5000000.0,5.0,0.0,0.0487,0.0487,0.0487,0.0487,2.2307,0.60541,0.0,0.60541,2.2307,0.0,0.0,0.0,0.0,0.0,0.0,0.0,1e-11,0.0,0.0,0.0,1e-07,0.0,0.0,0.0,0.0,1e-07,1e-11,0.0
24445390.0,4995000000.0,5000000.0,5.0,0.0,0.0487,0.0487,0.0487,0.0487,2.2307,0.044614,0.00021333,0.044614,2.2307,4.2666e-06,0.00021333,4.2666e-06,0.0,0.0,0.0,0.0,1e-07,0.0,0.0,0.0,2.154e-06,0.0,0.0,0.0,0.0,2.154e-06,1e-07,0.0
24442960.0,4995000000.0,5000000.0,5.0,0.0,0.0487,0.0487,0.0487,0.0487,2.2307,0.012046,0.00021333,0.012046,2.2307,1.2046e-07,0.00021333,1.2046e-07,0.0,0.0,0.0,0.0,0.001,0.0,0.0,0.0,1e-07,0.0,0.0,0.0,0.0,1e-07,0.001,0.0
24442763.0,4995000000.0,5000000.0,5.0,0.0,0.0487,0.0487,0.0487,0.0487,2.2307,0.012046,2.2307e-05,0.012046,2.2307,0.0001048,2.2307e-05,0.0001048,0.0,0.0,0.0,0.0,0.001,0.0,0.0,0.0,4.642e-09,0.0,0.0,0.0,0.0,4.642e-09,0.001,0.0
24443598.0,4995000000.0,5000000.0,5.0,0.0,0.0487,0.0487,0.0487,0.0487,2.2307,0.012046,0.019407,0.012046,2.2307,0.0,0.019407,0.0,0.0,0.0,0.0,0.0,0.001,0.0,0.0,0.0,2.154e-06,0.0,0.0,0.0,0.0,2.154e-06,0.001,0.0
24446129.0,4995000000.0,5000000.0,5.0,0.0,0.0487,0.0487,0.0487,0.0487,2.2307,0.044614,0.019407,0.044614,2.2307,4.0804e-05,0.019407,4.0804e-05,0.0,0.0,0.0,0.0,2.154e-06,0.0,0.0,0.0,2.154e-10,0.0,0.0,0.0,0.0,2.154e-10,2.154e-06,0.0
24445501.0,4995000000.0,5000000.0,5.0,0.0,0.0487,0.0487,0.0487,0.0487,2.2307,0.044614,0.00021333,0.044614,2.2307,0.00038814,0.00021333,0.00038814,0.0,0.0,0.0,0.0,4.642e-05,0.0,0.0,0.0,1e-07,0.0,0.0,0.0,0.0,1e-07,4.642e-05,0.0
24445488.0,4995000000.0,5000000.0,5.0,0.0,0.0487,0.0487,0.0487,0.0487,2.2307,0.044614,0.00021333,0.044614,2.2307,0.00038814,0.00021333,0.00038814,0.0,0.0,0.0,0.0,1e-07,0.0,0.0,0.0,2.154e-06,0.0,0.0,0.0,0.0,2.154e-06,1e-07,0.0
24446283.0,4995000000.0,5000000.0,5.0,0.0,0.0487,0.0487,0.0487,0.0487,2.2307,0.044614,0.019407,0.044614,2.2307,0.035691,0.019407,0.035691,0.0,0.0,0.0,0.0,4.642e-05,0.0,0.0,0.0,2.154e-10,0.0,0.0,0.0,0.0,2.154e-10,4.642e-05,0.0
24449911.0,4995000000.0,5000000.0,5.0,0.0,0.0487,0.0487,0.0487,0.0487,2.2307,0.60541,2.2307e-05,0.60541,2.2307,0.00055371,2.2307e-05,0.00055371,0.0,0.0,0.0,0.0,4.642e-05,0.0,0.0,0.0,1e-07,0.0,0.0,0.0,0.0,1e-07,4.642e-05,0.0
24445699.0,4995000000.0,5000000.0,5.0,0.0,0.0487,0.0487,0.0487,0.0487,2.2307,0.044614,0.0020402,0.044614,2.2307,4.4614e-07,0.0020402,4.4614e-07,0.0,0.0,0.0,0.0,4.642e-05,0.0,0.0,0.0,4.642e-05,0.0,0.0,0.0,0.0,4.642e-05,4.642e-05,0.0
24448407.0,4995000000.0,5000000.0,5.0,0.0,0.0487,0.0487,0.0487,0.0487,2.2307,0.1644,0.019407,0.1644,2.2307,1.644e-06,0.019407,1.644e-06,0.0,0.0,0.0,0.0,1e-11,0.0,0.0,0.0,2.154e-06,0.0,0.0,0.0,0.0,2.154e-06,1e-11,0.0
24442566.0,4995000000.0,5000000.0,5.0,0.0,0.0487,0.0487,0.0487,0.0487,2.2307,0.012046,2.2307e-05,0.012046,2.2307,0.0,2.2307e-05,0.0,0.0,0.0,0.0,0.0,0.001,0.0,0.0,0.0,2.154e-10,0.0,0.0,0.0,0.0,2.154e-10,0.001,0.0
24448512.0,4995000000.0,5000000.0,5.0,0.0,0.0487,0.0487,0.0487,0.0487,2.2307,0.1644,0.019407,0.1644,2.2307,0.00015036,0.019407,0.00015036,0.0,0.0,0.0,0.0,2.154e-10,0.0,0.0,0.0,2.154e-06,0.0,0.0,0.0,0.0,2.154e-06,2.154e-10,0.0
24447349.0,4995000000.0,5000000.0,5.0,0.0,0.0487,0.0487,0.0487,0.0487,2.2307,0.1644,2.2307e-05,0.1644,2.2307,0.0,2.2307e-05,0.0,0.0,0.0,0.0,0.0,1e-07,0.0,0.0,0.0,1e-07,0.0,0.0,0.0,0.0,1e-07,1e-07,0.0
24447149.0,4995000000.0,5000000.0,5.0,0.0,0.0487,0.0487,0.0487,0.0487,2.2307,0.1644,0.0,0.1644,2.2307,0.00015036,0.0,0.00015036,0.0,0.0,0.0,0.0,4.642e-09,0.0,0.0,0.0,0.001,0.0,0.0,0.0,0.0,0.001,4.642e-09,0.0
24445760.0,4995000000.0,5000000.0,5.0,0.0,0.0487,0.0487,0.0487,0.0487,2.2307,0.044614,0.0020402,0.044614,2.2307,4.0804e-05,0.0020402,4.0804e-05,0.0,0.0,0.0,0.0,1e-11,0.0,0.0,0.0,1e-07,0.0,0.0,0.0,0.0,1e-07,1e-11,0.0
24443229.0,4995000000.0,5000000.0,5.0,0.0,0.0487,0.0487,0.0487,0.0487,2.2307,0.012046,0.0020402,0.012046,2.2307,0.0,0.0020402,0.0,0.0,0.0,0.0,0.0,4.642e-09,0.0,0.0,0.0,0.001,0.0,0.0,0.0,0.0,0.001,4.642e-09,0.0
24445843.0,4995000000.0,5000000.0,5.0,0.0,0.0487,0.0487,0.0487,0.0487,2.2307,0.044614,0.0020402,0.044614,2.2307,0.00038814,0.0020402,0.00038814,0.0,0.0,0.0,0.0,4.642e-05,0.0,0.0,0.0,4.642e-09,0.0,0.0,0.0,0.0,4.642e-09,4.642e-05,0.0
24444727.0,4995000000.0,5000000.0,5.0,0.0,0.0487,0.0487,0.0487,0.0487,2.2307,0.044614,0.0,0.044614,2.2307,4.2666e-06,0.0,4.2666e-06,0.0,0.0,0.0,0.0,0.001,0.0,0.0,0.0,0.001,0.0,0.0,0.0,0.0,0.001,0.001,0.0
24447462.0,4995000000.0,5000000.0,5.0,0.0,0.0487,0.0487,0.0487,0.0487,2.2307,0.1644,2.2307e-05,0.1644,2.2307,1.5722e-05,2.2307e-05,1.5722e-05,0.0,0.0,0.0,0.0,4.642e-05,0.0,0.0,0.0,2.154e-06,0.0,0.0,0.0,0.0,2.154e-06,4.642e-05,0.0
24442319.0,4995000000.0,5000000.0,5.0,0.0,0.0487,0.0487,0.0487,0.0487,2.2307,0.012046,0.0,0.012046,2.2307,1.152e-06,0.0,1.152e-06,0.0,0.0,0.0,0.0,4.642e-05,0.0,0.0,0.0,0.001,0.0,0.0,0.0,0.0,0.001,4.642e-05,0.0
24448359.0,4995000000.0,5000000.0,5.0,0.0,0.0487,0.0487,0.0487,0.0487,2.2307,0.1644,0.019407,0.1644,2.2307,0.0,0.019407,0.0,0.0,0.0,0.0,0.0,1e-11,0.0,0.0,0.0,4.642e-05,0.0,0.0,0.0,0.0,4.642e-05,1e-11,0.0
24447863.0,4995000000.0,5000000.0,5.0,0.0,0.0487,0.0487,0.0487,0.0487,2.2307,0.1644,0.00021333,0.1644,2.2307,0.00015036,0.00021333,0.00015036,0.0,0.0,0.0,0.0,0.001,0.0,0.0,0.0,0.001,0.0,0.0,0.0,0.0,0.001,0.001,0.0
24444594.0,4995000000.0,5000000.0,5.0,0.0,0.0487,0.0487,0.0487,0.0487,2.2307,0.044614,0.0,0.044614,2.2307,0.0,0.0,0.0,0.0,0.0,0.0,0.0,2.154e-10,0.0,0.0,0.0,0.001,0.0,0.0,0.0,0.0,0.001,2.154e-10,0.0
24445763.0,4995000000.0,5000000.0,5.0,0.0,0.0487,0.0487,0.0487,0.0487,2.2307,0.044614,0.0020402,0.044614,2.2307,4.0804e-05,0.0020402,4.0804e-05,0.0,0.0,0.0,0.0,1e-11,0.0,0.0,0.0,0.001,0.0,0.0,0.0,0.0,0.001,1e-11,0.0
24445799.0,4995000000.0,5000000.0,5.0,0.0,0.0487,0.0487,0.0487,0.0487,2.2307,0.044614,0.0020402,0.044614,2.2307,4.0804e-05,0.0020402,4.0804e-05,0.0,0.0,0.0,0.0,0.001,0.0,0.0,0.0,1e-11,0.0,0.0,0.0,0.0,1e-11,0.001,0.0
24445620.0,4995000000.0,5000000.0,5.0,0.0,0.0487,0.0487,0.0487,0.0487,2.2307,0.044614,0.0020402,0.044614,2.2307,0.0,0.0020402,0.0,0.0,0.0,0.0,0.0,2.154e-10,0.0,0.0,0.0,1e-07,0.0,0.0,0.0,0.0,1e-07,2.154e-10,0.0
24447103.0,4995000000.0,5000000.0,5.0,0.0,0.0487,0.0487,0.0487,0.0487,2.2307,0.1644,0.0,0.1644,2.2307,1.5722e-05,0.0,1.5722e-05,0.0,0.0,0.0,0.0,1e-07,0.0,0.0,0.0,4.642e-09,0.0,0.0,0.0,0.0,4.642e-09,1e-07,0.0
24445739.0,4995000000.0,5000000.0,5.0,0.0,0.0487,0.0487,0.0487,0.0487,2.2307,0.044614,0.0020402,0.044614,2.2307,4.2666e-06,0.0020402,4.2666e-06,0.0,0.0,0.0,0.0,2.154e-06,0.0,0.0,0.0,1e-07,0.0,0.0,0.0,0.0,1e-07,2.154e-06,0.0
24445626.0,4995000000.0,5000000.0,5.0,0.0,0.0487,0.0487,0.0487,0.0487,2.2307,0.044614,0.0020402,0.044614,2.2307,0.0,0.0020402,0.0,0.0,0.0,0.0,0.0,4.642e-09,0.0,0.0,0.0,4.642e-09,0.0,0.0,0.0,0.0,4.642e-09,4.642e-09,0.0
24446059.0,4995000000.0,5000000.0,5.0,0.0,0.0487,0.0487,0.0487,0.0487,2.2307,0.044614,0.019407,0.044614,2.2307,4.2666e-06,0.019407,4.2666e-06,0.0,0.0,0.0,0.0,2.154e-10,0.0,0.0,0.0,2.154e-10,0.0,0.0,0.0,0.0,2.154e-10,2.154e-10,0.0
24443499.0,4995000000.0,5000000.0,5.0,0.0,0.0487,0.0487,0.0487,0.0487,2.2307,0.012046,0.0020402,0.012046,2.2307,0.0010082,0.0020402,0.0010082,0.0,0.0,0.0,0.0,0.001,0.0,0.0,0.0,1e-07,0.0,0.0,0.0,0.0,1e-07,0.001,0.0
24443117.0,4995000000.0,5000000.0,5.0,0.0,0.0487,0.0487,0.0487,0.0487,2.2307,0.012046,0.00021333,0.012046,2.2307,0.0010082,0.00021333,0.0010082,0.0,0.0,0.0,0.0,1e-11,0.0,0.0,0.0,0.001,0.0,0.0,0.0,0.0,0.001,1e-11,0.0
24442209.0,4995000000.0,5000000.0,5.0,0.0,0.0487,0.0487,0.0487,0.0487,2.2307,0.012046,0.0,0.012046,2.2307,0.0,0.0,0.0,0.0,0.0,0.0,0.0,2.154e-06,0.0,0.0,0.0,2.154e-10,0.0,0.0,0.0,0.0,2.154e-10,2.154e-06,0.0
24445067.0,4995000000.0,5000000.0,5.0,0.0,0.0487,0.0487,0.0487,0.0487,2.2307,0.044614,2.2307e-05,0.044614,2.2307,4.2666e-06,2.2307e-05,4.2666e-06,0.0,0.0,0.0,0.0,0.001,0.0,0.0,0.0,1e-07,0.0,0.0,0.0,0.0,1e-07,0.001,0.0
24443390.0,4995000000.0,5000000.0,5.0,0.0,0.0487,0.0487,0.0487,0.0487,2.2307,0.012046,0.0020402,0.012046,2.2307,1.1017e-05,0.0020402,1.1017e-05,0.0,0.0,0.0,0.0,2.154e-06,0.0,0.0,0.0,0.001,0.0,0.0,0.0,0.0,0.001,2.154e-06,0.0
24443009.0,4995000000.0,5000000.0,5.0,0.0,0.0487,0.0487,0.0487,0.0487,2.2307,0.012046,0.00021333,0.012046,2.2307,1.152e-06,0.00021333,1.152e-06,0.0,0.0,0.0,0.0,0.001,0.0,0.0,0.0,1e-07,0.0,0.0,0.0,0.0,1e-07,0.001,0.0
24444875.0,4995000000.0,5000000.0,5.0,0.0,0.0487,0.0487,0.0487,0.0487,2.2307,0.044614,0.0,0.044614,2.2307,0.035691,0.0,0.035691,0.0,0.0,0.0,0.0,1e-11,0.0,0.0,0.0,1e-11,0.0,0.0,0.0,0.0,1e-11,1e-11,0.0
24443519.0,4995000000.0,5000000.0,5.0,0.0,0.0487,0.0487,0.0487,0.0487,2.2307,0.012046,0.0020402,0.012046,2.2307,0.0096365,0.0020402,0.0096365,0.0,0.0,0.0,0.0,4.642e-09,0.0,0.0,0.0,4.642e-09,0.0,0.0,0.0,0.0,4.642e-09,4.642e-09,0.0
24444876.0,4995000000.0,5000000.0,5.0,0.0,0.0487,0.0487,0.0487,0.0487,2.2307,0.044614,0.0,0.044614,2.2307,0.035691,0.0,0.035691,0.0,0.0,0.0,0.0,1e-11,0.0,0.0,0.0,2.154e-10,0.0,0.0,0.0,0.0,2.154e-10,1e-11,0.0
24447821.0,4995000000.0,5000000.0,5.0,0.0,0.0487,0.0487,0.0487,0.0487,2.2307,0.1644,0.00021333,0.1644,2.2307,0.00015036,0.00021333,0.00015036,0.0,0.0,0.0,0.0,1e-11,0.0,0.0,0.0,0.001,0.0,0.0,0.0,0.0,0.001,1e-11,0.0
24442394.0,4995000000.0,5000000.0,5.0,0.0,0.0487,0.0487,0.0487,0.0487,2.2307,0.012046,0.0,0.012046,2.2307,0.0001048,0.0,0.0001048,0.0,0.0,0.0,0.0,4.642e-09,0.0,0.0,0.0,2.154e-06,0.0,0.0,0.0,0.0,2.154e-06,4.642e-09,0.0
24445584.0,4995000000.0,5000000.0,5.0,0.0,0.0487,0.0487,0.0487,0.0487,2.2307,0.044614,0.00021333,0.044614,2.2307,0.035691,0.00021333,0.035691,0.0,0.0,0.0,0.0,1e-07,0.0,0.0,0.0,4.642e-09,0.0,0.0,0.0,0.0,4.642e-09,1e-07,0.0
24446152.0,4995000000.0,5000000.0,5.0,0.0,0.0487,0.0487,0.0487,0.0487,2.2307,0.044614,0.019407,0.044614,2.2307,0.00038814,0.019407,0.00038814,0.0,0.0,0.0,0.0,1e-11,0.0,0.0,0.0,1e-07,0.0,0.0,0.0,0.0,1e-07,1e-11,0.0
24445401.0,4995000000.0,5000000.0,5.0,0.0,0.0487,0.0487,0.0487,0.0487,2.2307,0.044614,0.00021333,0.044614,2.2307,4.2666e-06,0.00021333,4.2666e-06,0.0,0.0,0.0,0.0,4.642e-05,0.0,0.0,0.0,2.154e-10,0.0,0.0,0.0,0.0,2.154e-10,4.642e-05,0.0
24449395.0,4995000000.0,5000000.0,5.0,0.0,0.0487,0.0487,0.0487,0.0487,2.2307,0.60541,0.0,0.60541,2.2307,0.0,0.0,0.0,0.0,0.0,0.0,0.0,2.154e-10,0.0,0.0,0.0,4.642e-05,0.0,0.0,0.0,0.0,4.642e-05,2.154e-10,0.0
24445689.0,4995000000.0,5000000.0,5.0,0.0,0.0487,0.0487,0.0487,0.0487,2.2307,0.044614,0.0020402,0.044614,2.2307,4.4614e-07,0.0020402,4.4614e-07,0.0,0.0,0.0,0.0,2.154e-06,0.0,0.0,0.0,4.642e-09,0.0,0.0,0.0,0.0,4.642e-09,2.154e-06,0.0
24443206.0,4995000000.0,5000000.0,5.0,0.0,0.0487,0.0487,0.0487,0.0487,2.2307,0.012046,0.00021333,0.012046,2.2307,0.0096365,0.00021333,0.0096365,0.0,0.0,0.0,0.0,0.001,0.0,0.0,0.0,2.154e-06,0.0,0.0,0.0,0.0,2.154e-06,0.001,0.0
24445551.0,4995000000.0,5000000.0,5.0,0.0,0.0487,0.0487,0.0487,0.0487,2.2307,0.044614,0.00021333,0.044614,2.2307,0.0037342,0.00021333,0.0037342,0.0,0.0,0.0,0.0,4.642e-05,0.0,0.0,0.0,2.154e-06,0.0,0.0,0.0,0.0,2.154e-06,4.642e-05,0.0
24445094.0,4995000000.0,5000000.0,5.0,0.0,0.0487,0.0487,0.0487,0.0487,2.2307,0.044614,2.2307e-05,0.044614,2.2307,4.0804e-05,2.2307e-05,4.0804e-05,0.0,0.0,0.0,0.0,1e-07,0.0,0.0,0.0,4.642e-09,0.0,0.0,0.0,0.0,4.642e-09,1e-07,0.0
24442590.0,4995000000.0,5000000.0,5.0,0.0,0.0487,0.0487,0.0487,0.0487,2.2307,0.012046,2.2307e-05,0.012046,2.2307,1.2046e-07,2.2307e-05,1.2046e-07,0.0,0.0,0.0,0.0,4.642e-09,0.0,0.0,0.0,2.154e-06,0.0,0.0,0.0,0.0,2.154e-06,4.642e-09,0.0
24442454.0,4995000000.0,5000000.0,5.0,0.0,0.0487,0.0487,0.0487,0.0487,2.2307,0.012046,0.0,0.012046,2.2307,0.0010082,0.0,0.0010082,0.0,0.0,0.0,0.0,2.154e-06,0.0,0.0,0.0,2.154e-10,0.0,0.0,0.0,0.0,2.154e-10,2.154e-06,0.0
24445423.0,4995000000.0,5000000.0,5.0,0.0,0.0487,0.0487,0.0487,0.0487,2.2307,0.044614,0.00021333,0.044614,2.2307,4.0804e-05,0.00021333,4.0804e-05,0.0,0.0,0.0,0.0,2.154e-10,0.0,0.0,0.0,4.642e-09,0.0,0.0,0.0,0.0,4.642e-09,2.154e-10,0.0
24447607.0,4995000000.0,5000000.0,5.0,0.0,0.0487,0.0487,0.0487,0.0487,2.2307,0.1644,2.2307e-05,0.1644,2.2307,0.01376,2.2307e-05,0.01376,0.0,0.0,0.0,0.0,4.642e-05,0.0,0.0,0.0,4.642e-09,0.0,0.0,0.0,0.0,4.642e-09,4.642e-05,0.0
24448455.0,4995000000.0,5000000.0,5.0,0.0,0.0487,0.0487,0.0487,0.0487,2.2307,0.1644,0.019407,0.1644,2.2307,1.5722e-05,0.019407,1.5722e-05,0.0,0.0,0.0,0.0,1e-11,0.0,0.0,0.0,1e-07,0.0,0.0,0.0,0.0,1e-07,1e-11,0.0
24446177.0,4995000000.0,5000000.0,5.0,0.0,0.0487,0.0487,0.0487,0.0487,2.2307,0.044614,0.019407,0.044614,2.2307,0.00038814,0.019407,0.00038814,0.0,0.0,0.0,0.0,2.154e-06,0.0,0.0,0.0,1e-11,0.0,0.0,0.0,0.0,1e-11,2.154e-06,0.0
24445707.0,4995000000.0,5000000.0,5.0,0.0,0.0487,0.0487,0.0487,0.0487,2.2307,0.044614,0.0020402,0.044614,2.2307,4.4614e-07,0.0020402,4.4614e-07,0.0,0.0,0.0,0.0,0.001,0.0,0.0,0.0,0.001,0.0,0.0,0.0,0.0,0.001,0.001,0.0
24447583.0,4995000000.0,5000000.0,5.0,0.0,0.0487,0.0487,0.0487,0.0487,2.2307,0.1644,2.2307e-05,0.1644,2.2307,0.01376,2.2307e-05,0.01376,0.0,0.0,0.0,0.0,2.154e-10,0.0,0.0,0.0,0.001,0.0,0.0,0.0,0.0,0.001,2.154e-10,0.0
24447562.0,4995000000.0,5000000.0,5.0,0.0,0.0487,0.0487,0.0487,0.0487,2.2307,0.1644,2.2307e-05,0.1644,2.2307,0.0014303,2.2307e-05,0.0014303,0.0,0.0,0.0,0.0,4.642e-05,0.0,0.0,0.0,0.001,0.0,0.0,0.0,0.0,0.001,4.642e-05,0.0
24445750.0,4995000000.0,5000000.0,5.0,0.0,0.0487,0.0487,0.0487,0.0487,2.2307,0.044614,0.0020402,0.044614,2.2307,4.2666e-06,0.0020402,4.2666e-06,0.0,0.0,0.0,0.0,0.001,0.0,0.0,0.0,1e-11,0.0,0.0,0.0,0.0,1e-11,0.001,0.0
24449450.0,4995000000.0,5000000.0,5.0,0.0,0.0487,0.0487,0.0487,0.0487,2.2307,0.60541,0.0,0.60541,2.2307,6.0541e-06,0.0,6.0541e-06,0.0,0.0,0.0,0.0,4.642e-09,0.0,0.0,0.0,2.154e-06,0.0,0.0,0.0,0.0,2.154e-06,4.642e-09,0.0
24442952.0,4995000000.0,5000000.0,5.0,0.0,0.0487,0.0487,0.0487,0.0487,2.2307,0.012046,0.00021333,0.012046,2.2307,1.2046e-07,0.00021333,1.2046e-07,0.0,0.0,0.0,0.0,4.642e-05,0.0,0.0,0.0,4.642e-09,0.0,0.0,0.0,0.0,4.642e-09,4.642e-05,0.0
24446067.0,4995000000.0,5000000.0,5.0,0.0,0.0487,0.0487,0.0487,0.0487,2.2307,0.044614,0.019407,0.044614,2.2307,4.2666e-06,0.019407,4.2666e-06,0.0,0.0,0.0,0.0,4.642e-09,0.0,0.0,0.0,4.642e-09,0.0,0.0,0.0,0.0,4.642e-09,4.642e-09,0.0
24444838.0,4995000000.0,5000000.0,5.0,0.0,0.0487,0.0487,0.0487,0.0487,2.2307,0.044614,0.0,0.044614,2.2307,0.0037342,0.0,0.0037342,0.0,0.0,0.0,0.0,2.154e-10,0.0,0.0,0.0,4.642e-05,0.0,0.0,0.0,0.0,4.642e-05,2.154e-10,0.0
24442540.0,4995000000.0,5000000.0,5.0,0.0,0.0487,0.0487,0.0487,0.0487,2.2307,0.012046,2.2307e-05,0.012046,2.2307,0.0,2.2307e-05,0.0,0.0,0.0,0.0,0.0,4.642e-09,0.0,0.0,0.0,1e-07,0.0,0.0,0.0,0.0,1e-07,4.642e-09,0.0
24447930.0,4995000000.0,5000000.0,5.0,0.0,0.0487,0.0487,0.0487,0.0487,2.2307,0.1644,0.00021333,0.1644,2.2307,0.01376,0.00021333,0.01376,0.0,0.0,0.0,0.0,4.642e-09,0.0,0.0,0.0,1e-07,0.0,0.0,0.0,0.0,1e-07,4.642e-09,0.0
24445045.0,4995000000.0,5000000.0,5.0,0.0,0.0487,0.0487,0.0487,0.0487,2.2307,0.044614,2.2307e-05,0.044614,2.2307,4.2666e-06,2.2307e-05,4.2666e-06,0.0,0.0,0.0,0.0,1e-07,0.0,0.0,0.0,4.642e-09,0.0,0.0,0.0,0.0,4.642e-09,1e-07,0.0
24442987.0,4995000000.0,5000000.0,5.0,0.0,0.0487,0.0487,0.0487,0.0487,2.2307,0.012046,0.00021333,0.012046,2.2307,1.152e-06,0.00021333,1.152e-06,0.0,0.0,0.0,0.0,1e-07,0.0,0.0,0.0,4.642e-09,0.0,0.0,0.0,0.0,4.642e-09,1e-07,0.0
24445823.0,4995000000.0,5000000.0,5.0,0.0,0.0487,0.0487,0.0487,0.0487,2.2307,0.044614,0.0020402,0.044614,2.2307,0.00038814,0.0020402,0.00038814,0.0,0.0,0.0,0.0,4.642e-09,0.0,0.0,0.0,1e-07,0.0,0.0,0.0,0.0,1e-07,4.642e-09,0.0
24443675.0,4995000000.0,5000000.0,5.0,0.0,0.0487,0.0487,0.0487,0.0487,2.2307,0.012046,0.019407,0.012046,2.2307,1.152e-06,0.019407,1.152e-06,0.0,0.0,0.0,0.0,1e-07,0.0,0.0,0.0,2.154e-06,0.0,0.0,0.0,0.0,2.154e-06,1e-07,0.0
24443416.0,4995000000.0,5000000.0,5.0,0.0,0.0487,0.0487,0.0487,0.0487,2.2307,0.012046,0.0020402,0.012046,2.2307,0.0001048,0.0020402,0.0001048,0.0,0.0,0.0,0.0,2.154e-10,0.0,0.0,0.0,2.154e-06,0.0,0.0,0.0,0.0,2.154e-06,2.154e-10,0.0
24444643.0,4995000000.0,5000000.0,5.0,0.0,0.0487,0.0487,0.0487,0.0487,2.2307,0.044614,0.0,0.044614,2.2307,4.4614e-07,0.0,4.4614e-07,0.0,0.0,0.0,0.0,2.154e-10,0.0,0.0,0.0,0.001,0.0,0.0,0.0,0.0,0.001,2.154e-10,0.0
24447457.0,4995000000.0,5000000.0,5.0,0.0,0.0487,0.0487,0.0487,0.0487,2.2307,0.1644,2.2307e-05,0.1644,2.2307,1.5722e-05,2.2307e-05,1.5722e-05,0.0,0.0,0.0,0.0,2.154e-06,0.0,0.0,0.0,0.001,0.0,0.0,0.0,0.0,0.001,2.154e-06,0.0
24443636.0,4995000000.0,5000000.0,5.0,0.0,0.0487,0.0487,0.0487,0.0487,2.2307,0.012046,0.019407,0.012046,2.2307,1.2046e-07,0.019407,1.2046e-07,0.0,0.0,0.0,0.0,4.642e-05,0.0,0.0,0.0,1e-11,0.0,0.0,0.0,0.0,1e-11,4.642e-05,0.0
24449913.0,4995000000.0,5000000.0,5.0,0.0,0.0487,0.0487,0.0487,0.0487,2.2307,0.60541,2.2307e-05,0.60541,2.2307,0.00055371,2.2307e-05,0.00055371,0.0,0.0,0.0,0.0,4.642e-05,0.0,0.0,0.0,4.642e-05,0.0,0.0,0.0,0.0,4.642e-05,4.642e-05,0.0
24446039.0,4995000000.0,5000000.0,5.0,0.0,0.0487,0.0487,0.0487,0.0487,2.2307,0.044614,0.019407,0.044614,2.2307,4.4614e-07,0.019407,4.4614e-07,0.0,0.0,0.0,0.0,4.642e-05,0.0,0.0,0.0,4.642e-09,0.0,0.0,0.0,0.0,4.642e-09,4.642e-05,0.0
24442498.0,4995000000.0,5000000.0,5.0,0.0,0.0487,0.0487,0.0487,0.0487,2.2307,0.012046,0.0,0.012046,2.2307,0.0096365,0.0,0.0096365,0.0,0.0,0.0,0.0,1e-07,0.0,0.0,0.0,1e-07,0.0,0.0,0.0,0.0,1e-07,1e-07,0.0
24447433.0,4995000000.0,5000000.0,5.0,0.0,0.0487,0.0487,0.0487,0.0487,2.2307,0.1644,2.2307e-05,0.1644,2.2307,1.5722e-05,2.2307e-05,1.5722e-05,0.0,0.0,0.0,0.0,2.154e-10,0.0,0.0,0.0,1e-07,0.0,0.0,0.0,0.0,1e-07,2.154e-10,0.0
24448604.0,4995000000.0,5000000.0,5.0,0.0,0.0487,0.0487,0.0487,0.0487,2.2307,0.1644,0.019407,0.1644,2.2307,0.01376,0.019407,0.01376,0.0,0.0,0.0,0.0,1e-11,0.0,0.0,0.0,4.642e-05,0.0,0.0,0.0,0.0,4.642e-05,1e-11,0.0
24445811.0,4995000000.0,5000000.0,5.0,0.0,0.0487,0.0487,0.0487,0.0487,2.2307,0.044614,0.0020402,0.044614,2.2307,0.00038814,0.0020402,0.00038814,0.0,0.0,0.0,0.0,1e-11,0.0,0.0,0.0,4.642e-05,0.0,0.0,0.0,0.0,4.642e-05,1e-11,0.0
24442625.0,4995000000.0,5000000.0,5.0,0.0,0.0487,0.0487,0.0487,0.0487,2.2307,0.012046,2.2307e-05,0.012046,2.2307,1.152e-06,2.2307e-05,1.152e-06,0.0,0.0,0.0,0.0,1e-11,0.0,0.0,0.0,2.154e-06,0.0,0.0,0.0,0.0,2.154e-06,1e-11,0.0
24444670.0,4995000000.0,5000000.0,5.0,0.0,0.0487,0.0487,0.0487,0.0487,2.2307,0.044614,0.0,0.044614,2.2307,4.4614e-07,0.0,4.4614e-07,0.0,0.0,0.0,0.0,4.642e-05,0.0,0.0,0.0,4.642e-05,0.0,0.0,0.0,0.0,4.642e-05,4.642e-05,0.0
24445893.0,4995000000.0,5000000.0,5.0,0.0,0.0487,0.0487,0.0487,0.0487,2.2307,0.044614,0.0020402,0.044614,2.2307,0.0037342,0.0020402,0.0037342,0.0,0.0,0.0,0.0,4.642e-05,0.0,0.0,0.0,1e-07,0.0,0.0,0.0,0.0,1e-07,4.642e-05,0.0
24449512.0,4995000000.0,5000000.0,5.0,0.0,0.0487,0.0487,0.0487,0.0487,2.2307,0.60541,0.0,0.60541,2.2307,5.7898e-05,0.0,5.7898e-05,0.0,0.0,0.0,0.0,2.154e-06,0.0,0.0,0.0,1e-07,0.0,0.0,0.0,0.0,1e-07,2.154e-06,0.0
24447779.0,4995000000.0,5000000.0,5.0,0.0,0.0487,0.0487,0.0487,0.0487,2.2307,0.1644,0.00021333,0.1644,2.2307,1.5722e-05,0.00021333,1.5722e-05,0.0,0.0,0.0,0.0,2.154e-10,0.0,0.0,0.0,0.001,0.0,0.0,0.0,0.0,0.001,2.154e-10,0.0
24444978.0,4995000000.0,5000000.0,5.0,0.0,0.0487,0.0487,0.0487,0.0487,2.2307,0.044614,2.2307e-05,0.044614,2.2307,4.4614e-07,2.2307e-05,4.4614e-07,0.0,0.0,0.0,0.0,1e-11,0.0,0.0,0.0,4.642e-05,0.0,0.0,0.0,0.0,4.642e-05,1e-11,0.0
24445953.0,4995000000.0,5000000.0,5.0,0.0,0.0487,0.0487,0.0487,0.0487,2.2307,0.044614,0.019407,0.044614,2.2307,0.0,0.019407,0.0,0.0,0.0,0.0,0.0,1e-11,0.0,0.0,0.0,1e-11,0.0,0.0,0.0,0.0,1e-11,1e-11,0.0
24443262.0,4995000000.0,5000000.0,5.0,0.0,0.0487,0.0487,0.0487,0.0487,2.2307,0.012046,0.0020402,0.012046,2.2307,1.2046e-07,0.0020402,1.2046e-07,0.0,0.0,0.0,0.0,1e-11,0.0,0.0,0.0,2.154e-06,0.0,0.0,0.0,0.0,2.154e-06,1e-11,0.0
24445254.0,4995000000.0,5000000.0,5.0,0.0,0.0487,0.0487,0.0487,0.0487,2.2307,0.044614,2.2307e-05,0.044614,2.2307,0.035691,2.2307e-05,0.035691,0.0,0.0,0.0,0.0,4.642e-05,0.0,0.0,0.0,2.154e-10,0.0,0.0,0.0,0.0,2.154e-10,4.642e-05,0.0
24447357.0,4995000000.0,5000000.0,5.0,0.0,0.0487,0.0487,0.0487,0.0487,2.2307,0.1644,2.2307e-05,0.1644,2.2307,0.0,2.2307e-05,0.0,0.0,0.0,0.0,0.0,2.154e-06,0.0,0.0,0.0,2.154e-06,0.0,0.0,0.0,0.0,2.154e-06,2.154e-06,0.0
24444769.0,4995000000.0,5000000.0,5.0,0.0,0.0487,0.0487,0.0487,0.0487,2.2307,0.044614,0.0,0.044614,2.2307,4.0804e-05,0.0,4.0804e-05,0.0,0.0,0.0,0.0,4.642e-05,0.0,0.0,0.0,0.001,0.0,0.0,0.0,0.0,0.001,4.642e-05,0.0
24445092.0,4995000000.0,5000000.0,5.0,0.0,0.0487,0.0487,0.0487,0.0487,2.2307,0.044614,2.2307e-05,0.044614,2.2307,4.0804e-05,2.2307e-05,4.0804e-05,0.0,0.0,0.0,0.0,1e-07,0.0,0.0,0.0,1e-11,0.0,0.0,0.0,0.0,1e-11,1e-07,0.0
24442192.0,4995000000.0,5000000.0,5.0,0.0,0.0487,0.0487,0.0487,0.0487,2.2307,0.012046,0.0,0.012046,2.2307,0.0,0.0,0.0,0.0,0.0,0.0,0.0,2.154e-10,0.0,0.0,0.0,4.642e-05,0.0,0.0,0.0,0.0,4.642e-05,2.154e-10,0.0
24442709.0,4995000000.0,5000000.0,5.0,0.0,0.0487,0.0487,0.0487,0.0487,2.2307,0.012046,2.2307e-05,0.012046,2.2307,1.1017e-05,2.2307e-05,1.1017e-05,0.0,0.0,0.0,0.0,4.642e-05,0.0,0.0,0.0,2.154e-06,0.0,0.0,0.0,0.0,2.154e-06,4.642e-05,0.0
24445549.0,4995000000.0,5000000.0,5.0,0.0,0.0487,0.0487,0.0487,0.0487,2.2307,0.044614,0.00021333,0.044614,2.2307,0.0037342,0.00021333,0.0037342,0.0,0.0,0.0,0.0,4.642e-05,0.0,0.0,0.0,4.642e-09,0.0,0.0,0.0,0.0,4.642e-09,4.642e-05,0.0
24445074.0,4995000000.0,5000000.0,5.0,0.0,0.0487,0.0487,0.0487,0.0487,2.2307,0.044614,2.2307e-05,0.044614,2.2307,4.0804e-05,2.2307e-05,4.0804e-05,0.0,0.0,0.0,0.0,1e-11,0.0,0.0,0.0,1e-07,0.0,0.0,0.0,0.0,1e-07,1e-11,0.0
24443469.0,4995000000.0,5000000.0,5.0,0.0,0.0487,0.0487,0.0487,0.0487,2.2307,0.012046,0.0020402,0.012046,2.2307,0.0010082,0.0020402,0.0010082,0.0,0.0,0.0,0.0,4.642e-09,0.0,0.0,0.0,2.154e-10,0.0,0.0,0.0,0.0,2.154e-10,4.642e-09,0.0
24449855.0,4995000000.0,5000000.0,5.0,0.0,0.0487,0.0487,0.0487,0.0487,2.2307,0.60541,2.2307e-05,0.60541,2.2307,5.7898e-05,2.2307e-05,5.7898e-05,0.0,0.0,0.0,0.0,2.154e-06,0.0,0.0,0.0,1e-07,0.0,0.0,0.0,0.0,1e-07,2.154e-06,0.0
24443816.0,4995000000.0,5000000.0,5.0,0.0,0.0487,0.0487,0.0487,0.0487,2.2307,0.012046,0.019407,0.012046,2.2307,0.0010082,0.019407,0.0010082,0.0,0.0,0.0,0.0,4.642e-09,0.0,0.0,0.0,4.642e-05,0.0,0.0,0.0,0.0,4.642e-05,4.642e-09,0.0
24442531.0,4995000000.0,5000000.0,5.0,0.0,0.0487,0.0487,0.0487,0.0487,2.2307,0.012046,2.2307e-05,0.012046,2.2307,0.0,2.2307e-05,0.0,0.0,0.0,0.0,0.0,2.154e-10,0.0,0.0,0.0,2.154e-10,0.0,0.0,0.0,0.0,2.154e-10,2.154e-10,0.0
24449500.0,4995000000.0,5000000.0,5.0,0.0,0.0487,0.0487,0.0487,0.0487,2.2307,0.60541,0.0,0.60541,2.2307,5.7898e-05,0.0,5.7898e-05,0.0,0.0,0.0,0.0,4.642e-09,0.0,0.0,0.0,4.642e-05,0.0,0.0,0.0,0.0,4.642e-05,4.642e-09,0.0
24442610.0,4995000000.0,5000000.0,5.0,0.0,0.0487,0.0487,0.0487,0.0487,2.2307,0.012046,2.2307e-05,0.012046,2.2307,1.2046e-07,2.2307e-05,1.2046e-07,0.0,0.0,0.0,0.0,4.642e-05,0.0,0.0,0.0,1e-07,0.0,0.0,0.0,0.0,1e-07,4.642e-05,0.0
24445109.0,4995000000.0,5000000.0,5.0,0.0,0.0487,0.0487,0.0487,0.0487,2.2307,0.044614,2.2307e-05,0.044614,2.2307,4.0804e-05,2.2307e-05,4.0804e-05,0.0,0.0,0.0,0.0,4.642e-05,0.0,0.0,0.0,1e-07,0.0,0.0,0.0,0.0,1e-07,4.642e-05,0.0
24442378.0,4995000000.0,5000000.0,5.0,0.0,0.0487,0.0487,0.0487,0.0487,2.2307,0.012046,0.0,0.012046,2.2307,0.0001048,0.0,0.0001048,0.0,0.0,0.0,0.0,1e-11,0.0,0.0,0.0,4.642e-09,0.0,0.0,0.0,0.0,4.642e-09,1e-11,0.0
24444937.0,4995000000.0,5000000.0,5.0,0.0,0.0487,0.0487,0.0487,0.0487,2.2307,0.044614,2.2307e-05,0.044614,2.2307,0.0,2.2307e-05,0.0,0.0,0.0,0.0,0.0,2.154e-10,0.0,0.0,0.0,0.001,0.0,0.0,0.0,0.0,0.001,2.154e-10,0.0
24443860.0,4995000000.0,5000000.0,5.0,0.0,0.0487,0.0487,0.0487,0.0487,2.2307,0.012046,0.019407,0.012046,2.2307,0.0096365,0.019407,0.0096365,0.0,0.0,0.0,0.0,4.642e-09,0.0,0.0,0.0,1e-11,0.0,0.0,0.0,0.0,1e-11,4.642e-09,0.0
24445185.0,4995000000.0,5000000.0,5.0,0.0,0.0487,0.0487,0.0487,0.0487,2.2307,0.044614,2.2307e-05,0.044614,2.2307,0.0037342,2.2307e-05,0.0037342,0.0,0.0,0.0,0.0,4.642e-09,0.0,0.0,0.0,4.642e-09,0.0,0.0,0.0,0.0,4.642e-09,4.642e-09,0.0
24445376.0,4995000000.0,5000000.0,5.0,0.0,0.0487,0.0487,0.0487,0.0487,2.2307,0.044614,0.00021333,0.044614,2.2307,4.2666e-06,0.00021333,4.2666e-06,0.0,0.0,0.0,0.0,2.154e-10,0.0,0.0,0.0,2.154e-06,0.0,0.0,0.0,0.0,2.154e-06,2.154e-10,0.0
24446025.0,4995000000.0,5000000.0,5.0,0.0,0.0487,0.0487,0.0487,0.0487,2.2307,0.044614,0.019407,0.044614,2.2307,4.4614e-07,0.019407,4.4614e-07,0.0,0.0,0.0,0.0,1e-07,0.0,0.0,0.0,4.642e-09,0.0,0.0,0.0,0.0,4.642e-09,1e-07,0.0
24448458.0,4995000000.0,5000000.0,5.0,0.0,0.0487,0.0487,0.0487,0.0487,2.2307,0.1644,0.019407,0.1644,2.2307,1.5722e-05,0.019407,1.5722e-05,0.0,0.0,0.0,0.0,1e-11,0.0,0.0,0.0,0.001,0.0,0.0,0.0,0.0,0.001,1e-11,0.0
24447819.0,4995000000.0,5000000.0,5.0,0.0,0.0487,0.0487,0.0487,0.0487,2.2307,0.1644,0.00021333,0.1644,2.2307,0.00015036,0.00021333,0.00015036,0.0,0.0,0.0,0.0,1e-11,0.0,0.0,0.0,2.154e-06,0.0,0.0,0.0,0.0,2.154e-06,1e-11,0.0
24442437.0,4995000000.0,5000000.0,5.0,0.0,0.0487,0.0487,0.0487,0.0487,2.2307,0.012046,0.0,0.012046,2.2307,0.0010082,0.0,0.0010082,0.0,0.0,0.0,0.0,2.154e-10,0.0,0.0,0.0,4.642e-05,0.0,0.0,0.0,0.0,4.642e-05,2.154e-10,0.0
24447345.0,4995000000.0,5000000.0,5.0,0.0,0.0487,0.0487,0.0487,0.0487,2.2307,0.1644,2.2307e-05,0.1644,2.2307,0.0,2.2307e-05,0.0,0.0,0.0,0.0,0.0,4.642e-09,0.0,0.0,0.0,0.001,0.0,0.0,0.0,0.0,0.001,4.642e-09,0.0
24445417.0,4995000000.0,5000000.0,5.0,0.0,0.0487,0.0487,0.0487,0.0487,2.2307,0.044614,0.00021333,0.044614,2.2307,4.0804e-05,0.00021333,4.0804e-05,0.0,0.0,0.0,0.0,1e-11,0.0,0.0,0.0,1e-07,0.0,0.0,0.0,0.0,1e-07,1e-11,0.0
24447099.0,4995000000.0,5000000.0,5.0,0.0,0.0487,0.0487,0.0487,0.0487,2.2307,0.1644,0.0,0.1644,2.2307,1.5722e-05,0.0,1.5722e-05,0.0,0.0,0.0,0.0,4.642e-09,0.0,0.0,0.0,4.642e-05,0.0,0.0,0.0,0.0,4.642e-05,4.642e-09,0.0
24447614.0,4995000000.0,5000000.0,5.0,0.0,0.0487,0.0487,0.0487,0.0487,2.2307,0.1644,2.2307e-05,0.1644,2.2307,0.01376,2.2307e-05,0.01376,0.0,0.0,0.0,0.0,0.001,0.0,0.0,0.0,4.642e-09,0.0,0.0,0.0,0.0,4.642e-09,0.001,0.0
24449415.0,4995000000.0,5000000.0,5.0,0.0,0.0487,0.0487,0.0487,0.0487,2.2307,0.60541,0.0,0.60541,2.2307,0.0,0.0,0.0,0.0,0.0,0.0,0.0,2.154e-06,0.0,0.0,0.0,2.154e-06,0.0,0.0,0.0,0.0,2.154e-06,2.154e-06,0.0
24442756.0,4995000000.0,5000000.0,5.0,0.0,0.0487,0.0487,0.0487,0.0487,2.2307,0.012046,2.2307e-05,0.012046,2.2307,0.0001048,2.2307e-05,0.0001048,0.0,0.0,0.0,0.0,4.642e-05,0.0,0.0,0.0,4.642e-09,0.0,0.0,0.0,0.0,4.642e-09,4.642e-05,0.0
24447133.0,4995000000.0,5000000.0,5.0,0.0,0.0487,0.0487,0.0487,0.0487,2.2307,0.1644,0.0,0.1644,2.2307,0.00015036,0.0,0.00015036,0.0,0.0,0.0,0.0,1e-11,0.0,0.0,0.0,2.154e-06,0.0,0.0,0.0,0.0,2.154e-06,1e-11,0.0
24447943.0,4995000000.0,5000000.0,5.0,0.0,0.0487,0.0487,0.0487,0.0487,2.2307,0.1644,0.00021333,0.1644,2.2307,0.01376,0.00021333,0.01376,0.0,0.0,0.0,0.0,2.154e-06,0.0,0.0,0.0,4.642e-09,0.0,0.0,0.0,0.0,4.642e-09,2.154e-06,0.0
24442310.0,4995000000.0,5000000.0,5.0,0.0,0.0487,0.0487,0.0487,0.0487,2.2307,0.012046,0.0,0.012046,2.2307,1.152e-06,0.0,1.152e-06,0.0,0.0,0.0,0.0,2.154e-06,0.0,0.0,0.0,2.154e-06,0.0,0.0,0.0,0.0,2.154e-06,2.154e-06,0.0
24445742.0,4995000000.0,5000000.0,5.0,0.0,0.0487,0.0487,0.0487,0.0487,2.2307,0.044614,0.0020402,0.044614,2.2307,4.2666e-06,0.0020402,4.2666e-06,0.0,0.0,0.0,0.0,2.154e-06,0.0,0.0,0.0,0.001,0.0,0.0,0.0,0.0,0.001,2.154e-06,0.0
24448542.0,4995000000.0,5000000.0,5.0,0.0,0.0487,0.0487,0.0487,0.0487,2.2307,0.1644,0.019407,0.1644,2.2307,0.00015036,0.019407,0.00015036,0.0,0.0,0.0,0.0,4.642e-05,0.0,0.0,0.0,0.001,0.0,0.0,0.0,0.0,0.001,4.642e-05,0.0
24449864.0,4995000000.0,5000000.0,5.0,0.0,0.0487,0.0487,0.0487,0.0487,2.2307,0.60541,2.2307e-05,0.60541,2.2307,5.7898e-05,2.2307e-05,5.7898e-05,0.0,0.0,0.0,0.0,4.642e-05,0.0,0.0,0.0,4.642e-05,0.0,0.0,0.0,0.0,4.642e-05,4.642e-05,0.0
24447847.0,4995000000.0,5000000.0,5.0,0.0,0.0487,0.0487,0.0487,0.0487,2.2307,0.1644,0.00021333,0.1644,2.2307,0.00015036,0.00021333,0.00015036,0.0,0.0,0.0,0.0,2.154e-06,0.0,0.0,0.0,2.154e-06,0.0,0.0,0.0,0.0,2.154e-06,2.154e-06,0.0
24443594.0,4995000000.0,5000000.0,5.0,0.0,0.0487,0.0487,0.0487,0.0487,2.2307,0.012046,0.019407,0.012046,2.2307,0.0,0.019407,0.0,0.0,0.0,0.0,0.0,0.001,0.0,0.0,0.0,1e-11,0.0,0.0,0.0,0.0,1e-11,0.001,0.0
24444689.0,4995000000.0,5000000.0,5.0,0.0,0.0487,0.0487,0.0487,0.0487,2.2307,0.044614,0.0,0.044614,2.2307,4.2666e-06,0.0,4.2666e-06,0.0,0.0,0.0,0.0,2.154e-10,0.0,0.0,0.0,1e-07,0.0,0.0,0.0,0.0,1e-07,2.154e-10,0.0
24445538.0,4995000000.0,5000000.0,5.0,0.0,0.0487,0.0487,0.0487,0.0487,2.2307,0.044614,0.00021333,0.044614,2.2307,0.0037342,0.00021333,0.0037342,0.0,0.0,0.0,0.0,1e-07,0.0,0.0,0.0,4.642e-05,0.0,0.0,0.0,0.0,4.642e-05,1e-07,0.0
24444924.0,4995000000.0,5000000.0,5.0,0.0,0.0487,0.0487,0.0487,0.0487,2.2307,0.044614,2.2307e-05,0.044614,2.2307,0.0,2.2307e-05,0.0,0.0,0.0,0.0,0.0,1e-11,0.0,0.0,0.0,1e-11,0.0,0.0,0.0,0.0,1e-11,1e-11,0.0
24445070.0,4995000000.0,5000000.0,5.0,0.0,0.0487,0.0487,0.0487,0.0487,2.2307,0.044614,2.2307e-05,0.044614,2.2307,4.2666e-06,2.2307e-05,4.2666e-06,0.0,0.0,0.0,0.0,0.001,0.0,0.0,0.0,0.001,0.0,0.0,0.0,0.0,0.001,0.001,0.0
24444692.0,4995000000.0,5000000.0,5.0,0.0,0.0487,0.0487,0.0487,0.0487,2.2307,0.044614,0.0,0.044614,2.2307,4.2666e-06,0.0,4.2666e-06,0.0,0.0,0.0,0.0,2.154e-10,0.0,0.0,0.0,0.001,0.0,0.0,0.0,0.0,0.001,2.154e-10,0.0
24443503.0,4995000000.0,5000000.0,5.0,0.0,0.0487,0.0487,0.0487,0.0487,2.2307,0.012046,0.0020402,0.012046,2.2307,0.0096365,0.0020402,0.0096365,0.0,0.0,0.0,0.0,1e-11,0.0,0.0,0.0,1e-11,0.0,0.0,0.0,0.0,1e-11,1e-11,0.0
24449896.0,4995000000.0,5000000.0,5.0,0.0,0.0487,0.0487,0.0487,0.0487,2.2307,0.60541,2.2307e-05,0.60541,2.2307,0.00055371,2.2307e-05,0.00055371,0.0,0.0,0.0,0.0,1e-07,0.0,0.0,0.0,4.642e-09,0.0,0.0,0.0,0.0,4.642e-09,1e-07,0.0
24447350.0,4995000000.0,5000000.0,5.0,0.0,0.0487,0.0487,0.0487,0.0487,2.2307,0.1644,2.2307e-05,0.1644,2.2307,0.0,2.2307e-05,0.0,0.0,0.0,0.0,0.0,1e-07,0.0,0.0,0.0,2.154e-06,0.0,0.0,0.0,0.0,2.154e-06,1e-07,0.0
24449406.0,4995000000.0,5000000.0,5.0,0.0,0.0487,0.0487,0.0487,0.0487,2.2307,0.60541,0.0,0.60541,2.2307,0.0,0.0,0.0,0.0,0.0,0.0,0.0,1e-07,0.0,0.0,0.0,4.642e-09,0.0,0.0,0.0,0.0,4.642e-09,1e-07,0.0
24442879.0,4995000000.0,5000000.0,5.0,0.0,0.0487,0.0487,0.0487,0.0487,2.2307,0.012046,0.00021333,0.012046,2.2307,0.0,0.00021333,0.0,0.0,0.0,0.0,0.0,2.154e-10,0.0,0.0,0.0,0.001,0.0,0.0,0.0,0.0,0.001,2.154e-10,0.0
24445007.0,4995000000.0,5000000.0,5.0,0.0,0.0487,0.0487,0.0487,0.0487,2.2307,0.044614,2.2307e-05,0.044614,2.2307,4.4614e-07,2.2307e-05,4.4614e-07,0.0,0.0,0.0,0.0,2.154e-06,0.0,0.0,0.0,0.001,0.0,0.0,0.0,0.0,0.001,2.154e-06,0.0
24442699.0,4995000000.0,5000000.0,5.0,0.0,0.0487,0.0487,0.0487,0.0487,2.2307,0.012046,2.2307e-05,0.012046,2.2307,1.1017e-05,2.2307e-05,1.1017e-05,0.0,0.0,0.0,0.0,2.154e-06,0.0,0.0,0.0,2.154e-10,0.0,0.0,0.0,0.0,2.154e-10,2.154e-06,0.0
24445785.0,4995000000.0,5000000.0,5.0,0.0,0.0487,0.0487,0.0487,0.0487,2.2307,0.044614,0.0020402,0.044614,2.2307,4.0804e-05,0.0020402,4.0804e-05,0.0,0.0,0.0,0.0,2.154e-06,0.0,0.0,0.0,1e-11,0.0,0.0,0.0,0.0,1e-11,2.154e-06,0.0
24445469.0,4995000000.0,5000000.0,5.0,0.0,0.0487,0.0487,0.0487,0.0487,2.2307,0.044614,0.00021333,0.044614,2.2307,0.00038814,0.00021333,0.00038814,0.0,0.0,0.0,0.0,1e-11,0.0,0.0,0.0,0.001,0.0,0.0,0.0,0.0,0.001,1e-11,0.0
24448527.0,4995000000.0,5000000.0,5.0,0.0,0.0487,0.0487,0.0487,0.0487,2.2307,0.1644,0.019407,0.1644,2.2307,0.00015036,0.019407,0.00015036,0.0,0.0,0.0,0.0,1e-07,0.0,0.0,0.0,4.642e-05,0.0,0.0,0.0,0.0,4.642e-05,1e-07,0.0
24442450.0,4995000000.0,5000000.0,5.0,0.0,0.0487,0.0487,0.0487,0.0487,2.2307,0.012046,0.0,0.012046,2.2307,0.0010082,0.0,0.0010082,0.0,0.0,0.0,0.0,1e-07,0.0,0.0,0.0,2.154e-06,0.0,0.0,0.0,0.0,2.154e-06,1e-07,0.0
24444969.0,4995000000.0,5000000.0,5.0,0.0,0.0487,0.0487,0.0487,0.0487,2.2307,0.044614,2.2307e-05,0.044614,2.2307,0.0,2.2307e-05,0.0,0.0,0.0,0.0,0.0,0.001,0.0,0.0,0.0,1e-07,0.0,0.0,0.0,0.0,1e-07,0.001,0.0
24447265.0,4995000000.0,5000000.0,5.0,0.0,0.0487,0.0487,0.0487,0.0487,2.2307,0.1644,0.0,0.1644,2.2307,0.01376,0.0,0.01376,0.0,0.0,0.0,0.0,4.642e-05,0.0,0.0,0.0,1e-07,0.0,0.0,0.0,0.0,1e-07,4.642e-05,0.0
24443840.0,4995000000.0,5000000.0,5.0,0.0,0.0487,0.0487,0.0487,0.0487,2.2307,0.012046,0.019407,0.012046,2.2307,0.0010082,0.019407,0.0010082,0.0,0.0,0.0,0.0,0.001,0.0,0.0,0.0,2.154e-10,0.0,0.0,0.0,0.0,2.154e-10,0.001,0.0
24447243.0,4995000000.0,5000000.0,5.0,0.0,0.0487,0.0487,0.0487,0.0487,2.2307,0.1644,0.0,0.1644,2.2307,0.01376,0.0,0.01376,0.0,0.0,0.0,0.0,4.642e-09,0.0,0.0,0.0,4.642e-09,0.0,0.0,0.0,0.0,4.642e-09,4.642e-09,0.0
24445168.0,4995000000.0,5000000.0,5.0,0.0,0.0487,0.0487,0.0487,0.0487,2.2307,0.044614,2.2307e-05,0.044614,2.2307,0.00038814,2.2307e-05,0.00038814,0.0,0.0,0.0,0.0,0.001,0.0,0.0,0.0,0.001,0.0,0.0,0.0,0.0,0.001,0.001,0.0
24442457.0,4995000000.0,5000000.0,5.0,0.0,0.0487,0.0487,0.0487,0.0487,2.2307,0.012046,0.0,0.012046,2.2307,0.0010082,0.0,0.0010082,0.0,0.0,0.0,0.0,2.154e-06,0.0,0.0,0.0,2.154e-06,0.0,0.0,0.0,0.0,2.154e-06,2.154e-06,0.0
24446111.0,4995000000.0,5000000.0,5.0,0.0,0.0487,0.0487,0.0487,0.0487,2.2307,0.044614,0.019407,0.044614,2.2307,4.0804e-05,0.019407,4.0804e-05,0.0,0.0,0.0,0.0,2.154e-10,0.0,0.0,0.0,2.154e-06,0.0,0.0,0.0,0.0,2.154e-06,2.154e-10,0.0
24447580.0,4995000000.0,5000000.0,5.0,0.0,0.0487,0.0487,0.0487,0.0487,2.2307,0.1644,2.2307e-05,0.1644,2.2307,0.01376,2.2307e-05,0.01376,0.0,0.0,0.0,0.0,2.154e-10,0.0,0.0,0.0,1e-07,0.0,0.0,0.0,0.0,1e-07,2.154e-10,0.0
24443127.0,4995000000.0,5000000.0,5.0,0.0,0.0487,0.0487,0.0487,0.0487,2.2307,0.012046,0.00021333,0.012046,2.2307,0.0010082,0.00021333,0.0010082,0.0,0.0,0.0,0.0,4.642e-09,0.0,0.0,0.0,4.642e-09,0.0,0.0,0.0,0.0,4.642e-09,4.642e-09,0.0
24445122.0,4995000000.0,5000000.0,5.0,0.0,0.0487,0.0487,0.0487,0.0487,2.2307,0.044614,2.2307e-05,0.044614,2.2307,0.00038814,2.2307e-05,0.00038814,0.0,0.0,0.0,0.0,1e-11,0.0,0.0,0.0,4.642e-09,0.0,0.0,0.0,0.0,4.642e-09,1e-11,0.0
24445945.0,4995000000.0,5000000.0,5.0,0.0,0.0487,0.0487,0.0487,0.0487,2.2307,0.044614,0.0020402,0.044614,2.2307,0.035691,0.0020402,0.035691,0.0,0.0,0.0,0.0,4.642e-05,0.0,0.0,0.0,0.001,0.0,0.0,0.0,0.0,0.001,4.642e-05,0.0
24447686.0,4995000000.0,5000000.0,5.0,0.0,0.0487,0.0487,0.0487,0.0487,2.2307,0.1644,0.00021333,0.1644,2.2307,0.0,0.00021333,0.0,0.0,0.0,0.0,0.0,4.642e-09,0.0,0.0,0.0,2.154e-06,0.0,0.0,0.0,0.0,2.154e-06,4.642e-09,0.0
24442577.0,4995000000.0,5000000.0,5.0,0.0,0.0487,0.0487,0.0487,0.0487,2.2307,0.012046,2.2307e-05,0.012046,2.2307,1.2046e-07,2.2307e-05,1.2046e-07,0.0,0.0,0.0,0.0,1e-11,0.0,0.0,0.0,4.642e-05,0.0,0.0,0.0,0.0,4.642e-05,1e-11,0.0
24442868.0,4995000000.0,5000000.0,5.0,0.0,0.0487,0.0487,0.0487,0.0487,2.2307,0.012046,0.00021333,0.012046,2.2307,0.0,0.00021333,0.0,0.0,0.0,0.0,0.0,1e-11,0.0,0.0,0.0,4.642e-09,0.0,0.0,0.0,0.0,4.642e-09,1e-11,0.0
24445516.0,4995000000.0,5000000.0,5.0,0.0,0.0487,0.0487,0.0487,0.0487,2.2307,0.044614,0.00021333,0.044614,2.2307,0.0037342,0.00021333,0.0037342,0.0,0.0,0.0,0.0,1e-11,0.0,0.0,0.0,2.154e-06,0.0,0.0,0.0,0.0,2.154e-06,1e-11,0.0
24445242.0,4995000000.0,5000000.0,5.0,0.0,0.0487,0.0487,0.0487,0.0487,2.2307,0.044614,2.2307e-05,0.044614,2.2307,0.035691,2.2307e-05,0.035691,0.0,0.0,0.0,0.0,1e-07,0.0,0.0,0.0,1e-07,0.0,0.0,0.0,0.0,1e-07,1e-07,0.0
24444600.0,4995000000.0,5000000.0,5.0,0.0,0.0487,0.0487,0.0487,0.0487,2.2307,0.044614,0.0,0.044614,2.2307,0.0,0.0,0.0,0.0,0.0,0.0,0.0,4.642e-09,0.0,0.0,0.0,4.642e-05,0.0,0.0,0.0,0.0,4.642e-05,4.642e-09,0.0
24443627.0,4995000000.0,5000000.0,5.0,0.0,0.0487,0.0487,0.0487,0.0487,2.2307,0.012046,0.019407,0.012046,2.2307,1.2046e-07,0.019407,1.2046e-07,0.0,0.0,0.0,0.0,1e-07,0.0,0.0,0.0,4.642e-05,0.0,0.0,0.0,0.0,4.642e-05,1e-07,0.0
24449497.0,4995000000.0,5000000.0,5.0,0.0,0.0487,0.0487,0.0487,0.0487,2.2307,0.60541,0.0,0.60541,2.2307,5.7898e-05,0.0,5.7898e-05,0.0,0.0,0.0,0.0,4.642e-09,0.0,0.0,0.0,4.642e-09,0.0,0.0,0.0,0.0,4.642e-09,4.642e-09,0.0
24443722.0,4995000000.0,5000000.0,5.0,0.0,0.0487,0.0487,0.0487,0.0487,2.2307,0.012046,0.019407,0.012046,2.2307,1.1017e-05,0.019407,1.1017e-05,0.0,0.0,0.0,0.0,1e-07,0.0,0.0,0.0,4.642e-09,0.0,0.0,0.0,0.0,4.642e-09,1e-07,0.0
24442397.0,4995000000.0,5000000.0,5.0,0.0,0.0487,0.0487,0.0487,0.0487,2.2307,0.012046,0.0,0.012046,2.2307,0.0001048,0.0,0.0001048,0.0,0.0,0.0,0.0,1e-07,0.0,0.0,0.0,1e-11,0.0,0.0,0.0,0.0,1e-11,1e-07,0.0
24449611.0,4995000000.0,5000000.0,5.0,0.0,0.0487,0.0487,0.0487,0.0487,2.2307,0.60541,0.0,0.60541,2.2307,0.005267,0.0,0.005267,0.0,0.0,0.0,0.0,2.154e-06,0.0,0.0,0.0,2.154e-06,0.0,0.0,0.0,0.0,2.154e-06,2.154e-06,0.0
24448100.0,4995000000.0,5000000.0,5.0,0.0,0.0487,0.0487,0.0487,0.0487,2.2307,0.1644,0.0020402,0.1644,2.2307,1.644e-06,0.0020402,1.644e-06,0.0,0.0,0.0,0.0,4.642e-05,0.0,0.0,0.0,4.642e-05,0.0,0.0,0.0,0.0,4.642e-05,4.642e-05,0.0
24442218.0,4995000000.0,5000000.0,5.0,0.0,0.0487,0.0487,0.0487,0.0487,2.2307,0.012046,0.0,0.012046,2.2307,0.0,0.0,0.0,0.0,0.0,0.0,0.0,4.642e-05,0.0,0.0,0.0,1e-07,0.0,0.0,0.0,0.0,1e-07,4.642e-05,0.0
24444795.0,4995000000.0,5000000.0,5.0,0.0,0.0487,0.0487,0.0487,0.0487,2.2307,0.044614,0.0,0.044614,2.2307,0.00038814,0.0,0.00038814,0.0,0.0,0.0,0.0,4.642e-09,0.0,0.0,0.0,2.154e-06,0.0,0.0,0.0,0.0,2.154e-06,4.642e-09,0.0
24442905.0,4995000000.0,5000000.0,5.0,0.0,0.0487,0.0487,0.0487,0.0487,2.2307,0.012046,0.00021333,0.012046,2.2307,0.0,0.00021333,0.0,0.0,0.0,0.0,0.0,4.642e-05,0.0,0.0,0.0,2.154e-06,0.0,0.0,0.0,0.0,2.154e-06,4.642e-05,0.0
24448518.0,4995000000.0,5000000.0,5.0,0.0,0.0487,0.0487,0.0487,0.0487,2.2307,0.1644,0.019407,0.1644,2.2307,0.00015036,0.019407,0.00015036,0.0,0.0,0.0,0.0,4.642e-09,0.0,0.0,0.0,1e-07,0.0,0.0,0.0,0.0,1e-07,4.642e-09,0.0
24449932.0,4995000000.0,5000000.0,5.0,0.0,0.0487,0.0487,0.0487,0.0487,2.2307,0.60541,2.2307e-05,0.60541,2.2307,0.005267,2.2307e-05,0.005267,0.0,0.0,0.0,0.0,2.154e-10,0.0,0.0,0.0,1e-07,0.0,0.0,0.0,0.0,1e-07,2.154e-10,0.0
24442899.0,4995000000.0,5000000.0,5.0,0.0,0.0487,0.0487,0.0487,0.0487,2.2307,0.012046,0.00021333,0.012046,2.2307,0.0,0.00021333,0.0,0.0,0.0,0.0,0.0,2.154e-06,0.0,0.0,0.0,4.642e-05,0.0,0.0,0.0,0.0,4.642e-05,2.154e-06,0.0
24442561.0,4995000000.0,5000000.0,5.0,0.0,0.0487,0.0487,0.0487,0.0487,2.2307,0.012046,2.2307e-05,0.012046,2.2307,0.0,2.2307e-05,0.0,0.0,0.0,0.0,0.0,4.642e-05,0.0,0.0,0.0,1e-07,0.0,0.0,0.0,0.0,1e-07,4.642e-05,0.0
24443786.0,4995000000.0,5000000.0,5.0,0.0,0.0487,0.0487,0.0487,0.0487,2.2307,0.012046,0.019407,0.012046,2.2307,0.0001048,0.019407,0.0001048,0.0,0.0,0.0,0.0,4.642e-05,0.0,0.0,0.0,1e-07,0.0,0.0,0.0,0.0,1e-07,4.642e-05,0.0
24443882.0,4995000000.0,5000000.0,5.0,0.0,0.0487,0.0487,0.0487,0.0487,2.2307,0.012046,0.019407,0.012046,2.2307,0.0096365,0.019407,0.0096365,0.0,0.0,0.0,0.0,4.642e-05,0.0,0.0,0.0,2.154e-10,0.0,0.0,0.0,0.0,2.154e-10,4.642e-05,0.0
24445677.0,4995000000.0,5000000.0,5.0,0.0,0.0487,0.0487,0.0487,0.0487,2.2307,0.044614,0.0020402,0.044614,2.2307,4.4614e-07,0.0020402,4.4614e-07,0.0,0.0,0.0,0.0,4.642e-09,0.0,0.0,0.0,2.154e-06,0.0,0.0,0.0,0.0,2.154e-06,4.642e-09,0.0
24442739.0,4995000000.0,5000000.0,5.0,0.0,0.0487,0.0487,0.0487,0.0487,2.2307,0.012046,2.2307e-05,0.012046,2.2307,0.0001048,2.2307e-05,0.0001048,0.0,0.0,0.0,0.0,4.642e-09,0.0,0.0,0.0,0.001,0.0,0.0,0.0,0.0,0.001,4.642e-09,0.0
24443027.0,4995000000.0,5000000.0,5.0,0.0,0.0487,0.0487,0.0487,0.0487,2.2307,0.012046,0.00021333,0.012046,2.2307,1.1017e-05,0.00021333,1.1017e-05,0.0,0.0,0.0,0.0,4.642e-09,0.0,0.0,0.0,1e-11,0.0,0.0,0.0,0.0,1e-11,4.642e-09,0.0
24447156.0,4995000000.0,5000000.0,5.0,0.0,0.0487,0.0487,0.0487,0.0487,2.2307,0.1644,0.0,0.1644,2.2307,0.00015036,0.0,0.00015036,0.0,0.0,0.0,0.0,1e-07,0.0,0.0,0.0,0.001,0.0,0.0,0.0,0.0,0.001,1e-07,0.0
24442247.0,4995000000.0,5000000.0,5.0,0.0,0.0487,0.0487,0.0487,0.0487,2.2307,0.012046,0.0,0.012046,2.2307,1.2046e-07,0.0,1.2046e-07,0.0,0.0,0.0,0.0,4.642e-09,0.0,0.0,0.0,2.154e-06,0.0,0.0,0.0,0.0,2.154e-06,4.642e-09,0.0
24443463.0,4995000000.0,5000000.0,5.0,0.0,0.0487,0.0487,0.0487,0.0487,2.2307,0.012046,0.0020402,0.012046,2.2307,0.0010082,0.0020402,0.0010082,0.0,0.0,0.0,0.0,2.154e-10,0.0,0.0,0.0,4.642e-09,0.0,0.0,0.0,0.0,4.642e-09,2.154e-10,0.0
24446136.0,4995000000.0,5000000.0,5.0,0.0,0.0487,0.0487,0.0487,0.0487,2.2307,0.044614,0.019407,0.044614,2.2307,4.0804e-05,0.019407,4.0804e-05,0.0,0.0,0.0,0.0,4.642e-05,0.0,0.0,0.0,2.154e-10,0.0,0.0,0.0,0.0,2.154e-10,4.642e-05,0.0
24443001.0,4995000000.0,5000000.0,5.0,0.0,0.0487,0.0487,0.0487,0.0487,2.2307,0.012046,0.00021333,0.012046,2.2307,1.152e-06,0.00021333,1.152e-06,0.0,0.0,0.0,0.0,4.642e-05,0.0,0.0,0.0,4.642e-09,0.0,0.0,0.0,0.0,4.642e-09,4.642e-05,0.0
24445389.0,4995000000.0,5000000.0,5.0,0.0,0.0487,0.0487,0.0487,0.0487,2.2307,0.044614,0.00021333,0.044614,2.2307,4.2666e-06,0.00021333,4.2666e-06,0.0,0.0,0.0,0.0,1e-07,0.0,0.0,0.0,1e-07,0.0,0.0,0.0,0.0,1e-07,1e-07,0.0
24445503.0,4995000000.0,5000000.0,5.0,0.0,0.0487,0.0487,0.0487,0.0487,2.2307,0.044614,0.00021333,0.044614,2.2307,0.00038814,0.00021333,0.00038814,0.0,0.0,0.0,0.0,4.642e-05,0.0,0.0,0.0,4.642e-05,0.0,0.0,0.0,0.0,4.642e-05,4.642e-05,0.0
24442693.0,4995000000.0,5000000.0,5.0,0.0,0.0487,0.0487,0.0487,0.0487,2.2307,0.012046,2.2307e-05,0.012046,2.2307,1.1017e-05,2.2307e-05,1.1017e-05,0.0,0.0,0.0,0.0,1e-07,0.0,0.0,0.0,4.642e-09,0.0,0.0,0.0,0.0,4.642e-09,1e-07,0.0
24443479.0,4995000000.0,5000000.0,5.0,0.0,0.0487,0.0487,0.0487,0.0487,2.2307,0.012046,0.0020402,0.012046,2.2307,0.0010082,0.0020402,0.0010082,0.0,0.0,0.0,0.0,1e-07,0.0,0.0,0.0,2.154e-06,0.0,0.0,0.0,0.0,2.154e-06,1e-07,0.0
24448212.0,4995000000.0,5000000.0,5.0,0.0,0.0487,0.0487,0.0487,0.0487,2.2307,0.1644,0.0020402,0.1644,2.2307,0.0014303,0.0020402,0.0014303,0.0,0.0,0.0,0.0,1e-11,0.0,0.0,0.0,4.642e-05,0.0,0.0,0.0,0.0,4.642e-05,1e-11,0.0
24442269.0,4995000000.0,5000000.0,5.0,0.0,0.0487,0.0487,0.0487,0.0487,2.2307,0.012046,0.0,0.012046,2.2307,1.2046e-07,0.0,1.2046e-07,0.0,0.0,0.0,0.0,4.642e-05,0.0,0.0,0.0,4.642e-05,0.0,0.0,0.0,0.0,4.642e-05,4.642e-05,0.0
24449728.0,4995000000.0,5000000.0,5.0,0.0,0.0487,0.0487,0.0487,0.0487,2.2307,0.60541,2.2307e-05,0.60541,2.2307,0.0,2.2307e-05,0.0,0.0,0.0,0.0,0.0,1e-11,0.0,0.0,0.0,4.642e-09,0.0,0.0,0.0,0.0,4.642e-09,1e-11,0.0
24443749.0,4995000000.0,5000000.0,5.0,0.0,0.0487,0.0487,0.0487,0.0487,2.2307,0.012046,0.019407,0.012046,2.2307,0.0001048,0.019407,0.0001048,0.0,0.0,0.0,0.0,1e-11,0.0,0.0,0.0,2.154e-10,0.0,0.0,0.0,0.0,2.154e-10,1e-11,0.0
24445681.0,4995000000.0,5000000.0,5.0,0.0,0.0487,0.0487,0.0487,0.0487,2.2307,0.044614,0.0020402,0.044614,2.2307,4.4614e-07,0.0020402,4.4614e-07,0.0,0.0,0.0,0.0,1e-07,0.0,0.0,0.0,2.154e-10,0.0,0.0,0.0,0.0,2.154e-10,1e-07,0.0
24444904.0,4995000000.0,5000000.0,5.0,0.0,0.0487,0.0487,0.0487,0.0487,2.2307,0.044614,0.0,0.044614,2.2307,0.035691,0.0,0.035691,0.0,0.0,0.0,0.0,2.154e-06,0.0,0.0,0.0,2.154e-10,0.0,0.0,0.0,0.0,2.154e-10,2.154e-06,0.0
24447464.0,4995000000.0,5000000.0,5.0,0.0,0.0487,0.0487,0.0487,0.0487,2.2307,0.1644,2.2307e-05,0.1644,2.2307,1.5722e-05,2.2307e-05,1.5722e-05,0.0,0.0,0.0,0.0,4.642e-05,0.0,0.0,0.0,0.001,0.0,0.0,0.0,0.0,0.001,4.642e-05,0.0
24442713.0,4995000000.0,5000000.0,5.0,0.0,0.0487,0.0487,0.0487,0.0487,2.2307,0.012046,2.2307e-05,0.012046,2.2307,1.1017e-05,2.2307e-05,1.1017e-05,0.0,0.0,0.0,0.0,0.001,0.0,0.0,0.0,2.154e-10,0.0,0.0,0.0,0.0,2.154e-10,0.001,0.0
24443387.0,4995000000.0,5000000.0,5.0,0.0,0.0487,0.0487,0.0487,0.0487,2.2307,0.012046,0.0020402,0.012046,2.2307,1.1017e-05,0.0020402,1.1017e-05,0.0,0.0,0.0,0.0,2.154e-06,0.0,0.0,0.0,1e-07,0.0,0.0,0.0,0.0,1e-07,2.154e-06,0.0
24447252.0,4995000000.0,5000000.0,5.0,0.0,0.0487,0.0487,0.0487,0.0487,2.2307,0.1644,0.0,0.1644,2.2307,0.01376,0.0,0.01376,0.0,0.0,0.0,0.0,1e-07,0.0,0.0,0.0,2.154e-06,0.0,0.0,0.0,0.0,2.154e-06,1e-07,0.0
24443439.0,4995000000.0,5000000.0,5.0,0.0,0.0487,0.0487,0.0487,0.0487,2.2307,0.012046,0.0020402,0.012046,2.2307,0.0001048,0.0020402,0.0001048,0.0,0.0,0.0,0.0,2.154e-06,0.0,0.0,0.0,0.001,0.0,0.0,0.0,0.0,0.001,2.154e-06,0.0
24449753.0,4995000000.0,5000000.0,5.0,0.0,0.0487,0.0487,0.0487,0.0487,2.2307,0.60541,2.2307e-05,0.60541,2.2307,0.0,2.2307e-05,0.0,0.0,0.0,0.0,0.0,1e-07,0.0,0.0,0.0,0.001,0.0,0.0,0.0,0.0,0.001,1e-07,0.0
24444865.0,4995000000.0,5000000.0,5.0,0.0,0.0487,0.0487,0.0487,0.0487,2.2307,0.044614,0.0,0.044614,2.2307,0.0037342,0.0,0.0037342,0.0,0.0,0.0,0.0,4.642e-05,0.0,0.0,0.0,2.154e-06,0.0,0.0,0.0,0.0,2.154e-06,4.642e-05,0.0
24445079.0,4995000000.0,5000000.0,5.0,0.0,0.0487,0.0487,0.0487,0.0487,2.2307,0.044614,2.2307e-05,0.044614,2.2307,4.0804e-05,2.2307e-05,4.0804e-05,0.0,0.0,0.0,0.0,2.154e-10,0.0,0.0,0.0,2.154e-10,0.0,0.0,0.0,0.0,2.154e-10,2.154e-10,0.0
24444588.0,4995000000.0,5000000.0,5.0,0.0,0.0487,0.0487,0.0487,0.0487,2.2307,0.044614,0.0,0.044614,2.2307,0.0,0.0,0.0,0.0,0.0,0.0,0.0,2.154e-10,0.0,0.0,0.0,1e-11,0.0,0.0,0.0,0.0,1e-11,2.154e-10,0.0
24443441.0,4995000000.0,5000000.0,5.0,0.0,0.0487,0.0487,0.0487,0.0487,2.2307,0.012046,0.0020402,0.012046,2.2307,0.0001048,0.0020402,0.0001048,0.0,0.0,0.0,0.0,4.642e-05,0.0,0.0,0.0,2.154e-10,0.0,0.0,0.0,0.0,2.154e-10,4.642e-05,0.0
24449842.0,4995000000.0,5000000.0,5.0,0.0,0.0487,0.0487,0.0487,0.0487,2.2307,0.60541,2.2307e-05,0.60541,2.2307,5.7898e-05,2.2307e-05,5.7898e-05,0.0,0.0,0.0,0.0,4.642e-09,0.0,0.0,0.0,2.154e-06,0.0,0.0,0.0,0.0,2.154e-06,4.642e-09,0.0
24443759.0,4995000000.0,5000000.0,5.0,0.0,0.0487,0.0487,0.0487,0.0487,2.2307,0.012046,0.019407,0.012046,2.2307,0.0001048,0.019407,0.0001048,0.0,0.0,0.0,0.0,2.154e-10,0.0,0.0,0.0,2.154e-06,0.0,0.0,0.0,0.0,2.154e-06,2.154e-10,0.0
24442296.0,4995000000.0,5000000.0,5.0,0.0,0.0487,0.0487,0.0487,0.0487,2.2307,0.012046,0.0,0.012046,2.2307,1.152e-06,0.0,1.152e-06,0.0,0.0,0.0,0.0,4.642e-09,0.0,0.0,0.0,2.154e-06,0.0,0.0,0.0,0.0,2.154e-06,4.642e-09,0.0
24442467.0,4995000000.0,5000000.0,5.0,0.0,0.0487,0.0487,0.0487,0.0487,2.2307,0.012046,0.0,0.012046,2.2307,0.0010082,0.0,0.0010082,0.0,0.0,0.0,0.0,0.001,0.0,0.0,0.0,1e-11,0.0,0.0,0.0,0.0,1e-11,0.001,0.0
24443350.0,4995000000.0,5000000.0,5.0,0.0,0.0487,0.0487,0.0487,0.0487,2.2307,0.012046,0.0020402,0.012046,2.2307,1.152e-06,0.0020402,1.152e-06,0.0,0.0,0.0,0.0,0.001,0.0,0.0,0.0,2.154e-10,0.0,0.0,0.0,0.0,2.154e-10,0.001,0.0
24444733.0,4995000000.0,5000000.0,5.0,0.0,0.0487,0.0487,0.0487,0.0487,2.2307,0.044614,0.0,0.044614,2.2307,4.0804e-05,0.0,4.0804e-05,0.0,0.0,0.0,0.0,1e-11,0.0,0.0,0.0,4.642e-05,0.0,0.0,0.0,0.0,4.642e-05,1e-11,0.0
24447841.0,4995000000.0,5000000.0,5.0,0.0,0.0487,0.0487,0.0487,0.0487,2.2307,0.1644,0.00021333,0.1644,2.2307,0.00015036,0.00021333,0.00015036,0.0,0.0,0.0,0.0,1e-07,0.0,0.0,0.0,4.642e-05,0.0,0.0,0.0,0.0,4.642e-05,1e-07,0.0
24446985.0,4995000000.0,5000000.0,5.0,0.0,0.0487,0.0487,0.0487,0.0487,2.2307,0.1644,0.0,0.1644,2.2307,0.0,0.0,0.0,0.0,0.0,0.0,0.0,1e-11,0.0,0.0,0.0,1e-07,0.0,0.0,0.0,0.0,1e-07,1e-11,0.0
24442559.0,4995000000.0,5000000.0,5.0,0.0,0.0487,0.0487,0.0487,0.0487,2.2307,0.012046,2.2307e-05,0.012046,2.2307,0.0,2.2307e-05,0.0,0.0,0.0,0.0,0.0,4.642e-05,0.0,0.0,0.0,2.154e-10,0.0,0.0,0.0,0.0,2.154e-10,4.642e-05,0.0
24449449.0,4995000000.0,5000000.0,5.0,0.0,0.0487,0.0487,0.0487,0.0487,2.2307,0.60541,0.0,0.60541,2.2307,6.0541e-06,0.0,6.0541e-06,0.0,0.0,0.0,0.0,4.642e-09,0.0,0.0,0.0,1e-07,0.0,0.0,0.0,0.0,1e-07,4.642e-09,0.0
24442761.0,4995000000.0,5000000.0,5.0,0.0,0.0487,0.0487,0.0487,0.0487,2.2307,0.012046,2.2307e-05,0.012046,2.2307,0.0001048,2.2307e-05,0.0001048,0.0,0.0,0.0,0.0,0.001,0.0,0.0,0.0,1e-11,0.0,0.0,0.0,0.0,1e-11,0.001,0.0
24444878.0,4995000000.0,5000000.0,5.0,0.0,0.0487,0.0487,0.0487,0.0487,2.2307,0.044614,0.0,0.044614,2.2307,0.035691,0.0,0.035691,0.0,0.0,0.0,0.0,1e-11,0.0,0.0,0.0,1e-07,0.0,0.0,0.0,0.0,1e-07,1e-11,0.0
24445223.0,4995000000.0,5000000.0,5.0,0.0,0.0487,0.0487,0.0487,0.0487,2.2307,0.044614,2.2307e-05,0.044614,2.2307,0.035691,2.2307e-05,0.035691,0.0,0.0,0.0,0.0,1e-11,0.0,0.0,0.0,4.642e-05,0.0,0.0,0.0,0.0,4.642e-05,1e-11,0.0
24448177.0,4995000000.0,5000000.0,5.0,0.0,0.0487,0.0487,0.0487,0.0487,2.2307,0.1644,0.0020402,0.1644,2.2307,0.00015036,0.0020402,0.00015036,0.0,0.0,0.0,0.0,4.642e-09,0.0,0.0,0.0,4.642e-05,0.0,0.0,0.0,0.0,4.642e-05,4.642e-09,0.0
24442485.0,4995000000.0,5000000.0,5.0,0.0,0.0487,0.0487,0.0487,0.0487,2.2307,0.012046,0.0,0.012046,2.2307,0.0096365,0.0,0.0096365,0.0,0.0,0.0,0.0,2.154e-10,0.0,0.0,0.0,2.154e-06,0.0,0.0,0.0,0.0,2.154e-06,2.154e-10,0.0
24442182.0,4995000000.0,5000000.0,5.0,0.0,0.0487,0.0487,0.0487,0.0487,2.2307,0.012046,0.0,0.012046,2.2307,0.0,0.0,0.0,0.0,0.0,0.0,0.0,1e-11,0.0,0.0,0.0,4.642e-09,0.0,0.0,0.0,0.0,4.642e-09,1e-11,0.0
24445278.0,4995000000.0,5000000.0,5.0,0.0,0.0487,0.0487,0.0487,0.0487,2.2307,0.044614,0.00021333,0.044614,2.2307,0.0,0.00021333,0.0,0.0,0.0,0.0,0.0,2.154e-10,0.0,0.0,0.0,2.154e-06,0.0,0.0,0.0,0.0,2.154e-06,2.154e-10,0.0
24445247.0,4995000000.0,5000000.0,5.0,0.0,0.0487,0.0487,0.0487,0.0487,2.2307,0.044614,2.2307e-05,0.044614,2.2307,0.035691,2.2307e-05,0.035691,0.0,0.0,0.0,0.0,2.154e-06,0.0,0.0,0.0,2.154e-10,0.0,0.0,0.0,0.0,2.154e-10,2.154e-06,0.0
24449485.0,4995000000.0,5000000.0,5.0,0.0,0.0487,0.0487,0.0487,0.0487,2.2307,0.60541,0.0,0.60541,2.2307,5.7898e-05,0.0,5.7898e-05,0.0,0.0,0.0,0.0,1e-11,0.0,0.0,0.0,2.154e-06,0.0,0.0,0.0,0.0,2.154e-06,1e-11,0.0
24445169.0,4995000000.0,5000000.0,5.0,0.0,0.0487,0.0487,0.0487,0.0487,2.2307,0.044614,2.2307e-05,0.044614,2.2307,0.0037342,2.2307e-05,0.0037342,0.0,0.0,0.0,0.0,1e-11,0.0,0.0,0.0,1e-11,0.0,0.0,0.0,0.0,1e-11,1e-11,0.0
24445928.0,4995000000.0,5000000.0,5.0,0.0,0.0487,0.0487,0.0487,0.0487,2.2307,0.044614,0.0020402,0.044614,2.2307,0.035691,0.0020402,0.035691,0.0,0.0,0.0,0.0,1e-07,0.0,0.0,0.0,1e-07,0.0,0.0,0.0,0.0,1e-07,1e-07,0.0
24444719.0,4995000000.0,5000000.0,5.0,0.0,0.0487,0.0487,0.0487,0.0487,2.2307,0.044614,0.0,0.044614,2.2307,4.2666e-06,0.0,4.2666e-06,0.0,0.0,0.0,0.0,4.642e-05,0.0,0.0,0.0,4.642e-05,0.0,0.0,0.0,0.0,4.642e-05,4.642e-05,0.0
24445080.0,4995000000.0,5000000.0,5.0,0.0,0.0487,0.0487,0.0487,0.0487,2.2307,0.044614,2.2307e-05,0.044614,2.2307,4.0804e-05,2.2307e-05,4.0804e-05,0.0,0.0,0.0,0.0,2.154e-10,0.0,0.0,0.0,4.642e-09,0.0,0.0,0.0,0.0,4.642e-09,2.154e-10,0.0
24443202.0,4995000000.0,5000000.0,5.0,0.0,0.0487,0.0487,0.0487,0.0487,2.2307,0.012046,0.00021333,0.012046,2.2307,0.0096365,0.00021333,0.0096365,0.0,0.0,0.0,0.0,0.001,0.0,0.0,0.0,1e-11,0.0,0.0,0.0,0.0,1e-11,0.001,0.0
24449800.0,4995000000.0,5000000.0,5.0,0.0,0.0487,0.0487,0.0487,0.0487,2.2307,0.60541,2.2307e-05,0.60541,2.2307,6.0541e-06,2.2307e-05,6.0541e-06,0.0,0.0,0.0,0.0,1e-07,0.0,0.0,0.0,2.154e-06,0.0,0.0,0.0,0.0,2.154e-06,1e-07,0.0
24448582.0,4995000000.0,5000000.0,5.0,0.0,0.0487,0.0487,0.0487,0.0487,2.2307,0.1644,0.019407,0.1644,2.2307,0.0014303,0.019407,0.0014303,0.0,0.0,0.0,0.0,2.154e-06,0.0,0.0,0.0,2.154e-06,0.0,0.0,0.0,0.0,2.154e-06,2.154e-06,0.0
24442545.0,4995000000.0,5000000.0,5.0,0.0,0.0487,0.0487,0.0487,0.0487,2.2307,0.012046,2.2307e-05,0.012046,2.2307,0.0,2.2307e-05,0.0,0.0,0.0,0.0,0.0,1e-07,0.0,0.0,0.0,2.154e-10,0.0,0.0,0.0,0.0,2.154e-10,1e-07,0.0
24442974.0,4995000000.0,5000000.0,5.0,0.0,0.0487,0.0487,0.0487,0.0487,2.2307,0.012046,0.00021333,0.012046,2.2307,1.152e-06,0.00021333,1.152e-06,0.0,0.0,0.0,0.0,2.154e-10,0.0,0.0,0.0,1e-07,0.0,0.0,0.0,0.0,1e-07,2.154e-10,0.0
24446080.0,4995000000.0,5000000.0,5.0,0.0,0.0487,0.0487,0.0487,0.0487,2.2307,0.044614,0.019407,0.044614,2.2307,4.2666e-06,0.019407,4.2666e-06,0.0,0.0,0.0,0.0,2.154e-06,0.0,0.0,0.0,2.154e-10,0.0,0.0,0.0,0.0,2.154e-10,2.154e-06,0.0
24448596.0,4995000000.0,5000000.0,5.0,0.0,0.0487,0.0487,0.0487,0.0487,2.2307,0.1644,0.019407,0.1644,2.2307,0.0014303,0.019407,0.0014303,0.0,0.0,0.0,0.0,0.001,0.0,0.0,0.0,2.154e-06,0.0,0.0,0.0,0.0,2.154e-06,0.001,0.0
24447120.0,4995000000.0,5000000.0,5.0,0.0,0.0487,0.0487,0.0487,0.0487,2.2307,0.1644,0.0,0.1644,2.2307,1.5722e-05,0.0,1.5722e-05,0.0,0.0,0.0,0.0,4.642e-05,0.0,0.0,0.0,4.642e-05,0.0,0.0,0.0,0.0,4.642e-05,4.642e-05,0.0
24443185.0,4995000000.0,5000000.0,5.0,0.0,0.0487,0.0487,0.0487,0.0487,2.2307,0.012046,0.00021333,0.012046,2.2307,0.0096365,0.00021333,0.0096365,0.0,0.0,0.0,0.0,1e-07,0.0,0.0,0.0,2.154e-06,0.0,0.0,0.0,0.0,2.154e-06,1e-07,0.0
24445081.0,4995000000.0,5000000.0,5.0,0.0,0.0487,0.0487,0.0487,0.0487,2.2307,0.044614,2.2307e-05,0.044614,2.2307,4.0804e-05,2.2307e-05,4.0804e-05,0.0,0.0,0.0,0.0,2.154e-10,0.0,0.0,0.0,1e-07,0.0,0.0,0.0,0.0,1e-07,2.154e-10,0.0
24444698.0,4995000000.0,5000000.0,5.0,0.0,0.0487,0.0487,0.0487,0.0487,2.2307,0.044614,0.0,0.044614,2.2307,4.2666e-06,0.0,4.2666e-06,0.0,0.0,0.0,0.0,4.642e-09,0.0,0.0,0.0,4.642e-05,0.0,0.0,0.0,0.0,4.642e-05,4.642e-09,0.0
24445462.0,4995000000.0,5000000.0,5.0,0.0,0.0487,0.0487,0.0487,0.0487,2.2307,0.044614,0.00021333,0.044614,2.2307,4.0804e-05,0.00021333,4.0804e-05,0.0,0.0,0.0,0.0,0.001,0.0,0.0,0.0,0.001,0.0,0.0,0.0,0.0,0.001,0.001,0.0
24442605.0,4995000000.0,5000000.0,5.0,0.0,0.0487,0.0487,0.0487,0.0487,2.2307,0.012046,2.2307e-05,0.012046,2.2307,1.2046e-07,2.2307e-05,1.2046e-07,0.0,0.0,0.0,0.0,2.154e-06,0.0,0.0,0.0,4.642e-05,0.0,0.0,0.0,0.0,4.642e-05,2.154e-06,0.0
24442749.0,4995000000.0,5000000.0,5.0,0.0,0.0487,0.0487,0.0487,0.0487,2.2307,0.012046,2.2307e-05,0.012046,2.2307,0.0001048,2.2307e-05,0.0001048,0.0,0.0,0.0,0.0,2.154e-06,0.0,0.0,0.0,4.642e-09,0.0,0.0,0.0,0.0,4.642e-09,2.154e-06,0.0
24444728.0,4995000000.0,5000000.0,5.0,0.0,0.0487,0.0487,0.0487,0.0487,2.2307,0.044614,0.0,0.044614,2.2307,4.0804e-05,0.0,4.0804e-05,0.0,0.0,0.0,0.0,1e-11,0.0,0.0,0.0,1e-11,0.0,0.0,0.0,0.0,1e-11,1e-11,0.0
24444910.0,4995000000.0,5000000.0,5.0,0.0,0.0487,0.0487,0.0487,0.0487,2.2307,0.044614,0.0,0.044614,2.2307,0.035691,0.0,0.035691,0.0,0.0,0.0,0.0,4.642e-05,0.0,0.0,0.0,1e-11,0.0,0.0,0.0,0.0,1e-11,4.642e-05,0.0
24447463.0,4995000000.0,5000000.0,5.0,0.0,0.0487,0.0487,0.0487,0.0487,2.2307,0.1644,2.2307e-05,0.1644,2.2307,1.5722e-05,2.2307e-05,1.5722e-05,0.0,0.0,0.0,0.0,4.642e-05,0.0,0.0,0.0,4.642e-05,0.0,0.0,0.0,0.0,4.642e-05,4.642e-05,0.0
24443152.0,4995000000.0,5000000.0,5.0,0.0,0.0487,0.0487,0.0487,0.0487,2.2307,0.012046,0.00021333,0.012046,2.2307,0.0010082,0.00021333,0.0010082,0.0,0.0,0.0,0.0,4.642e-05,0.0,0.0,0.0,0.001,0.0,0.0,0.0,0.0,0.001,4.642e-05,0.0
24443796.0,4995000000.0,5000000.0,5.0,0.0,0.0487,0.0487,0.0487,0.0487,2.2307,0.012046,0.019407,0.012046,2.2307,0.0001048,0.019407,0.0001048,0.0,0.0,0.0,0.0,0.001,0.0,0.0,0.0,0.001,0.0,0.0,0.0,0.0,0.001,0.001,0.0
24442653.0,4995000000.0,5000000.0,5.0,0.0,0.0487,0.0487,0.0487,0.0487,2.2307,0.012046,2.2307e-05,0.012046,2.2307,1.152e-06,2.2307e-05,1.152e-06,0.0,0.0,0.0,0.0,2.154e-06,0.0,0.0,0.0,2.154e-06,0.0,0.0,0.0,0.0,2.154e-06,2.154e-06,0.0
24442608.0,4995000000.0,5000000.0,5.0,0.0,0.0487,0.0487,0.0487,0.0487,2.2307,0.012046,2.2307e-05,0.012046,2.2307,1.2046e-07,2.2307e-05,1.2046e-07,0.0,0.0,0.0,0.0,4.642e-05,0.0,0.0,0.0,2.154e-10,0.0,0.0,0.0,0.0,2.154e-10,4.642e-05,0.0
24442789.0,4995000000.0,5000000.0,5.0,0.0,0.0487,0.0487,0.0487,0.0487,2.2307,0.012046,2.2307e-05,0.012046,2.2307,0.0010082,2.2307e-05,0.0010082,0.0,0.0,0.0,0.0,1e-07,0.0,0.0,0.0,1e-11,0.0,0.0,0.0,0.0,1e-11,1e-07,0.0
24442705.0,4995000000.0,5000000.0,5.0,0.0,0.0487,0.0487,0.0487,0.0487,2.2307,0.012046,2.2307e-05,0.012046,2.2307,1.1017e-05,2.2307e-05,1.1017e-05,0.0,0.0,0.0,0.0,4.642e-05,0.0,0.0,0.0,1e-11,0.0,0.0,0.0,0.0,1e-11,4.642e-05,0.0
24445647.0,4995000000.0,5000000.0,5.0,0.0,0.0487,0.0487,0.0487,0.0487,2.2307,0.044614,0.0020402,0.044614,2.2307,0.0,0.0020402,0.0,0.0,0.0,0.0,0.0,4.642e-05,0.0,0.0,0.0,4.642e-09,0.0,0.0,0.0,0.0,4.642e-09,4.642e-05,0.0
24445053.0,4995000000.0,5000000.0,5.0,0.0,0.0487,0.0487,0.0487,0.0487,2.2307,0.044614,2.2307e-05,0.044614,2.2307,4.2666e-06,2.2307e-05,4.2666e-06,0.0,0.0,0.0,0.0,2.154e-06,0.0,0.0,0.0,1e-07,0.0,0.0,0.0,0.0,1e-07,2.154e-06,0.0
24447672.0,4995000000.0,5000000.0,5.0,0.0,0.0487,0.0487,0.0487,0.0487,2.2307,0.1644,0.00021333,0.1644,2.2307,0.0,0.00021333,0.0,0.0,0.0,0.0,0.0,1e-11,0.0,0.0,0.0,2.154e-06,0.0,0.0,0.0,0.0,2.154e-06,1e-11,0.0
24449791.0,4995000000.0,5000000.0,5.0,0.0,0.0487,0.0487,0.0487,0.0487,2.2307,0.60541,2.2307e-05,0.60541,2.2307,6.0541e-06,2.2307e-05,6.0541e-06,0.0,0.0,0.0,0.0,4.642e-09,0.0,0.0,0.0,4.642e-09,0.0,0.0,0.0,0.0,4.642e-09,4.642e-09,0.0
24444807.0,4995000000.0,5000000.0,5.0,0.0,0.0487,0.0487,0.0487,0.0487,2.2307,0.044614,0.0,0.044614,2.2307,0.00038814,0.0,0.00038814,0.0,0.0,0.0,0.0,2.154e-06,0.0,0.0,0.0,4.642e-09,0.0,0.0,0.0,0.0,4.642e-09,2.154e-06,0.0
24448149.0,4995000000.0,5000000.0,5.0,0.0,0.0487,0.0487,0.0487,0.0487,2.2307,0.1644,0.0020402,0.1644,2.2307,1.5722e-05,0.0020402,1.5722e-05,0.0,0.0,0.0,0.0,4.642e-05,0.0,0.0,0.0,4.642e-05,0.0,0.0,0.0,0.0,4.642e-05,4.642e-05,0.0
24445962.0,4995000000.0,5000000.0,5.0,0.0,0.0487,0.0487,0.0487,0.0487,2.2307,0.044614,0.019407,0.044614,2.2307,0.0,0.019407,0.0,0.0,0.0,0.0,0.0,2.154e-10,0.0,0.0,0.0,4.642e-09,0.0,0.0,0.0,0.0,4.642e-09,2.154e-10,0.0
24447546.0,4995000000.0,5000000.0,5.0,0.0,0.0487,0.0487,0.0487,0.0487,2.2307,0.1644,2.2307e-05,0.1644,2.2307,0.0014303,2.2307e-05,0.0014303,0.0,0.0,0.0,0.0,1e-07,0.0,0.0,0.0,2.154e-06,0.0,0.0,0.0,0.0,2.154e-06,1e-07,0.0
24444979.0,4995000000.0,5000000.0,5.0,0.0,0.0487,0.0487,0.0487,0.0487,2.2307,0.044614,2.2307e-05,0.044614,2.2307,4.4614e-07,2.2307e-05,4.4614e-07,0.0,0.0,0.0,0.0,1e-11,0.0,0.0,0.0,0.001,0.0,0.0,0.0,0.0,0.001,1e-11,0.0
24448254.0,4995000000.0,5000000.0,5.0,0.0,0.0487,0.0487,0.0487,0.0487,2.2307,0.1644,0.0020402,0.1644,2.2307,0.0014303,0.0020402,0.0014303,0.0,0.0,0.0,0.0,0.001,0.0,0.0,0.0,4.642e-05,0.0,0.0,0.0,0.0,4.642e-05,0.001,0.0
24447385.0,4995000000.0,5000000.0,5.0,0.0,0.0487,0.0487,0.0487,0.0487,2.2307,0.1644,2.2307e-05,0.1644,2.2307,1.644e-06,2.2307e-05,1.644e-06,0.0,0.0,0.0,0.0,2.154e-10,0.0,0.0,0.0,2.154e-06,0.0,0.0,0.0,0.0,2.154e-06,2.154e-10,0.0
24445747.0,4995000000.0,5000000.0,5.0,0.0,0.0487,0.0487,0.0487,0.0487,2.2307,0.044614,0.0020402,0.044614,2.2307,4.2666e-06,0.0020402,4.2666e-06,0.0,0.0,0.0,0.0,4.642e-05,0.0,0.0,0.0,2.154e-06,0.0,0.0,0.0,0.0,2.154e-06,4.642e-05,0.0
24449786.0,4995000000.0,5000000.0,5.0,0.0,0.0487,0.0487,0.0487,0.0487,2.2307,0.60541,2.2307e-05,0.60541,2.2307,6.0541e-06,2.2307e-05,6.0541e-06,0.0,0.0,0.0,0.0,2.154e-10,0.0,0.0,0.0,2.154e-06,0.0,0.0,0.0,0.0,2.154e-06,2.154e-10,0.0
24443109.0,4995000000.0,5000000.0,5.0,0.0,0.0487,0.0487,0.0487,0.0487,2.2307,0.012046,0.00021333,0.012046,2.2307,0.0001048,0.00021333,0.0001048,0.0,0.0,0.0,0.0,0.001,0.0,0.0,0.0,4.642e-05,0.0,0.0,0.0,0.0,4.642e-05,0.001,0.0
24445089.0,4995000000.0,5000000.0,5.0,0.0,0.0487,0.0487,0.0487,0.0487,2.2307,0.044614,2.2307e-05,0.044614,2.2307,4.0804e-05,2.2307e-05,4.0804e-05,0.0,0.0,0.0,0.0,4.642e-09,0.0,0.0,0.0,2.154e-06,0.0,0.0,0.0,0.0,2.154e-06,4.642e-09,0.0
24443087.0,4995000000.0,5000000.0,5.0,0.0,0.0487,0.0487,0.0487,0.0487,2.2307,0.012046,0.00021333,0.012046,2.2307,0.0001048,0.00021333,0.0001048,0.0,0.0,0.0,0.0,1e-07,0.0,0.0,0.0,2.154e-06,0.0,0.0,0.0,0.0,2.154e-06,1e-07,0.0
24446215.0,4995000000.0,5000000.0,5.0,0.0,0.0487,0.0487,0.0487,0.0487,2.2307,0.044614,0.019407,0.044614,2.2307,0.0037342,0.019407,0.0037342,0.0,0.0,0.0,0.0,4.642e-09,0.0,0.0,0.0,1e-07,0.0,0.0,0.0,0.0,1e-07,4.642e-09,0.0
24442791.0,4995000000.0,5000000.0,5.0,0.0,0.0487,0.0487,0.0487,0.0487,2.2307,0.012046,2.2307e-05,0.012046,2.2307,0.0010082,2.2307e-05,0.0010082,0.0,0.0,0.0,0.0,1e-07,0.0,0.0,0.0,4.642e-09,0.0,0.0,0.0,0.0,4.642e-09,1e-07,0.0
24442688.0,4995000000.0,5000000.0,5.0,0.0,0.0487,0.0487,0.0487,0.0487,2.2307,0.012046,2.2307e-05,0.012046,2.2307,1.1017e-05,2.2307e-05,1.1017e-05,0.0,0.0,0.0,0.0,4.642e-09,0.0,0.0,0.0,2.154e-06,0.0,0.0,0.0,0.0,2.154e-06,4.642e-09,0.0
24442850.0,4995000000.0,5000000.0,5.0,0.0,0.0487,0.0487,0.0487,0.0487,2.2307,0.012046,2.2307e-05,0.012046,2.2307,0.0096365,2.2307e-05,0.0096365,0.0,0.0,0.0,0.0,2.154e-06,0.0,0.0,0.0,4.642e-05,0.0,0.0,0.0,0.0,4.642e-05,2.154e-06,0.0
24443635.0,4995000000.0,5000000.0,5.0,0.0,0.0487,0.0487,0.0487,0.0487,2.2307,0.012046,0.019407,0.012046,2.2307,1.2046e-07,0.019407,1.2046e-07,0.0,0.0,0.0,0.0,2.154e-06,0.0,0.0,0.0,0.001,0.0,0.0,0.0,0.0,0.001,2.154e-06,0.0
24449499.0,4995000000.0,5000000.0,5.0,0.0,0.0487,0.0487,0.0487,0.0487,2.2307,0.60541,0.0,0.60541,2.2307,5.7898e-05,0.0,5.7898e-05,0.0,0.0,0.0,0.0,4.642e-09,0.0,0.0,0.0,2.154e-06,0.0,0.0,0.0,0.0,2.154e-06,4.642e-09,0.0
24447936.0,4995000000.0,5000000.0,5.0,0.0,0.0487,0.0487,0.0487,0.0487,2.2307,0.1644,0.00021333,0.1644,2.2307,0.01376,0.00021333,0.01376,0.0,0.0,0.0,0.0,1e-07,0.0,0.0,0.0,4.642e-09,0.0,0.0,0.0,0.0,4.642e-09,1e-07,0.0
24445795.0,4995000000.0,5000000.0,5.0,0.0,0.0487,0.0487,0.0487,0.0487,2.2307,0.044614,0.0020402,0.044614,2.2307,4.0804e-05,0.0020402,4.0804e-05,0.0,0.0,0.0,0.0,4.642e-05,0.0,0.0,0.0,1e-07,0.0,0.0,0.0,0.0,1e-07,4.642e-05,0.0
24444799.0,4995000000.0,5000000.0,5.0,0.0,0.0487,0.0487,0.0487,0.0487,2.2307,0.044614,0.0,0.044614,2.2307,0.00038814,0.0,0.00038814,0.0,0.0,0.0,0.0,1e-07,0.0,0.0,0.0,2.154e-10,0.0,0.0,0.0,0.0,2.154e-10,1e-07,0.0
24445557.0,4995000000.0,5000000.0,5.0,0.0,0.0487,0.0487,0.0487,0.0487,2.2307,0.044614,0.00021333,0.044614,2.2307,0.0037342,0.00021333,0.0037342,0.0,0.0,0.0,0.0,0.001,0.0,0.0,0.0,1e-07,0.0,0.0,0.0,0.0,1e-07,0.001,0.0
24442720.0,4995000000.0,5000000.0,5.0,0.0,0.0487,0.0487,0.0487,0.0487,2.2307,0.012046,2.2307e-05,0.012046,2.2307,0.0001048,2.2307e-05,0.0001048,0.0,0.0,0.0,0.0,1e-11,0.0,0.0,0.0,2.154e-10,0.0,0.0,0.0,0.0,2.154e-10,1e-11,0.0
24443164.0,4995000000.0,5000000.0,5.0,0.0,0.0487,0.0487,0.0487,0.0487,2.2307,0.012046,0.00021333,0.012046,2.2307,0.0096365,0.00021333,0.0096365,0.0,0.0,0.0,0.0,1e-11,0.0,0.0,0.0,2.154e-06,0.0,0.0,0.0,0.0,2.154e-06,1e-11,0.0
24443570.0,4995000000.0,5000000.0,5.0,0.0,0.0487,0.0487,0.0487,0.0487,2.2307,0.012046,0.019407,0.012046,2.2307,0.0,0.019407,0.0,0.0,0.0,0.0,0.0,4.642e-09,0.0,0.0,0.0,2.154e-06,0.0,0.0,0.0,0.0,2.154e-06,4.642e-09,0.0
24448083.0,4995000000.0,5000000.0,5.0,0.0,0.0487,0.0487,0.0487,0.0487,2.2307,0.1644,0.0020402,0.1644,2.2307,1.644e-06,0.0020402,1.644e-06,0.0,0.0,0.0,0.0,1e-07,0.0,0.0,0.0,4.642e-09,0.0,0.0,0.0,0.0,4.642e-09,1e-07,0.0
24445244.0,4995000000.0,5000000.0,5.0,0.0,0.0487,0.0487,0.0487,0.0487,2.2307,0.044614,2.2307e-05,0.044614,2.2307,0.035691,2.2307e-05,0.035691,0.0,0.0,0.0,0.0,1e-07,0.0,0.0,0.0,4.642e-05,0.0,0.0,0.0,0.0,4.642e-05,1e-07,0.0
24449511.0,4995000000.0,5000000.0,5.0,0.0,0.0487,0.0487,0.0487,0.0487,2.2307,0.60541,0.0,0.60541,2.2307,5.7898e-05,0.0,5.7898e-05,0.0,0.0,0.0,0.0,2.154e-06,0.0,0.0,0.0,4.642e-09,0.0,0.0,0.0,0.0,4.642e-09,2.154e-06,0.0
24447016.0,4995000000.0,5000000.0,5.0,0.0,0.0487,0.0487,0.0487,0.0487,2.2307,0.1644,0.0,0.1644,2.2307,0.0,0.0,0.0,0.0,0.0,0.0,0.0,2.154e-06,0.0,0.0,0.0,0.001,0.0,0.0,0.0,0.0,0.001,2.154e-06,0.0
24442475.0,4995000000.0,5000000.0,5.0,0.0,0.0487,0.0487,0.0487,0.0487,2.2307,0.012046,0.0,0.012046,2.2307,0.0096365,0.0,0.0096365,0.0,0.0,0.0,0.0,1e-11,0.0,0.0,0.0,2.154e-10,0.0,0.0,0.0,0.0,2.154e-10,1e-11,0.0
24443474.0,4995000000.0,5000000.0,5.0,0.0,0.0487,0.0487,0.0487,0.0487,2.2307,0.012046,0.0020402,0.012046,2.2307,0.0010082,0.0020402,0.0010082,0.0,0.0,0.0,0.0,4.642e-09,0.0,0.0,0.0,0.001,0.0,0.0,0.0,0.0,0.001,4.642e-09,0.0
24448252.0,4995000000.0,5000000.0,5.0,0.0,0.0487,0.0487,0.0487,0.0487,2.2307,0.1644,0.0020402,0.1644,2.2307,0.0014303,0.0020402,0.0014303,0.0,0.0,0.0,0.0,0.001,0.0,0.0,0.0,1e-07,0.0,0.0,0.0,0.0,1e-07,0.001,0.0
24448037.0,4995000000.0,5000000.0,5.0,0.0,0.0487,0.0487,0.0487,0.0487,2.2307,0.1644,0.0020402,0.1644,2.2307,0.0,0.0020402,0.0,0.0,0.0,0.0,0.0,1e-07,0.0,0.0,0.0,4.642e-05,0.0,0.0,0.0,0.0,4.642e-05,1e-07,0.0
24448140.0,4995000000.0,5000000.0,5.0,0.0,0.0487,0.0487,0.0487,0.0487,2.2307,0.1644,0.0020402,0.1644,2.2307,1.5722e-05,0.0020402,1.5722e-05,0.0,0.0,0.0,0.0,2.154e-06,0.0,0.0,0.0,1e-07,0.0,0.0,0.0,0.0,1e-07,2.154e-06,0.0
24447174.0,4995000000.0,5000000.0,5.0,0.0,0.0487,0.0487,0.0487,0.0487,2.2307,0.1644,0.0,0.1644,2.2307,0.00015036,0.0,0.00015036,0.0,0.0,0.0,0.0,0.001,0.0,0.0,0.0,1e-07,0.0,0.0,0.0,0.0,1e-07,0.001,0.0
24443200.0,4995000000.0,5000000.0,5.0,0.0,0.0487,0.0487,0.0487,0.0487,2.2307,0.012046,0.00021333,0.012046,2.2307,0.0096365,0.00021333,0.0096365,0.0,0.0,0.0,0.0,4.642e-05,0.0,0.0,0.0,4.642e-05,0.0,0.0,0.0,0.0,4.642e-05,4.642e-05,0.0
24445257.0,4995000000.0,5000000.0,5.0,0.0,0.0487,0.0487,0.0487,0.0487,2.2307,0.044614,2.2307e-05,0.044614,2.2307,0.035691,2.2307e-05,0.035691,0.0,0.0,0.0,0.0,4.642e-05,0.0,0.0,0.0,2.154e-06,0.0,0.0,0.0,0.0,2.154e-06,4.642e-05,0.0
24445804.0,4995000000.0,5000000.0,5.0,0.0,0.0487,0.0487,0.0487,0.0487,2.2307,0.044614,0.0020402,0.044614,2.2307,4.0804e-05,0.0020402,4.0804e-05,0.0,0.0,0.0,0.0,0.001,0.0,0.0,0.0,4.642e-05,0.0,0.0,0.0,0.0,4.642e-05,0.001,0.0
24445359.0,4995000000.0,5000000.0,5.0,0.0,0.0487,0.0487,0.0487,0.0487,2.2307,0.044614,0.00021333,0.044614,2.2307,4.4614e-07,0.00021333,4.4614e-07,0.0,0.0,0.0,0.0,0.001,0.0,0.0,0.0,2.154e-10,0.0,0.0,0.0,0.0,2.154e-10,0.001,0.0
24443453.0,4995000000.0,5000000.0,5.0,0.0,0.0487,0.0487,0.0487,0.0487,2.2307,0.012046,0.0020402,0.012046,2.2307,0.0001048,0.0020402,0.0001048,0.0,0.0,0.0,0.0,0.001,0.0,0.0,0.0,0.001,0.0,0.0,0.0,0.0,0.001,0.001,0.0
24445874.0,4995000000.0,5000000.0,5.0,0.0,0.0487,0.0487,0.0487,0.0487,2.2307,0.044614,0.0020402,0.044614,2.2307,0.0037342,0.0020402,0.0037342,0.0,0.0,0.0,0.0,4.642e-09,0.0,0.0,0.0,4.642e-05,0.0,0.0,0.0,0.0,4.642e-05,4.642e-09,0.0
24443572.0,4995000000.0,5000000.0,5.0,0.0,0.0487,0.0487,0.0487,0.0487,2.2307,0.012046,0.019407,0.012046,2.2307,0.0,0.019407,0.0,0.0,0.0,0.0,0.0,4.642e-09,0.0,0.0,0.0,0.001,0.0,0.0,0.0,0.0,0.001,4.642e-09,0.0
24448240.0,4995000000.0,5000000.0,5.0,0.0,0.0487,0.0487,0.0487,0.0487,2.2307,0.1644,0.0020402,0.1644,2.2307,0.0014303,0.0020402,0.0014303,0.0,0.0,0.0,0.0,2.154e-06,0.0,0.0,0.0,4.642e-05,0.0,0.0,0.0,0.0,4.642e-05,2.154e-06,0.0
24448098.0,4995000000.0,5000000.0,5.0,0.0,0.0487,0.0487,0.0487,0.0487,2.2307,0.1644,0.0020402,0.1644,2.2307,1.644e-06,0.0020402,1.644e-06,0.0,0.0,0.0,0.0,4.642e-05,0.0,0.0,0.0,1e-07,0.0,0.0,0.0,0.0,1e-07,4.642e-05,0.0
24442181.0,4995000000.0,5000000.0,5.0,0.0,0.0487,0.0487,0.0487,0.0487,2.2307,0.012046,0.0,0.012046,2.2307,0.0,0.0,0.0,0.0,0.0,0.0,0.0,1e-11,0.0,0.0,0.0,2.154e-10,0.0,0.0,0.0,0.0,2.154e-10,1e-11,0.0
24448385.0,4995000000.0,5000000.0,5.0,0.0,0.0487,0.0487,0.0487,0.0487,2.2307,0.1644,0.019407,0.1644,2.2307,0.0,0.019407,0.0,0.0,0.0,0.0,0.0,2.154e-06,0.0,0.0,0.0,1e-07,0.0,0.0,0.0,0.0,1e-07,2.154e-06,0.0
24447860.0,4995000000.0,5000000.0,5.0,0.0,0.0487,0.0487,0.0487,0.0487,2.2307,0.1644,0.00021333,0.1644,2.2307,0.00015036,0.00021333,0.00015036,0.0,0.0,0.0,0.0,0.001,0.0,0.0,0.0,1e-07,0.0,0.0,0.0,0.0,1e-07,0.001,0.0
24444773.0,4995000000.0,5000000.0,5.0,0.0,0.0487,0.0487,0.0487,0.0487,2.2307,0.044614,0.0,0.044614,2.2307,4.0804e-05,0.0,4.0804e-05,0.0,0.0,0.0,0.0,0.001,0.0,0.0,0.0,1e-07,0.0,0.0,0.0,0.0,1e-07,0.001,0.0
24442963.0,4995000000.0,5000000.0,5.0,0.0,0.0487,0.0487,0.0487,0.0487,2.2307,0.012046,0.00021333,0.012046,2.2307,1.2046e-07,0.00021333,1.2046e-07,0.0,0.0,0.0,0.0,0.001,0.0,0.0,0.0,0.001,0.0,0.0,0.0,0.0,0.001,0.001,0.0
24443456.0,4995000000.0,5000000.0,5.0,0.0,0.0487,0.0487,0.0487,0.0487,2.2307,0.012046,0.0020402,0.012046,2.2307,0.0010082,0.0020402,0.0010082,0.0,0.0,0.0,0.0,1e-11,0.0,0.0,0.0,4.642e-09,0.0,0.0,0.0,0.0,4.642e-09,1e-11,0.0
24445250.0,4995000000.0,5000000.0,5.0,0.0,0.0487,0.0487,0.0487,0.0487,2.2307,0.044614,2.2307e-05,0.044614,2.2307,0.035691,2.2307e-05,0.035691,0.0,0.0,0.0,0.0,2.154e-06,0.0,0.0,0.0,2.154e-06,0.0,0.0,0.0,0.0,2.154e-06,2.154e-06,0.0
24443684.0,4995000000.0,5000000.0,5.0,0.0,0.0487,0.0487,0.0487,0.0487,2.2307,0.012046,0.019407,0.012046,2.2307,1.152e-06,0.019407,1.152e-06,0.0,0.0,0.0,0.0,2.154e-06,0.0,0.0,0.0,0.001,0.0,0.0,0.0,0.0,0.001,2.154e-06,0.0
24443599.0,4995000000.0,5000000.0,5.0,0.0,0.0487,0.0487,0.0487,0.0487,2.2307,0.012046,0.019407,0.012046,2.2307,0.0,0.019407,0.0,0.0,0.0,0.0,0.0,0.001,0.0,0.0,0.0,4.642e-05,0.0,0.0,0.0,0.0,4.642e-05,0.001,0.0
24447272.0,4995000000.0,5000000.0,5.0,0.0,0.0487,0.0487,0.0487,0.0487,2.2307,0.1644,0.0,0.1644,2.2307,0.01376,0.0,0.01376,0.0,0.0,0.0,0.0,0.001,0.0,0.0,0.0,1e-07,0.0,0.0,0.0,0.0,1e-07,0.001,0.0
24444775.0,4995000000.0,5000000.0,5.0,0.0,0.0487,0.0487,0.0487,0.0487,2.2307,0.044614,0.0,0.044614,2.2307,4.0804e-05,0.0,4.0804e-05,0.0,0.0,0.0,0.0,0.001,0.0,0.0,0.0,4.642e-05,0.0,0.0,0.0,0.0,4.642e-05,0.001,0.0
24442329.0,4995000000.0,5000000.0,5.0,0.0,0.0487,0.0487,0.0487,0.0487,2.2307,0.012046,0.0,0.012046,2.2307,1.1017e-05,0.0,1.1017e-05,0.0,0.0,0.0,0.0,1e-11,0.0,0.0,0.0,4.642e-09,0.0,0.0,0.0,0.0,4.642e-09,1e-11,0.0
24444616.0,4995000000.0,5000000.0,5.0,0.0,0.0487,0.0487,0.0487,0.0487,2.2307,0.044614,0.0,0.044614,2.2307,0.0,0.0,0.0,0.0,0.0,0.0,0.0,4.642e-05,0.0,0.0,0.0,1e-11,0.0,0.0,0.0,0.0,1e-11,4.642e-05,0.0
24447348.0,4995000000.0,5000000.0,5.0,0.0,0.0487,0.0487,0.0487,0.0487,2.2307,0.1644,2.2307e-05,0.1644,2.2307,0.0,2.2307e-05,0.0,0.0,0.0,0.0,0.0,1e-07,0.0,0.0,0.0,4.642e-09,0.0,0.0,0.0,0.0,4.642e-09,1e-07,0.0
24444673.0,4995000000.0,5000000.0,5.0,0.0,0.0487,0.0487,0.0487,0.0487,2.2307,0.044614,0.0,0.044614,2.2307,4.4614e-07,0.0,4.4614e-07,0.0,0.0,0.0,0.0,0.001,0.0,0.0,0.0,2.154e-10,0.0,0.0,0.0,0.0,2.154e-10,0.001,0.0
24447722.0,4995000000.0,5000000.0,5.0,0.0,0.0487,0.0487,0.0487,0.0487,2.2307,0.1644,0.00021333,0.1644,2.2307,1.644e-06,0.00021333,1.644e-06,0.0,0.0,0.0,0.0,1e-11,0.0,0.0,0.0,4.642e-05,0.0,0.0,0.0,0.0,4.642e-05,1e-11,0.0
24445629.0,4995000000.0,5000000.0,5.0,0.0,0.0487,0.0487,0.0487,0.0487,2.2307,0.044614,0.0020402,0.044614,2.2307,0.0,0.0020402,0.0,0.0,0.0,0.0,0.0,4.642e-09,0.0,0.0,0.0,4.642e-05,0.0,0.0,0.0,0.0,4.642e-05,4.642e-09,0.0
24449399.0,4995000000.0,5000000.0,5.0,0.0,0.0487,0.0487,0.0487,0.0487,2.2307,0.60541,0.0,0.60541,2.2307,0.0,0.0,0.0,0.0,0.0,0.0,0.0,4.642e-09,0.0,0.0,0.0,4.642e-09,0.0,0.0,0.0,0.0,4.642e-09,4.642e-09,0.0
24443244.0,4995000000.0,5000000.0,5.0,0.0,0.0487,0.0487,0.0487,0.0487,2.2307,0.012046,0.0020402,0.012046,2.2307,0.0,0.0020402,0.0,0.0,0.0,0.0,0.0,4.642e-05,0.0,0.0,0.0,1e-11,0.0,0.0,0.0,0.0,1e-11,4.642e-05,0.0
24446133.0,4995000000.0,5000000.0,5.0,0.0,0.0487,0.0487,0.0487,0.0487,2.2307,0.044614,0.019407,0.044614,2.2307,4.0804e-05,0.019407,4.0804e-05,0.0,0.0,0.0,0.0,2.154e-06,0.0,0.0,0.0,4.642e-05,0.0,0.0,0.0,0.0,4.642e-05,2.154e-06,0.0
24445836.0,4995000000.0,5000000.0,5.0,0.0,0.0487,0.0487,0.0487,0.0487,2.2307,0.044614,0.0020402,0.044614,2.2307,0.00038814,0.0020402,0.00038814,0.0,0.0,0.0,0.0,2.154e-06,0.0,0.0,0.0,4.642e-09,0.0,0.0,0.0,0.0,4.642e-09,2.154e-06,0.0
24447176.0,4995000000.0,5000000.0,5.0,0.0,0.0487,0.0487,0.0487,0.0487,2.2307,0.1644,0.0,0.1644,2.2307,0.00015036,0.0,0.00015036,0.0,0.0,0.0,0.0,0.001,0.0,0.0,0.0,4.642e-05,0.0,0.0,0.0,0.0,4.642e-05,0.001,0.0
24444981.0,4995000000.0,5000000.0,5.0,0.0,0.0487,0.0487,0.0487,0.0487,2.2307,0.044614,2.2307e-05,0.044614,2.2307,4.4614e-07,2.2307e-05,4.4614e-07,0.0,0.0,0.0,0.0,2.154e-10,0.0,0.0,0.0,2.154e-10,0.0,0.0,0.0,0.0,2.154e-10,2.154e-10,0.0
24449560.0,4995000000.0,5000000.0,5.0,0.0,0.0487,0.0487,0.0487,0.0487,2.2307,0.60541,0.0,0.60541,2.2307,0.00055371,0.0,0.00055371,0.0,0.0,0.0,0.0,2.154e-06,0.0,0.0,0.0,4.642e-09,0.0,0.0,0.0,0.0,4.642e-09,2.154e-06,0.0
24445432.0,4995000000.0,5000000.0,5.0,0.0,0.0487,0.0487,0.0487,0.0487,2.2307,0.044614,0.00021333,0.044614,2.2307,4.0804e-05,0.00021333,4.0804e-05,0.0,0.0,0.0,0.0,4.642e-09,0.0,0.0,0.0,2.154e-06,0.0,0.0,0.0,0.0,2.154e-06,4.642e-09,0.0
24443579.0,4995000000.0,5000000.0,5.0,0.0,0.0487,0.0487,0.0487,0.0487,2.2307,0.012046,0.019407,0.012046,2.2307,0.0,0.019407,0.0,0.0,0.0,0.0,0.0,1e-07,0.0,0.0,0.0,0.001,0.0,0.0,0.0,0.0,0.001,1e-07,0.0
24445279.0,4995000000.0,5000000.0,5.0,0.0,0.0487,0.0487,0.0487,0.0487,2.2307,0.044614,0.00021333,0.044614,2.2307,0.0,0.00021333,0.0,0.0,0.0,0.0,0.0,2.154e-10,0.0,0.0,0.0,4.642e-05,0.0,0.0,0.0,0.0,4.642e-05,2.154e-10,0.0
24446009.0,4995000000.0,5000000.0,5.0,0.0,0.0487,0.0487,0.0487,0.0487,2.2307,0.044614,0.019407,0.044614,2.2307,4.4614e-07,0.019407,4.4614e-07,0.0,0.0,0.0,0.0,2.154e-10,0.0,0.0,0.0,1e-11,0.0,0.0,0.0,0.0,1e-11,2.154e-10,0.0
24444900.0,4995000000.0,5000000.0,5.0,0.0,0.0487,0.0487,0.0487,0.0487,2.2307,0.044614,0.0,0.044614,2.2307,0.035691,0.0,0.035691,0.0,0.0,0.0,0.0,1e-07,0.0,0.0,0.0,2.154e-06,0.0,0.0,0.0,0.0,2.154e-06,1e-07,0.0
24447454.0,4995000000.0,5000000.0,5.0,0.0,0.0487,0.0487,0.0487,0.0487,2.2307,0.1644,2.2307e-05,0.1644,2.2307,1.5722e-05,2.2307e-05,1.5722e-05,0.0,0.0,0.0,0.0,2.154e-06,0.0,0.0,0.0,1e-07,0.0,0.0,0.0,0.0,1e-07,2.154e-06,0.0
24449794.0,4995000000.0,5000000.0,5.0,0.0,0.0487,0.0487,0.0487,0.0487,2.2307,0.60541,2.2307e-05,0.60541,2.2307,6.0541e-06,2.2307e-05,6.0541e-06,0.0,0.0,0.0,0.0,4.642e-09,0.0,0.0,0.0,4.642e-05,0.0,0.0,0.0,0.0,4.642e-05,4.642e-09,0.0
24448246.0,4995000000.0,5000000.0,5.0,0.0,0.0487,0.0487,0.0487,0.0487,2.2307,0.1644,0.0020402,0.1644,2.2307,0.0014303,0.0020402,0.0014303,0.0,0.0,0.0,0.0,4.642e-05,0.0,0.0,0.0,2.154e-06,0.0,0.0,0.0,0.0,2.154e-06,4.642e-05,0.0
24445457.0,4995000000.0,5000000.0,5.0,0.0,0.0487,0.0487,0.0487,0.0487,2.2307,0.044614,0.00021333,0.044614,2.2307,4.0804e-05,0.00021333,4.0804e-05,0.0,0.0,0.0,0.0,0.001,0.0,0.0,0.0,2.154e-10,0.0,0.0,0.0,0.0,2.154e-10,0.001,0.0
24445655.0,4995000000.0,5000000.0,5.0,0.0,0.0487,0.0487,0.0487,0.0487,2.2307,0.044614,0.0020402,0.044614,2.2307,0.0,0.0020402,0.0,0.0,0.0,0.0,0.0,0.001,0.0,0.0,0.0,1e-07,0.0,0.0,0.0,0.0,1e-07,0.001,0.0
24445499.0,4995000000.0,5000000.0,5.0,0.0,0.0487,0.0487,0.0487,0.0487,2.2307,0.044614,0.00021333,0.044614,2.2307,0.00038814,0.00021333,0.00038814,0.0,0.0,0.0,0.0,4.642e-05,0.0,0.0,0.0,2.154e-10,0.0,0.0,0.0,0.0,2.154e-10,4.642e-05,0.0
24442853.0,4995000000.0,5000000.0,5.0,0.0,0.0487,0.0487,0.0487,0.0487,2.2307,0.012046,2.2307e-05,0.012046,2.2307,0.0096365,2.2307e-05,0.0096365,0.0,0.0,0.0,0.0,4.642e-05,0.0,0.0,0.0,2.154e-10,0.0,0.0,0.0,0.0,2.154e-10,4.642e-05,0.0
24444961.0,4995000000.0,5000000.0,5.0,0.0,0.0487,0.0487,0.0487,0.0487,2.2307,0.044614,2.2307e-05,0.044614,2.2307,0.0,2.2307e-05,0.0,0.0,0.0,0.0,0.0,4.642e-05,0.0,0.0,0.0,4.642e-09,0.0,0.0,0.0,0.0,4.642e-09,4.642e-05,0.0
24443017.0,4995000000.0,5000000.0,5.0,0.0,0.0487,0.0487,0.0487,0.0487,2.2307,0.012046,0.00021333,0.012046,2.2307,1.1017e-05,0.00021333,1.1017e-05,0.0,0.0,0.0,0.0,1e-11,0.0,0.0,0.0,2.154e-06,0.0,0.0,0.0,0.0,2.154e-06,1e-11,0.0
24448023.0,4995000000.0,5000000.0,5.0,0.0,0.0487,0.0487,0.0487,0.0487,2.2307,0.1644,0.0020402,0.1644,2.2307,0.0,0.0020402,0.0,0.0,0.0,0.0,0.0,2.154e-10,0.0,0.0,0.0,4.642e-05,0.0,0.0,0.0,0.0,4.642e-05,2.154e-10,0.0
24443302.0,4995000000.0,5000000.0,5.0,0.0,0.0487,0.0487,0.0487,0.0487,2.2307,0.012046,0.0020402,0.012046,2.2307,1.2046e-07,0.0020402,1.2046e-07,0.0,0.0,0.0,0.0,0.001,0.0,0.0,0.0,4.642e-09,0.0,0.0,0.0,0.0,4.642e-09,0.001,0.0
24449504.0,4995000000.0,5000000.0,5.0,0.0,0.0487,0.0487,0.0487,0.0487,2.2307,0.60541,0.0,0.60541,2.2307,5.7898e-05,0.0,5.7898e-05,0.0,0.0,0.0,0.0,1e-07,0.0,0.0,0.0,4.642e-09,0.0,0.0,0.0,0.0,4.642e-09,1e-07,0.0
24447918.0,4995000000.0,5000000.0,5.0,0.0,0.0487,0.0487,0.0487,0.0487,2.2307,0.1644,0.00021333,0.1644,2.2307,0.01376,0.00021333,0.01376,0.0,0.0,0.0,0.0,1e-11,0.0,0.0,0.0,4.642e-05,0.0,0.0,0.0,0.0,4.642e-05,1e-11,0.0
24442722.0,4995000000.0,5000000.0,5.0,0.0,0.0487,0.0487,0.0487,0.0487,2.2307,0.012046,2.2307e-05,0.012046,2.2307,0.0001048,2.2307e-05,0.0001048,0.0,0.0,0.0,0.0,1e-11,0.0,0.0,0.0,1e-07,0.0,0.0,0.0,0.0,1e-07,1e-11,0.0
24449456.0,4995000000.0,5000000.0,5.0,0.0,0.0487,0.0487,0.0487,0.0487,2.2307,0.60541,0.0,0.60541,2.2307,6.0541e-06,0.0,6.0541e-06,0.0,0.0,0.0,0.0,1e-07,0.0,0.0,0.0,1e-07,0.0,0.0,0.0,0.0,1e-07,1e-07,0.0
24443344.0,4995000000.0,5000000.0,5.0,0.0,0.0487,0.0487,0.0487,0.0487,2.2307,0.012046,0.0020402,0.012046,2.2307,1.152e-06,0.0020402,1.152e-06,0.0,0.0,0.0,0.0,4.642e-05,0.0,0.0,0.0,4.642e-09,0.0,0.0,0.0,0.0,4.642e-09,4.642e-05,0.0
24445313.0,4995000000.0,5000000.0,5.0,0.0,0.0487,0.0487,0.0487,0.0487,2.2307,0.044614,0.00021333,0.044614,2.2307,0.0,0.00021333,0.0,0.0,0.0,0.0,0.0,0.001,0.0,0.0,0.0,2.154e-06,0.0,0.0,0.0,0.0,2.154e-06,0.001,0.0
24447336.0,4995000000.0,5000000.0,5.0,0.0,0.0487,0.0487,0.0487,0.0487,2.2307,0.1644,2.2307e-05,0.1644,2.2307,0.0,2.2307e-05,0.0,0.0,0.0,0.0,0.0,2.154e-10,0.0,0.0,0.0,2.154e-06,0.0,0.0,0.0,0.0,2.154e-06,2.154e-10,0.0
24443814.0,4995000000.0,5000000.0,5.0,0.0,0.0487,0.0487,0.0487,0.0487,2.2307,0.012046,0.019407,0.012046,2.2307,0.0010082,0.019407,0.0010082,0.0,0.0,0.0,0.0,4.642e-09,0.0,0.0,0.0,1e-07,0.0,0.0,0.0,0.0,1e-07,4.642e-09,0.0
24448128.0,4995000000.0,5000000.0,5.0,0.0,0.0487,0.0487,0.0487,0.0487,2.2307,0.1644,0.0020402,0.1644,2.2307,1.5722e-05,0.0020402,1.5722e-05,0.0,0.0,0.0,0.0,4.642e-09,0.0,0.0,0.0,4.642e-05,0.0,0.0,0.0,0.0,4.642e-05,4.642e-09,0.0
24448035.0,4995000000.0,5000000.0,5.0,0.0,0.0487,0.0487,0.0487,0.0487,2.2307,0.1644,0.0020402,0.1644,2.2307,0.0,0.0020402,0.0,0.0,0.0,0.0,0.0,1e-07,0.0,0.0,0.0,1e-07,0.0,0.0,0.0,0.0,1e-07,1e-07,0.0
24448639.0,4995000000.0,5000000.0,5.0,0.0,0.0487,0.0487,0.0487,0.0487,2.2307,0.1644,0.019407,0.1644,2.2307,0.01376,0.019407,0.01376,0.0,0.0,0.0,0.0,4.642e-05,0.0,0.0,0.0,4.642e-05,0.0,0.0,0.0,0.0,4.642e-05,4.642e-05,0.0
24446289.0,4995000000.0,5000000.0,5.0,0.0,0.0487,0.0487,0.0487,0.0487,2.2307,0.044614,0.019407,0.044614,2.2307,0.035691,0.019407,0.035691,0.0,0.0,0.0,0.0,0.001,0.0,0.0,0.0,1e-11,0.0,0.0,0.0,0.0,1e-11,0.001,0.0
24447439.0,4995000000.0,5000000.0,5.0,0.0,0.0487,0.0487,0.0487,0.0487,2.2307,0.1644,2.2307e-05,0.1644,2.2307,1.5722e-05,2.2307e-05,1.5722e-05,0.0,0.0,0.0,0.0,4.642e-09,0.0,0.0,0.0,4.642e-09,0.0,0.0,0.0,0.0,4.642e-09,4.642e-09,0.0
24445513.0,4995000000.0,5000000.0,5.0,0.0,0.0487,0.0487,0.0487,0.0487,2.2307,0.044614,0.00021333,0.044614,2.2307,0.0037342,0.00021333,0.0037342,0.0,0.0,0.0,0.0,1e-11,0.0,0.0,0.0,2.154e-10,0.0,0.0,0.0,0.0,2.154e-10,1e-11,0.0
24449862.0,4995000000.0,5000000.0,5.0,0.0,0.0487,0.0487,0.0487,0.0487,2.2307,0.60541,2.2307e-05,0.60541,2.2307,5.7898e-05,2.2307e-05,5.7898e-05,0.0,0.0,0.0,0.0,4.642e-05,0.0,0.0,0.0,1e-07,0.0,0.0,0.0,0.0,1e-07,4.642e-05,0.0
24442183.0,4995000000.0,5000000.0,5.0,0.0,0.0487,0.0487,0.0487,0.0487,2.2307,0.012046,0.0,0.012046,2.2307,0.0,0.0,0.0,0.0,0.0,0.0,0.0,1e-11,0.0,0.0,0.0,1e-07,0.0,0.0,0.0,0.0,1e-07,1e-11,0.0
24443517.0,4995000000.0,5000000.0,5.0,0.0,0.0487,0.0487,0.0487,0.0487,2.2307,0.012046,0.0020402,0.012046,2.2307,0.0096365,0.0020402,0.0096365,0.0,0.0,0.0,0.0,4.642e-09,0.0,0.0,0.0,1e-11,0.0,0.0,0.0,0.0,1e-11,4.642e-09,0.0
24442211.0,4995000000.0,5000000.0,5.0,0.0,0.0487,0.0487,0.0487,0.0487,2.2307,0.012046,0.0,0.012046,2.2307,0.0,0.0,0.0,0.0,0.0,0.0,0.0,2.154e-06,0.0,0.0,0.0,1e-07,0.0,0.0,0.0,0.0,1e-07,2.154e-06,0.0
24445657.0,4995000000.0,5000000.0,5.0,0.0,0.0487,0.0487,0.0487,0.0487,2.2307,0.044614,0.0020402,0.044614,2.2307,0.0,0.0020402,0.0,0.0,0.0,0.0,0.0,0.001,0.0,0.0,0.0,4.642e-05,0.0,0.0,0.0,0.0,4.642e-05,0.001,0.0
24448202.0,4995000000.0,5000000.0,5.0,0.0,0.0487,0.0487,0.0487,0.0487,2.2307,0.1644,0.0020402,0.1644,2.2307,0.00015036,0.0020402,0.00015036,0.0,0.0,0.0,0.0,0.001,0.0,0.0,0.0,4.642e-09,0.0,0.0,0.0,0.0,4.642e-09,0.001,0.0
24443633.0,4995000000.0,5000000.0,5.0,0.0,0.0487,0.0487,0.0487,0.0487,2.2307,0.012046,0.019407,0.012046,2.2307,1.2046e-07,0.019407,1.2046e-07,0.0,0.0,0.0,0.0,2.154e-06,0.0,0.0,0.0,2.154e-06,0.0,0.0,0.0,0.0,2.154e-06,2.154e-06,0.0
24448367.0,4995000000.0,5000000.0,5.0,0.0,0.0487,0.0487,0.0487,0.0487,2.2307,0.1644,0.019407,0.1644,2.2307,0.0,0.019407,0.0,0.0,0.0,0.0,0.0,2.154e-10,0.0,0.0,0.0,0.001,0.0,0.0,0.0,0.0,0.001,2.154e-10,0.0
24443110.0,4995000000.0,5000000.0,5.0,0.0,0.0487,0.0487,0.0487,0.0487,2.2307,0.012046,0.00021333,0.012046,2.2307,0.0001048,0.00021333,0.0001048,0.0,0.0,0.0,0.0,0.001,0.0,0.0,0.0,0.001,0.0,0.0,0.0,0.0,0.001,0.001,0.0
24445640.0,4995000000.0,5000000.0,5.0,0.0,0.0487,0.0487,0.0487,0.0487,2.2307,0.044614,0.0020402,0.044614,2.2307,0.0,0.0020402,0.0,0.0,0.0,0.0,0.0,2.154e-06,0.0,0.0,0.0,4.642e-09,0.0,0.0,0.0,0.0,4.642e-09,2.154e-06,0.0
24446037.0,4995000000.0,5000000.0,5.0,0.0,0.0487,0.0487,0.0487,0.0487,2.2307,0.044614,0.019407,0.044614,2.2307,4.4614e-07,0.019407,4.4614e-07,0.0,0.0,0.0,0.0,4.642e-05,0.0,0.0,0.0,1e-11,0.0,0.0,0.0,0.0,1e-11,4.642e-05,0.0
24445906.0,4995000000.0,5000000.0,5.0,0.0,0.0487,0.0487,0.0487,0.0487,2.2307,0.044614,0.0020402,0.044614,2.2307,0.035691,0.0020402,0.035691,0.0,0.0,0.0,0.0,1e-11,0.0,0.0,0.0,4.642e-09,0.0,0.0,0.0,0.0,4.642e-09,1e-11,0.0
24442668.0,4995000000.0,5000000.0,5.0,0.0,0.0487,0.0487,0.0487,0.0487,2.2307,0.012046,2.2307e-05,0.012046,2.2307,1.152e-06,2.2307e-05,1.152e-06,0.0,0.0,0.0,0.0,0.001,0.0,0.0,0.0,4.642e-05,0.0,0.0,0.0,0.0,4.642e-05,0.001,0.0
24444646.0,4995000000.0,5000000.0,5.0,0.0,0.0487,0.0487,0.0487,0.0487,2.2307,0.044614,0.0,0.044614,2.2307,4.4614e-07,0.0,4.4614e-07,0.0,0.0,0.0,0.0,4.642e-09,0.0,0.0,0.0,4.642e-09,0.0,0.0,0.0,0.0,4.642e-09,4.642e-09,0.0
24447600.0,4995000000.0,5000000.0,5.0,0.0,0.0487,0.0487,0.0487,0.0487,2.2307,0.1644,2.2307e-05,0.1644,2.2307,0.01376,2.2307e-05,0.01376,0.0,0.0,0.0,0.0,2.154e-06,0.0,0.0,0.0,4.642e-09,0.0,0.0,0.0,0.0,4.642e-09,2.154e-06,0.0
24444691.0,4995000000.0,5000000.0,5.0,0.0,0.0487,0.0487,0.0487,0.0487,2.2307,0.044614,0.0,0.044614,2.2307,4.2666e-06,0.0,4.2666e-06,0.0,0.0,0.0,0.0,2.154e-10,0.0,0.0,0.0,4.642e-05,0.0,0.0,0.0,0.0,4.642e-05,2.154e-10,0.0
24443444.0,4995000000.0,5000000.0,5.0,0.0,0.0487,0.0487,0.0487,0.0487,2.2307,0.012046,0.0020402,0.012046,2.2307,0.0001048,0.0020402,0.0001048,0.0,0.0,0.0,0.0,4.642e-05,0.0,0.0,0.0,2.154e-06,0.0,0.0,0.0,0.0,2.154e-06,4.642e-05,0.0
24444638.0,4995000000.0,5000000.0,5.0,0.0,0.0487,0.0487,0.0487,0.0487,2.2307,0.044614,0.0,0.044614,2.2307,4.4614e-07,0.0,4.4614e-07,0.0,0.0,0.0,0.0,2.154e-10,0.0,0.0,0.0,2.154e-10,0.0,0.0,0.0,0.0,2.154e-10,2.154e-10,0.0
24444746.0,4995000000.0,5000000.0,5.0,0.0,0.0487,0.0487,0.0487,0.0487,2.2307,0.044614,0.0,0.044614,2.2307,4.0804e-05,0.0,4.0804e-05,0.0,0.0,0.0,0.0,4.642e-09,0.0,0.0,0.0,2.154e-06,0.0,0.0,0.0,0.0,2.154e-06,4.642e-09,0.0
24446055.0,4995000000.0,5000000.0,5.0,0.0,0.0487,0.0487,0.0487,0.0487,2.2307,0.044614,0.019407,0.044614,2.2307,4.2666e-06,0.019407,4.2666e-06,0.0,0.0,0.0,0.0,1e-11,0.0,0.0,0.0,2.154e-06,0.0,0.0,0.0,0.0,2.154e-06,1e-11,0.0
24443550.0,4995000000.0,5000000.0,5.0,0.0,0.0487,0.0487,0.0487,0.0487,2.2307,0.012046,0.0020402,0.012046,2.2307,0.0096365,0.0020402,0.0096365,0.0,0.0,0.0,0.0,0.001,0.0,0.0,0.0,4.642e-05,0.0,0.0,0.0,0.0,4.642e-05,0.001,0.0
24449466.0,4995000000.0,5000000.0,5.0,0.0,0.0487,0.0487,0.0487,0.0487,2.2307,0.60541,0.0,0.60541,2.2307,6.0541e-06,0.0,6.0541e-06,0.0,0.0,0.0,0.0,2.154e-06,0.0,0.0,0.0,0.001,0.0,0.0,0.0,0.0,0.001,2.154e-06,0.0
24445926.0,4995000000.0,5000000.0,5.0,0.0,0.0487,0.0487,0.0487,0.0487,2.2307,0.044614,0.0020402,0.044614,2.2307,0.035691,0.0020402,0.035691,0.0,0.0,0.0,0.0,1e-07,0.0,0.0,0.0,2.154e-10,0.0,0.0,0.0,0.0,2.154e-10,1e-07,0.0
24445788.0,4995000000.0,5000000.0,5.0,0.0,0.0487,0.0487,0.0487,0.0487,2.2307,0.044614,0.0020402,0.044614,2.2307,4.0804e-05,0.0020402,4.0804e-05,0.0,0.0,0.0,0.0,2.154e-06,0.0,0.0,0.0,1e-07,0.0,0.0,0.0,0.0,1e-07,2.154e-06,0.0
24444741.0,4995000000.0,5000000.0,5.0,0.0,0.0487,0.0487,0.0487,0.0487,2.2307,0.044614,0.0,0.044614,2.2307,4.0804e-05,0.0,4.0804e-05,0.0,0.0,0.0,0.0,2.154e-10,0.0,0.0,0.0,0.001,0.0,0.0,0.0,0.0,0.001,2.154e-10,0.0
24448072.0,4995000000.0,5000000.0,5.0,0.0,0.0487,0.0487,0.0487,0.0487,2.2307,0.1644,0.0020402,0.1644,2.2307,1.644e-06,0.0020402,1.644e-06,0.0,0.0,0.0,0.0,2.154e-10,0.0,0.0,0.0,4.642e-05,0.0,0.0,0.0,0.0,4.642e-05,2.154e-10,0.0
24447138.0,4995000000.0,5000000.0,5.0,0.0,0.0487,0.0487,0.0487,0.0487,2.2307,0.1644,0.0,0.1644,2.2307,0.00015036,0.0,0.00015036,0.0,0.0,0.0,0.0,2.154e-10,0.0,0.0,0.0,4.642e-09,0.0,0.0,0.0,0.0,4.642e-09,2.154e-10,0.0
24447352.0,4995000000.0,5000000.0,5.0,0.0,0.0487,0.0487,0.0487,0.0487,2.2307,0.1644,2.2307e-05,0.1644,2.2307,0.0,2.2307e-05,0.0,0.0,0.0,0.0,0.0,1e-07,0.0,0.0,0.0,0.001,0.0,0.0,0.0,0.0,0.001,1e-07,0.0
24448441.0,4995000000.0,5000000.0,5.0,0.0,0.0487,0.0487,0.0487,0.0487,2.2307,0.1644,0.019407,0.1644,2.2307,1.644e-06,0.019407,1.644e-06,0.0,0.0,0.0,0.0,4.642e-05,0.0,0.0,0.0,1e-07,0.0,0.0,0.0,0.0,1e-07,4.642e-05,0.0
24449595.0,4995000000.0,5000000.0,5.0,0.0,0.0487,0.0487,0.0487,0.0487,2.2307,0.60541,0.0,0.60541,2.2307,0.005267,0.0,0.005267,0.0,0.0,0.0,0.0,4.642e-09,0.0,0.0,0.0,4.642e-09,0.0,0.0,0.0,0.0,4.642e-09,4.642e-09,0.0
24445954.0,4995000000.0,5000000.0,5.0,0.0,0.0487,0.0487,0.0487,0.0487,2.2307,0.044614,0.019407,0.044614,2.2307,0.0,0.019407,0.0,0.0,0.0,0.0,0.0,1e-11,0.0,0.0,0.0,2.154e-10,0.0,0.0,0.0,0.0,2.154e-10,1e-11,0.0
24445219.0,4995000000.0,5000000.0,5.0,0.0,0.0487,0.0487,0.0487,0.0487,2.2307,0.044614,2.2307e-05,0.044614,2.2307,0.035691,2.2307e-05,0.035691,0.0,0.0,0.0,0.0,1e-11,0.0,0.0,0.0,2.154e-10,0.0,0.0,0.0,0.0,2.154e-10,1e-11,0.0
24444777.0,4995000000.0,5000000.0,5.0,0.0,0.0487,0.0487,0.0487,0.0487,2.2307,0.044614,0.0,0.044614,2.2307,0.00038814,0.0,0.00038814,0.0,0.0,0.0,0.0,1e-11,0.0,0.0,0.0,1e-11,0.0,0.0,0.0,0.0,1e-11,1e-11,0.0
24446007.0,4995000000.0,5000000.0,5.0,0.0,0.0487,0.0487,0.0487,0.0487,2.2307,0.044614,0.019407,0.044614,2.2307,4.4614e-07,0.019407,4.4614e-07,0.0,0.0,0.0,0.0,1e-11,0.0,0.0,0.0,4.642e-05,0.0,0.0,0.0,0.0,4.642e-05,1e-11,0.0
24443216.0,4995000000.0,5000000.0,5.0,0.0,0.0487,0.0487,0.0487,0.0487,2.2307,0.012046,0.0020402,0.012046,2.2307,0.0,0.0020402,0.0,0.0,0.0,0.0,0.0,2.154e-10,0.0,0.0,0.0,1e-11,0.0,0.0,0.0,0.0,1e-11,2.154e-10,0.0
24442671.0,4995000000.0,5000000.0,5.0,0.0,0.0487,0.0487,0.0487,0.0487,2.2307,0.012046,2.2307e-05,0.012046,2.2307,1.1017e-05,2.2307e-05,1.1017e-05,0.0,0.0,0.0,0.0,1e-11,0.0,0.0,0.0,2.154e-10,0.0,0.0,0.0,0.0,2.154e-10,1e-11,0.0
24443737.0,4995000000.0,5000000.0,5.0,0.0,0.0487,0.0487,0.0487,0.0487,2.2307,0.012046,0.019407,0.012046,2.2307,1.1017e-05,0.019407,1.1017e-05,0.0,0.0,0.0,0.0,4.642e-05,0.0,0.0,0.0,1e-07,0.0,0.0,0.0,0.0,1e-07,4.642e-05,0.0
24442304.0,4995000000.0,5000000.0,5.0,0.0,0.0487,0.0487,0.0487,0.0487,2.2307,0.012046,0.0,0.012046,2.2307,1.152e-06,0.0,1.152e-06,0.0,0.0,0.0,0.0,1e-07,0.0,0.0,0.0,4.642e-05,0.0,0.0,0.0,0.0,4.642e-05,1e-07,0.0
24445361.0,4995000000.0,5000000.0,5.0,0.0,0.0487,0.0487,0.0487,0.0487,2.2307,0.044614,0.00021333,0.044614,2.2307,4.4614e-07,0.00021333,4.4614e-07,0.0,0.0,0.0,0.0,0.001,0.0,0.0,0.0,1e-07,0.0,0.0,0.0,0.0,1e-07,0.001,0.0
24445338.0,4995000000.0,5000000.0,5.0,0.0,0.0487,0.0487,0.0487,0.0487,2.2307,0.044614,0.00021333,0.044614,2.2307,4.4614e-07,0.00021333,4.4614e-07,0.0,0.0,0.0,0.0,1e-07,0.0,0.0,0.0,2.154e-10,0.0,0.0,0.0,0.0,2.154e-10,1e-07,0.0
24445307.0,4995000000.0,5000000.0,5.0,0.0,0.0487,0.0487,0.0487,0.0487,2.2307,0.044614,0.00021333,0.044614,2.2307,0.0,0.00021333,0.0,0.0,0.0,0.0,0.0,4.642e-05,0.0,0.0,0.0,4.642e-05,0.0,0.0,0.0,0.0,4.642e-05,4.642e-05,0.0
24445810.0,4995000000.0,5000000.0,5.0,0.0,0.0487,0.0487,0.0487,0.0487,2.2307,0.044614,0.0020402,0.044614,2.2307,0.00038814,0.0020402,0.00038814,0.0,0.0,0.0,0.0,1e-11,0.0,0.0,0.0,2.154e-06,0.0,0.0,0.0,0.0,2.154e-06,1e-11,0.0
24442923.0,4995000000.0,5000000.0,5.0,0.0,0.0487,0.0487,0.0487,0.0487,2.2307,0.012046,0.00021333,0.012046,2.2307,1.2046e-07,0.00021333,1.2046e-07,0.0,0.0,0.0,0.0,2.154e-10,0.0,0.0,0.0,2.154e-10,0.0,0.0,0.0,0.0,2.154e-10,2.154e-10,0.0
24448266.0,4995000000.0,5000000.0,5.0,0.0,0.0487,0.0487,0.0487,0.0487,2.2307,0.1644,0.0020402,0.1644,2.2307,0.01376,0.0020402,0.01376,0.0,0.0,0.0,0.0,2.154e-10,0.0,0.0,0.0,1e-07,0.0,0.0,0.0,0.0,1e-07,2.154e-10,0.0
24445649.0,4995000000.0,5000000.0,5.0,0.0,0.0487,0.0487,0.0487,0.0487,2.2307,0.044614,0.0020402,0.044614,2.2307,0.0,0.0020402,0.0,0.0,0.0,0.0,0.0,4.642e-05,0.0,0.0,0.0,2.154e-06,0.0,0.0,0.0,0.0,2.154e-06,4.642e-05,0.0
24447446.0,4995000000.0,5000000.0,5.0,0.0,0.0487,0.0487,0.0487,0.0487,2.2307,0.1644,2.2307e-05,0.1644,2.2307,1.5722e-05,2.2307e-05,1.5722e-05,0.0,0.0,0.0,0.0,1e-07,0.0,0.0,0.0,4.642e-09,0.0,0.0,0.0,0.0,4.642e-09,1e-07,0.0
24443201.0,4995000000.0,5000000.0,5.0,0.0,0.0487,0.0487,0.0487,0.0487,2.2307,0.012046,0.00021333,0.012046,2.2307,0.0096365,0.00021333,0.0096365,0.0,0.0,0.0,0.0,4.642e-05,0.0,0.0,0.0,0.001,0.0,0.0,0.0,0.0,0.001,4.642e-05,0.0
24449518.0,4995000000.0,5000000.0,5.0,0.0,0.0487,0.0487,0.0487,0.0487,2.2307,0.60541,0.0,0.60541,2.2307,5.7898e-05,0.0,5.7898e-05,0.0,0.0,0.0,0.0,4.642e-05,0.0,0.0,0.0,4.642e-09,0.0,0.0,0.0,0.0,4.642e-09,4.642e-05,0.0
24447938.0,4995000000.0,5000000.0,5.0,0.0,0.0487,0.0487,0.0487,0.0487,2.2307,0.1644,0.00021333,0.1644,2.2307,0.01376,0.00021333,0.01376,0.0,0.0,0.0,0.0,1e-07,0.0,0.0,0.0,2.154e-06,0.0,0.0,0.0,0.0,2.154e-06,1e-07,0.0
24443623.0,4995000000.0,5000000.0,5.0,0.0,0.0487,0.0487,0.0487,0.0487,2.2307,0.012046,0.019407,0.012046,2.2307,1.2046e-07,0.019407,1.2046e-07,0.0,0.0,0.0,0.0,1e-07,0.0,0.0,0.0,2.154e-10,0.0,0.0,0.0,0.0,2.154e-10,1e-07,0.0
24442399.0,4995000000.0,5000000.0,5.0,0.0,0.0487,0.0487,0.0487,0.0487,2.2307,0.012046,0.0,0.012046,2.2307,0.0001048,0.0,0.0001048,0.0,0.0,0.0,0.0,1e-07,0.0,0.0,0.0,4.642e-09,0.0,0.0,0.0,0.0,4.642e-09,1e-07,0.0
24446226.0,4995000000.0,5000000.0,5.0,0.0,0.0487,0.0487,0.0487,0.0487,2.2307,0.044614,0.019407,0.044614,2.2307,0.0037342,0.019407,0.0037342,0.0,0.0,0.0,0.0,2.154e-06,0.0,0.0,0.0,1e-11,0.0,0.0,0.0,0.0,1e-11,2.154e-06,0.0
24447547.0,4995000000.0,5000000.0,5.0,0.0,0.0487,0.0487,0.0487,0.0487,2.2307,0.1644,2.2307e-05,0.1644,2.2307,0.0014303,2.2307e-05,0.0014303,0.0,0.0,0.0,0.0,1e-07,0.0,0.0,0.0,4.642e-05,0.0,0.0,0.0,0.0,4.642e-05,1e-07,0.0
24442926.0,4995000000.0,5000000.0,5.0,0.0,0.0487,0.0487,0.0487,0.0487,2.2307,0.012046,0.00021333,0.012046,2.2307,1.2046e-07,0.00021333,1.2046e-07,0.0,0.0,0.0,0.0,2.154e-10,0.0,0.0,0.0,2.154e-06,0.0,0.0,0.0,0.0,2.154e-06,2.154e-10,0.0
24445916.0,4995000000.0,5000000.0,5.0,0.0,0.0487,0.0487,0.0487,0.0487,2.2307,0.044614,0.0020402,0.044614,2.2307,0.035691,0.0020402,0.035691,0.0,0.0,0.0,0.0,2.154e-10,0.0,0.0,0.0,4.642e-05,0.0,0.0,0.0,0.0,4.642e-05,2.154e-10,0.0
24447002.0,4995000000.0,5000000.0,5.0,0.0,0.0487,0.0487,0.0487,0.0487,2.2307,0.1644,0.0,0.1644,2.2307,0.0,0.0,0.0,0.0,0.0,0.0,0.0,4.642e-09,0.0,0.0,0.0,0.001,0.0,0.0,0.0,0.0,0.001,4.642e-09,0.0
24445601.0,4995000000.0,5000000.0,5.0,0.0,0.0487,0.0487,0.0487,0.0487,2.2307,0.044614,0.00021333,0.044614,2.2307,0.035691,0.00021333,0.035691,0.0,0.0,0.0,0.0,4.642e-05,0.0,0.0,0.0,4.642e-05,0.0,0.0,0.0,0.0,4.642e-05,4.642e-05,0.0
24445243.0,4995000000.0,5000000.0,5.0,0.0,0.0487,0.0487,0.0487,0.0487,2.2307,0.044614,2.2307e-05,0.044614,2.2307,0.035691,2.2307e-05,0.035691,0.0,0.0,0.0,0.0,1e-07,0.0,0.0,0.0,2.154e-06,0.0,0.0,0.0,0.0,2.154e-06,1e-07,0.0
24442517.0,4995000000.0,5000000.0,5.0,0.0,0.0487,0.0487,0.0487,0.0487,2.2307,0.012046,0.0,0.012046,2.2307,0.0096365,0.0,0.0096365,0.0,0.0,0.0,0.0,0.001,0.0,0.0,0.0,2.154e-10,0.0,0.0,0.0,0.0,2.154e-10,0.001,0.0
24442992.0,4995000000.0,5000000.0,5.0,0.0,0.0487,0.0487,0.0487,0.0487,2.2307,0.012046,0.00021333,0.012046,2.2307,1.152e-06,0.00021333,1.152e-06,0.0,0.0,0.0,0.0,2.154e-06,0.0,0.0,0.0,1e-11,0.0,0.0,0.0,0.0,1e-11,2.154e-06,0.0
24442918.0,4995000000.0,5000000.0,5.0,0.0,0.0487,0.0487,0.0487,0.0487,2.2307,0.012046,0.00021333,0.012046,2.2307,1.2046e-07,0.00021333,1.2046e-07,0.0,0.0,0.0,0.0,1e-11,0.0,0.0,0.0,1e-07,0.0,0.0,0.0,0.0,1e-07,1e-11,0.0
24445065.0,4995000000.0,5000000.0,5.0,0.0,0.0487,0.0487,0.0487,0.0487,2.2307,0.044614,2.2307e-05,0.044614,2.2307,4.2666e-06,2.2307e-05,4.2666e-06,0.0,0.0,0.0,0.0,0.001,0.0,0.0,0.0,2.154e-10,0.0,0.0,0.0,0.0,2.154e-10,0.001,0.0
24447230.0,4995000000.0,5000000.0,5.0,0.0,0.0487,0.0487,0.0487,0.0487,2.2307,0.1644,0.0,0.1644,2.2307,0.01376,0.0,0.01376,0.0,0.0,0.0,0.0,1e-11,0.0,0.0,0.0,1e-07,0.0,0.0,0.0,0.0,1e-07,1e-11,0.0
24442874.0,4995000000.0,5000000.0,5.0,0.0,0.0487,0.0487,0.0487,0.0487,2.2307,0.012046,0.00021333,0.012046,2.2307,0.0,0.00021333,0.0,0.0,0.0,0.0,0.0,2.154e-10,0.0,0.0,0.0,2.154e-10,0.0,0.0,0.0,0.0,2.154e-10,2.154e-10,0.0
24445978.0,4995000000.0,5000000.0,5.0,0.0,0.0487,0.0487,0.0487,0.0487,2.2307,0.044614,0.019407,0.044614,2.2307,0.0,0.019407,0.0,0.0,0.0,0.0,0.0,1e-07,0.0,0.0,0.0,2.154e-06,0.0,0.0,0.0,0.0,2.154e-06,1e-07,0.0
24445324.0,4995000000.0,5000000.0,5.0,0.0,0.0487,0.0487,0.0487,0.0487,2.2307,0.044614,0.00021333,0.044614,2.2307,4.4614e-07,0.00021333,4.4614e-07,0.0,0.0,0.0,0.0,2.154e-10,0.0,0.0,0.0,2.154e-10,0.0,0.0,0.0,0.0,2.154e-10,2.154e-10,0.0
24445632.0,4995000000.0,5000000.0,5.0,0.0,0.0487,0.0487,0.0487,0.0487,2.2307,0.044614,0.0020402,0.044614,2.2307,0.0,0.0020402,0.0,0.0,0.0,0.0,0.0,1e-07,0.0,0.0,0.0,2.154e-10,0.0,0.0,0.0,0.0,2.154e-10,1e-07,0.0
24447510.0,4995000000.0,5000000.0,5.0,0.0,0.0487,0.0487,0.0487,0.0487,2.2307,0.1644,2.2307e-05,0.1644,2.2307,0.00015036,2.2307e-05,0.00015036,0.0,0.0,0.0,0.0,4.642e-05,0.0,0.0,0.0,1e-07,0.0,0.0,0.0,0.0,1e-07,4.642e-05,0.0
24443856.0,4995000000.0,5000000.0,5.0,0.0,0.0487,0.0487,0.0487,0.0487,2.2307,0.012046,0.019407,0.012046,2.2307,0.0096365,0.019407,0.0096365,0.0,0.0,0.0,0.0,2.154e-10,0.0,0.0,0.0,1e-07,0.0,0.0,0.0,0.0,1e-07,2.154e-10,0.0
24445139.0,4995000000.0,5000000.0,5.0,0.0,0.0487,0.0487,0.0487,0.0487,2.2307,0.044614,2.2307e-05,0.044614,2.2307,0.00038814,2.2307e-05,0.00038814,0.0,0.0,0.0,0.0,4.642e-09,0.0,0.0,0.0,4.642e-05,0.0,0.0,0.0,0.0,4.642e-05,4.642e-09,0.0
24449802.0,4995000000.0,5000000.0,5.0,0.0,0.0487,0.0487,0.0487,0.0487,2.2307,0.60541,2.2307e-05,0.60541,2.2307,6.0541e-06,2.2307e-05,6.0541e-06,0.0,0.0,0.0,0.0,1e-07,0.0,0.0,0.0,0.001,0.0,0.0,0.0,0.0,0.001,1e-07,0.0
24445368.0,4995000000.0,5000000.0,5.0,0.0,0.0487,0.0487,0.0487,0.0487,2.2307,0.044614,0.00021333,0.044614,2.2307,4.2666e-06,0.00021333,4.2666e-06,0.0,0.0,0.0,0.0,1e-11,0.0,0.0,0.0,1e-07,0.0,0.0,0.0,0.0,1e-07,1e-11,0.0
24445589.0,4995000000.0,5000000.0,5.0,0.0,0.0487,0.0487,0.0487,0.0487,2.2307,0.044614,0.00021333,0.044614,2.2307,0.035691,0.00021333,0.035691,0.0,0.0,0.0,0.0,2.154e-06,0.0,0.0,0.0,1e-11,0.0,0.0,0.0,0.0,1e-11,2.154e-06,0.0
24445543.0,4995000000.0,5000000.0,5.0,0.0,0.0487,0.0487,0.0487,0.0487,2.2307,0.044614,0.00021333,0.044614,2.2307,0.0037342,0.00021333,0.0037342,0.0,0.0,0.0,0.0,2.154e-06,0.0,0.0,0.0,1e-07,0.0,0.0,0.0,0.0,1e-07,2.154e-06,0.0
24443886.0,4995000000.0,5000000.0,5.0,0.0,0.0487,0.0487,0.0487,0.0487,2.2307,0.012046,0.019407,0.012046,2.2307,0.0096365,0.019407,0.0096365,0.0,0.0,0.0,0.0,4.642e-05,0.0,0.0,0.0,4.642e-05,0.0,0.0,0.0,0.0,4.642e-05,4.642e-05,0.0
24443215.0,4995000000.0,5000000.0,5.0,0.0,0.0487,0.0487,0.0487,0.0487,2.2307,0.012046,0.0020402,0.012046,2.2307,0.0,0.0020402,0.0,0.0,0.0,0.0,0.0,1e-11,0.0,0.0,0.0,0.001,0.0,0.0,0.0,0.0,0.001,1e-11,0.0
24444587.0,4995000000.0,5000000.0,5.0,0.0,0.0487,0.0487,0.0487,0.0487,2.2307,0.044614,0.0,0.044614,2.2307,0.0,0.0,0.0,0.0,0.0,0.0,0.0,1e-11,0.0,0.0,0.0,0.001,0.0,0.0,0.0,0.0,0.001,1e-11,0.0
24446218.0,4995000000.0,5000000.0,5.0,0.0,0.0487,0.0487,0.0487,0.0487,2.2307,0.044614,0.019407,0.044614,2.2307,0.0037342,0.019407,0.0037342,0.0,0.0,0.0,0.0,4.642e-09,0.0,0.0,0.0,0.001,0.0,0.0,0.0,0.0,0.001,4.642e-09,0.0
24445227.0,4995000000.0,5000000.0,5.0,0.0,0.0487,0.0487,0.0487,0.0487,2.2307,0.044614,2.2307e-05,0.044614,2.2307,0.035691,2.2307e-05,0.035691,0.0,0.0,0.0,0.0,2.154e-10,0.0,0.0,0.0,4.642e-09,0.0,0.0,0.0,0.0,4.642e-09,2.154e-10,0.0
24449863.0,4995000000.0,5000000.0,5.0,0.0,0.0487,0.0487,0.0487,0.0487,2.2307,0.60541,2.2307e-05,0.60541,2.2307,5.7898e-05,2.2307e-05,5.7898e-05,0.0,0.0,0.0,0.0,4.642e-05,0.0,0.0,0.0,2.154e-06,0.0,0.0,0.0,0.0,2.154e-06,4.642e-05,0.0
24443732.0,4995000000.0,5000000.0,5.0,0.0,0.0487,0.0487,0.0487,0.0487,2.2307,0.012046,0.019407,0.012046,2.2307,1.1017e-05,0.019407,1.1017e-05,0.0,0.0,0.0,0.0,2.154e-06,0.0,0.0,0.0,4.642e-05,0.0,0.0,0.0,0.0,4.642e-05,2.154e-06,0.0
24445273.0,4995000000.0,5000000.0,5.0,0.0,0.0487,0.0487,0.0487,0.0487,2.2307,0.044614,0.00021333,0.044614,2.2307,0.0,0.00021333,0.0,0.0,0.0,0.0,0.0,1e-11,0.0,0.0,0.0,0.001,0.0,0.0,0.0,0.0,0.001,1e-11,0.0
24443805.0,4995000000.0,5000000.0,5.0,0.0,0.0487,0.0487,0.0487,0.0487,2.2307,0.012046,0.019407,0.012046,2.2307,0.0010082,0.019407,0.0010082,0.0,0.0,0.0,0.0,2.154e-10,0.0,0.0,0.0,2.154e-10,0.0,0.0,0.0,0.0,2.154e-10,2.154e-10,0.0
24442983.0,4995000000.0,5000000.0,5.0,0.0,0.0487,0.0487,0.0487,0.0487,2.2307,0.012046,0.00021333,0.012046,2.2307,1.152e-06,0.00021333,1.152e-06,0.0,0.0,0.0,0.0,4.642e-09,0.0,0.0,0.0,4.642e-05,0.0,0.0,0.0,0.0,4.642e-05,4.642e-09,0.0
24449738.0,4995000000.0,5000000.0,5.0,0.0,0.0487,0.0487,0.0487,0.0487,2.2307,0.60541,2.2307e-05,0.60541,2.2307,0.0,2.2307e-05,0.0,0.0,0.0,0.0,0.0,2.154e-10,0.0,0.0,0.0,4.642e-05,0.0,0.0,0.0,0.0,4.642e-05,2.154e-10,0.0
24446125.0,4995000000.0,5000000.0,5.0,0.0,0.0487,0.0487,0.0487,0.0487,2.2307,0.044614,0.019407,0.044614,2.2307,4.0804e-05,0.019407,4.0804e-05,0.0,0.0,0.0,0.0,1e-07,0.0,0.0,0.0,2.154e-06,0.0,0.0,0.0,0.0,2.154e-06,1e-07,0.0
24447275.0,4995000000.0,5000000.0,5.0,0.0,0.0487,0.0487,0.0487,0.0487,2.2307,0.1644,0.0,0.1644,2.2307,0.01376,0.0,0.01376,0.0,0.0,0.0,0.0,0.001,0.0,0.0,0.0,0.001,0.0,0.0,0.0,0.0,0.001,0.001,0.0
24442366.0,4995000000.0,5000000.0,5.0,0.0,0.0487,0.0487,0.0487,0.0487,2.2307,0.012046,0.0,0.012046,2.2307,1.1017e-05,0.0,1.1017e-05,0.0,0.0,0.0,0.0,4.642e-05,0.0,0.0,0.0,2.154e-06,0.0,0.0,0.0,0.0,2.154e-06,4.642e-05,0.0
24442933.0,4995000000.0,5000000.0,5.0,0.0,0.0487,0.0487,0.0487,0.0487,2.2307,0.012046,0.00021333,0.012046,2.2307,1.2046e-07,0.00021333,1.2046e-07,0.0,0.0,0.0,0.0,4.642e-09,0.0,0.0,0.0,2.154e-06,0.0,0.0,0.0,0.0,2.154e-06,4.642e-09,0.0
24443425.0,4995000000.0,5000000.0,5.0,0.0,0.0487,0.0487,0.0487,0.0487,2.2307,0.012046,0.0020402,0.012046,2.2307,0.0001048,0.0020402,0.0001048,0.0,0.0,0.0,0.0,4.642e-09,0.0,0.0,0.0,0.001,0.0,0.0,0.0,0.0,0.001,4.642e-09,0.0
24447518.0,4995000000.0,5000000.0,5.0,0.0,0.0487,0.0487,0.0487,0.0487,2.2307,0.1644,2.2307e-05,0.1644,2.2307,0.00015036,2.2307e-05,0.00015036,0.0,0.0,0.0,0.0,0.001,0.0,0.0,0.0,2.154e-06,0.0,0.0,0.0,0.0,2.154e-06,0.001,0.0
24442993.0,4995000000.0,5000000.0,5.0,0.0,0.0487,0.0487,0.0487,0.0487,2.2307,0.012046,0.00021333,0.012046,2.2307,1.152e-06,0.00021333,1.152e-06,0.0,0.0,0.0,0.0,2.154e-06,0.0,0.0,0.0,2.154e-10,0.0,0.0,0.0,0.0,2.154e-10,2.154e-06,0.0
24442314.0,4995000000.0,5000000.0,5.0,0.0,0.0487,0.0487,0.0487,0.0487,2.2307,0.012046,0.0,0.012046,2.2307,1.152e-06,0.0,1.152e-06,0.0,0.0,0.0,0.0,4.642e-05,0.0,0.0,0.0,2.154e-10,0.0,0.0,0.0,0.0,2.154e-10,4.642e-05,0.0
24442448.0,4995000000.0,5000000.0,5.0,0.0,0.0487,0.0487,0.0487,0.0487,2.2307,0.012046,0.0,0.012046,2.2307,0.0010082,0.0,0.0010082,0.0,0.0,0.0,0.0,1e-07,0.0,0.0,0.0,4.642e-09,0.0,0.0,0.0,0.0,4.642e-09,1e-07,0.0
24447503.0,4995000000.0,5000000.0,5.0,0.0,0.0487,0.0487,0.0487,0.0487,2.2307,0.1644,2.2307e-05,0.1644,2.2307,0.00015036,2.2307e-05,0.00015036,0.0,0.0,0.0,0.0,2.154e-06,0.0,0.0,0.0,1e-07,0.0,0.0,0.0,0.0,1e-07,2.154e-06,0.0
24442988.0,4995000000.0,5000000.0,5.0,0.0,0.0487,0.0487,0.0487,0.0487,2.2307,0.012046,0.00021333,0.012046,2.2307,1.152e-06,0.00021333,1.152e-06,0.0,0.0,0.0,0.0,1e-07,0.0,0.0,0.0,1e-07,0.0,0.0,0.0,0.0,1e-07,1e-07,0.0
24446288.0,4995000000.0,5000000.0,5.0,0.0,0.0487,0.0487,0.0487,0.0487,2.2307,0.044614,0.019407,0.044614,2.2307,0.035691,0.019407,0.035691,0.0,0.0,0.0,0.0,4.642e-05,0.0,0.0,0.0,0.001,0.0,0.0,0.0,0.0,0.001,4.642e-05,0.0
24449443.0,4995000000.0,5000000.0,5.0,0.0,0.0487,0.0487,0.0487,0.0487,2.2307,0.60541,0.0,0.60541,2.2307,6.0541e-06,0.0,6.0541e-06,0.0,0.0,0.0,0.0,2.154e-10,0.0,0.0,0.0,2.154e-06,0.0,0.0,0.0,0.0,2.154e-06,2.154e-10,0.0
24443187.0,4995000000.0,5000000.0,5.0,0.0,0.0487,0.0487,0.0487,0.0487,2.2307,0.012046,0.00021333,0.012046,2.2307,0.0096365,0.00021333,0.0096365,0.0,0.0,0.0,0.0,1e-07,0.0,0.0,0.0,0.001,0.0,0.0,0.0,0.0,0.001,1e-07,0.0
24449933.0,4995000000.0,5000000.0,5.0,0.0,0.0487,0.0487,0.0487,0.0487,2.2307,0.60541,2.2307e-05,0.60541,2.2307,0.005267,2.2307e-05,0.005267,0.0,0.0,0.0,0.0,2.154e-10,0.0,0.0,0.0,2.154e-06,0.0,0.0,0.0,0.0,2.154e-06,2.154e-10,0.0
24446245.0,4995000000.0,5000000.0,5.0,0.0,0.0487,0.0487,0.0487,0.0487,2.2307,0.044614,0.019407,0.044614,2.2307,0.0037342,0.019407,0.0037342,0.0,0.0,0.0,0.0,0.001,0.0,0.0,0.0,4.642e-05,0.0,0.0,0.0,0.0,4.642e-05,0.001,0.0
24444743.0,4995000000.0,5000000.0,5.0,0.0,0.0487,0.0487,0.0487,0.0487,2.2307,0.044614,0.0,0.044614,2.2307,4.0804e-05,0.0,4.0804e-05,0.0,0.0,0.0,0.0,4.642e-09,0.0,0.0,0.0,2.154e-10,0.0,0.0,0.0,0.0,2.154e-10,4.642e-09,0.0
24445466.0,4995000000.0,5000000.0,5.0,0.0,0.0487,0.0487,0.0487,0.0487,2.2307,0.044614,0.00021333,0.044614,2.2307,0.00038814,0.00021333,0.00038814,0.0,0.0,0.0,0.0,1e-11,0.0,0.0,0.0,1e-07,0.0,0.0,0.0,0.0,1e-07,1e-11,0.0
24442798.0,4995000000.0,5000000.0,5.0,0.0,0.0487,0.0487,0.0487,0.0487,2.2307,0.012046,2.2307e-05,0.012046,2.2307,0.0010082,2.2307e-05,0.0010082,0.0,0.0,0.0,0.0,2.154e-06,0.0,0.0,0.0,4.642e-09,0.0,0.0,0.0,0.0,4.642e-09,2.154e-06,0.0
24449848.0,4995000000.0,5000000.0,5.0,0.0,0.0487,0.0487,0.0487,0.0487,2.2307,0.60541,2.2307e-05,0.60541,2.2307,5.7898e-05,2.2307e-05,5.7898e-05,0.0,0.0,0.0,0.0,1e-07,0.0,0.0,0.0,1e-07,0.0,0.0,0.0,0.0,1e-07,1e-07,0.0
24442841.0,4995000000.0,5000000.0,5.0,0.0,0.0487,0.0487,0.0487,0.0487,2.2307,0.012046,2.2307e-05,0.012046,2.2307,0.0096365,2.2307e-05,0.0096365,0.0,0.0,0.0,0.0,1e-07,0.0,0.0,0.0,1e-07,0.0,0.0,0.0,0.0,1e-07,1e-07,0.0
24449603.0,4995000000.0,5000000.0,5.0,0.0,0.0487,0.0487,0.0487,0.0487,2.2307,0.60541,0.0,0.60541,2.2307,0.005267,0.0,0.005267,0.0,0.0,0.0,0.0,1e-07,0.0,0.0,0.0,1e-07,0.0,0.0,0.0,0.0,1e-07,1e-07,0.0
24442333.0,4995000000.0,5000000.0,5.0,0.0,0.0487,0.0487,0.0487,0.0487,2.2307,0.012046,0.0,0.012046,2.2307,1.1017e-05,0.0,1.1017e-05,0.0,0.0,0.0,0.0,1e-11,0.0,0.0,0.0,0.001,0.0,0.0,0.0,0.0,0.001,1e-11,0.0
24442331.0,4995000000.0,5000000.0,5.0,0.0,0.0487,0.0487,0.0487,0.0487,2.2307,0.012046,0.0,0.012046,2.2307,1.1017e-05,0.0,1.1017e-05,0.0,0.0,0.0,0.0,1e-11,0.0,0.0,0.0,2.154e-06,0.0,0.0,0.0,0.0,2.154e-06,1e-11,0.0
24442796.0,4995000000.0,5000000.0,5.0,0.0,0.0487,0.0487,0.0487,0.0487,2.2307,0.012046,2.2307e-05,0.012046,2.2307,0.0010082,2.2307e-05,0.0010082,0.0,0.0,0.0,0.0,2.154e-06,0.0,0.0,0.0,1e-11,0.0,0.0,0.0,0.0,1e-11,2.154e-06,0.0
24442927.0,4995000000.0,5000000.0,5.0,0.0,0.0487,0.0487,0.0487,0.0487,2.2307,0.012046,0.00021333,0.012046,2.2307,1.2046e-07,0.00021333,1.2046e-07,0.0,0.0,0.0,0.0,2.154e-10,0.0,0.0,0.0,4.642e-05,0.0,0.0,0.0,0.0,4.642e-05,2.154e-10,0.0
24445912.0,4995000000.0,5000000.0,5.0,0.0,0.0487,0.0487,0.0487,0.0487,2.2307,0.044614,0.0020402,0.044614,2.2307,0.035691,0.0020402,0.035691,0.0,0.0,0.0,0.0,2.154e-10,0.0,0.0,0.0,2.154e-10,0.0,0.0,0.0,0.0,2.154e-10,2.154e-10,0.0
24444842.0,4995000000.0,5000000.0,5.0,0.0,0.0487,0.0487,0.0487,0.0487,2.2307,0.044614,0.0,0.044614,2.2307,0.0037342,0.0,0.0037342,0.0,0.0,0.0,0.0,4.642e-09,0.0,0.0,0.0,4.642e-09,0.0,0.0,0.0,0.0,4.642e-09,4.642e-09,0.0
24448107.0,4995000000.0,5000000.0,5.0,0.0,0.0487,0.0487,0.0487,0.0487,2.2307,0.1644,0.0020402,0.1644,2.2307,1.644e-06,0.0020402,1.644e-06,0.0,0.0,0.0,0.0,0.001,0.0,0.0,0.0,4.642e-05,0.0,0.0,0.0,0.0,4.642e-05,0.001,0.0
24447406.0,4995000000.0,5000000.0,5.0,0.0,0.0487,0.0487,0.0487,0.0487,2.2307,0.1644,2.2307e-05,0.1644,2.2307,1.644e-06,2.2307e-05,1.644e-06,0.0,0.0,0.0,0.0,2.154e-06,0.0,0.0,0.0,2.154e-06,0.0,0.0,0.0,0.0,2.154e-06,2.154e-06,0.0
24442451.0,4995000000.0,5000000.0,5.0,0.0,0.0487,0.0487,0.0487,0.0487,2.2307,0.012046,0.0,0.012046,2.2307,0.0010082,0.0,0.0010082,0.0,0.0,0.0,0.0,1e-07,0.0,0.0,0.0,4.642e-05,0.0,0.0,0.0,0.0,4.642e-05,1e-07,0.0
24445212.0,4995000000.0,5000000.0,5.0,0.0,0.0487,0.0487,0.0487,0.0487,2.2307,0.044614,2.2307e-05,0.044614,2.2307,0.0037342,2.2307e-05,0.0037342,0.0,0.0,0.0,0.0,0.001,0.0,0.0,0.0,2.154e-10,0.0,0.0,0.0,0.0,2.154e-10,0.001,0.0
24449483.0,4995000000.0,5000000.0,5.0,0.0,0.0487,0.0487,0.0487,0.0487,2.2307,0.60541,0.0,0.60541,2.2307,5.7898e-05,0.0,5.7898e-05,0.0,0.0,0.0,0.0,1e-11,0.0,0.0,0.0,4.642e-09,0.0,0.0,0.0,0.0,4.642e-09,1e-11,0.0
24447048.0,4995000000.0,5000000.0,5.0,0.0,0.0487,0.0487,0.0487,0.0487,2.2307,0.1644,0.0,0.1644,2.2307,1.644e-06,0.0,1.644e-06,0.0,0.0,0.0,0.0,4.642e-09,0.0,0.0,0.0,1e-07,0.0,0.0,0.0,0.0,1e-07,4.642e-09,0.0
24449562.0,4995000000.0,5000000.0,5.0,0.0,0.0487,0.0487,0.0487,0.0487,2.2307,0.60541,0.0,0.60541,2.2307,0.00055371,0.0,0.00055371,0.0,0.0,0.0,0.0,2.154e-06,0.0,0.0,0.0,2.154e-06,0.0,0.0,0.0,0.0,2.154e-06,2.154e-06,0.0
24445506.0,4995000000.0,5000000.0,5.0,0.0,0.0487,0.0487,0.0487,0.0487,2.2307,0.044614,0.00021333,0.044614,2.2307,0.00038814,0.00021333,0.00038814,0.0,0.0,0.0,0.0,0.001,0.0,0.0,0.0,2.154e-10,0.0,0.0,0.0,0.0,2.154e-10,0.001,0.0
24445209.0,4995000000.0,5000000.0,5.0,0.0,0.0487,0.0487,0.0487,0.0487,2.2307,0.044614,2.2307e-05,0.044614,2.2307,0.0037342,2.2307e-05,0.0037342,0.0,0.0,0.0,0.0,4.642e-05,0.0,0.0,0.0,4.642e-05,0.0,0.0,0.0,0.0,4.642e-05,4.642e-05,0.0
24445294.0,4995000000.0,5000000.0,5.0,0.0,0.0487,0.0487,0.0487,0.0487,2.2307,0.044614,0.00021333,0.044614,2.2307,0.0,0.00021333,0.0,0.0,0.0,0.0,0.0,1e-07,0.0,0.0,0.0,0.001,0.0,0.0,0.0,0.0,0.001,1e-07,0.0
24443436.0,4995000000.0,5000000.0,5.0,0.0,0.0487,0.0487,0.0487,0.0487,2.2307,0.012046,0.0020402,0.012046,2.2307,0.0001048,0.0020402,0.0001048,0.0,0.0,0.0,0.0,2.154e-06,0.0,0.0,0.0,1e-07,0.0,0.0,0.0,0.0,1e-07,2.154e-06,0.0
24445844.0,4995000000.0,5000000.0,5.0,0.0,0.0487,0.0487,0.0487,0.0487,2.2307,0.044614,0.0020402,0.044614,2.2307,0.00038814,0.0020402,0.00038814,0.0,0.0,0.0,0.0,4.642e-05,0.0,0.0,0.0,1e-07,0.0,0.0,0.0,0.0,1e-07,4.642e-05,0.0
24443290.0,4995000000.0,5000000.0,5.0,0.0,0.0487,0.0487,0.0487,0.0487,2.2307,0.012046,0.0020402,0.012046,2.2307,1.2046e-07,0.0020402,1.2046e-07,0.0,0.0,0.0,0.0,2.154e-06,0.0,0.0,0.0,2.154e-06,0.0,0.0,0.0,0.0,2.154e-06,2.154e-06,0.0
24447490.0,4995000000.0,5000000.0,5.0,0.0,0.0487,0.0487,0.0487,0.0487,2.2307,0.1644,2.2307e-05,0.1644,2.2307,0.00015036,2.2307e-05,0.00015036,0.0,0.0,0.0,0.0,4.642e-09,0.0,0.0,0.0,2.154e-06,0.0,0.0,0.0,0.0,2.154e-06,4.642e-09,0.0
24444956.0,4995000000.0,5000000.0,5.0,0.0,0.0487,0.0487,0.0487,0.0487,2.2307,0.044614,2.2307e-05,0.044614,2.2307,0.0,2.2307e-05,0.0,0.0,0.0,0.0,0.0,2.154e-06,0.0,0.0,0.0,2.154e-06,0.0,0.0,0.0,0.0,2.154e-06,2.154e-06,0.0
24447671.0,4995000000.0,5000000.0,5.0,0.0,0.0487,0.0487,0.0487,0.0487,2.2307,0.1644,0.00021333,0.1644,2.2307,0.0,0.00021333,0.0,0.0,0.0,0.0,0.0,1e-11,0.0,0.0,0.0,1e-07,0.0,0.0,0.0,0.0,1e-07,1e-11,0.0
24442897.0,4995000000.0,5000000.0,5.0,0.0,0.0487,0.0487,0.0487,0.0487,2.2307,0.012046,0.00021333,0.012046,2.2307,0.0,0.00021333,0.0,0.0,0.0,0.0,0.0,2.154e-06,0.0,0.0,0.0,1e-07,0.0,0.0,0.0,0.0,1e-07,2.154e-06,0.0
24442368.0,4995000000.0,5000000.0,5.0,0.0,0.0487,0.0487,0.0487,0.0487,2.2307,0.012046,0.0,0.012046,2.2307,1.1017e-05,0.0,1.1017e-05,0.0,0.0,0.0,0.0,4.642e-05,0.0,0.0,0.0,0.001,0.0,0.0,0.0,0.0,0.001,4.642e-05,0.0
24444785.0,4995000000.0,5000000.0,5.0,0.0,0.0487,0.0487,0.0487,0.0487,2.2307,0.044614,0.0,0.044614,2.2307,0.00038814,0.0,0.00038814,0.0,0.0,0.0,0.0,2.154e-10,0.0,0.0,0.0,2.154e-10,0.0,0.0,0.0,0.0,2.154e-10,2.154e-10,0.0
24445217.0,4995000000.0,5000000.0,5.0,0.0,0.0487,0.0487,0.0487,0.0487,2.2307,0.044614,2.2307e-05,0.044614,2.2307,0.0037342,2.2307e-05,0.0037342,0.0,0.0,0.0,0.0,0.001,0.0,0.0,0.0,0.001,0.0,0.0,0.0,0.0,0.001,0.001,0.0
24445744.0,4995000000.0,5000000.0,5.0,0.0,0.0487,0.0487,0.0487,0.0487,2.2307,0.044614,0.0020402,0.044614,2.2307,4.2666e-06,0.0020402,4.2666e-06,0.0,0.0,0.0,0.0,4.642e-05,0.0,0.0,0.0,2.154e-10,0.0,0.0,0.0,0.0,2.154e-10,4.642e-05,0.0
24449861.0,4995000000.0,5000000.0,5.0,0.0,0.0487,0.0487,0.0487,0.0487,2.2307,0.60541,2.2307e-05,0.60541,2.2307,5.7898e-05,2.2307e-05,5.7898e-05,0.0,0.0,0.0,0.0,4.642e-05,0.0,0.0,0.0,4.642e-09,0.0,0.0,0.0,0.0,4.642e-09,4.642e-05,0.0
24442881.0,4995000000.0,5000000.0,5.0,0.0,0.0487,0.0487,0.0487,0.0487,2.2307,0.012046,0.00021333,0.012046,2.2307,0.0,0.00021333,0.0,0.0,0.0,0.0,0.0,4.642e-09,0.0,0.0,0.0,2.154e-10,0.0,0.0,0.0,0.0,2.154e-10,4.642e-09,0.0
24443758.0,4995000000.0,5000000.0,5.0,0.0,0.0487,0.0487,0.0487,0.0487,2.2307,0.012046,0.019407,0.012046,2.2307,0.0001048,0.019407,0.0001048,0.0,0.0,0.0,0.0,2.154e-10,0.0,0.0,0.0,1e-07,0.0,0.0,0.0,0.0,1e-07,2.154e-10,0.0
24448014.0,4995000000.0,5000000.0,5.0,0.0,0.0487,0.0487,0.0487,0.0487,2.2307,0.1644,0.0020402,0.1644,2.2307,0.0,0.0020402,0.0,0.0,0.0,0.0,0.0,1e-11,0.0,0.0,0.0,1e-07,0.0,0.0,0.0,0.0,1e-07,1e-11,0.0
24445155.0,4995000000.0,5000000.0,5.0,0.0,0.0487,0.0487,0.0487,0.0487,2.2307,0.044614,2.2307e-05,0.044614,2.2307,0.00038814,2.2307e-05,0.00038814,0.0,0.0,0.0,0.0,4.642e-05,0.0,0.0,0.0,1e-11,0.0,0.0,0.0,0.0,1e-11,4.642e-05,0.0
24448049.0,4995000000.0,5000000.0,5.0,0.0,0.0487,0.0487,0.0487,0.0487,2.2307,0.1644,0.0020402,0.1644,2.2307,0.0,0.0020402,0.0,0.0,0.0,0.0,0.0,4.642e-05,0.0,0.0,0.0,1e-07,0.0,0.0,0.0,0.0,1e-07,4.642e-05,0.0
24447481.0,4995000000.0,5000000.0,5.0,0.0,0.0487,0.0487,0.0487,0.0487,2.2307,0.1644,2.2307e-05,0.1644,2.2307,0.00015036,2.2307e-05,0.00015036,0.0,0.0,0.0,0.0,2.154e-10,0.0,0.0,0.0,4.642e-09,0.0,0.0,0.0,0.0,4.642e-09,2.154e-10,0.0
24445966.0,4995000000.0,5000000.0,5.0,0.0,0.0487,0.0487,0.0487,0.0487,2.2307,0.044614,0.019407,0.044614,2.2307,0.0,0.019407,0.0,0.0,0.0,0.0,0.0,2.154e-10,0.0,0.0,0.0,0.001,0.0,0.0,0.0,0.0,0.001,2.154e-10,0.0
24446051.0,4995000000.0,5000000.0,5.0,0.0,0.0487,0.0487,0.0487,0.0487,2.2307,0.044614,0.019407,0.044614,2.2307,4.2666e-06,0.019407,4.2666e-06,0.0,0.0,0.0,0.0,1e-11,0.0,0.0,0.0,1e-11,0.0,0.0,0.0,0.0,1e-11,1e-11,0.0
24442660.0,4995000000.0,5000000.0,5.0,0.0,0.0487,0.0487,0.0487,0.0487,2.2307,0.012046,2.2307e-05,0.012046,2.2307,1.152e-06,2.2307e-05,1.152e-06,0.0,0.0,0.0,0.0,4.642e-05,0.0,0.0,0.0,2.154e-06,0.0,0.0,0.0,0.0,2.154e-06,4.642e-05,0.0
24445531.0,4995000000.0,5000000.0,5.0,0.0,0.0487,0.0487,0.0487,0.0487,2.2307,0.044614,0.00021333,0.044614,2.2307,0.0037342,0.00021333,0.0037342,0.0,0.0,0.0,0.0,4.642e-09,0.0,0.0,0.0,4.642e-05,0.0,0.0,0.0,0.0,4.642e-05,4.642e-09,0.0
24442382.0,4995000000.0,5000000.0,5.0,0.0,0.0487,0.0487,0.0487,0.0487,2.2307,0.012046,0.0,0.012046,2.2307,0.0001048,0.0,0.0001048,0.0,0.0,0.0,0.0,1e-11,0.0,0.0,0.0,0.001,0.0,0.0,0.0,0.0,0.001,1e-11,0.0
24443565.0,4995000000.0,5000000.0,5.0,0.0,0.0487,0.0487,0.0487,0.0487,2.2307,0.012046,0.019407,0.012046,2.2307,0.0,0.019407,0.0,0.0,0.0,0.0,0.0,2.154e-10,0.0,0.0,0.0,0.001,0.0,0.0,0.0,0.0,0.001,2.154e-10,0.0
24443194.0,4995000000.0,5000000.0,5.0,0.0,0.0487,0.0487,0.0487,0.0487,2.2307,0.012046,0.00021333,0.012046,2.2307,0.0096365,0.00021333,0.0096365,0.0,0.0,0.0,0.0,2.154e-06,0.0,0.0,0.0,0.001,0.0,0.0,0.0,0.0,0.001,2.154e-06,0.0
24448610.0,4995000000.0,5000000.0,5.0,0.0,0.0487,0.0487,0.0487,0.0487,2.2307,0.1644,0.019407,0.1644,2.2307,0.01376,0.019407,0.01376,0.0,0.0,0.0,0.0,2.154e-10,0.0,0.0,0.0,2.154e-06,0.0,0.0,0.0,0.0,2.154e-06,2.154e-10,0.0
24442255.0,4995000000.0,5000000.0,5.0,0.0,0.0487,0.0487,0.0487,0.0487,2.2307,0.012046,0.0,0.012046,2.2307,1.2046e-07,0.0,1.2046e-07,0.0,0.0,0.0,0.0,1e-07,0.0,0.0,0.0,4.642e-05,0.0,0.0,0.0,0.0,4.642e-05,1e-07,0.0
24445820.0,4995000000.0,5000000.0,5.0,0.0,0.0487,0.0487,0.0487,0.0487,2.2307,0.044614,0.0020402,0.044614,2.2307,0.00038814,0.0020402,0.00038814,0.0,0.0,0.0,0.0,4.642e-09,0.0,0.0,0.0,1e-11,0.0,0.0,0.0,0.0,1e-11,4.642e-09,0.0
24445935.0,4995000000.0,5000000.0,5.0,0.0,0.0487,0.0487,0.0487,0.0487,2.2307,0.044614,0.0020402,0.044614,2.2307,0.035691,0.0020402,0.035691,0.0,0.0,0.0,0.0,2.154e-06,0.0,0.0,0.0,1e-07,0.0,0.0,0.0,0.0,1e-07,2.154e-06,0.0
24442686.0,4995000000.0,5000000.0,5.0,0.0,0.0487,0.0487,0.0487,0.0487,2.2307,0.012046,2.2307e-05,0.012046,2.2307,1.1017e-05,2.2307e-05,1.1017e-05,0.0,0.0,0.0,0.0,4.642e-09,0.0,0.0,0.0,4.642e-09,0.0,0.0,0.0,0.0,4.642e-09,4.642e-09,0.0
24443702.0,4995000000.0,5000000.0,5.0,0.0,0.0487,0.0487,0.0487,0.0487,2.2307,0.012046,0.019407,0.012046,2.2307,1.1017e-05,0.019407,1.1017e-05,0.0,0.0,0.0,0.0,1e-11,0.0,0.0,0.0,1e-07,0.0,0.0,0.0,0.0,1e-07,1e-11,0.0
24442402.0,4995000000.0,5000000.0,5.0,0.0,0.0487,0.0487,0.0487,0.0487,2.2307,0.012046,0.0,0.012046,2.2307,0.0001048,0.0,0.0001048,0.0,0.0,0.0,0.0,1e-07,0.0,0.0,0.0,4.642e-05,0.0,0.0,0.0,0.0,4.642e-05,1e-07,0.0
24442803.0,4995000000.0,5000000.0,5.0,0.0,0.0487,0.0487,0.0487,0.0487,2.2307,0.012046,2.2307e-05,0.012046,2.2307,0.0010082,2.2307e-05,0.0010082,0.0,0.0,0.0,0.0,4.642e-05,0.0,0.0,0.0,1e-11,0.0,0.0,0.0,0.0,1e-11,4.642e-05,0.0
24445372.0,4995000000.0,5000000.0,5.0,0.0,0.0487,0.0487,0.0487,0.0487,2.2307,0.044614,0.00021333,0.044614,2.2307,4.2666e-06,0.00021333,4.2666e-06,0.0,0.0,0.0,0.0,2.154e-10,0.0,0.0,0.0,1e-11,0.0,0.0,0.0,0.0,1e-11,2.154e-10,0.0
24442519.0,4995000000.0,5000000.0,5.0,0.0,0.0487,0.0487,0.0487,0.0487,2.2307,0.012046,0.0,0.012046,2.2307,0.0096365,0.0,0.0096365,0.0,0.0,0.0,0.0,0.001,0.0,0.0,0.0,1e-07,0.0,0.0,0.0,0.0,1e-07,0.001,0.0
24446201.0,4995000000.0,5000000.0,5.0,0.0,0.0487,0.0487,0.0487,0.0487,2.2307,0.044614,0.019407,0.044614,2.2307,0.0037342,0.019407,0.0037342,0.0,0.0,0.0,0.0,1e-11,0.0,0.0,0.0,1e-07,0.0,0.0,0.0,0.0,1e-07,1e-11,0.0
24443828.0,4995000000.0,5000000.0,5.0,0.0,0.0487,0.0487,0.0487,0.0487,2.2307,0.012046,0.019407,0.012046,2.2307,0.0010082,0.019407,0.0010082,0.0,0.0,0.0,0.0,2.154e-06,0.0,0.0,0.0,1e-07,0.0,0.0,0.0,0.0,1e-07,2.154e-06,0.0
24445039.0,4995000000.0,5000000.0,5.0,0.0,0.0487,0.0487,0.0487,0.0487,2.2307,0.044614,2.2307e-05,0.044614,2.2307,4.2666e-06,2.2307e-05,4.2666e-06,0.0,0.0,0.0,0.0,4.642e-09,0.0,0.0,0.0,1e-07,0.0,0.0,0.0,0.0,1e-07,4.642e-09,0.0
24442751.0,4995000000.0,5000000.0,5.0,0.0,0.0487,0.0487,0.0487,0.0487,2.2307,0.012046,2.2307e-05,0.012046,2.2307,0.0001048,2.2307e-05,0.0001048,0.0,0.0,0.0,0.0,2.154e-06,0.0,0.0,0.0,2.154e-06,0.0,0.0,0.0,0.0,2.154e-06,2.154e-06,0.0
24442356.0,4995000000.0,5000000.0,5.0,0.0,0.0487,0.0487,0.0487,0.0487,2.2307,0.012046,0.0,0.012046,2.2307,1.1017e-05,0.0,1.1017e-05,0.0,0.0,0.0,0.0,2.154e-06,0.0,0.0,0.0,2.154e-10,0.0,0.0,0.0,0.0,2.154e-10,2.154e-06,0.0
24449813.0,4995000000.0,5000000.0,5.0,0.0,0.0487,0.0487,0.0487,0.0487,2.2307,0.60541,2.2307e-05,0.60541,2.2307,6.0541e-06,2.2307e-05,6.0541e-06,0.0,0.0,0.0,0.0,4.642e-05,0.0,0.0,0.0,1e-07,0.0,0.0,0.0,0.0,1e-07,4.642e-05,0.0
24442523.0,4995000000.0,5000000.0,5.0,0.0,0.0487,0.0487,0.0487,0.0487,2.2307,0.012046,2.2307e-05,0.012046,2.2307,0.0,2.2307e-05,0.0,0.0,0.0,0.0,0.0,1e-11,0.0,0.0,0.0,1e-11,0.0,0.0,0.0,0.0,1e-11,1e-11,0.0
24449732.0,4995000000.0,5000000.0,5.0,0.0,0.0487,0.0487,0.0487,0.0487,2.2307,0.60541,2.2307e-05,0.60541,2.2307,0.0,2.2307e-05,0.0,0.0,0.0,0.0,0.0,1e-11,0.0,0.0,0.0,0.001,0.0,0.0,0.0,0.0,0.001,1e-11,0.0
24445514.0,4995000000.0,5000000.0,5.0,0.0,0.0487,0.0487,0.0487,0.0487,2.2307,0.044614,0.00021333,0.044614,2.2307,0.0037342,0.00021333,0.0037342,0.0,0.0,0.0,0.0,1e-11,0.0,0.0,0.0,4.642e-09,0.0,0.0,0.0,0.0,4.642e-09,1e-11,0.0
24445031.0,4995000000.0,5000000.0,5.0,0.0,0.0487,0.0487,0.0487,0.0487,2.2307,0.044614,2.2307e-05,0.044614,2.2307,4.2666e-06,2.2307e-05,4.2666e-06,0.0,0.0,0.0,0.0,2.154e-10,0.0,0.0,0.0,4.642e-09,0.0,0.0,0.0,0.0,4.642e-09,2.154e-10,0.0
24448114.0,4995000000.0,5000000.0,5.0,0.0,0.0487,0.0487,0.0487,0.0487,2.2307,0.1644,0.0020402,0.1644,2.2307,1.5722e-05,0.0020402,1.5722e-05,0.0,0.0,0.0,0.0,1e-11,0.0,0.0,0.0,4.642e-05,0.0,0.0,0.0,0.0,4.642e-05,1e-11,0.0
24444998.0,4995000000.0,5000000.0,5.0,0.0,0.0487,0.0487,0.0487,0.0487,2.2307,0.044614,2.2307e-05,0.044614,2.2307,4.4614e-07,2.2307e-05,4.4614e-07,0.0,0.0,0.0,0.0,1e-07,0.0,0.0,0.0,2.154e-06,0.0,0.0,0.0,0.0,2.154e-06,1e-07,0.0
24442662.0,4995000000.0,5000000.0,5.0,0.0,0.0487,0.0487,0.0487,0.0487,2.2307,0.012046,2.2307e-05,0.012046,2.2307,1.152e-06,2.2307e-05,1.152e-06,0.0,0.0,0.0,0.0,4.642e-05,0.0,0.0,0.0,0.001,0.0,0.0,0.0,0.0,0.001,4.642e-05,0.0
24442894.0,4995000000.0,5000000.0,5.0,0.0,0.0487,0.0487,0.0487,0.0487,2.2307,0.012046,0.00021333,0.012046,2.2307,0.0,0.00021333,0.0,0.0,0.0,0.0,0.0,2.154e-06,0.0,0.0,0.0,1e-11,0.0,0.0,0.0,0.0,1e-11,2.154e-06,0.0
24445889.0,4995000000.0,5000000.0,5.0,0.0,0.0487,0.0487,0.0487,0.0487,2.2307,0.044614,0.0020402,0.044614,2.2307,0.0037342,0.0020402,0.0037342,0.0,0.0,0.0,0.0,2.154e-06,0.0,0.0,0.0,0.001,0.0,0.0,0.0,0.0,0.001,2.154e-06,0.0
24447796.0,4995000000.0,5000000.0,5.0,0.0,0.0487,0.0487,0.0487,0.0487,2.2307,0.1644,0.00021333,0.1644,2.2307,1.5722e-05,0.00021333,1.5722e-05,0.0,0.0,0.0,0.0,2.154e-06,0.0,0.0,0.0,4.642e-09,0.0,0.0,0.0,0.0,4.642e-09,2.154e-06,0.0
24444661.0,4995000000.0,5000000.0,5.0,0.0,0.0487,0.0487,0.0487,0.0487,2.2307,0.044614,0.0,0.044614,2.2307,4.4614e-07,0.0,4.4614e-07,0.0,0.0,0.0,0.0,2.154e-06,0.0,0.0,0.0,1e-07,0.0,0.0,0.0,0.0,1e-07,2.154e-06,0.0
24443226.0,4995000000.0,5000000.0,5.0,0.0,0.0487,0.0487,0.0487,0.0487,2.2307,0.012046,0.0020402,0.012046,2.2307,0.0,0.0020402,0.0,0.0,0.0,0.0,0.0,4.642e-09,0.0,0.0,0.0,1e-07,0.0,0.0,0.0,0.0,1e-07,4.642e-09,0.0
24449829.0,4995000000.0,5000000.0,5.0,0.0,0.0487,0.0487,0.0487,0.0487,2.2307,0.60541,2.2307e-05,0.60541,2.2307,5.7898e-05,2.2307e-05,5.7898e-05,0.0,0.0,0.0,0.0,1e-11,0.0,0.0,0.0,4.642e-05,0.0,0.0,0.0,0.0,4.642e-05,1e-11,0.0
24447247.0,4995000000.0,5000000.0,5.0,0.0,0.0487,0.0487,0.0487,0.0487,2.2307,0.1644,0.0,0.1644,2.2307,0.01376,0.0,0.01376,0.0,0.0,0.0,0.0,4.642e-09,0.0,0.0,0.0,0.001,0.0,0.0,0.0,0.0,0.001,4.642e-09,0.0
24445890.0,4995000000.0,5000000.0,5.0,0.0,0.0487,0.0487,0.0487,0.0487,2.2307,0.044614,0.0020402,0.044614,2.2307,0.0037342,0.0020402,0.0037342,0.0,0.0,0.0,0.0,4.642e-05,0.0,0.0,0.0,1e-11,0.0,0.0,0.0,0.0,1e-11,4.642e-05,0.0
24443717.0,4995000000.0,5000000.0,5.0,0.0,0.0487,0.0487,0.0487,0.0487,2.2307,0.012046,0.019407,0.012046,2.2307,1.1017e-05,0.019407,1.1017e-05,0.0,0.0,0.0,0.0,4.642e-09,0.0,0.0,0.0,2.154e-06,0.0,0.0,0.0,0.0,2.154e-06,4.642e-09,0.0
24445341.0,4995000000.0,5000000.0,5.0,0.0,0.0487,0.0487,0.0487,0.0487,2.2307,0.044614,0.00021333,0.044614,2.2307,4.4614e-07,0.00021333,4.4614e-07,0.0,0.0,0.0,0.0,1e-07,0.0,0.0,0.0,2.154e-06,0.0,0.0,0.0,0.0,2.154e-06,1e-07,0.0
24442815.0,4995000000.0,5000000.0,5.0,0.0,0.0487,0.0487,0.0487,0.0487,2.2307,0.012046,2.2307e-05,0.012046,2.2307,0.0010082,2.2307e-05,0.0010082,0.0,0.0,0.0,0.0,0.001,0.0,0.0,0.0,4.642e-05,0.0,0.0,0.0,0.0,4.642e-05,0.001,0.0
24448146.0,4995000000.0,5000000.0,5.0,0.0,0.0487,0.0487,0.0487,0.0487,2.2307,0.1644,0.0020402,0.1644,2.2307,1.5722e-05,0.0020402,1.5722e-05,0.0,0.0,0.0,0.0,4.642e-05,0.0,0.0,0.0,4.642e-09,0.0,0.0,0.0,0.0,4.642e-09,4.642e-05,0.0
24443894.0,4995000000.0,5000000.0,5.0,0.0,0.0487,0.0487,0.0487,0.0487,2.2307,0.012046,0.019407,0.012046,2.2307,0.0096365,0.019407,0.0096365,0.0,0.0,0.0,0.0,0.001,0.0,0.0,0.0,0.001,0.0,0.0,0.0,0.0,0.001,0.001,0.0
24448448.0,4995000000.0,5000000.0,5.0,0.0,0.0487,0.0487,0.0487,0.0487,2.2307,0.1644,0.019407,0.1644,2.2307,1.644e-06,0.019407,1.644e-06,0.0,0.0,0.0,0.0,0.001,0.0,0.0,0.0,1e-07,0.0,0.0,0.0,0.0,1e-07,0.001,0.0
24446166.0,4995000000.0,5000000.0,5.0,0.0,0.0487,0.0487,0.0487,0.0487,2.2307,0.044614,0.019407,0.044614,2.2307,0.00038814,0.019407,0.00038814,0.0,0.0,0.0,0.0,4.642e-09,0.0,0.0,0.0,1e-07,0.0,0.0,0.0,0.0,1e-07,4.642e-09,0.0
24447378.0,4995000000.0,5000000.0,5.0,0.0,0.0487,0.0487,0.0487,0.0487,2.2307,0.1644,2.2307e-05,0.1644,2.2307,1.644e-06,2.2307e-05,1.644e-06,0.0,0.0,0.0,0.0,1e-11,0.0,0.0,0.0,2.154e-06,0.0,0.0,0.0,0.0,2.154e-06,1e-11,0.0
24449812.0,4995000000.0,5000000.0,5.0,0.0,0.0487,0.0487,0.0487,0.0487,2.2307,0.60541,2.2307e-05,0.60541,2.2307,6.0541e-06,2.2307e-05,6.0541e-06,0.0,0.0,0.0,0.0,4.642e-05,0.0,0.0,0.0,4.642e-09,0.0,0.0,0.0,0.0,4.642e-09,4.642e-05,0.0
24443655.0,4995000000.0,5000000.0,5.0,0.0,0.0487,0.0487,0.0487,0.0487,2.2307,0.012046,0.019407,0.012046,2.2307,1.152e-06,0.019407,1.152e-06,0.0,0.0,0.0,0.0,1e-11,0.0,0.0,0.0,4.642e-05,0.0,0.0,0.0,0.0,4.642e-05,1e-11,0.0
24443478.0,4995000000.0,5000000.0,5.0,0.0,0.0487,0.0487,0.0487,0.0487,2.2307,0.012046,0.0020402,0.012046,2.2307,0.0010082,0.0020402,0.0010082,0.0,0.0,0.0,0.0,1e-07,0.0,0.0,0.0,1e-07,0.0,0.0,0.0,0.0,1e-07,1e-07,0.0
24447231.0,4995000000.0,5000000.0,5.0,0.0,0.0487,0.0487,0.0487,0.0487,2.2307,0.1644,0.0,0.1644,2.2307,0.01376,0.0,0.01376,0.0,0.0,0.0,0.0,1e-11,0.0,0.0,0.0,2.154e-06,0.0,0.0,0.0,0.0,2.154e-06,1e-11,0.0
24448183.0,4995000000.0,5000000.0,5.0,0.0,0.0487,0.0487,0.0487,0.0487,2.2307,0.1644,0.0020402,0.1644,2.2307,0.00015036,0.0020402,0.00015036,0.0,0.0,0.0,0.0,1e-07,0.0,0.0,0.0,2.154e-06,0.0,0.0,0.0,0.0,2.154e-06,1e-07,0.0
24448132.0,4995000000.0,5000000.0,5.0,0.0,0.0487,0.0487,0.0487,0.0487,2.2307,0.1644,0.0020402,0.1644,2.2307,1.5722e-05,0.0020402,1.5722e-05,0.0,0.0,0.0,0.0,1e-07,0.0,0.0,0.0,4.642e-09,0.0,0.0,0.0,0.0,4.642e-09,1e-07,0.0
24445342.0,4995000000.0,5000000.0,5.0,0.0,0.0487,0.0487,0.0487,0.0487,2.2307,0.044614,0.00021333,0.044614,2.2307,4.4614e-07,0.00021333,4.4614e-07,0.0,0.0,0.0,0.0,1e-07,0.0,0.0,0.0,4.642e-05,0.0,0.0,0.0,0.0,4.642e-05,1e-07,0.0
24445608.0,4995000000.0,5000000.0,5.0,0.0,0.0487,0.0487,0.0487,0.0487,2.2307,0.044614,0.00021333,0.044614,2.2307,0.035691,0.00021333,0.035691,0.0,0.0,0.0,0.0,0.001,0.0,0.0,0.0,4.642e-05,0.0,0.0,0.0,0.0,4.642e-05,0.001,0.0
24449445.0,4995000000.0,5000000.0,5.0,0.0,0.0487,0.0487,0.0487,0.0487,2.2307,0.60541,0.0,0.60541,2.2307,6.0541e-06,0.0,6.0541e-06,0.0,0.0,0.0,0.0,2.154e-10,0.0,0.0,0.0,0.001,0.0,0.0,0.0,0.0,0.001,2.154e-10,0.0
24443836.0,4995000000.0,5000000.0,5.0,0.0,0.0487,0.0487,0.0487,0.0487,2.2307,0.012046,0.019407,0.012046,2.2307,0.0010082,0.019407,0.0010082,0.0,0.0,0.0,0.0,4.642e-05,0.0,0.0,0.0,2.154e-06,0.0,0.0,0.0,0.0,2.154e-06,4.642e-05,0.0
24447168.0,4995000000.0,5000000.0,5.0,0.0,0.0487,0.0487,0.0487,0.0487,2.2307,0.1644,0.0,0.1644,2.2307,0.00015036,0.0,0.00015036,0.0,0.0,0.0,0.0,4.642e-05,0.0,0.0,0.0,2.154e-06,0.0,0.0,0.0,0.0,2.154e-06,4.642e-05,0.0
24445348.0,4995000000.0,5000000.0,5.0,0.0,0.0487,0.0487,0.0487,0.0487,2.2307,0.044614,0.00021333,0.044614,2.2307,4.4614e-07,0.00021333,4.4614e-07,0.0,0.0,0.0,0.0,2.154e-06,0.0,0.0,0.0,2.154e-06,0.0,0.0,0.0,0.0,2.154e-06,2.154e-06,0.0
24443502.0,4995000000.0,5000000.0,5.0,0.0,0.0487,0.0487,0.0487,0.0487,2.2307,0.012046,0.0020402,0.012046,2.2307,0.0010082,0.0020402,0.0010082,0.0,0.0,0.0,0.0,0.001,0.0,0.0,0.0,0.001,0.0,0.0,0.0,0.0,0.001,0.001,0.0
24442882.0,4995000000.0,5000000.0,5.0,0.0,0.0487,0.0487,0.0487,0.0487,2.2307,0.012046,0.00021333,0.012046,2.2307,0.0,0.00021333,0.0,0.0,0.0,0.0,0.0,4.642e-09,0.0,0.0,0.0,4.642e-09,0.0,0.0,0.0,0.0,4.642e-09,4.642e-09,0.0
24442869.0,4995000000.0,5000000.0,5.0,0.0,0.0487,0.0487,0.0487,0.0487,2.2307,0.012046,0.00021333,0.012046,2.2307,0.0,0.00021333,0.0,0.0,0.0,0.0,0.0,1e-11,0.0,0.0,0.0,1e-07,0.0,0.0,0.0,0.0,1e-07,1e-11,0.0
24447533.0,4995000000.0,5000000.0,5.0,0.0,0.0487,0.0487,0.0487,0.0487,2.2307,0.1644,2.2307e-05,0.1644,2.2307,0.0014303,2.2307e-05,0.0014303,0.0,0.0,0.0,0.0,2.154e-10,0.0,0.0,0.0,4.642e-05,0.0,0.0,0.0,0.0,4.642e-05,2.154e-10,0.0
24445841.0,4995000000.0,5000000.0,5.0,0.0,0.0487,0.0487,0.0487,0.0487,2.2307,0.044614,0.0020402,0.044614,2.2307,0.00038814,0.0020402,0.00038814,0.0,0.0,0.0,0.0,4.642e-05,0.0,0.0,0.0,1e-11,0.0,0.0,0.0,0.0,1e-11,4.642e-05,0.0
24447449.0,4995000000.0,5000000.0,5.0,0.0,0.0487,0.0487,0.0487,0.0487,2.2307,0.1644,2.2307e-05,0.1644,2.2307,1.5722e-05,2.2307e-05,1.5722e-05,0.0,0.0,0.0,0.0,1e-07,0.0,0.0,0.0,4.642e-05,0.0,0.0,0.0,0.0,4.642e-05,1e-07,0.0
24445861.0,4995000000.0,5000000.0,5.0,0.0,0.0487,0.0487,0.0487,0.0487,2.2307,0.044614,0.0020402,0.044614,2.2307,0.0037342,0.0020402,0.0037342,0.0,0.0,0.0,0.0,1e-11,0.0,0.0,0.0,0.001,0.0,0.0,0.0,0.0,0.001,1e-11,0.0
24448105.0,4995000000.0,5000000.0,5.0,0.0,0.0487,0.0487,0.0487,0.0487,2.2307,0.1644,0.0020402,0.1644,2.2307,1.644e-06,0.0020402,1.644e-06,0.0,0.0,0.0,0.0,0.001,0.0,0.0,0.0,1e-07,0.0,0.0,0.0,0.0,1e-07,0.001,0.0
24445289.0,4995000000.0,5000000.0,5.0,0.0,0.0487,0.0487,0.0487,0.0487,2.2307,0.044614,0.00021333,0.044614,2.2307,0.0,0.00021333,0.0,0.0,0.0,0.0,0.0,1e-07,0.0,0.0,0.0,2.154e-10,0.0,0.0,0.0,0.0,2.154e-10,1e-07,0.0
24447327.0,4995000000.0,5000000.0,5.0,0.0,0.0487,0.0487,0.0487,0.0487,2.2307,0.1644,2.2307e-05,0.1644,2.2307,0.0,2.2307e-05,0.0,0.0,0.0,0.0,0.0,1e-11,0.0,0.0,0.0,4.642e-09,0.0,0.0,0.0,0.0,4.642e-09,1e-11,0.0
24445429.0,4995000000.0,5000000.0,5.0,0.0,0.0487,0.0487,0.0487,0.0487,2.2307,0.044614,0.00021333,0.044614,2.2307,4.0804e-05,0.00021333,4.0804e-05,0.0,0.0,0.0,0.0,4.642e-09,0.0,0.0,0.0,2.154e-10,0.0,0.0,0.0,0.0,2.154e-10,4.642e-09,0.0
24443853.0,4995000000.0,5000000.0,5.0,0.0,0.0487,0.0487,0.0487,0.0487,2.2307,0.012046,0.019407,0.012046,2.2307,0.0096365,0.019407,0.0096365,0.0,0.0,0.0,0.0,2.154e-10,0.0,0.0,0.0,1e-11,0.0,0.0,0.0,0.0,1e-11,2.154e-10,0.0
24443333.0,4995000000.0,5000000.0,5.0,0.0,0.0487,0.0487,0.0487,0.0487,2.2307,0.012046,0.0020402,0.012046,2.2307,1.152e-06,0.0020402,1.152e-06,0.0,0.0,0.0,0.0,1e-07,0.0,0.0,0.0,4.642e-05,0.0,0.0,0.0,0.0,4.642e-05,1e-07,0.0
24445592.0,4995000000.0,5000000.0,5.0,0.0,0.0487,0.0487,0.0487,0.0487,2.2307,0.044614,0.00021333,0.044614,2.2307,0.035691,0.00021333,0.035691,0.0,0.0,0.0,0.0,2.154e-06,0.0,0.0,0.0,1e-07,0.0,0.0,0.0,0.0,1e-07,2.154e-06,0.0
24442800.0,4995000000.0,5000000.0,5.0,0.0,0.0487,0.0487,0.0487,0.0487,2.2307,0.012046,2.2307e-05,0.012046,2.2307,0.0010082,2.2307e-05,0.0010082,0.0,0.0,0.0,0.0,2.154e-06,0.0,0.0,0.0,2.154e-06,0.0,0.0,0.0,0.0,2.154e-06,2.154e-06,0.0
24443241.0,4995000000.0,5000000.0,5.0,0.0,0.0487,0.0487,0.0487,0.0487,2.2307,0.012046,0.0020402,0.012046,2.2307,0.0,0.0020402,0.0,0.0,0.0,0.0,0.0,2.154e-06,0.0,0.0,0.0,2.154e-06,0.0,0.0,0.0,0.0,2.154e-06,2.154e-06,0.0
24447141.0,4995000000.0,5000000.0,5.0,0.0,0.0487,0.0487,0.0487,0.0487,2.2307,0.1644,0.0,0.1644,2.2307,0.00015036,0.0,0.00015036,0.0,0.0,0.0,0.0,2.154e-10,0.0,0.0,0.0,4.642e-05,0.0,0.0,0.0,0.0,4.642e-05,2.154e-10,0.0
24445622.0,4995000000.0,5000000.0,5.0,0.0,0.0487,0.0487,0.0487,0.0487,2.2307,0.044614,0.0020402,0.044614,2.2307,0.0,0.0020402,0.0,0.0,0.0,0.0,0.0,2.154e-10,0.0,0.0,0.0,4.642e-05,0.0,0.0,0.0,0.0,4.642e-05,2.154e-10,0.0
24442729.0,4995000000.0,5000000.0,5.0,0.0,0.0487,0.0487,0.0487,0.0487,2.2307,0.012046,2.2307e-05,0.012046,2.2307,0.0001048,2.2307e-05,0.0001048,0.0,0.0,0.0,0.0,2.154e-10,0.0,0.0,0.0,1e-07,0.0,0.0,0.0,0.0,1e-07,2.154e-10,0.0
24446031.0,4995000000.0,5000000.0,5.0,0.0,0.0487,0.0487,0.0487,0.0487,2.2307,0.044614,0.019407,0.044614,2.2307,4.4614e-07,0.019407,4.4614e-07,0.0,0.0,0.0,0.0,2.154e-06,0.0,0.0,0.0,2.154e-10,0.0,0.0,0.0,0.0,2.154e-10,2.154e-06,0.0
24447748.0,4995000000.0,5000000.0,5.0,0.0,0.0487,0.0487,0.0487,0.0487,2.2307,0.1644,0.00021333,0.1644,2.2307,1.644e-06,0.00021333,1.644e-06,0.0,0.0,0.0,0.0,2.154e-06,0.0,0.0,0.0,1e-07,0.0,0.0,0.0,0.0,1e-07,2.154e-06,0.0
24447673.0,4995000000.0,5000000.0,5.0,0.0,0.0487,0.0487,0.0487,0.0487,2.2307,0.1644,0.00021333,0.1644,2.2307,0.0,0.00021333,0.0,0.0,0.0,0.0,0.0,1e-11,0.0,0.0,0.0,4.642e-05,0.0,0.0,0.0,0.0,4.642e-05,1e-11,0.0
24443037.0,4995000000.0,5000000.0,5.0,0.0,0.0487,0.0487,0.0487,0.0487,2.2307,0.012046,0.00021333,0.012046,2.2307,1.1017e-05,0.00021333,1.1017e-05,0.0,0.0,0.0,0.0,1e-07,0.0,0.0,0.0,1e-07,0.0,0.0,0.0,0.0,1e-07,1e-07,0.0
24442225.0,4995000000.0,5000000.0,5.0,0.0,0.0487,0.0487,0.0487,0.0487,2.2307,0.012046,0.0,0.012046,2.2307,0.0,0.0,0.0,0.0,0.0,0.0,0.0,0.001,0.0,0.0,0.0,1e-07,0.0,0.0,0.0,0.0,1e-07,0.001,0.0
24448288.0,4995000000.0,5000000.0,5.0,0.0,0.0487,0.0487,0.0487,0.0487,2.2307,0.1644,0.0020402,0.1644,2.2307,0.01376,0.0020402,0.01376,0.0,0.0,0.0,0.0,2.154e-06,0.0,0.0,0.0,2.154e-06,0.0,0.0,0.0,0.0,2.154e-06,2.154e-06,0.0
24447859.0,4995000000.0,5000000.0,5.0,0.0,0.0487,0.0487,0.0487,0.0487,2.2307,0.1644,0.00021333,0.1644,2.2307,0.00015036,0.00021333,0.00015036,0.0,0.0,0.0,0.0,0.001,0.0,0.0,0.0,4.642e-09,0.0,0.0,0.0,0.0,4.642e-09,0.001,0.0
24446248.0,4995000000.0,5000000.0,5.0,0.0,0.0487,0.0487,0.0487,0.0487,2.2307,0.044614,0.019407,0.044614,2.2307,0.035691,0.019407,0.035691,0.0,0.0,0.0,0.0,1e-11,0.0,0.0,0.0,2.154e-10,0.0,0.0,0.0,0.0,2.154e-10,1e-11,0.0
24446222.0,4995000000.0,5000000.0,5.0,0.0,0.0487,0.0487,0.0487,0.0487,2.2307,0.044614,0.019407,0.044614,2.2307,0.0037342,0.019407,0.0037342,0.0,0.0,0.0,0.0,1e-07,0.0,0.0,0.0,1e-07,0.0,0.0,0.0,0.0,1e-07,1e-07,0.0
24445385.0,4995000000.0,5000000.0,5.0,0.0,0.0487,0.0487,0.0487,0.0487,2.2307,0.044614,0.00021333,0.044614,2.2307,4.2666e-06,0.00021333,4.2666e-06,0.0,0.0,0.0,0.0,4.642e-09,0.0,0.0,0.0,0.001,0.0,0.0,0.0,0.0,0.001,4.642e-09,0.0
24447118.0,4995000000.0,5000000.0,5.0,0.0,0.0487,0.0487,0.0487,0.0487,2.2307,0.1644,0.0,0.1644,2.2307,1.5722e-05,0.0,1.5722e-05,0.0,0.0,0.0,0.0,4.642e-05,0.0,0.0,0.0,1e-07,0.0,0.0,0.0,0.0,1e-07,4.642e-05,0.0
24445683.0,4995000000.0,5000000.0,5.0,0.0,0.0487,0.0487,0.0487,0.0487,2.2307,0.044614,0.0020402,0.044614,2.2307,4.4614e-07,0.0020402,4.4614e-07,0.0,0.0,0.0,0.0,1e-07,0.0,0.0,0.0,1e-07,0.0,0.0,0.0,0.0,1e-07,1e-07,0.0
24442870.0,4995000000.0,5000000.0,5.0,0.0,0.0487,0.0487,0.0487,0.0487,2.2307,0.012046,0.00021333,0.012046,2.2307,0.0,0.00021333,0.0,0.0,0.0,0.0,0.0,1e-11,0.0,0.0,0.0,2.154e-06,0.0,0.0,0.0,0.0,2.154e-06,1e-11,0.0
24445176.0,4995000000.0,5000000.0,5.0,0.0,0.0487,0.0487,0.0487,0.0487,2.2307,0.044614,2.2307e-05,0.044614,2.2307,0.0037342,2.2307e-05,0.0037342,0.0,0.0,0.0,0.0,2.154e-10,0.0,0.0,0.0,1e-11,0.0,0.0,0.0,0.0,1e-11,2.154e-10,0.0
24447028.0,4995000000.0,5000000.0,5.0,0.0,0.0487,0.0487,0.0487,0.0487,2.2307,0.1644,0.0,0.1644,2.2307,0.0,0.0,0.0,0.0,0.0,0.0,0.0,0.001,0.0,0.0,0.0,2.154e-06,0.0,0.0,0.0,0.0,2.154e-06,0.001,0.0
24443198.0,4995000000.0,5000000.0,5.0,0.0,0.0487,0.0487,0.0487,0.0487,2.2307,0.012046,0.00021333,0.012046,2.2307,0.0096365,0.00021333,0.0096365,0.0,0.0,0.0,0.0,4.642e-05,0.0,0.0,0.0,1e-07,0.0,0.0,0.0,0.0,1e-07,4.642e-05,0.0
24443263.0,4995000000.0,5000000.0,5.0,0.0,0.0487,0.0487,0.0487,0.0487,2.2307,0.012046,0.0020402,0.012046,2.2307,1.2046e-07,0.0020402,1.2046e-07,0.0,0.0,0.0,0.0,1e-11,0.0,0.0,0.0,4.642e-05,0.0,0.0,0.0,0.0,4.642e-05,1e-11,0.0
24447260.0,4995000000.0,5000000.0,5.0,0.0,0.0487,0.0487,0.0487,0.0487,2.2307,0.1644,0.0,0.1644,2.2307,0.01376,0.0,0.01376,0.0,0.0,0.0,0.0,2.154e-06,0.0,0.0,0.0,4.642e-05,0.0,0.0,0.0,0.0,4.642e-05,2.154e-06,0.0
24442306.0,4995000000.0,5000000.0,5.0,0.0,0.0487,0.0487,0.0487,0.0487,2.2307,0.012046,0.0,0.012046,2.2307,1.152e-06,0.0,1.152e-06,0.0,0.0,0.0,0.0,2.154e-06,0.0,0.0,0.0,1e-11,0.0,0.0,0.0,0.0,1e-11,2.154e-06,0.0
24442730.0,4995000000.0,5000000.0,5.0,0.0,0.0487,0.0487,0.0487,0.0487,2.2307,0.012046,2.2307e-05,0.012046,2.2307,0.0001048,2.2307e-05,0.0001048,0.0,0.0,0.0,0.0,2.154e-10,0.0,0.0,0.0,2.154e-06,0.0,0.0,0.0,0.0,2.154e-06,2.154e-10,0.0
24447329.0,4995000000.0,5000000.0,5.0,0.0,0.0487,0.0487,0.0487,0.0487,2.2307,0.1644,2.2307e-05,0.1644,2.2307,0.0,2.2307e-05,0.0,0.0,0.0,0.0,0.0,1e-11,0.0,0.0,0.0,2.154e-06,0.0,0.0,0.0,0.0,2.154e-06,1e-11,0.0
24447950.0,4995000000.0,5000000.0,5.0,0.0,0.0487,0.0487,0.0487,0.0487,2.2307,0.1644,0.00021333,0.1644,2.2307,0.01376,0.00021333,0.01376,0.0,0.0,0.0,0.0,4.642e-05,0.0,0.0,0.0,4.642e-09,0.0,0.0,0.0,0.0,4.642e-09,4.642e-05,0.0
24442502.0,4995000000.0,5000000.0,5.0,0.0,0.0487,0.0487,0.0487,0.0487,2.2307,0.012046,0.0,0.012046,2.2307,0.0096365,0.0,0.0096365,0.0,0.0,0.0,0.0,2.154e-06,0.0,0.0,0.0,1e-11,0.0,0.0,0.0,0.0,1e-11,2.154e-06,0.0
24445997.0,4995000000.0,5000000.0,5.0,0.0,0.0487,0.0487,0.0487,0.0487,2.2307,0.044614,0.019407,0.044614,2.2307,0.0,0.019407,0.0,0.0,0.0,0.0,0.0,0.001,0.0,0.0,0.0,4.642e-09,0.0,0.0,0.0,0.0,4.642e-09,0.001,0.0
24447377.0,4995000000.0,5000000.0,5.0,0.0,0.0487,0.0487,0.0487,0.0487,2.2307,0.1644,2.2307e-05,0.1644,2.2307,1.644e-06,2.2307e-05,1.644e-06,0.0,0.0,0.0,0.0,1e-11,0.0,0.0,0.0,1e-07,0.0,0.0,0.0,0.0,1e-07,1e-11,0.0
24447428.0,4995000000.0,5000000.0,5.0,0.0,0.0487,0.0487,0.0487,0.0487,2.2307,0.1644,2.2307e-05,0.1644,2.2307,1.5722e-05,2.2307e-05,1.5722e-05,0.0,0.0,0.0,0.0,1e-11,0.0,0.0,0.0,4.642e-05,0.0,0.0,0.0,0.0,4.642e-05,1e-11,0.0
24448118.0,4995000000.0,5000000.0,5.0,0.0,0.0487,0.0487,0.0487,0.0487,2.2307,0.1644,0.0020402,0.1644,2.2307,1.5722e-05,0.0020402,1.5722e-05,0.0,0.0,0.0,0.0,2.154e-10,0.0,0.0,0.0,4.642e-09,0.0,0.0,0.0,0.0,4.642e-09,2.154e-10,0.0
24443669.0,4995000000.0,5000000.0,5.0,0.0,0.0487,0.0487,0.0487,0.0487,2.2307,0.012046,0.019407,0.012046,2.2307,1.152e-06,0.019407,1.152e-06,0.0,0.0,0.0,0.0,4.642e-09,0.0,0.0,0.0,4.642e-05,0.0,0.0,0.0,0.0,4.642e-05,4.642e-09,0.0
24449792.0,4995000000.0,5000000.0,5.0,0.0,0.0487,0.0487,0.0487,0.0487,2.2307,0.60541,2.2307e-05,0.60541,2.2307,6.0541e-06,2.2307e-05,6.0541e-06,0.0,0.0,0.0,0.0,4.642e-09,0.0,0.0,0.0,1e-07,0.0,0.0,0.0,0.0,1e-07,4.642e-09,0.0
24444890.0,4995000000.0,5000000.0,5.0,0.0,0.0487,0.0487,0.0487,0.0487,2.2307,0.044614,0.0,0.044614,2.2307,0.035691,0.0,0.035691,0.0,0.0,0.0,0.0,4.642e-09,0.0,0.0,0.0,2.154e-10,0.0,0.0,0.0,0.0,2.154e-10,4.642e-09,0.0
24442229.0,4995000000.0,5000000.0,5.0,0.0,0.0487,0.0487,0.0487,0.0487,2.2307,0.012046,0.0,0.012046,2.2307,1.2046e-07,0.0,1.2046e-07,0.0,0.0,0.0,0.0,1e-11,0.0,0.0,0.0,1e-11,0.0,0.0,0.0,0.0,1e-11,1e-11,0.0
24448463.0,4995000000.0,5000000.0,5.0,0.0,0.0487,0.0487,0.0487,0.0487,2.2307,0.1644,0.019407,0.1644,2.2307,1.5722e-05,0.019407,1.5722e-05,0.0,0.0,0.0,0.0,2.154e-10,0.0,0.0,0.0,2.154e-06,0.0,0.0,0.0,0.0,2.154e-06,2.154e-10,0.0
24442812.0,4995000000.0,5000000.0,5.0,0.0,0.0487,0.0487,0.0487,0.0487,2.2307,0.012046,2.2307e-05,0.012046,2.2307,0.0010082,2.2307e-05,0.0010082,0.0,0.0,0.0,0.0,0.001,0.0,0.0,0.0,4.642e-09,0.0,0.0,0.0,0.0,4.642e-09,0.001,0.0
24445314.0,4995000000.0,5000000.0,5.0,0.0,0.0487,0.0487,0.0487,0.0487,2.2307,0.044614,0.00021333,0.044614,2.2307,0.0,0.00021333,0.0,0.0,0.0,0.0,0.0,0.001,0.0,0.0,0.0,4.642e-05,0.0,0.0,0.0,0.0,4.642e-05,0.001,0.0
24445591.0,4995000000.0,5000000.0,5.0,0.0,0.0487,0.0487,0.0487,0.0487,2.2307,0.044614,0.00021333,0.044614,2.2307,0.035691,0.00021333,0.035691,0.0,0.0,0.0,0.0,2.154e-06,0.0,0.0,0.0,4.642e-09,0.0,0.0,0.0,0.0,4.642e-09,2.154e-06,0.0
24445999.0,4995000000.0,5000000.0,5.0,0.0,0.0487,0.0487,0.0487,0.0487,2.2307,0.044614,0.019407,0.044614,2.2307,0.0,0.019407,0.0,0.0,0.0,0.0,0.0,0.001,0.0,0.0,0.0,2.154e-06,0.0,0.0,0.0,0.0,2.154e-06,0.001,0.0
24448155.0,4995000000.0,5000000.0,5.0,0.0,0.0487,0.0487,0.0487,0.0487,2.2307,0.1644,0.0020402,0.1644,2.2307,1.5722e-05,0.0020402,1.5722e-05,0.0,0.0,0.0,0.0,0.001,0.0,0.0,0.0,2.154e-06,0.0,0.0,0.0,0.0,2.154e-06,0.001,0.0
24448057.0,4995000000.0,5000000.0,5.0,0.0,0.0487,0.0487,0.0487,0.0487,2.2307,0.1644,0.0020402,0.1644,2.2307,0.0,0.0020402,0.0,0.0,0.0,0.0,0.0,0.001,0.0,0.0,0.0,2.154e-06,0.0,0.0,0.0,0.0,2.154e-06,0.001,0.0
24443574.0,4995000000.0,5000000.0,5.0,0.0,0.0487,0.0487,0.0487,0.0487,2.2307,0.012046,0.019407,0.012046,2.2307,0.0,0.019407,0.0,0.0,0.0,0.0,0.0,1e-07,0.0,0.0,0.0,2.154e-10,0.0,0.0,0.0,0.0,2.154e-10,1e-07,0.0
24445612.0,4995000000.0,5000000.0,5.0,0.0,0.0487,0.0487,0.0487,0.0487,2.2307,0.044614,0.0020402,0.044614,2.2307,0.0,0.0020402,0.0,0.0,0.0,0.0,0.0,1e-11,0.0,0.0,0.0,4.642e-09,0.0,0.0,0.0,0.0,4.642e-09,1e-11,0.0
24444996.0,4995000000.0,5000000.0,5.0,0.0,0.0487,0.0487,0.0487,0.0487,2.2307,0.044614,2.2307e-05,0.044614,2.2307,4.4614e-07,2.2307e-05,4.4614e-07,0.0,0.0,0.0,0.0,1e-07,0.0,0.0,0.0,4.642e-09,0.0,0.0,0.0,0.0,4.642e-09,1e-07,0.0
24443751.0,4995000000.0,5000000.0,5.0,0.0,0.0487,0.0487,0.0487,0.0487,2.2307,0.012046,0.019407,0.012046,2.2307,0.0001048,0.019407,0.0001048,0.0,0.0,0.0,0.0,1e-11,0.0,0.0,0.0,1e-07,0.0,0.0,0.0,0.0,1e-07,1e-11,0.0
24445234.0,4995000000.0,5000000.0,5.0,0.0,0.0487,0.0487,0.0487,0.0487,2.2307,0.044614,2.2307e-05,0.044614,2.2307,0.035691,2.2307e-05,0.035691,0.0,0.0,0.0,0.0,4.642e-09,0.0,0.0,0.0,4.642e-09,0.0,0.0,0.0,0.0,4.642e-09,4.642e-09,0.0
24448365.0,4995000000.0,5000000.0,5.0,0.0,0.0487,0.0487,0.0487,0.0487,2.2307,0.1644,0.019407,0.1644,2.2307,0.0,0.019407,0.0,0.0,0.0,0.0,0.0,2.154e-10,0.0,0.0,0.0,2.154e-06,0.0,0.0,0.0,0.0,2.154e-06,2.154e-10,0.0
24443151.0,4995000000.0,5000000.0,5.0,0.0,0.0487,0.0487,0.0487,0.0487,2.2307,0.012046,0.00021333,0.012046,2.2307,0.0010082,0.00021333,0.0010082,0.0,0.0,0.0,0.0,4.642e-05,0.0,0.0,0.0,4.642e-05,0.0,0.0,0.0,0.0,4.642e-05,4.642e-05,0.0
24445693.0,4995000000.0,5000000.0,5.0,0.0,0.0487,0.0487,0.0487,0.0487,2.2307,0.044614,0.0020402,0.044614,2.2307,4.4614e-07,0.0020402,4.4614e-07,0.0,0.0,0.0,0.0,2.154e-06,0.0,0.0,0.0,0.001,0.0,0.0,0.0,0.0,0.001,2.154e-06,0.0
24446035.0,4995000000.0,5000000.0,5.0,0.0,0.0487,0.0487,0.0487,0.0487,2.2307,0.044614,0.019407,0.044614,2.2307,4.4614e-07,0.019407,4.4614e-07,0.0,0.0,0.0,0.0,2.154e-06,0.0,0.0,0.0,4.642e-05,0.0,0.0,0.0,0.0,4.642e-05,2.154e-06,0.0
24442642.0,4995000000.0,5000000.0,5.0,0.0,0.0487,0.0487,0.0487,0.0487,2.2307,0.012046,2.2307e-05,0.012046,2.2307,1.152e-06,2.2307e-05,1.152e-06,0.0,0.0,0.0,0.0,1e-07,0.0,0.0,0.0,1e-11,0.0,0.0,0.0,0.0,1e-11,1e-07,0.0
24447884.0,4995000000.0,5000000.0,5.0,0.0,0.0487,0.0487,0.0487,0.0487,2.2307,0.1644,0.00021333,0.1644,2.2307,0.0014303,0.00021333,0.0014303,0.0,0.0,0.0,0.0,4.642e-09,0.0,0.0,0.0,0.001,0.0,0.0,0.0,0.0,0.001,4.642e-09,0.0
24445463.0,4995000000.0,5000000.0,5.0,0.0,0.0487,0.0487,0.0487,0.0487,2.2307,0.044614,0.00021333,0.044614,2.2307,0.00038814,0.00021333,0.00038814,0.0,0.0,0.0,0.0,1e-11,0.0,0.0,0.0,1e-11,0.0,0.0,0.0,0.0,1e-11,1e-11,0.0
24444732.0,4995000000.0,5000000.0,5.0,0.0,0.0487,0.0487,0.0487,0.0487,2.2307,0.044614,0.0,0.044614,2.2307,4.0804e-05,0.0,4.0804e-05,0.0,0.0,0.0,0.0,1e-11,0.0,0.0,0.0,2.154e-06,0.0,0.0,0.0,0.0,2.154e-06,1e-11,0.0
24449891.0,4995000000.0,5000000.0,5.0,0.0,0.0487,0.0487,0.0487,0.0487,2.2307,0.60541,2.2307e-05,0.60541,2.2307,0.00055371,2.2307e-05,0.00055371,0.0,0.0,0.0,0.0,4.642e-09,0.0,0.0,0.0,2.154e-06,0.0,0.0,0.0,0.0,2.154e-06,4.642e-09,0.0
24442765.0,4995000000.0,5000000.0,5.0,0.0,0.0487,0.0487,0.0487,0.0487,2.2307,0.012046,2.2307e-05,0.012046,2.2307,0.0001048,2.2307e-05,0.0001048,0.0,0.0,0.0,0.0,0.001,0.0,0.0,0.0,2.154e-06,0.0,0.0,0.0,0.0,2.154e-06,0.001,0.0
24449501.0,4995000000.0,5000000.0,5.0,0.0,0.0487,0.0487,0.0487,0.0487,2.2307,0.60541,0.0,0.60541,2.2307,5.7898e-05,0.0,5.7898e-05,0.0,0.0,0.0,0.0,4.642e-09,0.0,0.0,0.0,0.001,0.0,0.0,0.0,0.0,0.001,4.642e-09,0.0
24447124.0,4995000000.0,5000000.0,5.0,0.0,0.0487,0.0487,0.0487,0.0487,2.2307,0.1644,0.0,0.1644,2.2307,1.5722e-05,0.0,1.5722e-05,0.0,0.0,0.0,0.0,0.001,0.0,0.0,0.0,4.642e-09,0.0,0.0,0.0,0.0,4.642e-09,0.001,0.0
24448085.0,4995000000.0,5000000.0,5.0,0.0,0.0487,0.0487,0.0487,0.0487,2.2307,0.1644,0.0020402,0.1644,2.2307,1.644e-06,0.0020402,1.644e-06,0.0,0.0,0.0,0.0,1e-07,0.0,0.0,0.0,2.154e-06,0.0,0.0,0.0,0.0,2.154e-06,1e-07,0.0
24448528.0,4995000000.0,5000000.0,5.0,0.0,0.0487,0.0487,0.0487,0.0487,2.2307,0.1644,0.019407,0.1644,2.2307,0.00015036,0.019407,0.00015036,0.0,0.0,0.0,0.0,1e-07,0.0,0.0,0.0,0.001,0.0,0.0,0.0,0.0,0.001,1e-07,0.0
24445282.0,4995000000.0,5000000.0,5.0,0.0,0.0487,0.0487,0.0487,0.0487,2.2307,0.044614,0.00021333,0.044614,2.2307,0.0,0.00021333,0.0,0.0,0.0,0.0,0.0,4.642e-09,0.0,0.0,0.0,2.154e-10,0.0,0.0,0.0,0.0,2.154e-10,4.642e-09,0.0
24443866.0,4995000000.0,5000000.0,5.0,0.0,0.0487,0.0487,0.0487,0.0487,2.2307,0.012046,0.019407,0.012046,2.2307,0.0096365,0.019407,0.0096365,0.0,0.0,0.0,0.0,4.642e-09,0.0,0.0,0.0,0.001,0.0,0.0,0.0,0.0,0.001,4.642e-09,0.0
24445838.0,4995000000.0,5000000.0,5.0,0.0,0.0487,0.0487,0.0487,0.0487,2.2307,0.044614,0.0020402,0.044614,2.2307,0.00038814,0.0020402,0.00038814,0.0,0.0,0.0,0.0,2.154e-06,0.0,0.0,0.0,2.154e-06,0.0,0.0,0.0,0.0,2.154e-06,2.154e-06,0.0
24444840.0,4995000000.0,5000000.0,5.0,0.0,0.0487,0.0487,0.0487,0.0487,2.2307,0.044614,0.0,0.044614,2.2307,0.0037342,0.0,0.0037342,0.0,0.0,0.0,0.0,4.642e-09,0.0,0.0,0.0,1e-11,0.0,0.0,0.0,0.0,1e-11,4.642e-09,0.0
24445225.0,4995000000.0,5000000.0,5.0,0.0,0.0487,0.0487,0.0487,0.0487,2.2307,0.044614,2.2307e-05,0.044614,2.2307,0.035691,2.2307e-05,0.035691,0.0,0.0,0.0,0.0,2.154e-10,0.0,0.0,0.0,1e-11,0.0,0.0,0.0,0.0,1e-11,2.154e-10,0.0
24447380.0,4995000000.0,5000000.0,5.0,0.0,0.0487,0.0487,0.0487,0.0487,2.2307,0.1644,2.2307e-05,0.1644,2.2307,1.644e-06,2.2307e-05,1.644e-06,0.0,0.0,0.0,0.0,1e-11,0.0,0.0,0.0,0.001,0.0,0.0,0.0,0.0,0.001,1e-11,0.0
24449416.0,4995000000.0,5000000.0,5.0,0.0,0.0487,0.0487,0.0487,0.0487,2.2307,0.60541,0.0,0.60541,2.2307,0.0,0.0,0.0,0.0,0.0,0.0,0.0,2.154e-06,0.0,0.0,0.0,4.642e-05,0.0,0.0,0.0,0.0,4.642e-05,2.154e-06,0.0
24449959.0,4995000000.0,5000000.0,5.0,0.0,0.0487,0.0487,0.0487,0.0487,2.2307,0.60541,2.2307e-05,0.60541,2.2307,0.005267,2.2307e-05,0.005267,0.0,0.0,0.0,0.0,4.642e-05,0.0,0.0,0.0,4.642e-09,0.0,0.0,0.0,0.0,4.642e-09,4.642e-05,0.0
24445231.0,4995000000.0,5000000.0,5.0,0.0,0.0487,0.0487,0.0487,0.0487,2.2307,0.044614,2.2307e-05,0.044614,2.2307,0.035691,2.2307e-05,0.035691,0.0,0.0,0.0,0.0,2.154e-10,0.0,0.0,0.0,0.001,0.0,0.0,0.0,0.0,0.001,2.154e-10,0.0
24445602.0,4995000000.0,5000000.0,5.0,0.0,0.0487,0.0487,0.0487,0.0487,2.2307,0.044614,0.00021333,0.044614,2.2307,0.035691,0.00021333,0.035691,0.0,0.0,0.0,0.0,4.642e-05,0.0,0.0,0.0,0.001,0.0,0.0,0.0,0.0,0.001,4.642e-05,0.0
24444696.0,4995000000.0,5000000.0,5.0,0.0,0.0487,0.0487,0.0487,0.0487,2.2307,0.044614,0.0,0.044614,2.2307,4.2666e-06,0.0,4.2666e-06,0.0,0.0,0.0,0.0,4.642e-09,0.0,0.0,0.0,1e-07,0.0,0.0,0.0,0.0,1e-07,4.642e-09,0.0
24447159.0,4995000000.0,5000000.0,5.0,0.0,0.0487,0.0487,0.0487,0.0487,2.2307,0.1644,0.0,0.1644,2.2307,0.00015036,0.0,0.00015036,0.0,0.0,0.0,0.0,2.154e-06,0.0,0.0,0.0,4.642e-09,0.0,0.0,0.0,0.0,4.642e-09,2.154e-06,0.0
24444994.0,4995000000.0,5000000.0,5.0,0.0,0.0487,0.0487,0.0487,0.0487,2.2307,0.044614,2.2307e-05,0.044614,2.2307,4.4614e-07,2.2307e-05,4.4614e-07,0.0,0.0,0.0,0.0,1e-07,0.0,0.0,0.0,1e-11,0.0,0.0,0.0,0.0,1e-11,1e-07,0.0
24442929.0,4995000000.0,5000000.0,5.0,0.0,0.0487,0.0487,0.0487,0.0487,2.2307,0.012046,0.00021333,0.012046,2.2307,1.2046e-07,0.00021333,1.2046e-07,0.0,0.0,0.0,0.0,4.642e-09,0.0,0.0,0.0,1e-11,0.0,0.0,0.0,0.0,1e-11,4.642e-09,0.0
24449945.0,4995000000.0,5000000.0,5.0,0.0,0.0487,0.0487,0.0487,0.0487,2.2307,0.60541,2.2307e-05,0.60541,2.2307,0.005267,2.2307e-05,0.005267,0.0,0.0,0.0,0.0,1e-07,0.0,0.0,0.0,4.642e-09,0.0,0.0,0.0,0.0,4.642e-09,1e-07,0.0
24448409.0,4995000000.0,5000000.0,5.0,0.0,0.0487,0.0487,0.0487,0.0487,2.2307,0.1644,0.019407,0.1644,2.2307,1.644e-06,0.019407,1.644e-06,0.0,0.0,0.0,0.0,1e-11,0.0,0.0,0.0,0.001,0.0,0.0,0.0,0.0,0.001,1e-11,0.0
24449742.0,4995000000.0,5000000.0,5.0,0.0,0.0487,0.0487,0.0487,0.0487,2.2307,0.60541,2.2307e-05,0.60541,2.2307,0.0,2.2307e-05,0.0,0.0,0.0,0.0,0.0,4.642e-09,0.0,0.0,0.0,4.642e-09,0.0,0.0,0.0,0.0,4.642e-09,4.642e-09,0.0
24447012.0,4995000000.0,5000000.0,5.0,0.0,0.0487,0.0487,0.0487,0.0487,2.2307,0.1644,0.0,0.1644,2.2307,0.0,0.0,0.0,0.0,0.0,0.0,0.0,2.154e-06,0.0,0.0,0.0,4.642e-09,0.0,0.0,0.0,0.0,4.642e-09,2.154e-06,0.0
24449550.0,4995000000.0,5000000.0,5.0,0.0,0.0487,0.0487,0.0487,0.0487,2.2307,0.60541,0.0,0.60541,2.2307,0.00055371,0.0,0.00055371,0.0,0.0,0.0,0.0,4.642e-09,0.0,0.0,0.0,0.001,0.0,0.0,0.0,0.0,0.001,4.642e-09,0.0
24448238.0,4995000000.0,5000000.0,5.0,0.0,0.0487,0.0487,0.0487,0.0487,2.2307,0.1644,0.0020402,0.1644,2.2307,0.0014303,0.0020402,0.0014303,0.0,0.0,0.0,0.0,2.154e-06,0.0,0.0,0.0,1e-07,0.0,0.0,0.0,0.0,1e-07,2.154e-06,0.0
24443654.0,4995000000.0,5000000.0,5.0,0.0,0.0487,0.0487,0.0487,0.0487,2.2307,0.012046,0.019407,0.012046,2.2307,1.152e-06,0.019407,1.152e-06,0.0,0.0,0.0,0.0,1e-11,0.0,0.0,0.0,2.154e-06,0.0,0.0,0.0,0.0,2.154e-06,1e-11,0.0
24443661.0,4995000000.0,5000000.0,5.0,0.0,0.0487,0.0487,0.0487,0.0487,2.2307,0.012046,0.019407,0.012046,2.2307,1.152e-06,0.019407,1.152e-06,0.0,0.0,0.0,0.0,2.154e-10,0.0,0.0,0.0,2.154e-06,0.0,0.0,0.0,0.0,2.154e-06,2.154e-10,0.0
24442384.0,4995000000.0,5000000.0,5.0,0.0,0.0487,0.0487,0.0487,0.0487,2.2307,0.012046,0.0,0.012046,2.2307,0.0001048,0.0,0.0001048,0.0,0.0,0.0,0.0,2.154e-10,0.0,0.0,0.0,2.154e-10,0.0,0.0,0.0,0.0,2.154e-10,2.154e-10,0.0
24444884.0,4995000000.0,5000000.0,5.0,0.0,0.0487,0.0487,0.0487,0.0487,2.2307,0.044614,0.0,0.044614,2.2307,0.035691,0.0,0.035691,0.0,0.0,0.0,0.0,2.154e-10,0.0,0.0,0.0,4.642e-09,0.0,0.0,0.0,0.0,4.642e-09,2.154e-10,0.0
24442452.0,4995000000.0,5000000.0,5.0,0.0,0.0487,0.0487,0.0487,0.0487,2.2307,0.012046,0.0,0.012046,2.2307,0.0010082,0.0,0.0010082,0.0,0.0,0.0,0.0,1e-07,0.0,0.0,0.0,0.001,0.0,0.0,0.0,0.0,0.001,1e-07,0.0
24447355.0,4995000000.0,5000000.0,5.0,0.0,0.0487,0.0487,0.0487,0.0487,2.2307,0.1644,2.2307e-05,0.1644,2.2307,0.0,2.2307e-05,0.0,0.0,0.0,0.0,0.0,2.154e-06,0.0,0.0,0.0,4.642e-09,0.0,0.0,0.0,0.0,4.642e-09,2.154e-06,0.0
24445192.0,4995000000.0,5000000.0,5.0,0.0,0.0487,0.0487,0.0487,0.0487,2.2307,0.044614,2.2307e-05,0.044614,2.2307,0.0037342,2.2307e-05,0.0037342,0.0,0.0,0.0,0.0,1e-07,0.0,0.0,0.0,4.642e-09,0.0,0.0,0.0,0.0,4.642e-09,1e-07,0.0
24444796.0,4995000000.0,5000000.0,5.0,0.0,0.0487,0.0487,0.0487,0.0487,2.2307,0.044614,0.0,0.044614,2.2307,0.00038814,0.0,0.00038814,0.0,0.0,0.0,0.0,4.642e-09,0.0,0.0,0.0,4.642e-05,0.0,0.0,0.0,0.0,4.642e-05,4.642e-09,0.0
24443710.0,4995000000.0,5000000.0,5.0,0.0,0.0487,0.0487,0.0487,0.0487,2.2307,0.012046,0.019407,0.012046,2.2307,1.1017e-05,0.019407,1.1017e-05,0.0,0.0,0.0,0.0,2.154e-10,0.0,0.0,0.0,2.154e-06,0.0,0.0,0.0,0.0,2.154e-06,2.154e-10,0.0
24442747.0,4995000000.0,5000000.0,5.0,0.0,0.0487,0.0487,0.0487,0.0487,2.2307,0.012046,2.2307e-05,0.012046,2.2307,0.0001048,2.2307e-05,0.0001048,0.0,0.0,0.0,0.0,2.154e-06,0.0,0.0,0.0,1e-11,0.0,0.0,0.0,0.0,1e-11,2.154e-06,0.0
24442436.0,4995000000.0,5000000.0,5.0,0.0,0.0487,0.0487,0.0487,0.0487,2.2307,0.012046,0.0,0.012046,2.2307,0.0010082,0.0,0.0010082,0.0,0.0,0.0,0.0,2.154e-10,0.0,0.0,0.0,2.154e-06,0.0,0.0,0.0,0.0,2.154e-06,2.154e-10,0.0
24445422.0,4995000000.0,5000000.0,5.0,0.0,0.0487,0.0487,0.0487,0.0487,2.2307,0.044614,0.00021333,0.044614,2.2307,4.0804e-05,0.00021333,4.0804e-05,0.0,0.0,0.0,0.0,2.154e-10,0.0,0.0,0.0,2.154e-10,0.0,0.0,0.0,0.0,2.154e-10,2.154e-10,0.0
24445969.0,4995000000.0,5000000.0,5.0,0.0,0.0487,0.0487,0.0487,0.0487,2.2307,0.044614,0.019407,0.044614,2.2307,0.0,0.019407,0.0,0.0,0.0,0.0,0.0,4.642e-09,0.0,0.0,0.0,4.642e-09,0.0,0.0,0.0,0.0,4.642e-09,4.642e-09,0.0
24448465.0,4995000000.0,5000000.0,5.0,0.0,0.0487,0.0487,0.0487,0.0487,2.2307,0.1644,0.019407,0.1644,2.2307,1.5722e-05,0.019407,1.5722e-05,0.0,0.0,0.0,0.0,2.154e-10,0.0,0.0,0.0,0.001,0.0,0.0,0.0,0.0,0.001,2.154e-10,0.0
24443819.0,4995000000.0,5000000.0,5.0,0.0,0.0487,0.0487,0.0487,0.0487,2.2307,0.012046,0.019407,0.012046,2.2307,0.0010082,0.019407,0.0010082,0.0,0.0,0.0,0.0,1e-07,0.0,0.0,0.0,2.154e-10,0.0,0.0,0.0,0.0,2.154e-10,1e-07,0.0
24448374.0,4995000000.0,5000000.0,5.0,0.0,0.0487,0.0487,0.0487,0.0487,2.2307,0.1644,0.019407,0.1644,2.2307,0.0,0.019407,0.0,0.0,0.0,0.0,0.0,4.642e-09,0.0,0.0,0.0,0.001,0.0,0.0,0.0,0.0,0.001,4.642e-09,0.0
24443847.0,4995000000.0,5000000.0,5.0,0.0,0.0487,0.0487,0.0487,0.0487,2.2307,0.012046,0.019407,0.012046,2.2307,0.0096365,0.019407,0.0096365,0.0,0.0,0.0,0.0,1e-11,0.0,0.0,0.0,2.154e-10,0.0,0.0,0.0,0.0,2.154e-10,1e-11,0.0
24443016.0,4995000000.0,5000000.0,5.0,0.0,0.0487,0.0487,0.0487,0.0487,2.2307,0.012046,0.00021333,0.012046,2.2307,1.1017e-05,0.00021333,1.1017e-05,0.0,0.0,0.0,0.0,1e-11,0.0,0.0,0.0,1e-07,0.0,0.0,0.0,0.0,1e-07,1e-11,0.0
24443365.0,4995000000.0,5000000.0,5.0,0.0,0.0487,0.0487,0.0487,0.0487,2.2307,0.012046,0.0020402,0.012046,2.2307,1.1017e-05,0.0020402,1.1017e-05,0.0,0.0,0.0,0.0,2.154e-10,0.0,0.0,0.0,4.642e-09,0.0,0.0,0.0,0.0,4.642e-09,2.154e-10,0.0
24443573.0,4995000000.0,5000000.0,5.0,0.0,0.0487,0.0487,0.0487,0.0487,2.2307,0.012046,0.019407,0.012046,2.2307,0.0,0.019407,0.0,0.0,0.0,0.0,0.0,1e-07,0.0,0.0,0.0,1e-11,0.0,0.0,0.0,0.0,1e-11,1e-07,0.0
24442260.0,4995000000.0,5000000.0,5.0,0.0,0.0487,0.0487,0.0487,0.0487,2.2307,0.012046,0.0,0.012046,2.2307,1.2046e-07,0.0,1.2046e-07,0.0,0.0,0.0,0.0,2.154e-06,0.0,0.0,0.0,1e-07,0.0,0.0,0.0,0.0,1e-07,2.154e-06,0.0
24443142.0,4995000000.0,5000000.0,5.0,0.0,0.0487,0.0487,0.0487,0.0487,2.2307,0.012046,0.00021333,0.012046,2.2307,0.0010082,0.00021333,0.0010082,0.0,0.0,0.0,0.0,2.154e-06,0.0,0.0,0.0,1e-07,0.0,0.0,0.0,0.0,1e-07,2.154e-06,0.0
24442373.0,4995000000.0,5000000.0,5.0,0.0,0.0487,0.0487,0.0487,0.0487,2.2307,0.012046,0.0,0.012046,2.2307,1.1017e-05,0.0,1.1017e-05,0.0,0.0,0.0,0.0,0.001,0.0,0.0,0.0,2.154e-06,0.0,0.0,0.0,0.0,2.154e-06,0.001,0.0
24444828.0,4995000000.0,5000000.0,5.0,0.0,0.0487,0.0487,0.0487,0.0487,2.2307,0.044614,0.0,0.044614,2.2307,0.0037342,0.0,0.0037342,0.0,0.0,0.0,0.0,1e-11,0.0,0.0,0.0,4.642e-09,0.0,0.0,0.0,0.0,4.642e-09,1e-11,0.0
24449967.0,4995000000.0,5000000.0,5.0,0.0,0.0487,0.0487,0.0487,0.0487,2.2307,0.60541,2.2307e-05,0.60541,2.2307,0.005267,2.2307e-05,0.005267,0.0,0.0,0.0,0.0,0.001,0.0,0.0,0.0,1e-07,0.0,0.0,0.0,0.0,1e-07,0.001,0.0
24447484.0,4995000000.0,5000000.0,5.0,0.0,0.0487,0.0487,0.0487,0.0487,2.2307,0.1644,2.2307e-05,0.1644,2.2307,0.00015036,2.2307e-05,0.00015036,0.0,0.0,0.0,0.0,2.154e-10,0.0,0.0,0.0,4.642e-05,0.0,0.0,0.0,0.0,4.642e-05,2.154e-10,0.0
24443165.0,4995000000.0,5000000.0,5.0,0.0,0.0487,0.0487,0.0487,0.0487,2.2307,0.012046,0.00021333,0.012046,2.2307,0.0096365,0.00021333,0.0096365,0.0,0.0,0.0,0.0,1e-11,0.0,0.0,0.0,4.642e-05,0.0,0.0,0.0,0.0,4.642e-05,1e-11,0.0
24444754.0,4995000000.0,5000000.0,5.0,0.0,0.0487,0.0487,0.0487,0.0487,2.2307,0.044614,0.0,0.044614,2.2307,4.0804e-05,0.0,4.0804e-05,0.0,0.0,0.0,0.0,1e-07,0.0,0.0,0.0,4.642e-05,0.0,0.0,0.0,0.0,4.642e-05,1e-07,0.0
24447498.0,4995000000.0,5000000.0,5.0,0.0,0.0487,0.0487,0.0487,0.0487,2.2307,0.1644,2.2307e-05,0.1644,2.2307,0.00015036,2.2307e-05,0.00015036,0.0,0.0,0.0,0.0,1e-07,0.0,0.0,0.0,4.642e-05,0.0,0.0,0.0,0.0,4.642e-05,1e-07,0.0
24447677.0,4995000000.0,5000000.0,5.0,0.0,0.0487,0.0487,0.0487,0.0487,2.2307,0.1644,0.00021333,0.1644,2.2307,0.0,0.00021333,0.0,0.0,0.0,0.0,0.0,2.154e-10,0.0,0.0,0.0,4.642e-09,0.0,0.0,0.0,0.0,4.642e-09,2.154e-10,0.0
24445037.0,4995000000.0,5000000.0,5.0,0.0,0.0487,0.0487,0.0487,0.0487,2.2307,0.044614,2.2307e-05,0.044614,2.2307,4.2666e-06,2.2307e-05,4.2666e-06,0.0,0.0,0.0,0.0,4.642e-09,0.0,0.0,0.0,2.154e-10,0.0,0.0,0.0,0.0,2.154e-10,4.642e-09,0.0
24444584.0,4995000000.0,5000000.0,5.0,0.0,0.0487,0.0487,0.0487,0.0487,2.2307,0.044614,0.0,0.044614,2.2307,0.0,0.0,0.0,0.0,0.0,0.0,0.0,1e-11,0.0,0.0,0.0,1e-07,0.0,0.0,0.0,0.0,1e-07,1e-11,0.0
24449882.0,4995000000.0,5000000.0,5.0,0.0,0.0487,0.0487,0.0487,0.0487,2.2307,0.60541,2.2307e-05,0.60541,2.2307,0.00055371,2.2307e-05,0.00055371,0.0,0.0,0.0,0.0,2.154e-10,0.0,0.0,0.0,4.642e-09,0.0,0.0,0.0,0.0,4.642e-09,2.154e-10,0.0
24445428.0,4995000000.0,5000000.0,5.0,0.0,0.0487,0.0487,0.0487,0.0487,2.2307,0.044614,0.00021333,0.044614,2.2307,4.0804e-05,0.00021333,4.0804e-05,0.0,0.0,0.0,0.0,4.642e-09,0.0,0.0,0.0,1e-11,0.0,0.0,0.0,0.0,1e-11,4.642e-09,0.0
24445769.0,4995000000.0,5000000.0,5.0,0.0,0.0487,0.0487,0.0487,0.0487,2.2307,0.044614,0.0020402,0.044614,2.2307,4.0804e-05,0.0020402,4.0804e-05,0.0,0.0,0.0,0.0,2.154e-10,0.0,0.0,0.0,4.642e-05,0.0,0.0,0.0,0.0,4.642e-05,2.154e-10,0.0
24442683.0,4995000000.0,5000000.0,5.0,0.0,0.0487,0.0487,0.0487,0.0487,2.2307,0.012046,2.2307e-05,0.012046,2.2307,1.1017e-05,2.2307e-05,1.1017e-05,0.0,0.0,0.0,0.0,2.154e-10,0.0,0.0,0.0,0.001,0.0,0.0,0.0,0.0,0.001,2.154e-10,0.0
24447273.0,4995000000.0,5000000.0,5.0,0.0,0.0487,0.0487,0.0487,0.0487,2.2307,0.1644,0.0,0.1644,2.2307,0.01376,0.0,0.01376,0.0,0.0,0.0,0.0,0.001,0.0,0.0,0.0,2.154e-06,0.0,0.0,0.0,0.0,2.154e-06,0.001,0.0
24445379.0,4995000000.0,5000000.0,5.0,0.0,0.0487,0.0487,0.0487,0.0487,2.2307,0.044614,0.00021333,0.044614,2.2307,4.2666e-06,0.00021333,4.2666e-06,0.0,0.0,0.0,0.0,4.642e-09,0.0,0.0,0.0,1e-11,0.0,0.0,0.0,0.0,1e-11,4.642e-09,0.0
24447054.0,4995000000.0,5000000.0,5.0,0.0,0.0487,0.0487,0.0487,0.0487,2.2307,0.1644,0.0,0.1644,2.2307,1.644e-06,0.0,1.644e-06,0.0,0.0,0.0,0.0,1e-07,0.0,0.0,0.0,4.642e-09,0.0,0.0,0.0,0.0,4.642e-09,1e-07,0.0
24443284.0,4995000000.0,5000000.0,5.0,0.0,0.0487,0.0487,0.0487,0.0487,2.2307,0.012046,0.0020402,0.012046,2.2307,1.2046e-07,0.0020402,1.2046e-07,0.0,0.0,0.0,0.0,1e-07,0.0,0.0,0.0,4.642e-05,0.0,0.0,0.0,0.0,4.642e-05,1e-07,0.0
24443385.0,4995000000.0,5000000.0,5.0,0.0,0.0487,0.0487,0.0487,0.0487,2.2307,0.012046,0.0020402,0.012046,2.2307,1.1017e-05,0.0020402,1.1017e-05,0.0,0.0,0.0,0.0,2.154e-06,0.0,0.0,0.0,2.154e-10,0.0,0.0,0.0,0.0,2.154e-10,2.154e-06,0.0
24444595.0,4995000000.0,5000000.0,5.0,0.0,0.0487,0.0487,0.0487,0.0487,2.2307,0.044614,0.0,0.044614,2.2307,0.0,0.0,0.0,0.0,0.0,0.0,0.0,4.642e-09,0.0,0.0,0.0,1e-11,0.0,0.0,0.0,0.0,1e-11,4.642e-09,0.0
24445981.0,4995000000.0,5000000.0,5.0,0.0,0.0487,0.0487,0.0487,0.0487,2.2307,0.044614,0.019407,0.044614,2.2307,0.0,0.019407,0.0,0.0,0.0,0.0,0.0,2.154e-06,0.0,0.0,0.0,1e-11,0.0,0.0,0.0,0.0,1e-11,2.154e-06,0.0
24442852.0,4995000000.0,5000000.0,5.0,0.0,0.0487,0.0487,0.0487,0.0487,2.2307,0.012046,2.2307e-05,0.012046,2.2307,0.0096365,2.2307e-05,0.0096365,0.0,0.0,0.0,0.0,4.642e-05,0.0,0.0,0.0,1e-11,0.0,0.0,0.0,0.0,1e-11,4.642e-05,0.0
24443114.0,4995000000.0,5000000.0,5.0,0.0,0.0487,0.0487,0.0487,0.0487,2.2307,0.012046,0.00021333,0.012046,2.2307,0.0010082,0.00021333,0.0010082,0.0,0.0,0.0,0.0,1e-11,0.0,0.0,0.0,1e-07,0.0,0.0,0.0,0.0,1e-07,1e-11,0.0
24445536.0,4995000000.0,5000000.0,5.0,0.0,0.0487,0.0487,0.0487,0.0487,2.2307,0.044614,0.00021333,0.044614,2.2307,0.0037342,0.00021333,0.0037342,0.0,0.0,0.0,0.0,1e-07,0.0,0.0,0.0,1e-07,0.0,0.0,0.0,0.0,1e-07,1e-07,0.0
24443133.0,4995000000.0,5000000.0,5.0,0.0,0.0487,0.0487,0.0487,0.0487,2.2307,0.012046,0.00021333,0.012046,2.2307,0.0010082,0.00021333,0.0010082,0.0,0.0,0.0,0.0,1e-07,0.0,0.0,0.0,2.154e-10,0.0,0.0,0.0,0.0,2.154e-10,1e-07,0.0
24443753.0,4995000000.0,5000000.0,5.0,0.0,0.0487,0.0487,0.0487,0.0487,2.2307,0.012046,0.019407,0.012046,2.2307,0.0001048,0.019407,0.0001048,0.0,0.0,0.0,0.0,1e-11,0.0,0.0,0.0,4.642e-05,0.0,0.0,0.0,0.0,4.642e-05,1e-11,0.0
24444776.0,4995000000.0,5000000.0,5.0,0.0,0.0487,0.0487,0.0487,0.0487,2.2307,0.044614,0.0,0.044614,2.2307,4.0804e-05,0.0,4.0804e-05,0.0,0.0,0.0,0.0,0.001,0.0,0.0,0.0,0.001,0.0,0.0,0.0,0.0,0.001,0.001,0.0
24445735.0,4995000000.0,5000000.0,5.0,0.0,0.0487,0.0487,0.0487,0.0487,2.2307,0.044614,0.0020402,0.044614,2.2307,4.2666e-06,0.0020402,4.2666e-06,0.0,0.0,0.0,0.0,1e-07,0.0,0.0,0.0,0.001,0.0,0.0,0.0,0.0,0.001,1e-07,0.0
24448206.0,4995000000.0,5000000.0,5.0,0.0,0.0487,0.0487,0.0487,0.0487,2.2307,0.1644,0.0020402,0.1644,2.2307,0.00015036,0.0020402,0.00015036,0.0,0.0,0.0,0.0,0.001,0.0,0.0,0.0,0.001,0.0,0.0,0.0,0.0,0.001,0.001,0.0
24443204.0,4995000000.0,5000000.0,5.0,0.0,0.0487,0.0487,0.0487,0.0487,2.2307,0.012046,0.00021333,0.012046,2.2307,0.0096365,0.00021333,0.0096365,0.0,0.0,0.0,0.0,0.001,0.0,0.0,0.0,4.642e-09,0.0,0.0,0.0,0.0,4.642e-09,0.001,0.0
24447250.0,4995000000.0,5000000.0,5.0,0.0,0.0487,0.0487,0.0487,0.0487,2.2307,0.1644,0.0,0.1644,2.2307,0.01376,0.0,0.01376,0.0,0.0,0.0,0.0,1e-07,0.0,0.0,0.0,4.642e-09,0.0,0.0,0.0,0.0,4.642e-09,1e-07,0.0
24449584.0,4995000000.0,5000000.0,5.0,0.0,0.0487,0.0487,0.0487,0.0487,2.2307,0.60541,0.0,0.60541,2.2307,0.005267,0.0,0.005267,0.0,0.0,0.0,0.0,1e-11,0.0,0.0,0.0,4.642e-05,0.0,0.0,0.0,0.0,4.642e-05,1e-11,0.0
24448401.0,4995000000.0,5000000.0,5.0,0.0,0.0487,0.0487,0.0487,0.0487,2.2307,0.1644,0.019407,0.1644,2.2307,0.0,0.019407,0.0,0.0,0.0,0.0,0.0,0.001,0.0,0.0,0.0,4.642e-05,0.0,0.0,0.0,0.0,4.642e-05,0.001,0.0
24442342.0,4995000000.0,5000000.0,5.0,0.0,0.0487,0.0487,0.0487,0.0487,2.2307,0.012046,0.0,0.012046,2.2307,1.1017e-05,0.0,1.1017e-05,0.0,0.0,0.0,0.0,4.642e-09,0.0,0.0,0.0,2.154e-10,0.0,0.0,0.0,0.0,2.154e-10,4.642e-09,0.0
24445628.0,4995000000.0,5000000.0,5.0,0.0,0.0487,0.0487,0.0487,0.0487,2.2307,0.044614,0.0020402,0.044614,2.2307,0.0,0.0020402,0.0,0.0,0.0,0.0,0.0,4.642e-09,0.0,0.0,0.0,2.154e-06,0.0,0.0,0.0,0.0,2.154e-06,4.642e-09,0.0
24445160.0,4995000000.0,5000000.0,5.0,0.0,0.0487,0.0487,0.0487,0.0487,2.2307,0.044614,2.2307e-05,0.044614,2.2307,0.00038814,2.2307e-05,0.00038814,0.0,0.0,0.0,0.0,4.642e-05,0.0,0.0,0.0,4.642e-05,0.0,0.0,0.0,0.0,4.642e-05,4.642e-05,0.0
24446116.0,4995000000.0,5000000.0,5.0,0.0,0.0487,0.0487,0.0487,0.0487,2.2307,0.044614,0.019407,0.044614,2.2307,4.0804e-05,0.019407,4.0804e-05,0.0,0.0,0.0,0.0,4.642e-09,0.0,0.0,0.0,4.642e-09,0.0,0.0,0.0,0.0,4.642e-09,4.642e-09,0.0
24448630.0,4995000000.0,5000000.0,5.0,0.0,0.0487,0.0487,0.0487,0.0487,2.2307,0.1644,0.019407,0.1644,2.2307,0.01376,0.019407,0.01376,0.0,0.0,0.0,0.0,2.154e-06,0.0,0.0,0.0,1e-07,0.0,0.0,0.0,0.0,1e-07,2.154e-06,0.0
24446176.0,4995000000.0,5000000.0,5.0,0.0,0.0487,0.0487,0.0487,0.0487,2.2307,0.044614,0.019407,0.044614,2.2307,0.00038814,0.019407,0.00038814,0.0,0.0,0.0,0.0,1e-07,0.0,0.0,0.0,0.001,0.0,0.0,0.0,0.0,0.001,1e-07,0.0
24447086.0,4995000000.0,5000000.0,5.0,0.0,0.0487,0.0487,0.0487,0.0487,2.2307,0.1644,0.0,0.1644,2.2307,1.5722e-05,0.0,1.5722e-05,0.0,0.0,0.0,0.0,1e-11,0.0,0.0,0.0,0.001,0.0,0.0,0.0,0.0,0.001,1e-11,0.0
24446168.0,4995000000.0,5000000.0,5.0,0.0,0.0487,0.0487,0.0487,0.0487,2.2307,0.044614,0.019407,0.044614,2.2307,0.00038814,0.019407,0.00038814,0.0,0.0,0.0,0.0,4.642e-09,0.0,0.0,0.0,4.642e-05,0.0,0.0,0.0,0.0,4.642e-05,4.642e-09,0.0
24445301.0,4995000000.0,5000000.0,5.0,0.0,0.0487,0.0487,0.0487,0.0487,2.2307,0.044614,0.00021333,0.044614,2.2307,0.0,0.00021333,0.0,0.0,0.0,0.0,0.0,2.154e-06,0.0,0.0,0.0,0.001,0.0,0.0,0.0,0.0,0.001,2.154e-06,0.0
24442871.0,4995000000.0,5000000.0,5.0,0.0,0.0487,0.0487,0.0487,0.0487,2.2307,0.012046,0.00021333,0.012046,2.2307,0.0,0.00021333,0.0,0.0,0.0,0.0,0.0,1e-11,0.0,0.0,0.0,4.642e-05,0.0,0.0,0.0,0.0,4.642e-05,1e-11,0.0
24445290.0,4995000000.0,5000000.0,5.0,0.0,0.0487,0.0487,0.0487,0.0487,2.2307,0.044614,0.00021333,0.044614,2.2307,0.0,0.00021333,0.0,0.0,0.0,0.0,0.0,1e-07,0.0,0.0,0.0,4.642e-09,0.0,0.0,0.0,0.0,4.642e-09,1e-07,0.0
24449807.0,4995000000.0,5000000.0,5.0,0.0,0.0487,0.0487,0.0487,0.0487,2.2307,0.60541,2.2307e-05,0.60541,2.2307,6.0541e-06,2.2307e-05,6.0541e-06,0.0,0.0,0.0,0.0,2.154e-06,0.0,0.0,0.0,2.154e-06,0.0,0.0,0.0,0.0,2.154e-06,2.154e-06,0.0
24442340.0,4995000000.0,5000000.0,5.0,0.0,0.0487,0.0487,0.0487,0.0487,2.2307,0.012046,0.0,0.012046,2.2307,1.1017e-05,0.0,1.1017e-05,0.0,0.0,0.0,0.0,2.154e-10,0.0,0.0,0.0,0.001,0.0,0.0,0.0,0.0,0.001,2.154e-10,0.0
24445101.0,4995000000.0,5000000.0,5.0,0.0,0.0487,0.0487,0.0487,0.0487,2.2307,0.044614,2.2307e-05,0.044614,2.2307,4.0804e-05,2.2307e-05,4.0804e-05,0.0,0.0,0.0,0.0,2.154e-06,0.0,0.0,0.0,4.642e-09,0.0,0.0,0.0,0.0,4.642e-09,2.154e-06,0.0
24445172.0,4995000000.0,5000000.0,5.0,0.0,0.0487,0.0487,0.0487,0.0487,2.2307,0.044614,2.2307e-05,0.044614,2.2307,0.0037342,2.2307e-05,0.0037342,0.0,0.0,0.0,0.0,1e-11,0.0,0.0,0.0,1e-07,0.0,0.0,0.0,0.0,1e-07,1e-11,0.0
24443030.0,4995000000.0,5000000.0,5.0,0.0,0.0487,0.0487,0.0487,0.0487,2.2307,0.012046,0.00021333,0.012046,2.2307,1.1017e-05,0.00021333,1.1017e-05,0.0,0.0,0.0,0.0,4.642e-09,0.0,0.0,0.0,1e-07,0.0,0.0,0.0,0.0,1e-07,4.642e-09,0.0
24443769.0,4995000000.0,5000000.0,5.0,0.0,0.0487,0.0487,0.0487,0.0487,2.2307,0.012046,0.019407,0.012046,2.2307,0.0001048,0.019407,0.0001048,0.0,0.0,0.0,0.0,1e-07,0.0,0.0,0.0,1e-11,0.0,0.0,0.0,0.0,1e-11,1e-07,0.0
24443704.0,4995000000.0,5000000.0,5.0,0.0,0.0487,0.0487,0.0487,0.0487,2.2307,0.012046,0.019407,0.012046,2.2307,1.1017e-05,0.019407,1.1017e-05,0.0,0.0,0.0,0.0,1e-11,0.0,0.0,0.0,4.642e-05,0.0,0.0,0.0,0.0,4.642e-05,1e-11,0.0
24443613.0,4995000000.0,5000000.0,5.0,0.0,0.0487,0.0487,0.0487,0.0487,2.2307,0.012046,0.019407,0.012046,2.2307,1.2046e-07,0.019407,1.2046e-07,0.0,0.0,0.0,0.0,2.154e-10,0.0,0.0,0.0,4.642e-05,0.0,0.0,0.0,0.0,4.642e-05,2.154e-10,0.0
24443494.0,4995000000.0,5000000.0,5.0,0.0,0.0487,0.0487,0.0487,0.0487,2.2307,0.012046,0.0020402,0.012046,2.2307,0.0010082,0.0020402,0.0010082,0.0,0.0,0.0,0.0,4.642e-05,0.0,0.0,0.0,4.642e-05,0.0,0.0,0.0,0.0,4.642e-05,4.642e-05,0.0
24442316.0,4995000000.0,5000000.0,5.0,0.0,0.0487,0.0487,0.0487,0.0487,2.2307,0.012046,0.0,0.012046,2.2307,1.152e-06,0.0,1.152e-06,0.0,0.0,0.0,0.0,4.642e-05,0.0,0.0,0.0,1e-07,0.0,0.0,0.0,0.0,1e-07,4.642e-05,0.0
24443086.0,4995000000.0,5000000.0,5.0,0.0,0.0487,0.0487,0.0487,0.0487,2.2307,0.012046,0.00021333,0.012046,2.2307,0.0001048,0.00021333,0.0001048,0.0,0.0,0.0,0.0,1e-07,0.0,0.0,0.0,1e-07,0.0,0.0,0.0,0.0,1e-07,1e-07,0.0
24449893.0,4995000000.0,5000000.0,5.0,0.0,0.0487,0.0487,0.0487,0.0487,2.2307,0.60541,2.2307e-05,0.60541,2.2307,0.00055371,2.2307e-05,0.00055371,0.0,0.0,0.0,0.0,4.642e-09,0.0,0.0,0.0,0.001,0.0,0.0,0.0,0.0,0.001,4.642e-09,0.0
24443689.0,4995000000.0,5000000.0,5.0,0.0,0.0487,0.0487,0.0487,0.0487,2.2307,0.012046,0.019407,0.012046,2.2307,1.152e-06,0.019407,1.152e-06,0.0,0.0,0.0,0.0,4.642e-05,0.0,0.0,0.0,2.154e-06,0.0,0.0,0.0,0.0,2.154e-06,4.642e-05,0.0
24446026.0,4995000000.0,5000000.0,5.0,0.0,0.0487,0.0487,0.0487,0.0487,2.2307,0.044614,0.019407,0.044614,2.2307,4.4614e-07,0.019407,4.4614e-07,0.0,0.0,0.0,0.0,1e-07,0.0,0.0,0.0,1e-07,0.0,0.0,0.0,0.0,1e-07,1e-07,0.0
24443639.0,4995000000.0,5000000.0,5.0,0.0,0.0487,0.0487,0.0487,0.0487,2.2307,0.012046,0.019407,0.012046,2.2307,1.2046e-07,0.019407,1.2046e-07,0.0,0.0,0.0,0.0,4.642e-05,0.0,0.0,0.0,1e-07,0.0,0.0,0.0,0.0,1e-07,4.642e-05,0.0
24447154.0,4995000000.0,5000000.0,5.0,0.0,0.0487,0.0487,0.0487,0.0487,2.2307,0.1644,0.0,0.1644,2.2307,0.00015036,0.0,0.00015036,0.0,0.0,0.0,0.0,1e-07,0.0,0.0,0.0,2.154e-06,0.0,0.0,0.0,0.0,2.154e-06,1e-07,0.0
24447551.0,4995000000.0,5000000.0,5.0,0.0,0.0487,0.0487,0.0487,0.0487,2.2307,0.1644,2.2307e-05,0.1644,2.2307,0.0014303,2.2307e-05,0.0014303,0.0,0.0,0.0,0.0,2.154e-06,0.0,0.0,0.0,4.642e-09,0.0,0.0,0.0,0.0,4.642e-09,2.154e-06,0.0
24442230.0,4995000000.0,5000000.0,5.0,0.0,0.0487,0.0487,0.0487,0.0487,2.2307,0.012046,0.0,0.012046,2.2307,1.2046e-07,0.0,1.2046e-07,0.0,0.0,0.0,0.0,1e-11,0.0,0.0,0.0,2.154e-10,0.0,0.0,0.0,0.0,2.154e-10,1e-11,0.0
24448556.0,4995000000.0,5000000.0,5.0,0.0,0.0487,0.0487,0.0487,0.0487,2.2307,0.1644,0.019407,0.1644,2.2307,0.0014303,0.019407,0.0014303,0.0,0.0,0.0,0.0,1e-11,0.0,0.0,0.0,0.001,0.0,0.0,0.0,0.0,0.001,1e-11,0.0
24449441.0,4995000000.0,5000000.0,5.0,0.0,0.0487,0.0487,0.0487,0.0487,2.2307,0.60541,0.0,0.60541,2.2307,6.0541e-06,0.0,6.0541e-06,0.0,0.0,0.0,0.0,2.154e-10,0.0,0.0,0.0,4.642e-09,0.0,0.0,0.0,0.0,4.642e-09,2.154e-10,0.0
24447224.0,4995000000.0,5000000.0,5.0,0.0,0.0487,0.0487,0.0487,0.0487,2.2307,0.1644,0.0,0.1644,2.2307,0.0014303,0.0,0.0014303,0.0,0.0,0.0,0.0,0.001,0.0,0.0,0.0,2.154e-06,0.0,0.0,0.0,0.0,2.154e-06,0.001,0.0
24443761.0,4995000000.0,5000000.0,5.0,0.0,0.0487,0.0487,0.0487,0.0487,2.2307,0.012046,0.019407,0.012046,2.2307,0.0001048,0.019407,0.0001048,0.0,0.0,0.0,0.0,2.154e-10,0.0,0.0,0.0,0.001,0.0,0.0,0.0,0.0,0.001,2.154e-10,0.0
24444601.0,4995000000.0,5000000.0,5.0,0.0,0.0487,0.0487,0.0487,0.0487,2.2307,0.044614,0.0,0.044614,2.2307,0.0,0.0,0.0,0.0,0.0,0.0,0.0,4.642e-09,0.0,0.0,0.0,0.001,0.0,0.0,0.0,0.0,0.001,4.642e-09,0.0
24442220.0,4995000000.0,5000000.0,5.0,0.0,0.0487,0.0487,0.0487,0.0487,2.2307,0.012046,0.0,0.012046,2.2307,0.0,0.0,0.0,0.0,0.0,0.0,0.0,4.642e-05,0.0,0.0,0.0,4.642e-05,0.0,0.0,0.0,0.0,4.642e-05,4.642e-05,0.0
24446988.0,4995000000.0,5000000.0,5.0,0.0,0.0487,0.0487,0.0487,0.0487,2.2307,0.1644,0.0,0.1644,2.2307,0.0,0.0,0.0,0.0,0.0,0.0,0.0,1e-11,0.0,0.0,0.0,0.001,0.0,0.0,0.0,0.0,0.001,1e-11,0.0
24443699.0,4995000000.0,5000000.0,5.0,0.0,0.0487,0.0487,0.0487,0.0487,2.2307,0.012046,0.019407,0.012046,2.2307,1.1017e-05,0.019407,1.1017e-05,0.0,0.0,0.0,0.0,1e-11,0.0,0.0,0.0,1e-11,0.0,0.0,0.0,0.0,1e-11,1e-11,0.0
24447162.0,4995000000.0,5000000.0,5.0,0.0,0.0487,0.0487,0.0487,0.0487,2.2307,0.1644,0.0,0.1644,2.2307,0.00015036,0.0,0.00015036,0.0,0.0,0.0,0.0,2.154e-06,0.0,0.0,0.0,4.642e-05,0.0,0.0,0.0,0.0,4.642e-05,2.154e-06,0.0
24445239.0,4995000000.0,5000000.0,5.0,0.0,0.0487,0.0487,0.0487,0.0487,2.2307,0.044614,2.2307e-05,0.044614,2.2307,0.035691,2.2307e-05,0.035691,0.0,0.0,0.0,0.0,1e-07,0.0,0.0,0.0,1e-11,0.0,0.0,0.0,0.0,1e-11,1e-07,0.0
24442778.0,4995000000.0,5000000.0,5.0,0.0,0.0487,0.0487,0.0487,0.0487,2.2307,0.012046,2.2307e-05,0.012046,2.2307,0.0010082,2.2307e-05,0.0010082,0.0,0.0,0.0,0.0,2.154e-10,0.0,0.0,0.0,1e-07,0.0,0.0,0.0,0.0,1e-07,2.154e-10,0.0
24442332.0,4995000000.0,5000000.0,5.0,0.0,0.0487,0.0487,0.0487,0.0487,2.2307,0.012046,0.0,0.012046,2.2307,1.1017e-05,0.0,1.1017e-05,0.0,0.0,0.0,0.0,1e-11,0.0,0.0,0.0,4.642e-05,0.0,0.0,0.0,0.0,4.642e-05,1e-11,0.0
24445784.0,4995000000.0,5000000.0,5.0,0.0,0.0487,0.0487,0.0487,0.0487,2.2307,0.044614,0.0020402,0.044614,2.2307,4.0804e-05,0.0020402,4.0804e-05,0.0,0.0,0.0,0.0,1e-07,0.0,0.0,0.0,0.001,0.0,0.0,0.0,0.0,0.001,1e-07,0.0
24447351.0,4995000000.0,5000000.0,5.0,0.0,0.0487,0.0487,0.0487,0.0487,2.2307,0.1644,2.2307e-05,0.1644,2.2307,0.0,2.2307e-05,0.0,0.0,0.0,0.0,0.0,1e-07,0.0,0.0,0.0,4.642e-05,0.0,0.0,0.0,0.0,4.642e-05,1e-07,0.0
24447768.0,4995000000.0,5000000.0,5.0,0.0,0.0487,0.0487,0.0487,0.0487,2.2307,0.1644,0.00021333,0.1644,2.2307,1.5722e-05,0.00021333,1.5722e-05,0.0,0.0,0.0,0.0,1e-11,0.0,0.0,0.0,4.642e-09,0.0,0.0,0.0,0.0,4.642e-09,1e-11,0.0
24446270.0,4995000000.0,5000000.0,5.0,0.0,0.0487,0.0487,0.0487,0.0487,2.2307,0.044614,0.019407,0.044614,2.2307,0.035691,0.019407,0.035691,0.0,0.0,0.0,0.0,1e-07,0.0,0.0,0.0,4.642e-09,0.0,0.0,0.0,0.0,4.642e-09,1e-07,0.0
24445995.0,4995000000.0,5000000.0,5.0,0.0,0.0487,0.0487,0.0487,0.0487,2.2307,0.044614,0.019407,0.044614,2.2307,0.0,0.019407,0.0,0.0,0.0,0.0,0.0,0.001,0.0,0.0,0.0,1e-11,0.0,0.0,0.0,0.0,1e-11,0.001,0.0
24445696.0,4995000000.0,5000000.0,5.0,0.0,0.0487,0.0487,0.0487,0.0487,2.2307,0.044614,0.0020402,0.044614,2.2307,4.4614e-07,0.0020402,4.4614e-07,0.0,0.0,0.0,0.0,4.642e-05,0.0,0.0,0.0,4.642e-09,0.0,0.0,0.0,0.0,4.642e-09,4.642e-05,0.0
24445772.0,4995000000.0,5000000.0,5.0,0.0,0.0487,0.0487,0.0487,0.0487,2.2307,0.044614,0.0020402,0.044614,2.2307,4.0804e-05,0.0020402,4.0804e-05,0.0,0.0,0.0,0.0,4.642e-09,0.0,0.0,0.0,2.154e-10,0.0,0.0,0.0,0.0,2.154e-10,4.642e-09,0.0
24446062.0,4995000000.0,5000000.0,5.0,0.0,0.0487,0.0487,0.0487,0.0487,2.2307,0.044614,0.019407,0.044614,2.2307,4.2666e-06,0.019407,4.2666e-06,0.0,0.0,0.0,0.0,2.154e-10,0.0,0.0,0.0,2.154e-06,0.0,0.0,0.0,0.0,2.154e-06,2.154e-10,0.0
24443213.0,4995000000.0,5000000.0,5.0,0.0,0.0487,0.0487,0.0487,0.0487,2.2307,0.012046,0.0020402,0.012046,2.2307,0.0,0.0020402,0.0,0.0,0.0,0.0,0.0,1e-11,0.0,0.0,0.0,2.154e-06,0.0,0.0,0.0,0.0,2.154e-06,1e-11,0.0
24449389.0,4995000000.0,5000000.0,5.0,0.0,0.0487,0.0487,0.0487,0.0487,2.2307,0.60541,0.0,0.60541,2.2307,0.0,0.0,0.0,0.0,0.0,0.0,0.0,1e-11,0.0,0.0,0.0,0.001,0.0,0.0,0.0,0.0,0.001,1e-11,0.0
24443330.0,4995000000.0,5000000.0,5.0,0.0,0.0487,0.0487,0.0487,0.0487,2.2307,0.012046,0.0020402,0.012046,2.2307,1.152e-06,0.0020402,1.152e-06,0.0,0.0,0.0,0.0,1e-07,0.0,0.0,0.0,4.642e-09,0.0,0.0,0.0,0.0,4.642e-09,1e-07,0.0
24446096.0,4995000000.0,5000000.0,5.0,0.0,0.0487,0.0487,0.0487,0.0487,2.2307,0.044614,0.019407,0.044614,2.2307,4.2666e-06,0.019407,4.2666e-06,0.0,0.0,0.0,0.0,0.001,0.0,0.0,0.0,1e-07,0.0,0.0,0.0,0.0,1e-07,0.001,0.0
24443621.0,4995000000.0,5000000.0,5.0,0.0,0.0487,0.0487,0.0487,0.0487,2.2307,0.012046,0.019407,0.012046,2.2307,1.2046e-07,0.019407,1.2046e-07,0.0,0.0,0.0,0.0,4.642e-09,0.0,0.0,0.0,0.001,0.0,0.0,0.0,0.0,0.001,4.642e-09,0.0
24444781.0,4995000000.0,5000000.0,5.0,0.0,0.0487,0.0487,0.0487,0.0487,2.2307,0.044614,0.0,0.044614,2.2307,0.00038814,0.0,0.00038814,0.0,0.0,0.0,0.0,1e-11,0.0,0.0,0.0,2.154e-06,0.0,0.0,0.0,0.0,2.154e-06,1e-11,0.0
24444761.0,4995000000.0,5000000.0,5.0,0.0,0.0487,0.0487,0.0487,0.0487,2.2307,0.044614,0.0,0.044614,2.2307,4.0804e-05,0.0,4.0804e-05,0.0,0.0,0.0,0.0,2.154e-06,0.0,0.0,0.0,4.642e-05,0.0,0.0,0.0,0.0,4.642e-05,2.154e-06,0.0
24447916.0,4995000000.0,5000000.0,5.0,0.0,0.0487,0.0487,0.0487,0.0487,2.2307,0.1644,0.00021333,0.1644,2.2307,0.01376,0.00021333,0.01376,0.0,0.0,0.0,0.0,1e-11,0.0,0.0,0.0,1e-07,0.0,0.0,0.0,0.0,1e-07,1e-11,0.0
24449422.0,4995000000.0,5000000.0,5.0,0.0,0.0487,0.0487,0.0487,0.0487,2.2307,0.60541,0.0,0.60541,2.2307,0.0,0.0,0.0,0.0,0.0,0.0,0.0,4.642e-05,0.0,0.0,0.0,2.154e-06,0.0,0.0,0.0,0.0,2.154e-06,4.642e-05,0.0
24448066.0,4995000000.0,5000000.0,5.0,0.0,0.0487,0.0487,0.0487,0.0487,2.2307,0.1644,0.0020402,0.1644,2.2307,1.644e-06,0.0020402,1.644e-06,0.0,0.0,0.0,0.0,1e-11,0.0,0.0,0.0,0.001,0.0,0.0,0.0,0.0,0.001,1e-11,0.0
24445803.0,4995000000.0,5000000.0,5.0,0.0,0.0487,0.0487,0.0487,0.0487,2.2307,0.044614,0.0020402,0.044614,2.2307,4.0804e-05,0.0020402,4.0804e-05,0.0,0.0,0.0,0.0,0.001,0.0,0.0,0.0,2.154e-06,0.0,0.0,0.0,0.0,2.154e-06,0.001,0.0
24447810.0,4995000000.0,5000000.0,5.0,0.0,0.0487,0.0487,0.0487,0.0487,2.2307,0.1644,0.00021333,0.1644,2.2307,1.5722e-05,0.00021333,1.5722e-05,0.0,0.0,0.0,0.0,0.001,0.0,0.0,0.0,4.642e-09,0.0,0.0,0.0,0.0,4.642e-09,0.001,0.0
24447434.0,4995000000.0,5000000.0,5.0,0.0,0.0487,0.0487,0.0487,0.0487,2.2307,0.1644,2.2307e-05,0.1644,2.2307,1.5722e-05,2.2307e-05,1.5722e-05,0.0,0.0,0.0,0.0,2.154e-10,0.0,0.0,0.0,2.154e-06,0.0,0.0,0.0,0.0,2.154e-06,2.154e-10,0.0
24443496.0,4995000000.0,5000000.0,5.0,0.0,0.0487,0.0487,0.0487,0.0487,2.2307,0.012046,0.0020402,0.012046,2.2307,0.0010082,0.0020402,0.0010082,0.0,0.0,0.0,0.0,0.001,0.0,0.0,0.0,1e-11,0.0,0.0,0.0,0.0,1e-11,0.001,0.0
24448449.0,4995000000.0,5000000.0,5.0,0.0,0.0487,0.0487,0.0487,0.0487,2.2307,0.1644,0.019407,0.1644,2.2307,1.644e-06,0.019407,1.644e-06,0.0,0.0,0.0,0.0,0.001,0.0,0.0,0.0,2.154e-06,0.0,0.0,0.0,0.0,2.154e-06,0.001,0.0
24445191.0,4995000000.0,5000000.0,5.0,0.0,0.0487,0.0487,0.0487,0.0487,2.2307,0.044614,2.2307e-05,0.044614,2.2307,0.0037342,2.2307e-05,0.0037342,0.0,0.0,0.0,0.0,1e-07,0.0,0.0,0.0,2.154e-10,0.0,0.0,0.0,0.0,2.154e-10,1e-07,0.0
24443178.0,4995000000.0,5000000.0,5.0,0.0,0.0487,0.0487,0.0487,0.0487,2.2307,0.012046,0.00021333,0.012046,2.2307,0.0096365,0.00021333,0.0096365,0.0,0.0,0.0,0.0,4.642e-09,0.0,0.0,0.0,2.154e-06,0.0,0.0,0.0,0.0,2.154e-06,4.642e-09,0.0
24448017.0,4995000000.0,5000000.0,5.0,0.0,0.0487,0.0487,0.0487,0.0487,2.2307,0.1644,0.0020402,0.1644,2.2307,0.0,0.0020402,0.0,0.0,0.0,0.0,0.0,1e-11,0.0,0.0,0.0,0.001,0.0,0.0,0.0,0.0,0.001,1e-11,0.0
24445459.0,4995000000.0,5000000.0,5.0,0.0,0.0487,0.0487,0.0487,0.0487,2.2307,0.044614,0.00021333,0.044614,2.2307,4.0804e-05,0.00021333,4.0804e-05,0.0,0.0,0.0,0.0,0.001,0.0,0.0,0.0,1e-07,0.0,0.0,0.0,0.0,1e-07,0.001,0.0
24443777.0,4995000000.0,5000000.0,5.0,0.0,0.0487,0.0487,0.0487,0.0487,2.2307,0.012046,0.019407,0.012046,2.2307,0.0001048,0.019407,0.0001048,0.0,0.0,0.0,0.0,2.154e-06,0.0,0.0,0.0,2.154e-10,0.0,0.0,0.0,0.0,2.154e-10,2.154e-06,0.0
24444757.0,4995000000.0,5000000.0,5.0,0.0,0.0487,0.0487,0.0487,0.0487,2.2307,0.044614,0.0,0.044614,2.2307,4.0804e-05,0.0,4.0804e-05,0.0,0.0,0.0,0.0,2.154e-06,0.0,0.0,0.0,2.154e-10,0.0,0.0,0.0,0.0,2.154e-10,2.154e-06,0.0
24446064.0,4995000000.0,5000000.0,5.0,0.0,0.0487,0.0487,0.0487,0.0487,2.2307,0.044614,0.019407,0.044614,2.2307,4.2666e-06,0.019407,4.2666e-06,0.0,0.0,0.0,0.0,2.154e-10,0.0,0.0,0.0,0.001,0.0,0.0,0.0,0.0,0.001,2.154e-10,0.0
24445430.0,4995000000.0,5000000.0,5.0,0.0,0.0487,0.0487,0.0487,0.0487,2.2307,0.044614,0.00021333,0.044614,2.2307,4.0804e-05,0.00021333,4.0804e-05,0.0,0.0,0.0,0.0,4.642e-09,0.0,0.0,0.0,4.642e-09,0.0,0.0,0.0,0.0,4.642e-09,4.642e-09,0.0
24442859.0,4995000000.0,5000000.0,5.0,0.0,0.0487,0.0487,0.0487,0.0487,2.2307,0.012046,2.2307e-05,0.012046,2.2307,0.0096365,2.2307e-05,0.0096365,0.0,0.0,0.0,0.0,0.001,0.0,0.0,0.0,1e-11,0.0,0.0,0.0,0.0,1e-11,0.001,0.0
24443676.0,4995000000.0,5000000.0,5.0,0.0,0.0487,0.0487,0.0487,0.0487,2.2307,0.012046,0.019407,0.012046,2.2307,1.152e-06,0.019407,1.152e-06,0.0,0.0,0.0,0.0,1e-07,0.0,0.0,0.0,4.642e-05,0.0,0.0,0.0,0.0,4.642e-05,1e-07,0.0
24445285.0,4995000000.0,5000000.0,5.0,0.0,0.0487,0.0487,0.0487,0.0487,2.2307,0.044614,0.00021333,0.044614,2.2307,0.0,0.00021333,0.0,0.0,0.0,0.0,0.0,4.642e-09,0.0,0.0,0.0,2.154e-06,0.0,0.0,0.0,0.0,2.154e-06,4.642e-09,0.0
24443606.0,4995000000.0,5000000.0,5.0,0.0,0.0487,0.0487,0.0487,0.0487,2.2307,0.012046,0.019407,0.012046,2.2307,1.2046e-07,0.019407,1.2046e-07,0.0,0.0,0.0,0.0,1e-11,0.0,0.0,0.0,4.642e-05,0.0,0.0,0.0,0.0,4.642e-05,1e-11,0.0
24443809.0,4995000000.0,5000000.0,5.0,0.0,0.0487,0.0487,0.0487,0.0487,2.2307,0.012046,0.019407,0.012046,2.2307,0.0010082,0.019407,0.0010082,0.0,0.0,0.0,0.0,2.154e-10,0.0,0.0,0.0,4.642e-05,0.0,0.0,0.0,0.0,4.642e-05,2.154e-10,0.0
24449752.0,4995000000.0,5000000.0,5.0,0.0,0.0487,0.0487,0.0487,0.0487,2.2307,0.60541,2.2307e-05,0.60541,2.2307,0.0,2.2307e-05,0.0,0.0,0.0,0.0,0.0,1e-07,0.0,0.0,0.0,4.642e-05,0.0,0.0,0.0,0.0,4.642e-05,1e-07,0.0
24445846.0,4995000000.0,5000000.0,5.0,0.0,0.0487,0.0487,0.0487,0.0487,2.2307,0.044614,0.0020402,0.044614,2.2307,0.00038814,0.0020402,0.00038814,0.0,0.0,0.0,0.0,4.642e-05,0.0,0.0,0.0,4.642e-05,0.0,0.0,0.0,0.0,4.642e-05,4.642e-05,0.0
24442828.0,4995000000.0,5000000.0,5.0,0.0,0.0487,0.0487,0.0487,0.0487,2.2307,0.012046,2.2307e-05,0.012046,2.2307,0.0096365,2.2307e-05,0.0096365,0.0,0.0,0.0,0.0,2.154e-10,0.0,0.0,0.0,2.154e-06,0.0,0.0,0.0,0.0,2.154e-06,2.154e-10,0.0
24443227.0,4995000000.0,5000000.0,5.0,0.0,0.0487,0.0487,0.0487,0.0487,2.2307,0.012046,0.0020402,0.012046,2.2307,0.0,0.0020402,0.0,0.0,0.0,0.0,0.0,4.642e-09,0.0,0.0,0.0,2.154e-06,0.0,0.0,0.0,0.0,2.154e-06,4.642e-09,0.0
24443588.0,4995000000.0,5000000.0,5.0,0.0,0.0487,0.0487,0.0487,0.0487,2.2307,0.012046,0.019407,0.012046,2.2307,0.0,0.019407,0.0,0.0,0.0,0.0,0.0,4.642e-05,0.0,0.0,0.0,2.154e-10,0.0,0.0,0.0,0.0,2.154e-10,4.642e-05,0.0
24445249.0,4995000000.0,5000000.0,5.0,0.0,0.0487,0.0487,0.0487,0.0487,2.2307,0.044614,2.2307e-05,0.044614,2.2307,0.035691,2.2307e-05,0.035691,0.0,0.0,0.0,0.0,2.154e-06,0.0,0.0,0.0,1e-07,0.0,0.0,0.0,0.0,1e-07,2.154e-06,0.0
24442628.0,4995000000.0,5000000.0,5.0,0.0,0.0487,0.0487,0.0487,0.0487,2.2307,0.012046,2.2307e-05,0.012046,2.2307,1.152e-06,2.2307e-05,1.152e-06,0.0,0.0,0.0,0.0,2.154e-10,0.0,0.0,0.0,1e-11,0.0,0.0,0.0,0.0,1e-11,2.154e-10,0.0
24445216.0,4995000000.0,5000000.0,5.0,0.0,0.0487,0.0487,0.0487,0.0487,2.2307,0.044614,2.2307e-05,0.044614,2.2307,0.0037342,2.2307e-05,0.0037342,0.0,0.0,0.0,0.0,0.001,0.0,0.0,0.0,4.642e-05,0.0,0.0,0.0,0.0,4.642e-05,0.001,0.0
24444586.0,4995000000.0,5000000.0,5.0,0.0,0.0487,0.0487,0.0487,0.0487,2.2307,0.044614,0.0,0.044614,2.2307,0.0,0.0,0.0,0.0,0.0,0.0,0.0,1e-11,0.0,0.0,0.0,4.642e-05,0.0,0.0,0.0,0.0,4.642e-05,1e-11,0.0
24447716.0,4995000000.0,5000000.0,5.0,0.0,0.0487,0.0487,0.0487,0.0487,2.2307,0.1644,0.00021333,0.1644,2.2307,0.0,0.00021333,0.0,0.0,0.0,0.0,0.0,0.001,0.0,0.0,0.0,0.001,0.0,0.0,0.0,0.0,0.001,0.001,0.0
24444843.0,4995000000.0,5000000.0,5.0,0.0,0.0487,0.0487,0.0487,0.0487,2.2307,0.044614,0.0,0.044614,2.2307,0.0037342,0.0,0.0037342,0.0,0.0,0.0,0.0,4.642e-09,0.0,0.0,0.0,1e-07,0.0,0.0,0.0,0.0,1e-07,4.642e-09,0.0
24442607.0,4995000000.0,5000000.0,5.0,0.0,0.0487,0.0487,0.0487,0.0487,2.2307,0.012046,2.2307e-05,0.012046,2.2307,1.2046e-07,2.2307e-05,1.2046e-07,0.0,0.0,0.0,0.0,4.642e-05,0.0,0.0,0.0,1e-11,0.0,0.0,0.0,0.0,1e-11,4.642e-05,0.0
24447590.0,4995000000.0,5000000.0,5.0,0.0,0.0487,0.0487,0.0487,0.0487,2.2307,0.1644,2.2307e-05,0.1644,2.2307,0.01376,2.2307e-05,0.01376,0.0,0.0,0.0,0.0,4.642e-09,0.0,0.0,0.0,0.001,0.0,0.0,0.0,0.0,0.001,4.642e-09,0.0
24442536.0,4995000000.0,5000000.0,5.0,0.0,0.0487,0.0487,0.0487,0.0487,2.2307,0.012046,2.2307e-05,0.012046,2.2307,0.0,2.2307e-05,0.0,0.0,0.0,0.0,0.0,2.154e-10,0.0,0.0,0.0,0.001,0.0,0.0,0.0,0.0,0.001,2.154e-10,0.0
24447516.0,4995000000.0,5000000.0,5.0,0.0,0.0487,0.0487,0.0487,0.0487,2.2307,0.1644,2.2307e-05,0.1644,2.2307,0.00015036,2.2307e-05,0.00015036,0.0,0.0,0.0,0.0,0.001,0.0,0.0,0.0,4.642e-09,0.0,0.0,0.0,0.0,4.642e-09,0.001,0.0
24442466.0,4995000000.0,5000000.0,5.0,0.0,0.0487,0.0487,0.0487,0.0487,2.2307,0.012046,0.0,0.012046,2.2307,0.0010082,0.0,0.0010082,0.0,0.0,0.0,0.0,4.642e-05,0.0,0.0,0.0,0.001,0.0,0.0,0.0,0.0,0.001,4.642e-05,0.0
24446286.0,4995000000.0,5000000.0,5.0,0.0,0.0487,0.0487,0.0487,0.0487,2.2307,0.044614,0.019407,0.044614,2.2307,0.035691,0.019407,0.035691,0.0,0.0,0.0,0.0,4.642e-05,0.0,0.0,0.0,2.154e-06,0.0,0.0,0.0,0.0,2.154e-06,4.642e-05,0.0
24445472.0,4995000000.0,5000000.0,5.0,0.0,0.0487,0.0487,0.0487,0.0487,2.2307,0.044614,0.00021333,0.044614,2.2307,0.00038814,0.00021333,0.00038814,0.0,0.0,0.0,0.0,2.154e-10,0.0,0.0,0.0,4.642e-09,0.0,0.0,0.0,0.0,4.642e-09,2.154e-10,0.0
24448380.0,4995000000.0,5000000.0,5.0,0.0,0.0487,0.0487,0.0487,0.0487,2.2307,0.1644,0.019407,0.1644,2.2307,0.0,0.019407,0.0,0.0,0.0,0.0,0.0,1e-07,0.0,0.0,0.0,4.642e-05,0.0,0.0,0.0,0.0,4.642e-05,1e-07,0.0
24442313.0,4995000000.0,5000000.0,5.0,0.0,0.0487,0.0487,0.0487,0.0487,2.2307,0.012046,0.0,0.012046,2.2307,1.152e-06,0.0,1.152e-06,0.0,0.0,0.0,0.0,4.642e-05,0.0,0.0,0.0,1e-11,0.0,0.0,0.0,0.0,1e-11,4.642e-05,0.0
24447078.0,4995000000.0,5000000.0,5.0,0.0,0.0487,0.0487,0.0487,0.0487,2.2307,0.1644,0.0,0.1644,2.2307,1.644e-06,0.0,1.644e-06,0.0,0.0,0.0,0.0,0.001,0.0,0.0,0.0,4.642e-05,0.0,0.0,0.0,0.0,4.642e-05,0.001,0.0
24445128.0,4995000000.0,5000000.0,5.0,0.0,0.0487,0.0487,0.0487,0.0487,2.2307,0.044614,2.2307e-05,0.044614,2.2307,0.00038814,2.2307e-05,0.00038814,0.0,0.0,0.0,0.0,2.154e-10,0.0,0.0,0.0,2.154e-10,0.0,0.0,0.0,0.0,2.154e-10,2.154e-10,0.0
24442766.0,4995000000.0,5000000.0,5.0,0.0,0.0487,0.0487,0.0487,0.0487,2.2307,0.012046,2.2307e-05,0.012046,2.2307,0.0001048,2.2307e-05,0.0001048,0.0,0.0,0.0,0.0,0.001,0.0,0.0,0.0,4.642e-05,0.0,0.0,0.0,0.0,4.642e-05,0.001,0.0
24448282.0,4995000000.0,5000000.0,5.0,0.0,0.0487,0.0487,0.0487,0.0487,2.2307,0.1644,0.0020402,0.1644,2.2307,0.01376,0.0020402,0.01376,0.0,0.0,0.0,0.0,1e-07,0.0,0.0,0.0,4.642e-05,0.0,0.0,0.0,0.0,4.642e-05,1e-07,0.0
24442833.0,4995000000.0,5000000.0,5.0,0.0,0.0487,0.0487,0.0487,0.0487,2.2307,0.012046,2.2307e-05,0.012046,2.2307,0.0096365,2.2307e-05,0.0096365,0.0,0.0,0.0,0.0,4.642e-09,0.0,0.0,0.0,4.642e-09,0.0,0.0,0.0,0.0,4.642e-09,4.642e-09,0.0
24447419.0,4995000000.0,5000000.0,5.0,0.0,0.0487,0.0487,0.0487,0.0487,2.2307,0.1644,2.2307e-05,0.1644,2.2307,1.644e-06,2.2307e-05,1.644e-06,0.0,0.0,0.0,0.0,0.001,0.0,0.0,0.0,1e-07,0.0,0.0,0.0,0.0,1e-07,0.001,0.0
24457843.0,4995000000.0,5000000.0,5.0,0.0,0.0487,0.0487,0.0487,0.0487,21.428,0.032142,0.019598,0.032142,21.428,0.00027964,0.019598,0.00027964,0.0,0.0,0.0,0.0,2.154e-06,0.0,0.0,0.0,2.154e-06,0.0,0.0,0.0,0.0,2.154e-06,2.154e-06,0.0
24459195.0,4995000000.0,5000000.0,5.0,0.0,0.0487,0.0487,0.0487,0.0487,21.428,0.11571,0.0,0.11571,21.428,0.0010067,0.0,0.0010067,0.0,0.0,0.0,0.0,2.154e-10,0.0,0.0,0.0,4.642e-05,0.0,0.0,0.0,0.0,4.642e-05,2.154e-10,0.0
24459852.0,4995000000.0,5000000.0,5.0,0.0,0.0487,0.0487,0.0487,0.0487,21.428,0.11571,0.0020493,0.11571,21.428,0.00010583,0.0020493,0.00010583,0.0,0.0,0.0,0.0,2.154e-06,0.0,0.0,0.0,2.154e-06,0.0,0.0,0.0,0.0,2.154e-06,2.154e-06,0.0
24459262.0,4995000000.0,5000000.0,5.0,0.0,0.0487,0.0487,0.0487,0.0487,21.428,0.11571,0.0,0.11571,21.428,0.009685,0.0,0.009685,0.0,0.0,0.0,0.0,2.154e-06,0.0,0.0,0.0,4.642e-09,0.0,0.0,0.0,0.0,4.642e-09,2.154e-06,0.0
24456869.0,4995000000.0,5000000.0,5.0,0.0,0.0487,0.0487,0.0487,0.0487,21.428,0.032142,0.0,0.032142,21.428,0.0026903,0.0,0.0026903,0.0,0.0,0.0,0.0,4.642e-05,0.0,0.0,0.0,1e-07,0.0,0.0,0.0,0.0,1e-07,4.642e-05,0.0
24456985.0,4995000000.0,5000000.0,5.0,0.0,0.0487,0.0487,0.0487,0.0487,21.428,0.032142,0.00021428,0.032142,21.428,3.2142e-07,0.00021428,3.2142e-07,0.0,0.0,0.0,0.0,2.154e-10,0.0,0.0,0.0,1e-11,0.0,0.0,0.0,0.0,1e-11,2.154e-10,0.0
24457933.0,4995000000.0,5000000.0,5.0,0.0,0.0487,0.0487,0.0487,0.0487,21.428,0.032142,0.019598,0.032142,21.428,0.025714,0.019598,0.025714,0.0,0.0,0.0,0.0,1e-07,0.0,0.0,0.0,1e-07,0.0,0.0,0.0,0.0,1e-07,1e-07,0.0
24459837.0,4995000000.0,5000000.0,5.0,0.0,0.0487,0.0487,0.0487,0.0487,21.428,0.11571,0.0020493,0.11571,21.428,0.00010583,0.0020493,0.00010583,0.0,0.0,0.0,0.0,4.642e-09,0.0,0.0,0.0,1e-07,0.0,0.0,0.0,0.0,1e-07,4.642e-09,0.0
24456670.0,4995000000.0,5000000.0,5.0,0.0,0.0487,0.0487,0.0487,0.0487,21.428,0.032142,0.0,0.032142,21.428,3.2142e-07,0.0,3.2142e-07,0.0,0.0,0.0,0.0,4.642e-05,0.0,0.0,0.0,1e-11,0.0,0.0,0.0,0.0,1e-11,4.642e-05,0.0
24457479.0,4995000000.0,5000000.0,5.0,0.0,0.0487,0.0487,0.0487,0.0487,21.428,0.032142,0.0020493,0.032142,21.428,0.00027964,0.0020493,0.00027964,0.0,0.0,0.0,0.0,2.154e-10,0.0,0.0,0.0,2.154e-06,0.0,0.0,0.0,0.0,2.154e-06,2.154e-10,0.0
24459005.0,4995000000.0,5000000.0,5.0,0.0,0.0487,0.0487,0.0487,0.0487,21.428,0.11571,0.0,0.11571,21.428,0.0,0.0,0.0,0.0,0.0,0.0,0.0,4.642e-09,0.0,0.0,0.0,2.154e-06,0.0,0.0,0.0,0.0,2.154e-06,4.642e-09,0.0
24457887.0,4995000000.0,5000000.0,5.0,0.0,0.0487,0.0487,0.0487,0.0487,21.428,0.032142,0.019598,0.032142,21.428,0.0026903,0.019598,0.0026903,0.0,0.0,0.0,0.0,1e-07,0.0,0.0,0.0,0.001,0.0,0.0,0.0,0.0,0.001,1e-07,0.0
24450423.0,4995000000.0,5000000.0,5.0,0.0,0.0487,0.0487,0.0487,0.0487,2.2307,0.60541,0.0020402,0.60541,2.2307,0.0,0.0020402,0.0,0.0,0.0,0.0,0.0,2.154e-10,0.0,0.0,0.0,2.154e-06,0.0,0.0,0.0,0.0,2.154e-06,2.154e-10,0.0
24459021.0,4995000000.0,5000000.0,5.0,0.0,0.0487,0.0487,0.0487,0.0487,21.428,0.11571,0.0,0.11571,21.428,0.0,0.0,0.0,0.0,0.0,0.0,0.0,2.154e-06,0.0,0.0,0.0,0.001,0.0,0.0,0.0,0.0,0.001,2.154e-06,0.0
24452489.0,4995000000.0,5000000.0,5.0,0.0,0.0487,0.0487,0.0487,0.0487,2.2307,2.2307,0.00021333,2.2307,2.2307,0.0,0.00021333,0.0,0.0,0.0,0.0,0.0,4.642e-09,0.0,0.0,0.0,4.642e-05,0.0,0.0,0.0,0.0,4.642e-05,4.642e-09,0.0
24452902.0,4995000000.0,5000000.0,5.0,0.0,0.0487,0.0487,0.0487,0.0487,2.2307,2.2307,0.0020402,2.2307,2.2307,2.2307e-05,0.0020402,2.2307e-05,0.0,0.0,0.0,0.0,4.642e-05,0.0,0.0,0.0,4.642e-05,0.0,0.0,0.0,0.0,4.642e-05,4.642e-05,0.0
24457924.0,4995000000.0,5000000.0,5.0,0.0,0.0487,0.0487,0.0487,0.0487,21.428,0.032142,0.019598,0.032142,21.428,0.025714,0.019598,0.025714,0.0,0.0,0.0,0.0,4.642e-09,0.0,0.0,0.0,2.154e-10,0.0,0.0,0.0,0.0,2.154e-10,4.642e-09,0.0
24459731.0,4995000000.0,5000000.0,5.0,0.0,0.0487,0.0487,0.0487,0.0487,21.428,0.11571,0.0020493,0.11571,21.428,1.1571e-06,0.0020493,1.1571e-06,0.0,0.0,0.0,0.0,2.154e-10,0.0,0.0,0.0,4.642e-09,0.0,0.0,0.0,0.0,4.642e-09,2.154e-10,0.0
24459945.0,4995000000.0,5000000.0,5.0,0.0,0.0487,0.0487,0.0487,0.0487,21.428,0.11571,0.0020493,0.11571,21.428,0.009685,0.0020493,0.009685,0.0,0.0,0.0,0.0,1e-07,0.0,0.0,0.0,0.001,0.0,0.0,0.0,0.0,0.001,1e-07,0.0
24457080.0,4995000000.0,5000000.0,5.0,0.0,0.0487,0.0487,0.0487,0.0487,21.428,0.032142,0.00021428,0.032142,21.428,2.9397e-05,0.00021428,2.9397e-05,0.0,0.0,0.0,0.0,1e-11,0.0,0.0,0.0,2.154e-06,0.0,0.0,0.0,0.0,2.154e-06,1e-11,0.0
24459446.0,4995000000.0,5000000.0,5.0,0.0,0.0487,0.0487,0.0487,0.0487,21.428,0.11571,0.00021428,0.11571,21.428,1.1066e-05,0.00021428,1.1066e-05,0.0,0.0,0.0,0.0,4.642e-09,0.0,0.0,0.0,2.154e-06,0.0,0.0,0.0,0.0,2.154e-06,4.642e-09,0.0
24456813.0,4995000000.0,5000000.0,5.0,0.0,0.0487,0.0487,0.0487,0.0487,21.428,0.032142,0.0,0.032142,21.428,0.00027964,0.0,0.00027964,0.0,0.0,0.0,0.0,2.154e-06,0.0,0.0,0.0,1e-07,0.0,0.0,0.0,0.0,1e-07,2.154e-06,0.0
24452273.0,4995000000.0,5000000.0,5.0,0.0,0.0487,0.0487,0.0487,0.0487,2.2307,2.2307,2.2307e-05,2.2307,2.2307,0.00021333,2.2307e-05,0.00021333,0.0,0.0,0.0,0.0,0.001,0.0,0.0,0.0,0.001,0.0,0.0,0.0,0.0,0.001,0.001,0.0
24457528.0,4995000000.0,5000000.0,5.0,0.0,0.0487,0.0487,0.0487,0.0487,21.428,0.032142,0.0020493,0.032142,21.428,0.0026903,0.0020493,0.0026903,0.0,0.0,0.0,0.0,2.154e-10,0.0,0.0,0.0,2.154e-06,0.0,0.0,0.0,0.0,2.154e-06,2.154e-10,0.0
24457854.0,4995000000.0,5000000.0,5.0,0.0,0.0487,0.0487,0.0487,0.0487,21.428,0.032142,0.019598,0.032142,21.428,0.00027964,0.019598,0.00027964,0.0,0.0,0.0,0.0,0.001,0.0,0.0,0.0,2.154e-10,0.0,0.0,0.0,0.0,2.154e-10,0.001,0.0
24459475.0,4995000000.0,5000000.0,5.0,0.0,0.0487,0.0487,0.0487,0.0487,21.428,0.11571,0.00021428,0.11571,21.428,1.1066e-05,0.00021428,1.1066e-05,0.0,0.0,0.0,0.0,0.001,0.0,0.0,0.0,4.642e-05,0.0,0.0,0.0,0.0,4.642e-05,0.001,0.0
24450309.0,4995000000.0,5000000.0,5.0,0.0,0.0487,0.0487,0.0487,0.0487,2.2307,0.60541,0.00021333,0.60541,2.2307,0.005267,0.00021333,0.005267,0.0,0.0,0.0,0.0,0.001,0.0,0.0,0.0,4.642e-09,0.0,0.0,0.0,0.0,4.642e-09,0.001,0.0
24452966.0,4995000000.0,5000000.0,5.0,0.0,0.0487,0.0487,0.0487,0.0487,2.2307,2.2307,0.0020402,2.2307,2.2307,0.0020402,0.0020402,0.0020402,0.0,0.0,0.0,0.0,1e-11,0.0,0.0,0.0,0.001,0.0,0.0,0.0,0.0,0.001,1e-11,0.0
24457893.0,4995000000.0,5000000.0,5.0,0.0,0.0487,0.0487,0.0487,0.0487,21.428,0.032142,0.019598,0.032142,21.428,0.0026903,0.019598,0.0026903,0.0,0.0,0.0,0.0,2.154e-06,0.0,0.0,0.0,4.642e-05,0.0,0.0,0.0,0.0,4.642e-05,2.154e-06,0.0
24450311.0,4995000000.0,5000000.0,5.0,0.0,0.0487,0.0487,0.0487,0.0487,2.2307,0.60541,0.00021333,0.60541,2.2307,0.005267,0.00021333,0.005267,0.0,0.0,0.0,0.0,0.001,0.0,0.0,0.0,2.154e-06,0.0,0.0,0.0,0.0,2.154e-06,0.001,0.0
24456891.0,4995000000.0,5000000.0,5.0,0.0,0.0487,0.0487,0.0487,0.0487,21.428,0.032142,0.0,0.032142,21.428,0.025714,0.0,0.025714,0.0,0.0,0.0,0.0,2.154e-10,0.0,0.0,0.0,2.154e-06,0.0,0.0,0.0,0.0,2.154e-06,2.154e-10,0.0
24452818.0,4995000000.0,5000000.0,5.0,0.0,0.0487,0.0487,0.0487,0.0487,2.2307,2.2307,0.0020402,2.2307,2.2307,0.0,0.0020402,0.0,0.0,0.0,0.0,0.0,1e-11,0.0,0.0,0.0,4.642e-05,0.0,0.0,0.0,0.0,4.642e-05,1e-11,0.0
24456904.0,4995000000.0,5000000.0,5.0,0.0,0.0487,0.0487,0.0487,0.0487,21.428,0.032142,0.0,0.032142,21.428,0.025714,0.0,0.025714,0.0,0.0,0.0,0.0,1e-07,0.0,0.0,0.0,1e-07,0.0,0.0,0.0,0.0,1e-07,1e-07,0.0
24457437.0,4995000000.0,5000000.0,5.0,0.0,0.0487,0.0487,0.0487,0.0487,21.428,0.032142,0.0020493,0.032142,21.428,2.9397e-05,0.0020493,2.9397e-05,0.0,0.0,0.0,0.0,4.642e-09,0.0,0.0,0.0,2.154e-06,0.0,0.0,0.0,0.0,2.154e-06,4.642e-09,0.0
24459243.0,4995000000.0,5000000.0,5.0,0.0,0.0487,0.0487,0.0487,0.0487,21.428,0.11571,0.0,0.11571,21.428,0.009685,0.0,0.009685,0.0,0.0,0.0,0.0,2.154e-10,0.0,0.0,0.0,2.154e-06,0.0,0.0,0.0,0.0,2.154e-06,2.154e-10,0.0
24451866.0,4995000000.0,5000000.0,5.0,0.0,0.0487,0.0487,0.0487,0.0487,2.2307,2.2307,0.0,2.2307,2.2307,2.2307e-05,0.0,2.2307e-05,0.0,0.0,0.0,0.0,2.154e-06,0.0,0.0,0.0,4.642e-05,0.0,0.0,0.0,0.0,4.642e-05,2.154e-06,0.0
24456788.0,4995000000.0,5000000.0,5.0,0.0,0.0487,0.0487,0.0487,0.0487,21.428,0.032142,0.0,0.032142,21.428,0.00027964,0.0,0.00027964,0.0,0.0,0.0,0.0,1e-11,0.0,0.0,0.0,0.001,0.0,0.0,0.0,0.0,0.001,1e-11,0.0
24457005.0,4995000000.0,5000000.0,5.0,0.0,0.0487,0.0487,0.0487,0.0487,21.428,0.032142,0.00021428,0.032142,21.428,3.2142e-07,0.00021428,3.2142e-07,0.0,0.0,0.0,0.0,1e-07,0.0,0.0,0.0,0.001,0.0,0.0,0.0,0.0,0.001,1e-07,0.0
24452319.0,4995000000.0,5000000.0,5.0,0.0,0.0487,0.0487,0.0487,0.0487,2.2307,2.2307,2.2307e-05,2.2307,2.2307,0.0020402,2.2307e-05,0.0020402,0.0,0.0,0.0,0.0,0.001,0.0,0.0,0.0,1e-07,0.0,0.0,0.0,0.0,1e-07,0.001,0.0
24450851.0,4995000000.0,5000000.0,5.0,0.0,0.0487,0.0487,0.0487,0.0487,2.2307,0.60541,0.019407,0.60541,2.2307,6.0541e-06,0.019407,6.0541e-06,0.0,0.0,0.0,0.0,0.001,0.0,0.0,0.0,4.642e-05,0.0,0.0,0.0,0.0,4.642e-05,0.001,0.0
24457954.0,4995000000.0,5000000.0,5.0,0.0,0.0487,0.0487,0.0487,0.0487,21.428,0.032142,0.019598,0.032142,21.428,0.025714,0.019598,0.025714,0.0,0.0,0.0,0.0,0.001,0.0,0.0,0.0,1e-07,0.0,0.0,0.0,0.0,1e-07,0.001,0.0
24450295.0,4995000000.0,5000000.0,5.0,0.0,0.0487,0.0487,0.0487,0.0487,2.2307,0.60541,0.00021333,0.60541,2.2307,0.005267,0.00021333,0.005267,0.0,0.0,0.0,0.0,2.154e-06,0.0,0.0,0.0,4.642e-09,0.0,0.0,0.0,0.0,4.642e-09,2.154e-06,0.0
24452601.0,4995000000.0,5000000.0,5.0,0.0,0.0487,0.0487,0.0487,0.0487,2.2307,2.2307,0.00021333,2.2307,2.2307,0.00021333,0.00021333,0.00021333,0.0,0.0,0.0,0.0,2.154e-06,0.0,0.0,0.0,4.642e-05,0.0,0.0,0.0,0.0,4.642e-05,2.154e-06,0.0
24450198.0,4995000000.0,5000000.0,5.0,0.0,0.0487,0.0487,0.0487,0.0487,2.2307,0.60541,0.00021333,0.60541,2.2307,5.7898e-05,0.00021333,5.7898e-05,0.0,0.0,0.0,0.0,2.154e-06,0.0,0.0,0.0,1e-07,0.0,0.0,0.0,0.0,1e-07,2.154e-06,0.0
24452608.0,4995000000.0,5000000.0,5.0,0.0,0.0487,0.0487,0.0487,0.0487,2.2307,2.2307,0.00021333,2.2307,2.2307,0.00021333,0.00021333,0.00021333,0.0,0.0,0.0,0.0,4.642e-05,0.0,0.0,0.0,4.642e-05,0.0,0.0,0.0,0.0,4.642e-05,4.642e-05,0.0
24457299.0,4995000000.0,5000000.0,5.0,0.0,0.0487,0.0487,0.0487,0.0487,21.428,0.032142,0.0020493,0.032142,21.428,0.0,0.0020493,0.0,0.0,0.0,0.0,0.0,1e-07,0.0,0.0,0.0,0.001,0.0,0.0,0.0,0.0,0.001,1e-07,0.0
24451979.0,4995000000.0,5000000.0,5.0,0.0,0.0487,0.0487,0.0487,0.0487,2.2307,2.2307,0.0,2.2307,2.2307,0.0020402,0.0,0.0020402,0.0,0.0,0.0,0.0,0.001,0.0,0.0,0.0,0.001,0.0,0.0,0.0,0.0,0.001,0.001,0.0
24459888.0,4995000000.0,5000000.0,5.0,0.0,0.0487,0.0487,0.0487,0.0487,21.428,0.11571,0.0020493,0.11571,21.428,0.0010067,0.0020493,0.0010067,0.0,0.0,0.0,0.0,4.642e-09,0.0,0.0,0.0,4.642e-05,0.0,0.0,0.0,0.0,4.642e-05,4.642e-09,0.0
24457052.0,4995000000.0,5000000.0,5.0,0.0,0.0487,0.0487,0.0487,0.0487,21.428,0.032142,0.00021428,0.032142,21.428,3.0739e-06,0.00021428,3.0739e-06,0.0,0.0,0.0,0.0,1e-07,0.0,0.0,0.0,2.154e-06,0.0,0.0,0.0,0.0,2.154e-06,1e-07,0.0
24450642.0,4995000000.0,5000000.0,5.0,0.0,0.0487,0.0487,0.0487,0.0487,2.2307,0.60541,0.0020402,0.60541,2.2307,0.005267,0.0020402,0.005267,0.0,0.0,0.0,0.0,2.154e-06,0.0,0.0,0.0,0.001,0.0,0.0,0.0,0.0,0.001,2.154e-06,0.0
24457945.0,4995000000.0,5000000.0,5.0,0.0,0.0487,0.0487,0.0487,0.0487,21.428,0.032142,0.019598,0.032142,21.428,0.025714,0.019598,0.025714,0.0,0.0,0.0,0.0,4.642e-05,0.0,0.0,0.0,2.154e-10,0.0,0.0,0.0,0.0,2.154e-10,4.642e-05,0.0
24456608.0,4995000000.0,5000000.0,5.0,0.0,0.0487,0.0487,0.0487,0.0487,21.428,0.032142,0.0,0.032142,21.428,0.0,0.0,0.0,0.0,0.0,0.0,0.0,1e-07,0.0,0.0,0.0,2.154e-10,0.0,0.0,0.0,0.0,2.154e-10,1e-07,0.0
24450081.0,4995000000.0,5000000.0,5.0,0.0,0.0487,0.0487,0.0487,0.0487,2.2307,0.60541,0.00021333,0.60541,2.2307,0.0,0.00021333,0.0,0.0,0.0,0.0,0.0,2.154e-10,0.0,0.0,0.0,4.642e-05,0.0,0.0,0.0,0.0,4.642e-05,2.154e-10,0.0
24457403.0,4995000000.0,5000000.0,5.0,0.0,0.0487,0.0487,0.0487,0.0487,21.428,0.032142,0.0020493,0.032142,21.428,3.0739e-06,0.0020493,3.0739e-06,0.0,0.0,0.0,0.0,2.154e-06,0.0,0.0,0.0,4.642e-05,0.0,0.0,0.0,0.0,4.642e-05,2.154e-06,0.0
24457717.0,4995000000.0,5000000.0,5.0,0.0,0.0487,0.0487,0.0487,0.0487,21.428,0.032142,0.019598,0.032142,21.428,3.0739e-06,0.019598,3.0739e-06,0.0,0.0,0.0,0.0,1e-11,0.0,0.0,0.0,2.154e-06,0.0,0.0,0.0,0.0,2.154e-06,1e-11,0.0
24457304.0,4995000000.0,5000000.0,5.0,0.0,0.0487,0.0487,0.0487,0.0487,21.428,0.032142,0.0020493,0.032142,21.428,0.0,0.0020493,0.0,0.0,0.0,0.0,0.0,2.154e-06,0.0,0.0,0.0,2.154e-06,0.0,0.0,0.0,0.0,2.154e-06,2.154e-06,0.0
24459430.0,4995000000.0,5000000.0,5.0,0.0,0.0487,0.0487,0.0487,0.0487,21.428,0.11571,0.00021428,0.11571,21.428,1.1066e-05,0.00021428,1.1066e-05,0.0,0.0,0.0,0.0,1e-11,0.0,0.0,0.0,4.642e-09,0.0,0.0,0.0,0.0,4.642e-09,1e-11,0.0
24457003.0,4995000000.0,5000000.0,5.0,0.0,0.0487,0.0487,0.0487,0.0487,21.428,0.032142,0.00021428,0.032142,21.428,3.2142e-07,0.00021428,3.2142e-07,0.0,0.0,0.0,0.0,1e-07,0.0,0.0,0.0,2.154e-06,0.0,0.0,0.0,0.0,2.154e-06,1e-07,0.0
24459588.0,4995000000.0,5000000.0,5.0,0.0,0.0487,0.0487,0.0487,0.0487,21.428,0.11571,0.00021428,0.11571,21.428,0.009685,0.00021428,0.009685,0.0,0.0,0.0,0.0,2.154e-10,0.0,0.0,0.0,0.001,0.0,0.0,0.0,0.0,0.001,2.154e-10,0.0
24459039.0,4995000000.0,5000000.0,5.0,0.0,0.0487,0.0487,0.0487,0.0487,21.428,0.11571,0.0,0.11571,21.428,1.1571e-06,0.0,1.1571e-06,0.0,0.0,0.0,0.0,1e-11,0.0,0.0,0.0,1e-07,0.0,0.0,0.0,0.0,1e-07,1e-11,0.0
24450829.0,4995000000.0,5000000.0,5.0,0.0,0.0487,0.0487,0.0487,0.0487,2.2307,0.60541,0.019407,0.60541,2.2307,6.0541e-06,0.019407,6.0541e-06,0.0,0.0,0.0,0.0,1e-07,0.0,0.0,0.0,2.154e-06,0.0,0.0,0.0,0.0,2.154e-06,1e-07,0.0
24457027.0,4995000000.0,5000000.0,5.0,0.0,0.0487,0.0487,0.0487,0.0487,21.428,0.032142,0.00021428,0.032142,21.428,3.0739e-06,0.00021428,3.0739e-06,0.0,0.0,0.0,0.0,1e-11,0.0,0.0,0.0,1e-11,0.0,0.0,0.0,0.0,1e-11,1e-11,0.0
24457381.0,4995000000.0,5000000.0,5.0,0.0,0.0487,0.0487,0.0487,0.0487,21.428,0.032142,0.0020493,0.032142,21.428,3.0739e-06,0.0020493,3.0739e-06,0.0,0.0,0.0,0.0,2.154e-10,0.0,0.0,0.0,2.154e-06,0.0,0.0,0.0,0.0,2.154e-06,2.154e-10,0.0
24456693.0,4995000000.0,5000000.0,5.0,0.0,0.0487,0.0487,0.0487,0.0487,21.428,0.032142,0.0,0.032142,21.428,3.0739e-06,0.0,3.0739e-06,0.0,0.0,0.0,0.0,2.154e-10,0.0,0.0,0.0,4.642e-09,0.0,0.0,0.0,0.0,4.642e-09,2.154e-10,0.0
24457620.0,4995000000.0,5000000.0,5.0,0.0,0.0487,0.0487,0.0487,0.0487,21.428,0.032142,0.019598,0.032142,21.428,0.0,0.019598,0.0,0.0,0.0,0.0,0.0,1e-11,0.0,0.0,0.0,4.642e-05,0.0,0.0,0.0,0.0,4.642e-05,1e-11,0.0
24457715.0,4995000000.0,5000000.0,5.0,0.0,0.0487,0.0487,0.0487,0.0487,21.428,0.032142,0.019598,0.032142,21.428,3.0739e-06,0.019598,3.0739e-06,0.0,0.0,0.0,0.0,1e-11,0.0,0.0,0.0,4.642e-09,0.0,0.0,0.0,0.0,4.642e-09,1e-11,0.0
24457536.0,4995000000.0,5000000.0,5.0,0.0,0.0487,0.0487,0.0487,0.0487,21.428,0.032142,0.0020493,0.032142,21.428,0.0026903,0.0020493,0.0026903,0.0,0.0,0.0,0.0,4.642e-09,0.0,0.0,0.0,4.642e-05,0.0,0.0,0.0,0.0,4.642e-05,4.642e-09,0.0
24457785.0,4995000000.0,5000000.0,5.0,0.0,0.0487,0.0487,0.0487,0.0487,21.428,0.032142,0.019598,0.032142,21.428,2.9397e-05,0.019598,2.9397e-05,0.0,0.0,0.0,0.0,1e-07,0.0,0.0,0.0,4.642e-09,0.0,0.0,0.0,0.0,4.642e-09,1e-07,0.0
24456882.0,4995000000.0,5000000.0,5.0,0.0,0.0487,0.0487,0.0487,0.0487,21.428,0.032142,0.0,0.032142,21.428,0.025714,0.0,0.025714,0.0,0.0,0.0,0.0,1e-11,0.0,0.0,0.0,4.642e-09,0.0,0.0,0.0,0.0,4.642e-09,1e-11,0.0
24450291.0,4995000000.0,5000000.0,5.0,0.0,0.0487,0.0487,0.0487,0.0487,2.2307,0.60541,0.00021333,0.60541,2.2307,0.005267,0.00021333,0.005267,0.0,0.0,0.0,0.0,1e-07,0.0,0.0,0.0,4.642e-05,0.0,0.0,0.0,0.0,4.642e-05,1e-07,0.0
24457097.0,4995000000.0,5000000.0,5.0,0.0,0.0487,0.0487,0.0487,0.0487,21.428,0.032142,0.00021428,0.032142,21.428,2.9397e-05,0.00021428,2.9397e-05,0.0,0.0,0.0,0.0,1e-07,0.0,0.0,0.0,1e-11,0.0,0.0,0.0,0.0,1e-11,1e-07,0.0
24450780.0,4995000000.0,5000000.0,5.0,0.0,0.0487,0.0487,0.0487,0.0487,2.2307,0.60541,0.019407,0.60541,2.2307,0.0,0.019407,0.0,0.0,0.0,0.0,0.0,1e-07,0.0,0.0,0.0,2.154e-06,0.0,0.0,0.0,0.0,2.154e-06,1e-07,0.0
24452175.0,4995000000.0,5000000.0,5.0,0.0,0.0487,0.0487,0.0487,0.0487,2.2307,2.2307,2.2307e-05,2.2307,2.2307,0.0,2.2307e-05,0.0,0.0,0.0,0.0,0.0,0.001,0.0,0.0,0.0,0.001,0.0,0.0,0.0,0.0,0.001,0.001,0.0
24451824.0,4995000000.0,5000000.0,5.0,0.0,0.0487,0.0487,0.0487,0.0487,2.2307,2.2307,0.0,2.2307,2.2307,0.0,0.0,0.0,0.0,0.0,0.0,0.0,4.642e-05,0.0,0.0,0.0,4.642e-05,0.0,0.0,0.0,0.0,4.642e-05,4.642e-05,0.0
24450998.0,4995000000.0,5000000.0,5.0,0.0,0.0487,0.0487,0.0487,0.0487,2.2307,0.60541,0.019407,0.60541,2.2307,0.005267,0.019407,0.005267,0.0,0.0,0.0,0.0,0.001,0.0,0.0,0.0,4.642e-05,0.0,0.0,0.0,0.0,4.642e-05,0.001,0.0
24450466.0,4995000000.0,5000000.0,5.0,0.0,0.0487,0.0487,0.0487,0.0487,2.2307,0.60541,0.0020402,0.60541,2.2307,6.0541e-06,0.0020402,6.0541e-06,0.0,0.0,0.0,0.0,1e-11,0.0,0.0,0.0,4.642e-05,0.0,0.0,0.0,0.0,4.642e-05,1e-11,0.0
24456690.0,4995000000.0,5000000.0,5.0,0.0,0.0487,0.0487,0.0487,0.0487,21.428,0.032142,0.0,0.032142,21.428,3.0739e-06,0.0,3.0739e-06,0.0,0.0,0.0,0.0,1e-11,0.0,0.0,0.0,0.001,0.0,0.0,0.0,0.0,0.001,1e-11,0.0
24453280.0,4995000000.0,5000000.0,5.0,0.0,0.0487,0.0487,0.0487,0.0487,2.2307,2.2307,0.019407,2.2307,2.2307,0.00021333,0.019407,0.00021333,0.0,0.0,0.0,0.0,1e-07,0.0,0.0,0.0,4.642e-05,0.0,0.0,0.0,0.0,4.642e-05,1e-07,0.0
24457774.0,4995000000.0,5000000.0,5.0,0.0,0.0487,0.0487,0.0487,0.0487,21.428,0.032142,0.019598,0.032142,21.428,2.9397e-05,0.019598,2.9397e-05,0.0,0.0,0.0,0.0,2.154e-10,0.0,0.0,0.0,4.642e-05,0.0,0.0,0.0,0.0,4.642e-05,2.154e-10,0.0
24457278.0,4995000000.0,5000000.0,5.0,0.0,0.0487,0.0487,0.0487,0.0487,21.428,0.032142,0.0020493,0.032142,21.428,0.0,0.0020493,0.0,0.0,0.0,0.0,0.0,1e-11,0.0,0.0,0.0,0.001,0.0,0.0,0.0,0.0,0.001,1e-11,0.0
24450491.0,4995000000.0,5000000.0,5.0,0.0,0.0487,0.0487,0.0487,0.0487,2.2307,0.60541,0.0020402,0.60541,2.2307,6.0541e-06,0.0020402,6.0541e-06,0.0,0.0,0.0,0.0,2.154e-06,0.0,0.0,0.0,4.642e-09,0.0,0.0,0.0,0.0,4.642e-09,2.154e-06,0.0
24457485.0,4995000000.0,5000000.0,5.0,0.0,0.0487,0.0487,0.0487,0.0487,21.428,0.032142,0.0020493,0.032142,21.428,0.00027964,0.0020493,0.00027964,0.0,0.0,0.0,0.0,4.642e-09,0.0,0.0,0.0,1e-07,0.0,0.0,0.0,0.0,1e-07,4.642e-09,0.0
24457628.0,4995000000.0,5000000.0,5.0,0.0,0.0487,0.0487,0.0487,0.0487,21.428,0.032142,0.019598,0.032142,21.428,0.0,0.019598,0.0,0.0,0.0,0.0,0.0,2.154e-10,0.0,0.0,0.0,0.001,0.0,0.0,0.0,0.0,0.001,2.154e-10,0.0
24456806.0,4995000000.0,5000000.0,5.0,0.0,0.0487,0.0487,0.0487,0.0487,21.428,0.032142,0.0,0.032142,21.428,0.00027964,0.0,0.00027964,0.0,0.0,0.0,0.0,1e-07,0.0,0.0,0.0,1e-07,0.0,0.0,0.0,0.0,1e-07,1e-07,0.0
24457754.0,4995000000.0,5000000.0,5.0,0.0,0.0487,0.0487,0.0487,0.0487,21.428,0.032142,0.019598,0.032142,21.428,3.0739e-06,0.019598,3.0739e-06,0.0,0.0,0.0,0.0,4.642e-05,0.0,0.0,0.0,0.001,0.0,0.0,0.0,0.0,0.001,4.642e-05,0.0
24450138.0,4995000000.0,5000000.0,5.0,0.0,0.0487,0.0487,0.0487,0.0487,2.2307,0.60541,0.00021333,0.60541,2.2307,6.0541e-06,0.00021333,6.0541e-06,0.0,0.0,0.0,0.0,4.642e-09,0.0,0.0,0.0,0.001,0.0,0.0,0.0,0.0,0.001,4.642e-09,0.0
24459766.0,4995000000.0,5000000.0,5.0,0.0,0.0487,0.0487,0.0487,0.0487,21.428,0.11571,0.0020493,0.11571,21.428,1.1571e-06,0.0020493,1.1571e-06,0.0,0.0,0.0,0.0,0.001,0.0,0.0,0.0,4.642e-09,0.0,0.0,0.0,0.0,4.642e-09,0.001,0.0
24457511.0,4995000000.0,5000000.0,5.0,0.0,0.0487,0.0487,0.0487,0.0487,21.428,0.032142,0.0020493,0.032142,21.428,0.00027964,0.0020493,0.00027964,0.0,0.0,0.0,0.0,0.001,0.0,0.0,0.0,2.154e-10,0.0,0.0,0.0,0.0,2.154e-10,0.001,0.0
24456601.0,4995000000.0,5000000.0,5.0,0.0,0.0487,0.0487,0.0487,0.0487,21.428,0.032142,0.0,0.032142,21.428,0.0,0.0,0.0,0.0,0.0,0.0,0.0,4.642e-09,0.0,0.0,0.0,2.154e-10,0.0,0.0,0.0,0.0,2.154e-10,4.642e-09,0.0
24450288.0,4995000000.0,5000000.0,5.0,0.0,0.0487,0.0487,0.0487,0.0487,2.2307,0.60541,0.00021333,0.60541,2.2307,0.005267,0.00021333,0.005267,0.0,0.0,0.0,0.0,1e-07,0.0,0.0,0.0,4.642e-09,0.0,0.0,0.0,0.0,4.642e-09,1e-07,0.0
24457145.0,4995000000.0,5000000.0,5.0,0.0,0.0487,0.0487,0.0487,0.0487,21.428,0.032142,0.00021428,0.032142,21.428,0.00027964,0.00021428,0.00027964,0.0,0.0,0.0,0.0,4.642e-09,0.0,0.0,0.0,0.001,0.0,0.0,0.0,0.0,0.001,4.642e-09,0.0
24457130.0,4995000000.0,5000000.0,5.0,0.0,0.0487,0.0487,0.0487,0.0487,21.428,0.032142,0.00021428,0.032142,21.428,0.00027964,0.00021428,0.00027964,0.0,0.0,0.0,0.0,1e-11,0.0,0.0,0.0,4.642e-05,0.0,0.0,0.0,0.0,4.642e-05,1e-11,0.0
24456735.0,4995000000.0,5000000.0,5.0,0.0,0.0487,0.0487,0.0487,0.0487,21.428,0.032142,0.0,0.032142,21.428,2.9397e-05,0.0,2.9397e-05,0.0,0.0,0.0,0.0,1e-11,0.0,0.0,0.0,4.642e-09,0.0,0.0,0.0,0.0,4.642e-09,1e-11,0.0
24457171.0,4995000000.0,5000000.0,5.0,0.0,0.0487,0.0487,0.0487,0.0487,21.428,0.032142,0.00021428,0.032142,21.428,0.00027964,0.00021428,0.00027964,0.0,0.0,0.0,0.0,0.001,0.0,0.0,0.0,2.154e-06,0.0,0.0,0.0,0.0,2.154e-06,0.001,0.0
24457650.0,4995000000.0,5000000.0,5.0,0.0,0.0487,0.0487,0.0487,0.0487,21.428,0.032142,0.019598,0.032142,21.428,0.0,0.019598,0.0,0.0,0.0,0.0,0.0,4.642e-05,0.0,0.0,0.0,1e-11,0.0,0.0,0.0,0.0,1e-11,4.642e-05,0.0
24452958.0,4995000000.0,5000000.0,5.0,0.0,0.0487,0.0487,0.0487,0.0487,2.2307,2.2307,0.0020402,2.2307,2.2307,0.00021333,0.0020402,0.00021333,0.0,0.0,0.0,0.0,0.001,0.0,0.0,0.0,4.642e-05,0.0,0.0,0.0,0.0,4.642e-05,0.001,0.0
24457196.0,4995000000.0,5000000.0,5.0,0.0,0.0487,0.0487,0.0487,0.0487,21.428,0.032142,0.00021428,0.032142,21.428,0.0026903,0.00021428,0.0026903,0.0,0.0,0.0,0.0,1e-07,0.0,0.0,0.0,2.154e-10,0.0,0.0,0.0,0.0,2.154e-10,1e-07,0.0
24457716.0,4995000000.0,5000000.0,5.0,0.0,0.0487,0.0487,0.0487,0.0487,21.428,0.032142,0.019598,0.032142,21.428,3.0739e-06,0.019598,3.0739e-06,0.0,0.0,0.0,0.0,1e-11,0.0,0.0,0.0,1e-07,0.0,0.0,0.0,0.0,1e-07,1e-11,0.0
24457072.0,4995000000.0,5000000.0,5.0,0.0,0.0487,0.0487,0.0487,0.0487,21.428,0.032142,0.00021428,0.032142,21.428,3.0739e-06,0.00021428,3.0739e-06,0.0,0.0,0.0,0.0,0.001,0.0,0.0,0.0,1e-07,0.0,0.0,0.0,0.0,1e-07,0.001,0.0
24457114.0,4995000000.0,5000000.0,5.0,0.0,0.0487,0.0487,0.0487,0.0487,21.428,0.032142,0.00021428,0.032142,21.428,2.9397e-05,0.00021428,2.9397e-05,0.0,0.0,0.0,0.0,4.642e-05,0.0,0.0,0.0,1e-07,0.0,0.0,0.0,0.0,1e-07,4.642e-05,0.0
24452706.0,4995000000.0,5000000.0,5.0,0.0,0.0487,0.0487,0.0487,0.0487,2.2307,2.2307,0.00021333,2.2307,2.2307,0.019407,0.00021333,0.019407,0.0,0.0,0.0,0.0,4.642e-05,0.0,0.0,0.0,4.642e-05,0.0,0.0,0.0,0.0,4.642e-05,4.642e-05,0.0
24459080.0,4995000000.0,5000000.0,5.0,0.0,0.0487,0.0487,0.0487,0.0487,21.428,0.11571,0.0,0.11571,21.428,1.1571e-06,0.0,1.1571e-06,0.0,0.0,0.0,0.0,0.001,0.0,0.0,0.0,4.642e-09,0.0,0.0,0.0,0.0,4.642e-09,0.001,0.0
24452026.0,4995000000.0,5000000.0,5.0,0.0,0.0487,0.0487,0.0487,0.0487,2.2307,2.2307,0.0,2.2307,2.2307,0.019407,0.0,0.019407,0.0,0.0,0.0,0.0,0.001,0.0,0.0,0.0,2.154e-06,0.0,0.0,0.0,0.0,2.154e-06,0.001,0.0
24457337.0,4995000000.0,5000000.0,5.0,0.0,0.0487,0.0487,0.0487,0.0487,21.428,0.032142,0.0020493,0.032142,21.428,3.2142e-07,0.0020493,3.2142e-07,0.0,0.0,0.0,0.0,4.642e-09,0.0,0.0,0.0,4.642e-09,0.0,0.0,0.0,0.0,4.642e-09,4.642e-09,0.0
24456720.0,4995000000.0,5000000.0,5.0,0.0,0.0487,0.0487,0.0487,0.0487,21.428,0.032142,0.0,0.032142,21.428,3.0739e-06,0.0,3.0739e-06,0.0,0.0,0.0,0.0,4.642e-05,0.0,0.0,0.0,2.154e-10,0.0,0.0,0.0,0.0,2.154e-10,4.642e-05,0.0
24457160.0,4995000000.0,5000000.0,5.0,0.0,0.0487,0.0487,0.0487,0.0487,21.428,0.032142,0.00021428,0.032142,21.428,0.00027964,0.00021428,0.00027964,0.0,0.0,0.0,0.0,4.642e-05,0.0,0.0,0.0,1e-11,0.0,0.0,0.0,0.0,1e-11,4.642e-05,0.0
24457227.0,4995000000.0,5000000.0,5.0,0.0,0.0487,0.0487,0.0487,0.0487,21.428,0.032142,0.00021428,0.032142,21.428,0.025714,0.00021428,0.025714,0.0,0.0,0.0,0.0,1e-11,0.0,0.0,0.0,2.154e-06,0.0,0.0,0.0,0.0,2.154e-06,1e-11,0.0
24459591.0,4995000000.0,5000000.0,5.0,0.0,0.0487,0.0487,0.0487,0.0487,21.428,0.11571,0.00021428,0.11571,21.428,0.009685,0.00021428,0.009685,0.0,0.0,0.0,0.0,4.642e-09,0.0,0.0,0.0,4.642e-09,0.0,0.0,0.0,0.0,4.642e-09,4.642e-09,0.0
24459593.0,4995000000.0,5000000.0,5.0,0.0,0.0487,0.0487,0.0487,0.0487,21.428,0.11571,0.00021428,0.11571,21.428,0.009685,0.00021428,0.009685,0.0,0.0,0.0,0.0,4.642e-09,0.0,0.0,0.0,2.154e-06,0.0,0.0,0.0,0.0,2.154e-06,4.642e-09,0.0
24450634.0,4995000000.0,5000000.0,5.0,0.0,0.0487,0.0487,0.0487,0.0487,2.2307,0.60541,0.0020402,0.60541,2.2307,0.005267,0.0020402,0.005267,0.0,0.0,0.0,0.0,1e-07,0.0,0.0,0.0,4.642e-05,0.0,0.0,0.0,0.0,4.642e-05,1e-07,0.0
24450530.0,4995000000.0,5000000.0,5.0,0.0,0.0487,0.0487,0.0487,0.0487,2.2307,0.60541,0.0020402,0.60541,2.2307,5.7898e-05,0.0020402,5.7898e-05,0.0,0.0,0.0,0.0,4.642e-09,0.0,0.0,0.0,0.001,0.0,0.0,0.0,0.0,0.001,4.642e-09,0.0
24457421.0,4995000000.0,5000000.0,5.0,0.0,0.0487,0.0487,0.0487,0.0487,21.428,0.032142,0.0020493,0.032142,21.428,2.9397e-05,0.0020493,2.9397e-05,0.0,0.0,0.0,0.0,1e-11,0.0,0.0,0.0,4.642e-09,0.0,0.0,0.0,0.0,4.642e-09,1e-11,0.0
24459907.0,4995000000.0,5000000.0,5.0,0.0,0.0487,0.0487,0.0487,0.0487,21.428,0.11571,0.0020493,0.11571,21.428,0.0010067,0.0020493,0.0010067,0.0,0.0,0.0,0.0,4.642e-05,0.0,0.0,0.0,1e-07,0.0,0.0,0.0,0.0,1e-07,4.642e-05,0.0
24456909.0,4995000000.0,5000000.0,5.0,0.0,0.0487,0.0487,0.0487,0.0487,21.428,0.032142,0.0,0.032142,21.428,0.025714,0.0,0.025714,0.0,0.0,0.0,0.0,2.154e-06,0.0,0.0,0.0,2.154e-10,0.0,0.0,0.0,0.0,2.154e-10,2.154e-06,0.0
24456736.0,4995000000.0,5000000.0,5.0,0.0,0.0487,0.0487,0.0487,0.0487,21.428,0.032142,0.0,0.032142,21.428,2.9397e-05,0.0,2.9397e-05,0.0,0.0,0.0,0.0,1e-11,0.0,0.0,0.0,1e-07,0.0,0.0,0.0,0.0,1e-07,1e-11,0.0
24457259.0,4995000000.0,5000000.0,5.0,0.0,0.0487,0.0487,0.0487,0.0487,21.428,0.032142,0.00021428,0.032142,21.428,0.025714,0.00021428,0.025714,0.0,0.0,0.0,0.0,4.642e-05,0.0,0.0,0.0,2.154e-10,0.0,0.0,0.0,0.0,2.154e-10,4.642e-05,0.0
24457816.0,4995000000.0,5000000.0,5.0,0.0,0.0487,0.0487,0.0487,0.0487,21.428,0.032142,0.019598,0.032142,21.428,0.00027964,0.019598,0.00027964,0.0,0.0,0.0,0.0,1e-11,0.0,0.0,0.0,4.642e-05,0.0,0.0,0.0,0.0,4.642e-05,1e-11,0.0
24456726.0,4995000000.0,5000000.0,5.0,0.0,0.0487,0.0487,0.0487,0.0487,21.428,0.032142,0.0,0.032142,21.428,3.0739e-06,0.0,3.0739e-06,0.0,0.0,0.0,0.0,0.001,0.0,0.0,0.0,1e-11,0.0,0.0,0.0,0.0,1e-11,0.001,0.0
24457957.0,4995000000.0,5000000.0,5.0,0.0,0.0487,0.0487,0.0487,0.0487,21.428,0.032142,0.019598,0.032142,21.428,0.025714,0.019598,0.025714,0.0,0.0,0.0,0.0,0.001,0.0,0.0,0.0,0.001,0.0,0.0,0.0,0.0,0.001,0.001,0.0
24450492.0,4995000000.0,5000000.0,5.0,0.0,0.0487,0.0487,0.0487,0.0487,2.2307,0.60541,0.0020402,0.60541,2.2307,6.0541e-06,0.0020402,6.0541e-06,0.0,0.0,0.0,0.0,2.154e-06,0.0,0.0,0.0,1e-07,0.0,0.0,0.0,0.0,1e-07,2.154e-06,0.0
24450452.0,4995000000.0,5000000.0,5.0,0.0,0.0487,0.0487,0.0487,0.0487,2.2307,0.60541,0.0020402,0.60541,2.2307,0.0,0.0020402,0.0,0.0,0.0,0.0,0.0,4.642e-05,0.0,0.0,0.0,4.642e-05,0.0,0.0,0.0,0.0,4.642e-05,4.642e-05,0.0
24457577.0,4995000000.0,5000000.0,5.0,0.0,0.0487,0.0487,0.0487,0.0487,21.428,0.032142,0.0020493,0.032142,21.428,0.025714,0.0020493,0.025714,0.0,0.0,0.0,0.0,2.154e-10,0.0,0.0,0.0,2.154e-06,0.0,0.0,0.0,0.0,2.154e-06,2.154e-10,0.0
24459916.0,4995000000.0,5000000.0,5.0,0.0,0.0487,0.0487,0.0487,0.0487,21.428,0.11571,0.0020493,0.11571,21.428,0.0010067,0.0020493,0.0010067,0.0,0.0,0.0,0.0,0.001,0.0,0.0,0.0,4.642e-05,0.0,0.0,0.0,0.0,4.642e-05,0.001,0.0
24457649.0,4995000000.0,5000000.0,5.0,0.0,0.0487,0.0487,0.0487,0.0487,21.428,0.032142,0.019598,0.032142,21.428,0.0,0.019598,0.0,0.0,0.0,0.0,0.0,2.154e-06,0.0,0.0,0.0,0.001,0.0,0.0,0.0,0.0,0.001,2.154e-06,0.0
24457733.0,4995000000.0,5000000.0,5.0,0.0,0.0487,0.0487,0.0487,0.0487,21.428,0.032142,0.019598,0.032142,21.428,3.0739e-06,0.019598,3.0739e-06,0.0,0.0,0.0,0.0,4.642e-09,0.0,0.0,0.0,0.001,0.0,0.0,0.0,0.0,0.001,4.642e-09,0.0
24459236.0,4995000000.0,5000000.0,5.0,0.0,0.0487,0.0487,0.0487,0.0487,21.428,0.11571,0.0,0.11571,21.428,0.009685,0.0,0.009685,0.0,0.0,0.0,0.0,1e-11,0.0,0.0,0.0,2.154e-06,0.0,0.0,0.0,0.0,2.154e-06,1e-11,0.0
24456871.0,4995000000.0,5000000.0,5.0,0.0,0.0487,0.0487,0.0487,0.0487,21.428,0.032142,0.0,0.032142,21.428,0.0026903,0.0,0.0026903,0.0,0.0,0.0,0.0,4.642e-05,0.0,0.0,0.0,4.642e-05,0.0,0.0,0.0,0.0,4.642e-05,4.642e-05,0.0
24457352.0,4995000000.0,5000000.0,5.0,0.0,0.0487,0.0487,0.0487,0.0487,21.428,0.032142,0.0020493,0.032142,21.428,3.2142e-07,0.0020493,3.2142e-07,0.0,0.0,0.0,0.0,2.154e-06,0.0,0.0,0.0,1e-07,0.0,0.0,0.0,0.0,1e-07,2.154e-06,0.0
24457905.0,4995000000.0,5000000.0,5.0,0.0,0.0487,0.0487,0.0487,0.0487,21.428,0.032142,0.019598,0.032142,21.428,0.0026903,0.019598,0.0026903,0.0,0.0,0.0,0.0,0.001,0.0,0.0,0.0,1e-07,0.0,0.0,0.0,0.0,1e-07,0.001,0.0
24457565.0,4995000000.0,5000000.0,5.0,0.0,0.0487,0.0487,0.0487,0.0487,21.428,0.032142,0.0020493,0.032142,21.428,0.0026903,0.0020493,0.0026903,0.0,0.0,0.0,0.0,0.001,0.0,0.0,0.0,0.001,0.0,0.0,0.0,0.0,0.001,0.001,0.0
24459791.0,4995000000.0,5000000.0,5.0,0.0,0.0487,0.0487,0.0487,0.0487,21.428,0.11571,0.0020493,0.11571,21.428,1.1066e-05,0.0020493,1.1066e-05,0.0,0.0,0.0,0.0,4.642e-09,0.0,0.0,0.0,0.001,0.0,0.0,0.0,0.0,0.001,4.642e-09,0.0
24457471.0,4995000000.0,5000000.0,5.0,0.0,0.0487,0.0487,0.0487,0.0487,21.428,0.032142,0.0020493,0.032142,21.428,0.00027964,0.0020493,0.00027964,0.0,0.0,0.0,0.0,1e-11,0.0,0.0,0.0,1e-07,0.0,0.0,0.0,0.0,1e-07,1e-11,0.0
24456675.0,4995000000.0,5000000.0,5.0,0.0,0.0487,0.0487,0.0487,0.0487,21.428,0.032142,0.0,0.032142,21.428,3.2142e-07,0.0,3.2142e-07,0.0,0.0,0.0,0.0,4.642e-05,0.0,0.0,0.0,4.642e-05,0.0,0.0,0.0,0.0,4.642e-05,4.642e-05,0.0
24457385.0,4995000000.0,5000000.0,5.0,0.0,0.0487,0.0487,0.0487,0.0487,21.428,0.032142,0.0020493,0.032142,21.428,3.0739e-06,0.0020493,3.0739e-06,0.0,0.0,0.0,0.0,4.642e-09,0.0,0.0,0.0,2.154e-10,0.0,0.0,0.0,0.0,2.154e-10,4.642e-09,0.0
24457488.0,4995000000.0,5000000.0,5.0,0.0,0.0487,0.0487,0.0487,0.0487,21.428,0.032142,0.0020493,0.032142,21.428,0.00027964,0.0020493,0.00027964,0.0,0.0,0.0,0.0,4.642e-09,0.0,0.0,0.0,0.001,0.0,0.0,0.0,0.0,0.001,4.642e-09,0.0
24457001.0,4995000000.0,5000000.0,5.0,0.0,0.0487,0.0487,0.0487,0.0487,21.428,0.032142,0.00021428,0.032142,21.428,3.2142e-07,0.00021428,3.2142e-07,0.0,0.0,0.0,0.0,1e-07,0.0,0.0,0.0,4.642e-09,0.0,0.0,0.0,0.0,4.642e-09,1e-07,0.0
24459902.0,4995000000.0,5000000.0,5.0,0.0,0.0487,0.0487,0.0487,0.0487,21.428,0.11571,0.0020493,0.11571,21.428,0.0010067,0.0020493,0.0010067,0.0,0.0,0.0,0.0,2.154e-06,0.0,0.0,0.0,4.642e-05,0.0,0.0,0.0,0.0,4.642e-05,2.154e-06,0.0
24457476.0,4995000000.0,5000000.0,5.0,0.0,0.0487,0.0487,0.0487,0.0487,21.428,0.032142,0.0020493,0.032142,21.428,0.00027964,0.0020493,0.00027964,0.0,0.0,0.0,0.0,2.154e-10,0.0,0.0,0.0,2.154e-10,0.0,0.0,0.0,0.0,2.154e-10,2.154e-10,0.0
24457435.0,4995000000.0,5000000.0,5.0,0.0,0.0487,0.0487,0.0487,0.0487,21.428,0.032142,0.0020493,0.032142,21.428,2.9397e-05,0.0020493,2.9397e-05,0.0,0.0,0.0,0.0,4.642e-09,0.0,0.0,0.0,4.642e-09,0.0,0.0,0.0,0.0,4.642e-09,4.642e-09,0.0
24457426.0,4995000000.0,5000000.0,5.0,0.0,0.0487,0.0487,0.0487,0.0487,21.428,0.032142,0.0020493,0.032142,21.428,2.9397e-05,0.0020493,2.9397e-05,0.0,0.0,0.0,0.0,2.154e-10,0.0,0.0,0.0,1e-11,0.0,0.0,0.0,0.0,1e-11,2.154e-10,0.0
24459684.0,4995000000.0,5000000.0,5.0,0.0,0.0487,0.0487,0.0487,0.0487,21.428,0.11571,0.0020493,0.11571,21.428,0.0,0.0020493,0.0,0.0,0.0,0.0,0.0,2.154e-10,0.0,0.0,0.0,2.154e-06,0.0,0.0,0.0,0.0,2.154e-06,2.154e-10,0.0
24459165.0,4995000000.0,5000000.0,5.0,0.0,0.0487,0.0487,0.0487,0.0487,21.428,0.11571,0.0,0.11571,21.428,0.00010583,0.0,0.00010583,0.0,0.0,0.0,0.0,2.154e-06,0.0,0.0,0.0,1e-07,0.0,0.0,0.0,0.0,1e-07,2.154e-06,0.0
24456642.0,4995000000.0,5000000.0,5.0,0.0,0.0487,0.0487,0.0487,0.0487,21.428,0.032142,0.0,0.032142,21.428,3.2142e-07,0.0,3.2142e-07,0.0,0.0,0.0,0.0,2.154e-10,0.0,0.0,0.0,1e-11,0.0,0.0,0.0,0.0,1e-11,2.154e-10,0.0
24459690.0,4995000000.0,5000000.0,5.0,0.0,0.0487,0.0487,0.0487,0.0487,21.428,0.11571,0.0020493,0.11571,21.428,0.0,0.0020493,0.0,0.0,0.0,0.0,0.0,4.642e-09,0.0,0.0,0.0,1e-07,0.0,0.0,0.0,0.0,1e-07,4.642e-09,0.0
24452546.0,4995000000.0,5000000.0,5.0,0.0,0.0487,0.0487,0.0487,0.0487,2.2307,2.2307,0.00021333,2.2307,2.2307,2.2307e-05,0.00021333,2.2307e-05,0.0,0.0,0.0,0.0,1e-07,0.0,0.0,0.0,0.001,0.0,0.0,0.0,0.0,0.001,1e-07,0.0
24459158.0,4995000000.0,5000000.0,5.0,0.0,0.0487,0.0487,0.0487,0.0487,21.428,0.11571,0.0,0.11571,21.428,0.00010583,0.0,0.00010583,0.0,0.0,0.0,0.0,1e-07,0.0,0.0,0.0,1e-07,0.0,0.0,0.0,0.0,1e-07,1e-07,0.0
24457501.0,4995000000.0,5000000.0,5.0,0.0,0.0487,0.0487,0.0487,0.0487,21.428,0.032142,0.0020493,0.032142,21.428,0.00027964,0.0020493,0.00027964,0.0,0.0,0.0,0.0,2.154e-06,0.0,0.0,0.0,4.642e-05,0.0,0.0,0.0,0.0,4.642e-05,2.154e-06,0.0
24453050.0,4995000000.0,5000000.0,5.0,0.0,0.0487,0.0487,0.0487,0.0487,2.2307,2.2307,0.0020402,2.2307,2.2307,0.019407,0.0020402,0.019407,0.0,0.0,0.0,0.0,4.642e-05,0.0,0.0,0.0,0.001,0.0,0.0,0.0,0.0,0.001,4.642e-05,0.0
24456868.0,4995000000.0,5000000.0,5.0,0.0,0.0487,0.0487,0.0487,0.0487,21.428,0.032142,0.0,0.032142,21.428,0.0026903,0.0,0.0026903,0.0,0.0,0.0,0.0,4.642e-05,0.0,0.0,0.0,4.642e-09,0.0,0.0,0.0,0.0,4.642e-09,4.642e-05,0.0
24456807.0,4995000000.0,5000000.0,5.0,0.0,0.0487,0.0487,0.0487,0.0487,21.428,0.032142,0.0,0.032142,21.428,0.00027964,0.0,0.00027964,0.0,0.0,0.0,0.0,1e-07,0.0,0.0,0.0,2.154e-06,0.0,0.0,0.0,0.0,2.154e-06,1e-07,0.0
24459348.0,4995000000.0,5000000.0,5.0,0.0,0.0487,0.0487,0.0487,0.0487,21.428,0.11571,0.00021428,0.11571,21.428,0.0,0.00021428,0.0,0.0,0.0,0.0,0.0,4.642e-09,0.0,0.0,0.0,2.154e-06,0.0,0.0,0.0,0.0,2.154e-06,4.642e-09,0.0
24457669.0,4995000000.0,5000000.0,5.0,0.0,0.0487,0.0487,0.0487,0.0487,21.428,0.032142,0.019598,0.032142,21.428,3.2142e-07,0.019598,3.2142e-07,0.0,0.0,0.0,0.0,1e-11,0.0,0.0,0.0,4.642e-05,0.0,0.0,0.0,0.0,4.642e-05,1e-11,0.0
24457253.0,4995000000.0,5000000.0,5.0,0.0,0.0487,0.0487,0.0487,0.0487,21.428,0.032142,0.00021428,0.032142,21.428,0.025714,0.00021428,0.025714,0.0,0.0,0.0,0.0,2.154e-06,0.0,0.0,0.0,4.642e-09,0.0,0.0,0.0,0.0,4.642e-09,2.154e-06,0.0
24459677.0,4995000000.0,5000000.0,5.0,0.0,0.0487,0.0487,0.0487,0.0487,21.428,0.11571,0.0020493,0.11571,21.428,0.0,0.0020493,0.0,0.0,0.0,0.0,0.0,1e-11,0.0,0.0,0.0,2.154e-06,0.0,0.0,0.0,0.0,2.154e-06,1e-11,0.0
24457439.0,4995000000.0,5000000.0,5.0,0.0,0.0487,0.0487,0.0487,0.0487,21.428,0.032142,0.0020493,0.032142,21.428,2.9397e-05,0.0020493,2.9397e-05,0.0,0.0,0.0,0.0,4.642e-09,0.0,0.0,0.0,0.001,0.0,0.0,0.0,0.0,0.001,4.642e-09,0.0
24456627.0,4995000000.0,5000000.0,5.0,0.0,0.0487,0.0487,0.0487,0.0487,21.428,0.032142,0.0,0.032142,21.428,0.0,0.0,0.0,0.0,0.0,0.0,0.0,4.642e-05,0.0,0.0,0.0,0.001,0.0,0.0,0.0,0.0,0.001,4.642e-05,0.0
24459861.0,4995000000.0,5000000.0,5.0,0.0,0.0487,0.0487,0.0487,0.0487,21.428,0.11571,0.0020493,0.11571,21.428,0.00010583,0.0020493,0.00010583,0.0,0.0,0.0,0.0,4.642e-05,0.0,0.0,0.0,0.001,0.0,0.0,0.0,0.0,0.001,4.642e-05,0.0
24457730.0,4995000000.0,5000000.0,5.0,0.0,0.0487,0.0487,0.0487,0.0487,21.428,0.032142,0.019598,0.032142,21.428,3.0739e-06,0.019598,3.0739e-06,0.0,0.0,0.0,0.0,4.642e-09,0.0,0.0,0.0,1e-07,0.0,0.0,0.0,0.0,1e-07,4.642e-09,0.0
24451831.0,4995000000.0,5000000.0,5.0,0.0,0.0487,0.0487,0.0487,0.0487,2.2307,2.2307,0.0,2.2307,2.2307,0.0,0.0,0.0,0.0,0.0,0.0,0.0,0.001,0.0,0.0,0.0,4.642e-05,0.0,0.0,0.0,0.0,4.642e-05,0.001,0.0
24457122.0,4995000000.0,5000000.0,5.0,0.0,0.0487,0.0487,0.0487,0.0487,21.428,0.032142,0.00021428,0.032142,21.428,2.9397e-05,0.00021428,2.9397e-05,0.0,0.0,0.0,0.0,0.001,0.0,0.0,0.0,2.154e-06,0.0,0.0,0.0,0.0,2.154e-06,0.001,0.0
24459339.0,4995000000.0,5000000.0,5.0,0.0,0.0487,0.0487,0.0487,0.0487,21.428,0.11571,0.00021428,0.11571,21.428,0.0,0.00021428,0.0,0.0,0.0,0.0,0.0,2.154e-10,0.0,0.0,0.0,4.642e-09,0.0,0.0,0.0,0.0,4.642e-09,2.154e-10,0.0
24456701.0,4995000000.0,5000000.0,5.0,0.0,0.0487,0.0487,0.0487,0.0487,21.428,0.032142,0.0,0.032142,21.428,3.0739e-06,0.0,3.0739e-06,0.0,0.0,0.0,0.0,4.642e-09,0.0,0.0,0.0,1e-07,0.0,0.0,0.0,0.0,1e-07,4.642e-09,0.0
24457029.0,4995000000.0,5000000.0,5.0,0.0,0.0487,0.0487,0.0487,0.0487,21.428,0.032142,0.00021428,0.032142,21.428,3.0739e-06,0.00021428,3.0739e-06,0.0,0.0,0.0,0.0,1e-11,0.0,0.0,0.0,4.642e-09,0.0,0.0,0.0,0.0,4.642e-09,1e-11,0.0
24450999.0,4995000000.0,5000000.0,5.0,0.0,0.0487,0.0487,0.0487,0.0487,2.2307,0.60541,0.019407,0.60541,2.2307,0.005267,0.019407,0.005267,0.0,0.0,0.0,0.0,0.001,0.0,0.0,0.0,0.001,0.0,0.0,0.0,0.0,0.001,0.001,0.0
24457081.0,4995000000.0,5000000.0,5.0,0.0,0.0487,0.0487,0.0487,0.0487,21.428,0.032142,0.00021428,0.032142,21.428,2.9397e-05,0.00021428,2.9397e-05,0.0,0.0,0.0,0.0,1e-11,0.0,0.0,0.0,4.642e-05,0.0,0.0,0.0,0.0,4.642e-05,1e-11,0.0
24450095.0,4995000000.0,5000000.0,5.0,0.0,0.0487,0.0487,0.0487,0.0487,2.2307,0.60541,0.00021333,0.60541,2.2307,0.0,0.00021333,0.0,0.0,0.0,0.0,0.0,1e-07,0.0,0.0,0.0,4.642e-05,0.0,0.0,0.0,0.0,4.642e-05,1e-07,0.0
24459432.0,4995000000.0,5000000.0,5.0,0.0,0.0487,0.0487,0.0487,0.0487,21.428,0.11571,0.00021428,0.11571,21.428,1.1066e-05,0.00021428,1.1066e-05,0.0,0.0,0.0,0.0,1e-11,0.0,0.0,0.0,2.154e-06,0.0,0.0,0.0,0.0,2.154e-06,1e-11,0.0
24450604.0,4995000000.0,5000000.0,5.0,0.0,0.0487,0.0487,0.0487,0.0487,2.2307,0.60541,0.0020402,0.60541,2.2307,0.00055371,0.0020402,0.00055371,0.0,0.0,0.0,0.0,0.001,0.0,0.0,0.0,1e-07,0.0,0.0,0.0,0.0,1e-07,0.001,0.0
24457073.0,4995000000.0,5000000.0,5.0,0.0,0.0487,0.0487,0.0487,0.0487,21.428,0.032142,0.00021428,0.032142,21.428,3.0739e-06,0.00021428,3.0739e-06,0.0,0.0,0.0,0.0,0.001,0.0,0.0,0.0,2.154e-06,0.0,0.0,0.0,0.0,2.154e-06,0.001,0.0
24456594.0,4995000000.0,5000000.0,5.0,0.0,0.0487,0.0487,0.0487,0.0487,21.428,0.032142,0.0,0.032142,21.428,0.0,0.0,0.0,0.0,0.0,0.0,0.0,2.154e-10,0.0,0.0,0.0,2.154e-10,0.0,0.0,0.0,0.0,2.154e-10,2.154e-10,0.0
24456790.0,4995000000.0,5000000.0,5.0,0.0,0.0487,0.0487,0.0487,0.0487,21.428,0.032142,0.0,0.032142,21.428,0.00027964,0.0,0.00027964,0.0,0.0,0.0,0.0,2.154e-10,0.0,0.0,0.0,2.154e-10,0.0,0.0,0.0,0.0,2.154e-10,2.154e-10,0.0
24456924.0,4995000000.0,5000000.0,5.0,0.0,0.0487,0.0487,0.0487,0.0487,21.428,0.032142,0.0,0.032142,21.428,0.025714,0.0,0.025714,0.0,0.0,0.0,0.0,0.001,0.0,0.0,0.0,4.642e-09,0.0,0.0,0.0,0.0,4.642e-09,0.001,0.0
24457153.0,4995000000.0,5000000.0,5.0,0.0,0.0487,0.0487,0.0487,0.0487,21.428,0.032142,0.00021428,0.032142,21.428,0.00027964,0.00021428,0.00027964,0.0,0.0,0.0,0.0,2.154e-06,0.0,0.0,0.0,1e-11,0.0,0.0,0.0,0.0,1e-11,2.154e-06,0.0
24450283.0,4995000000.0,5000000.0,5.0,0.0,0.0487,0.0487,0.0487,0.0487,2.2307,0.60541,0.00021333,0.60541,2.2307,0.005267,0.00021333,0.005267,0.0,0.0,0.0,0.0,4.642e-09,0.0,0.0,0.0,2.154e-06,0.0,0.0,0.0,0.0,2.154e-06,4.642e-09,0.0
24457241.0,4995000000.0,5000000.0,5.0,0.0,0.0487,0.0487,0.0487,0.0487,21.428,0.032142,0.00021428,0.032142,21.428,0.025714,0.00021428,0.025714,0.0,0.0,0.0,0.0,4.642e-09,0.0,0.0,0.0,2.154e-06,0.0,0.0,0.0,0.0,2.154e-06,4.642e-09,0.0
24459580.0,4995000000.0,5000000.0,5.0,0.0,0.0487,0.0487,0.0487,0.0487,21.428,0.11571,0.00021428,0.11571,21.428,0.009685,0.00021428,0.009685,0.0,0.0,0.0,0.0,1e-11,0.0,0.0,0.0,4.642e-05,0.0,0.0,0.0,0.0,4.642e-05,1e-11,0.0
24457416.0,4995000000.0,5000000.0,5.0,0.0,0.0487,0.0487,0.0487,0.0487,21.428,0.032142,0.0020493,0.032142,21.428,3.0739e-06,0.0020493,3.0739e-06,0.0,0.0,0.0,0.0,0.001,0.0,0.0,0.0,2.154e-06,0.0,0.0,0.0,0.0,2.154e-06,0.001,0.0
24459025.0,4995000000.0,5000000.0,5.0,0.0,0.0487,0.0487,0.0487,0.0487,21.428,0.11571,0.0,0.11571,21.428,0.0,0.0,0.0,0.0,0.0,0.0,0.0,4.642e-05,0.0,0.0,0.0,1e-07,0.0,0.0,0.0,0.0,1e-07,4.642e-05,0.0
24456659.0,4995000000.0,5000000.0,5.0,0.0,0.0487,0.0487,0.0487,0.0487,21.428,0.032142,0.0,0.032142,21.428,3.2142e-07,0.0,3.2142e-07,0.0,0.0,0.0,0.0,1e-07,0.0,0.0,0.0,1e-07,0.0,0.0,0.0,0.0,1e-07,1e-07,0.0
24457133.0,4995000000.0,5000000.0,5.0,0.0,0.0487,0.0487,0.0487,0.0487,21.428,0.032142,0.00021428,0.032142,21.428,0.00027964,0.00021428,0.00027964,0.0,0.0,0.0,0.0,2.154e-10,0.0,0.0,0.0,2.154e-10,0.0,0.0,0.0,0.0,2.154e-10,2.154e-10,0.0
24457712.0,4995000000.0,5000000.0,5.0,0.0,0.0487,0.0487,0.0487,0.0487,21.428,0.032142,0.019598,0.032142,21.428,3.2142e-07,0.019598,3.2142e-07,0.0,0.0,0.0,0.0,0.001,0.0,0.0,0.0,0.001,0.0,0.0,0.0,0.0,0.001,0.001,0.0
24450498.0,4995000000.0,5000000.0,5.0,0.0,0.0487,0.0487,0.0487,0.0487,2.2307,0.60541,0.0020402,0.60541,2.2307,6.0541e-06,0.0020402,6.0541e-06,0.0,0.0,0.0,0.0,4.642e-05,0.0,0.0,0.0,4.642e-09,0.0,0.0,0.0,0.0,4.642e-09,4.642e-05,0.0
24457821.0,4995000000.0,5000000.0,5.0,0.0,0.0487,0.0487,0.0487,0.0487,21.428,0.032142,0.019598,0.032142,21.428,0.00027964,0.019598,0.00027964,0.0,0.0,0.0,0.0,2.154e-10,0.0,0.0,0.0,1e-07,0.0,0.0,0.0,0.0,1e-07,2.154e-10,0.0
24457320.0,4995000000.0,5000000.0,5.0,0.0,0.0487,0.0487,0.0487,0.0487,21.428,0.032142,0.0020493,0.032142,21.428,0.0,0.0020493,0.0,0.0,0.0,0.0,0.0,0.001,0.0,0.0,0.0,0.001,0.0,0.0,0.0,0.0,0.001,0.001,0.0
24457748.0,4995000000.0,5000000.0,5.0,0.0,0.0487,0.0487,0.0487,0.0487,21.428,0.032142,0.019598,0.032142,21.428,3.0739e-06,0.019598,3.0739e-06,0.0,0.0,0.0,0.0,4.642e-05,0.0,0.0,0.0,1e-11,0.0,0.0,0.0,0.0,1e-11,4.642e-05,0.0
24459454.0,4995000000.0,5000000.0,5.0,0.0,0.0487,0.0487,0.0487,0.0487,21.428,0.11571,0.00021428,0.11571,21.428,1.1066e-05,0.00021428,1.1066e-05,0.0,0.0,0.0,0.0,1e-07,0.0,0.0,0.0,4.642e-05,0.0,0.0,0.0,0.0,4.642e-05,1e-07,0.0
24450221.0,4995000000.0,5000000.0,5.0,0.0,0.0487,0.0487,0.0487,0.0487,2.2307,0.60541,0.00021333,0.60541,2.2307,0.00055371,0.00021333,0.00055371,0.0,0.0,0.0,0.0,1e-11,0.0,0.0,0.0,4.642e-05,0.0,0.0,0.0,0.0,4.642e-05,1e-11,0.0
24459056.0,4995000000.0,5000000.0,5.0,0.0,0.0487,0.0487,0.0487,0.0487,21.428,0.11571,0.0,0.11571,21.428,1.1571e-06,0.0,1.1571e-06,0.0,0.0,0.0,0.0,4.642e-09,0.0,0.0,0.0,0.001,0.0,0.0,0.0,0.0,0.001,4.642e-09,0.0
24457248.0,4995000000.0,5000000.0,5.0,0.0,0.0487,0.0487,0.0487,0.0487,21.428,0.032142,0.00021428,0.032142,21.428,0.025714,0.00021428,0.025714,0.0,0.0,0.0,0.0,1e-07,0.0,0.0,0.0,2.154e-06,0.0,0.0,0.0,0.0,2.154e-06,1e-07,0.0
24457140.0,4995000000.0,5000000.0,5.0,0.0,0.0487,0.0487,0.0487,0.0487,21.428,0.032142,0.00021428,0.032142,21.428,0.00027964,0.00021428,0.00027964,0.0,0.0,0.0,0.0,4.642e-09,0.0,0.0,0.0,2.154e-10,0.0,0.0,0.0,0.0,2.154e-10,4.642e-09,0.0
24457411.0,4995000000.0,5000000.0,5.0,0.0,0.0487,0.0487,0.0487,0.0487,21.428,0.032142,0.0020493,0.032142,21.428,3.0739e-06,0.0020493,3.0739e-06,0.0,0.0,0.0,0.0,4.642e-05,0.0,0.0,0.0,0.001,0.0,0.0,0.0,0.0,0.001,4.642e-05,0.0
24459809.0,4995000000.0,5000000.0,5.0,0.0,0.0487,0.0487,0.0487,0.0487,21.428,0.11571,0.0020493,0.11571,21.428,1.1066e-05,0.0020493,1.1066e-05,0.0,0.0,0.0,0.0,4.642e-05,0.0,0.0,0.0,1e-07,0.0,0.0,0.0,0.0,1e-07,4.642e-05,0.0
24450577.0,4995000000.0,5000000.0,5.0,0.0,0.0487,0.0487,0.0487,0.0487,2.2307,0.60541,0.0020402,0.60541,2.2307,0.00055371,0.0020402,0.00055371,0.0,0.0,0.0,0.0,4.642e-09,0.0,0.0,0.0,2.154e-06,0.0,0.0,0.0,0.0,2.154e-06,4.642e-09,0.0
24459145.0,4995000000.0,5000000.0,5.0,0.0,0.0487,0.0487,0.0487,0.0487,21.428,0.11571,0.0,0.11571,21.428,0.00010583,0.0,0.00010583,0.0,0.0,0.0,0.0,2.154e-10,0.0,0.0,0.0,2.154e-06,0.0,0.0,0.0,0.0,2.154e-06,2.154e-10,0.0
24459963.0,4995000000.0,5000000.0,5.0,0.0,0.0487,0.0487,0.0487,0.0487,21.428,0.11571,0.0020493,0.11571,21.428,0.009685,0.0020493,0.009685,0.0,0.0,0.0,0.0,0.001,0.0,0.0,0.0,1e-07,0.0,0.0,0.0,0.0,1e-07,0.001,0.0
24457180.0,4995000000.0,5000000.0,5.0,0.0,0.0487,0.0487,0.0487,0.0487,21.428,0.032142,0.00021428,0.032142,21.428,0.0026903,0.00021428,0.0026903,0.0,0.0,0.0,0.0,1e-11,0.0,0.0,0.0,0.001,0.0,0.0,0.0,0.0,0.001,1e-11,0.0
24452147.0,4995000000.0,5000000.0,5.0,0.0,0.0487,0.0487,0.0487,0.0487,2.2307,2.2307,2.2307e-05,2.2307,2.2307,0.0,2.2307e-05,0.0,0.0,0.0,0.0,0.0,4.642e-09,0.0,0.0,0.0,0.001,0.0,0.0,0.0,0.0,0.001,4.642e-09,0.0
24458998.0,4995000000.0,5000000.0,5.0,0.0,0.0487,0.0487,0.0487,0.0487,21.428,0.11571,0.0,0.11571,21.428,0.0,0.0,0.0,0.0,0.0,0.0,0.0,2.154e-10,0.0,0.0,0.0,2.154e-06,0.0,0.0,0.0,0.0,2.154e-06,2.154e-10,0.0
24450282.0,4995000000.0,5000000.0,5.0,0.0,0.0487,0.0487,0.0487,0.0487,2.2307,0.60541,0.00021333,0.60541,2.2307,0.005267,0.00021333,0.005267,0.0,0.0,0.0,0.0,4.642e-09,0.0,0.0,0.0,1e-07,0.0,0.0,0.0,0.0,1e-07,4.642e-09,0.0
24459462.0,4995000000.0,5000000.0,5.0,0.0,0.0487,0.0487,0.0487,0.0487,21.428,0.11571,0.00021428,0.11571,21.428,1.1066e-05,0.00021428,1.1066e-05,0.0,0.0,0.0,0.0,2.154e-06,0.0,0.0,0.0,0.001,0.0,0.0,0.0,0.0,0.001,2.154e-06,0.0
24456981.0,4995000000.0,5000000.0,5.0,0.0,0.0487,0.0487,0.0487,0.0487,21.428,0.032142,0.00021428,0.032142,21.428,3.2142e-07,0.00021428,3.2142e-07,0.0,0.0,0.0,0.0,1e-11,0.0,0.0,0.0,1e-07,0.0,0.0,0.0,0.0,1e-07,1e-11,0.0
24457758.0,4995000000.0,5000000.0,5.0,0.0,0.0487,0.0487,0.0487,0.0487,21.428,0.032142,0.019598,0.032142,21.428,3.0739e-06,0.019598,3.0739e-06,0.0,0.0,0.0,0.0,0.001,0.0,0.0,0.0,1e-07,0.0,0.0,0.0,0.0,1e-07,0.001,0.0
24450621.0,4995000000.0,5000000.0,5.0,0.0,0.0487,0.0487,0.0487,0.0487,2.2307,0.60541,0.0020402,0.60541,2.2307,0.005267,0.0020402,0.005267,0.0,0.0,0.0,0.0,2.154e-10,0.0,0.0,0.0,0.001,0.0,0.0,0.0,0.0,0.001,2.154e-10,0.0
24452371.0,4995000000.0,5000000.0,5.0,0.0,0.0487,0.0487,0.0487,0.0487,2.2307,2.2307,2.2307e-05,2.2307,2.2307,0.019407,2.2307e-05,0.019407,0.0,0.0,0.0,0.0,0.001,0.0,0.0,0.0,0.001,0.0,0.0,0.0,0.0,0.001,0.001,0.0
24450446.0,4995000000.0,5000000.0,5.0,0.0,0.0487,0.0487,0.0487,0.0487,2.2307,0.60541,0.0020402,0.60541,2.2307,0.0,0.0020402,0.0,0.0,0.0,0.0,0.0,2.154e-06,0.0,0.0,0.0,0.001,0.0,0.0,0.0,0.0,0.001,2.154e-06,0.0
24457252.0,4995000000.0,5000000.0,5.0,0.0,0.0487,0.0487,0.0487,0.0487,21.428,0.032142,0.00021428,0.032142,21.428,0.025714,0.00021428,0.025714,0.0,0.0,0.0,0.0,2.154e-06,0.0,0.0,0.0,2.154e-10,0.0,0.0,0.0,0.0,2.154e-10,2.154e-06,0.0
24450179.0,4995000000.0,5000000.0,5.0,0.0,0.0487,0.0487,0.0487,0.0487,2.2307,0.60541,0.00021333,0.60541,2.2307,5.7898e-05,0.00021333,5.7898e-05,0.0,0.0,0.0,0.0,2.154e-10,0.0,0.0,0.0,4.642e-05,0.0,0.0,0.0,0.0,4.642e-05,2.154e-10,0.0
24459683.0,4995000000.0,5000000.0,5.0,0.0,0.0487,0.0487,0.0487,0.0487,21.428,0.11571,0.0020493,0.11571,21.428,0.0,0.0020493,0.0,0.0,0.0,0.0,0.0,2.154e-10,0.0,0.0,0.0,1e-07,0.0,0.0,0.0,0.0,1e-07,2.154e-10,0.0
24457232.0,4995000000.0,5000000.0,5.0,0.0,0.0487,0.0487,0.0487,0.0487,21.428,0.032142,0.00021428,0.032142,21.428,0.025714,0.00021428,0.025714,0.0,0.0,0.0,0.0,2.154e-10,0.0,0.0,0.0,4.642e-09,0.0,0.0,0.0,0.0,4.642e-09,2.154e-10,0.0
24457009.0,4995000000.0,5000000.0,5.0,0.0,0.0487,0.0487,0.0487,0.0487,21.428,0.032142,0.00021428,0.032142,21.428,3.2142e-07,0.00021428,3.2142e-07,0.0,0.0,0.0,0.0,2.154e-06,0.0,0.0,0.0,1e-07,0.0,0.0,0.0,0.0,1e-07,2.154e-06,0.0
24452662.0,4995000000.0,5000000.0,5.0,0.0,0.0487,0.0487,0.0487,0.0487,2.2307,2.2307,0.00021333,2.2307,2.2307,0.0020402,0.00021333,0.0020402,0.0,0.0,0.0,0.0,0.001,0.0,0.0,0.0,1e-07,0.0,0.0,0.0,0.0,1e-07,0.001,0.0
24457714.0,4995000000.0,5000000.0,5.0,0.0,0.0487,0.0487,0.0487,0.0487,21.428,0.032142,0.019598,0.032142,21.428,3.0739e-06,0.019598,3.0739e-06,0.0,0.0,0.0,0.0,1e-11,0.0,0.0,0.0,2.154e-10,0.0,0.0,0.0,0.0,2.154e-10,1e-11,0.0
24452301.0,4995000000.0,5000000.0,5.0,0.0,0.0487,0.0487,0.0487,0.0487,2.2307,2.2307,2.2307e-05,2.2307,2.2307,0.0020402,2.2307e-05,0.0020402,0.0,0.0,0.0,0.0,1e-07,0.0,0.0,0.0,0.001,0.0,0.0,0.0,0.0,0.001,1e-07,0.0
24453182.0,4995000000.0,5000000.0,5.0,0.0,0.0487,0.0487,0.0487,0.0487,2.2307,2.2307,0.019407,2.2307,2.2307,0.0,0.019407,0.0,0.0,0.0,0.0,0.0,1e-07,0.0,0.0,0.0,4.642e-05,0.0,0.0,0.0,0.0,4.642e-05,1e-07,0.0
24457423.0,4995000000.0,5000000.0,5.0,0.0,0.0487,0.0487,0.0487,0.0487,21.428,0.032142,0.0020493,0.032142,21.428,2.9397e-05,0.0020493,2.9397e-05,0.0,0.0,0.0,0.0,1e-11,0.0,0.0,0.0,2.154e-06,0.0,0.0,0.0,0.0,2.154e-06,1e-11,0.0
24459433.0,4995000000.0,5000000.0,5.0,0.0,0.0487,0.0487,0.0487,0.0487,21.428,0.11571,0.00021428,0.11571,21.428,1.1066e-05,0.00021428,1.1066e-05,0.0,0.0,0.0,0.0,1e-11,0.0,0.0,0.0,4.642e-05,0.0,0.0,0.0,0.0,4.642e-05,1e-11,0.0
24459598.0,4995000000.0,5000000.0,5.0,0.0,0.0487,0.0487,0.0487,0.0487,21.428,0.11571,0.00021428,0.11571,21.428,0.009685,0.00021428,0.009685,0.0,0.0,0.0,0.0,1e-07,0.0,0.0,0.0,4.642e-09,0.0,0.0,0.0,0.0,4.642e-09,1e-07,0.0
24456936.0,4995000000.0,5000000.0,5.0,0.0,0.0487,0.0487,0.0487,0.0487,21.428,0.032142,0.00021428,0.032142,21.428,0.0,0.00021428,0.0,0.0,0.0,0.0,0.0,2.154e-10,0.0,0.0,0.0,1e-11,0.0,0.0,0.0,0.0,1e-11,2.154e-10,0.0
24456957.0,4995000000.0,5000000.0,5.0,0.0,0.0487,0.0487,0.0487,0.0487,21.428,0.032142,0.00021428,0.032142,21.428,0.0,0.00021428,0.0,0.0,0.0,0.0,0.0,2.154e-06,0.0,0.0,0.0,1e-11,0.0,0.0,0.0,0.0,1e-11,2.154e-06,0.0
24452853.0,4995000000.0,5000000.0,5.0,0.0,0.0487,0.0487,0.0487,0.0487,2.2307,2.2307,0.0020402,2.2307,2.2307,0.0,0.0020402,0.0,0.0,0.0,0.0,0.0,4.642e-05,0.0,0.0,0.0,4.642e-05,0.0,0.0,0.0,0.0,4.642e-05,4.642e-05,0.0
24457629.0,4995000000.0,5000000.0,5.0,0.0,0.0487,0.0487,0.0487,0.0487,21.428,0.032142,0.019598,0.032142,21.428,0.0,0.019598,0.0,0.0,0.0,0.0,0.0,4.642e-09,0.0,0.0,0.0,1e-11,0.0,0.0,0.0,0.0,1e-11,4.642e-09,0.0
24459364.0,4995000000.0,5000000.0,5.0,0.0,0.0487,0.0487,0.0487,0.0487,21.428,0.11571,0.00021428,0.11571,21.428,0.0,0.00021428,0.0,0.0,0.0,0.0,0.0,2.154e-06,0.0,0.0,0.0,0.001,0.0,0.0,0.0,0.0,0.001,2.154e-06,0.0
24459448.0,4995000000.0,5000000.0,5.0,0.0,0.0487,0.0487,0.0487,0.0487,21.428,0.11571,0.00021428,0.11571,21.428,1.1066e-05,0.00021428,1.1066e-05,0.0,0.0,0.0,0.0,4.642e-09,0.0,0.0,0.0,0.001,0.0,0.0,0.0,0.0,0.001,4.642e-09,0.0
24453308.0,4995000000.0,5000000.0,5.0,0.0,0.0487,0.0487,0.0487,0.0487,2.2307,2.2307,0.019407,2.2307,2.2307,0.0020402,0.019407,0.0020402,0.0,0.0,0.0,0.0,1e-11,0.0,0.0,0.0,4.642e-05,0.0,0.0,0.0,0.0,4.642e-05,1e-11,0.0
24457610.0,4995000000.0,5000000.0,5.0,0.0,0.0487,0.0487,0.0487,0.0487,21.428,0.032142,0.0020493,0.032142,21.428,0.025714,0.0020493,0.025714,0.0,0.0,0.0,0.0,0.001,0.0,0.0,0.0,4.642e-09,0.0,0.0,0.0,0.0,4.642e-09,0.001,0.0
24452509.0,4995000000.0,5000000.0,5.0,0.0,0.0487,0.0487,0.0487,0.0487,2.2307,2.2307,0.00021333,2.2307,2.2307,0.0,0.00021333,0.0,0.0,0.0,0.0,0.0,4.642e-05,0.0,0.0,0.0,2.154e-06,0.0,0.0,0.0,0.0,2.154e-06,4.642e-05,0.0
24457098.0,4995000000.0,5000000.0,5.0,0.0,0.0487,0.0487,0.0487,0.0487,21.428,0.032142,0.00021428,0.032142,21.428,2.9397e-05,0.00021428,2.9397e-05,0.0,0.0,0.0,0.0,1e-07,0.0,0.0,0.0,2.154e-10,0.0,0.0,0.0,0.0,2.154e-10,1e-07,0.0
24459208.0,4995000000.0,5000000.0,5.0,0.0,0.0487,0.0487,0.0487,0.0487,21.428,0.11571,0.0,0.11571,21.428,0.0010067,0.0,0.0010067,0.0,0.0,0.0,0.0,1e-07,0.0,0.0,0.0,2.154e-06,0.0,0.0,0.0,0.0,2.154e-06,1e-07,0.0
24450886.0,4995000000.0,5000000.0,5.0,0.0,0.0487,0.0487,0.0487,0.0487,2.2307,0.60541,0.019407,0.60541,2.2307,5.7898e-05,0.019407,5.7898e-05,0.0,0.0,0.0,0.0,2.154e-06,0.0,0.0,0.0,4.642e-05,0.0,0.0,0.0,0.0,4.642e-05,2.154e-06,0.0
24457907.0,4995000000.0,5000000.0,5.0,0.0,0.0487,0.0487,0.0487,0.0487,21.428,0.032142,0.019598,0.032142,21.428,0.0026903,0.019598,0.0026903,0.0,0.0,0.0,0.0,0.001,0.0,0.0,0.0,4.642e-05,0.0,0.0,0.0,0.0,4.642e-05,0.001,0.0
24457393.0,4995000000.0,5000000.0,5.0,0.0,0.0487,0.0487,0.0487,0.0487,21.428,0.032142,0.0020493,0.032142,21.428,3.0739e-06,0.0020493,3.0739e-06,0.0,0.0,0.0,0.0,1e-07,0.0,0.0,0.0,4.642e-09,0.0,0.0,0.0,0.0,4.642e-09,1e-07,0.0
24459467.0,4995000000.0,5000000.0,5.0,0.0,0.0487,0.0487,0.0487,0.0487,21.428,0.11571,0.00021428,0.11571,21.428,1.1066e-05,0.00021428,1.1066e-05,0.0,0.0,0.0,0.0,4.642e-05,0.0,0.0,0.0,2.154e-06,0.0,0.0,0.0,0.0,2.154e-06,4.642e-05,0.0
24456945.0,4995000000.0,5000000.0,5.0,0.0,0.0487,0.0487,0.0487,0.0487,21.428,0.032142,0.00021428,0.032142,21.428,0.0,0.00021428,0.0,0.0,0.0,0.0,0.0,4.642e-09,0.0,0.0,0.0,4.642e-09,0.0,0.0,0.0,0.0,4.642e-09,4.642e-09,0.0
24459130.0,4995000000.0,5000000.0,5.0,0.0,0.0487,0.0487,0.0487,0.0487,21.428,0.11571,0.0,0.11571,21.428,1.1066e-05,0.0,1.1066e-05,0.0,0.0,0.0,0.0,0.001,0.0,0.0,0.0,1e-07,0.0,0.0,0.0,0.0,1e-07,0.001,0.0
24457906.0,4995000000.0,5000000.0,5.0,0.0,0.0487,0.0487,0.0487,0.0487,21.428,0.032142,0.019598,0.032142,21.428,0.0026903,0.019598,0.0026903,0.0,0.0,0.0,0.0,0.001,0.0,0.0,0.0,2.154e-06,0.0,0.0,0.0,0.0,2.154e-06,0.001,0.0
24459249.0,4995000000.0,5000000.0,5.0,0.0,0.0487,0.0487,0.0487,0.0487,21.428,0.11571,0.0,0.11571,21.428,0.009685,0.0,0.009685,0.0,0.0,0.0,0.0,4.642e-09,0.0,0.0,0.0,1e-07,0.0,0.0,0.0,0.0,1e-07,4.642e-09,0.0
24456862.0,4995000000.0,5000000.0,5.0,0.0,0.0487,0.0487,0.0487,0.0487,21.428,0.032142,0.0,0.032142,21.428,0.0026903,0.0,0.0026903,0.0,0.0,0.0,0.0,2.154e-06,0.0,0.0,0.0,1e-07,0.0,0.0,0.0,0.0,1e-07,2.154e-06,0.0
24459077.0,4995000000.0,5000000.0,5.0,0.0,0.0487,0.0487,0.0487,0.0487,21.428,0.11571,0.0,0.11571,21.428,1.1571e-06,0.0,1.1571e-06,0.0,0.0,0.0,0.0,4.642e-05,0.0,0.0,0.0,0.001,0.0,0.0,0.0,0.0,0.001,4.642e-05,0.0
24450193.0,4995000000.0,5000000.0,5.0,0.0,0.0487,0.0487,0.0487,0.0487,2.2307,0.60541,0.00021333,0.60541,2.2307,5.7898e-05,0.00021333,5.7898e-05,0.0,0.0,0.0,0.0,1e-07,0.0,0.0,0.0,4.642e-05,0.0,0.0,0.0,0.0,4.642e-05,1e-07,0.0
24457256.0,4995000000.0,5000000.0,5.0,0.0,0.0487,0.0487,0.0487,0.0487,21.428,0.032142,0.00021428,0.032142,21.428,0.025714,0.00021428,0.025714,0.0,0.0,0.0,0.0,2.154e-06,0.0,0.0,0.0,4.642e-05,0.0,0.0,0.0,0.0,4.642e-05,2.154e-06,0.0
24450211.0,4995000000.0,5000000.0,5.0,0.0,0.0487,0.0487,0.0487,0.0487,2.2307,0.60541,0.00021333,0.60541,2.2307,5.7898e-05,0.00021333,5.7898e-05,0.0,0.0,0.0,0.0,0.001,0.0,0.0,0.0,4.642e-09,0.0,0.0,0.0,0.0,4.642e-09,0.001,0.0
24459811.0,4995000000.0,5000000.0,5.0,0.0,0.0487,0.0487,0.0487,0.0487,21.428,0.11571,0.0020493,0.11571,21.428,1.1066e-05,0.0020493,1.1066e-05,0.0,0.0,0.0,0.0,4.642e-05,0.0,0.0,0.0,4.642e-05,0.0,0.0,0.0,0.0,4.642e-05,4.642e-05,0.0
24457840.0,4995000000.0,5000000.0,5.0,0.0,0.0487,0.0487,0.0487,0.0487,21.428,0.032142,0.019598,0.032142,21.428,0.00027964,0.019598,0.00027964,0.0,0.0,0.0,0.0,2.154e-06,0.0,0.0,0.0,2.154e-10,0.0,0.0,0.0,0.0,2.154e-10,2.154e-06,0.0
24452819.0,4995000000.0,5000000.0,5.0,0.0,0.0487,0.0487,0.0487,0.0487,2.2307,2.2307,0.0020402,2.2307,2.2307,0.0,0.0020402,0.0,0.0,0.0,0.0,0.0,1e-11,0.0,0.0,0.0,0.001,0.0,0.0,0.0,0.0,0.001,1e-11,0.0
24450871.0,4995000000.0,5000000.0,5.0,0.0,0.0487,0.0487,0.0487,0.0487,2.2307,0.60541,0.019407,0.60541,2.2307,5.7898e-05,0.019407,5.7898e-05,0.0,0.0,0.0,0.0,4.642e-09,0.0,0.0,0.0,2.154e-06,0.0,0.0,0.0,0.0,2.154e-06,4.642e-09,0.0
24457808.0,4995000000.0,5000000.0,5.0,0.0,0.0487,0.0487,0.0487,0.0487,21.428,0.032142,0.019598,0.032142,21.428,2.9397e-05,0.019598,2.9397e-05,0.0,0.0,0.0,0.0,0.001,0.0,0.0,0.0,2.154e-06,0.0,0.0,0.0,0.0,2.154e-06,0.001,0.0
24457481.0,4995000000.0,5000000.0,5.0,0.0,0.0487,0.0487,0.0487,0.0487,21.428,0.032142,0.0020493,0.032142,21.428,0.00027964,0.0020493,0.00027964,0.0,0.0,0.0,0.0,2.154e-10,0.0,0.0,0.0,0.001,0.0,0.0,0.0,0.0,0.001,2.154e-10,0.0
24452686.0,4995000000.0,5000000.0,5.0,0.0,0.0487,0.0487,0.0487,0.0487,2.2307,2.2307,0.00021333,2.2307,2.2307,0.019407,0.00021333,0.019407,0.0,0.0,0.0,0.0,4.642e-09,0.0,0.0,0.0,0.001,0.0,0.0,0.0,0.0,0.001,4.642e-09,0.0
24457826.0,4995000000.0,5000000.0,5.0,0.0,0.0487,0.0487,0.0487,0.0487,21.428,0.032142,0.019598,0.032142,21.428,0.00027964,0.019598,0.00027964,0.0,0.0,0.0,0.0,4.642e-09,0.0,0.0,0.0,2.154e-10,0.0,0.0,0.0,0.0,2.154e-10,4.642e-09,0.0
24459693.0,4995000000.0,5000000.0,5.0,0.0,0.0487,0.0487,0.0487,0.0487,21.428,0.11571,0.0020493,0.11571,21.428,0.0,0.0020493,0.0,0.0,0.0,0.0,0.0,4.642e-09,0.0,0.0,0.0,0.001,0.0,0.0,0.0,0.0,0.001,4.642e-09,0.0
24457764.0,4995000000.0,5000000.0,5.0,0.0,0.0487,0.0487,0.0487,0.0487,21.428,0.032142,0.019598,0.032142,21.428,2.9397e-05,0.019598,2.9397e-05,0.0,0.0,0.0,0.0,1e-11,0.0,0.0,0.0,4.642e-09,0.0,0.0,0.0,0.0,4.642e-09,1e-11,0.0
24457910.0,4995000000.0,5000000.0,5.0,0.0,0.0487,0.0487,0.0487,0.0487,21.428,0.032142,0.019598,0.032142,21.428,0.025714,0.019598,0.025714,0.0,0.0,0.0,0.0,1e-11,0.0,0.0,0.0,2.154e-10,0.0,0.0,0.0,0.0,2.154e-10,1e-11,0.0
24457378.0,4995000000.0,5000000.0,5.0,0.0,0.0487,0.0487,0.0487,0.0487,21.428,0.032142,0.0020493,0.032142,21.428,3.0739e-06,0.0020493,3.0739e-06,0.0,0.0,0.0,0.0,2.154e-10,0.0,0.0,0.0,2.154e-10,0.0,0.0,0.0,0.0,2.154e-10,2.154e-10,0.0
24450425.0,4995000000.0,5000000.0,5.0,0.0,0.0487,0.0487,0.0487,0.0487,2.2307,0.60541,0.0020402,0.60541,2.2307,0.0,0.0020402,0.0,0.0,0.0,0.0,0.0,2.154e-10,0.0,0.0,0.0,0.001,0.0,0.0,0.0,0.0,0.001,2.154e-10,0.0
24452903.0,4995000000.0,5000000.0,5.0,0.0,0.0487,0.0487,0.0487,0.0487,2.2307,2.2307,0.0020402,2.2307,2.2307,2.2307e-05,0.0020402,2.2307e-05,0.0,0.0,0.0,0.0,4.642e-05,0.0,0.0,0.0,0.001,0.0,0.0,0.0,0.0,0.001,4.642e-05,0.0
24457956.0,4995000000.0,5000000.0,5.0,0.0,0.0487,0.0487,0.0487,0.0487,21.428,0.032142,0.019598,0.032142,21.428,0.025714,0.019598,0.025714,0.0,0.0,0.0,0.0,0.001,0.0,0.0,0.0,4.642e-05,0.0,0.0,0.0,0.0,4.642e-05,0.001,0.0
24459840.0,4995000000.0,5000000.0,5.0,0.0,0.0487,0.0487,0.0487,0.0487,21.428,0.11571,0.0020493,0.11571,21.428,0.00010583,0.0020493,0.00010583,0.0,0.0,0.0,0.0,4.642e-09,0.0,0.0,0.0,0.001,0.0,0.0,0.0,0.0,0.001,4.642e-09,0.0
24457074.0,4995000000.0,5000000.0,5.0,0.0,0.0487,0.0487,0.0487,0.0487,21.428,0.032142,0.00021428,0.032142,21.428,3.0739e-06,0.00021428,3.0739e-06,0.0,0.0,0.0,0.0,0.001,0.0,0.0,0.0,4.642e-05,0.0,0.0,0.0,0.0,4.642e-05,0.001,0.0
24459217.0,4995000000.0,5000000.0,5.0,0.0,0.0487,0.0487,0.0487,0.0487,21.428,0.11571,0.0,0.11571,21.428,0.0010067,0.0,0.0010067,0.0,0.0,0.0,0.0,2.154e-06,0.0,0.0,0.0,0.001,0.0,0.0,0.0,0.0,0.001,2.154e-06,0.0
24457866.0,4995000000.0,5000000.0,5.0,0.0,0.0487,0.0487,0.0487,0.0487,21.428,0.032142,0.019598,0.032142,21.428,0.0026903,0.019598,0.0026903,0.0,0.0,0.0,0.0,1e-11,0.0,0.0,0.0,0.001,0.0,0.0,0.0,0.0,0.001,1e-11,0.0
24457176.0,4995000000.0,5000000.0,5.0,0.0,0.0487,0.0487,0.0487,0.0487,21.428,0.032142,0.00021428,0.032142,21.428,0.0026903,0.00021428,0.0026903,0.0,0.0,0.0,0.0,1e-11,0.0,0.0,0.0,4.642e-09,0.0,0.0,0.0,0.0,4.642e-09,1e-11,0.0
24453342.0,4995000000.0,5000000.0,5.0,0.0,0.0487,0.0487,0.0487,0.0487,2.2307,2.2307,0.019407,2.2307,2.2307,0.0020402,0.019407,0.0020402,0.0,0.0,0.0,0.0,4.642e-05,0.0,0.0,0.0,2.154e-06,0.0,0.0,0.0,0.0,2.154e-06,4.642e-05,0.0
24456903.0,4995000000.0,5000000.0,5.0,0.0,0.0487,0.0487,0.0487,0.0487,21.428,0.032142,0.0,0.032142,21.428,0.025714,0.0,0.025714,0.0,0.0,0.0,0.0,1e-07,0.0,0.0,0.0,4.642e-09,0.0,0.0,0.0,0.0,4.642e-09,1e-07,0.0
24457573.0,4995000000.0,5000000.0,5.0,0.0,0.0487,0.0487,0.0487,0.0487,21.428,0.032142,0.0020493,0.032142,21.428,0.025714,0.0020493,0.025714,0.0,0.0,0.0,0.0,2.154e-10,0.0,0.0,0.0,1e-11,0.0,0.0,0.0,0.0,1e-11,2.154e-10,0.0
24459621.0,4995000000.0,5000000.0,5.0,0.0,0.0487,0.0487,0.0487,0.0487,21.428,0.11571,0.00021428,0.11571,21.428,0.009685,0.00021428,0.009685,0.0,0.0,0.0,0.0,0.001,0.0,0.0,0.0,2.154e-06,0.0,0.0,0.0,0.0,2.154e-06,0.001,0.0
24459774.0,4995000000.0,5000000.0,5.0,0.0,0.0487,0.0487,0.0487,0.0487,21.428,0.11571,0.0020493,0.11571,21.428,1.1066e-05,0.0020493,1.1066e-05,0.0,0.0,0.0,0.0,1e-11,0.0,0.0,0.0,1e-07,0.0,0.0,0.0,0.0,1e-07,1e-11,0.0
24459125.0,4995000000.0,5000000.0,5.0,0.0,0.0487,0.0487,0.0487,0.0487,21.428,0.11571,0.0,0.11571,21.428,1.1066e-05,0.0,1.1066e-05,0.0,0.0,0.0,0.0,4.642e-05,0.0,0.0,0.0,4.642e-05,0.0,0.0,0.0,0.0,4.642e-05,4.642e-05,0.0
24456810.0,4995000000.0,5000000.0,5.0,0.0,0.0487,0.0487,0.0487,0.0487,21.428,0.032142,0.0,0.032142,21.428,0.00027964,0.0,0.00027964,0.0,0.0,0.0,0.0,2.154e-06,0.0,0.0,0.0,1e-11,0.0,0.0,0.0,0.0,1e-11,2.154e-06,0.0
24457834.0,4995000000.0,5000000.0,5.0,0.0,0.0487,0.0487,0.0487,0.0487,21.428,0.032142,0.019598,0.032142,21.428,0.00027964,0.019598,0.00027964,0.0,0.0,0.0,0.0,1e-07,0.0,0.0,0.0,4.642e-09,0.0,0.0,0.0,0.0,4.642e-09,1e-07,0.0
24452503.0,4995000000.0,5000000.0,5.0,0.0,0.0487,0.0487,0.0487,0.0487,2.2307,2.2307,0.00021333,2.2307,2.2307,0.0,0.00021333,0.0,0.0,0.0,0.0,0.0,2.154e-06,0.0,0.0,0.0,4.642e-05,0.0,0.0,0.0,0.0,4.642e-05,2.154e-06,0.0
24459069.0,4995000000.0,5000000.0,5.0,0.0,0.0487,0.0487,0.0487,0.0487,21.428,0.11571,0.0,0.11571,21.428,1.1571e-06,0.0,1.1571e-06,0.0,0.0,0.0,0.0,2.154e-06,0.0,0.0,0.0,4.642e-05,0.0,0.0,0.0,0.0,4.642e-05,2.154e-06,0.0
24459349.0,4995000000.0,5000000.0,5.0,0.0,0.0487,0.0487,0.0487,0.0487,21.428,0.11571,0.00021428,0.11571,21.428,0.0,0.00021428,0.0,0.0,0.0,0.0,0.0,4.642e-09,0.0,0.0,0.0,4.642e-05,0.0,0.0,0.0,0.0,4.642e-05,4.642e-09,0.0
24450201.0,4995000000.0,5000000.0,5.0,0.0,0.0487,0.0487,0.0487,0.0487,2.2307,0.60541,0.00021333,0.60541,2.2307,5.7898e-05,0.00021333,5.7898e-05,0.0,0.0,0.0,0.0,2.154e-06,0.0,0.0,0.0,0.001,0.0,0.0,0.0,0.0,0.001,2.154e-06,0.0
24457898.0,4995000000.0,5000000.0,5.0,0.0,0.0487,0.0487,0.0487,0.0487,21.428,0.032142,0.019598,0.032142,21.428,0.0026903,0.019598,0.0026903,0.0,0.0,0.0,0.0,4.642e-05,0.0,0.0,0.0,1e-07,0.0,0.0,0.0,0.0,1e-07,4.642e-05,0.0
24457032.0,4995000000.0,5000000.0,5.0,0.0,0.0487,0.0487,0.0487,0.0487,21.428,0.032142,0.00021428,0.032142,21.428,3.0739e-06,0.00021428,3.0739e-06,0.0,0.0,0.0,0.0,1e-11,0.0,0.0,0.0,4.642e-05,0.0,0.0,0.0,0.0,4.642e-05,1e-11,0.0
24450519.0,4995000000.0,5000000.0,5.0,0.0,0.0487,0.0487,0.0487,0.0487,2.2307,0.60541,0.0020402,0.60541,2.2307,5.7898e-05,0.0020402,5.7898e-05,0.0,0.0,0.0,0.0,2.154e-10,0.0,0.0,0.0,4.642e-09,0.0,0.0,0.0,0.0,4.642e-09,2.154e-10,0.0
24456593.0,4995000000.0,5000000.0,5.0,0.0,0.0487,0.0487,0.0487,0.0487,21.428,0.032142,0.0,0.032142,21.428,0.0,0.0,0.0,0.0,0.0,0.0,0.0,2.154e-10,0.0,0.0,0.0,1e-11,0.0,0.0,0.0,0.0,1e-11,2.154e-10,0.0
24457339.0,4995000000.0,5000000.0,5.0,0.0,0.0487,0.0487,0.0487,0.0487,21.428,0.032142,0.0020493,0.032142,21.428,3.2142e-07,0.0020493,3.2142e-07,0.0,0.0,0.0,0.0,4.642e-09,0.0,0.0,0.0,2.154e-06,0.0,0.0,0.0,0.0,2.154e-06,4.642e-09,0.0
24456761.0,4995000000.0,5000000.0,5.0,0.0,0.0487,0.0487,0.0487,0.0487,21.428,0.032142,0.0,0.032142,21.428,2.9397e-05,0.0,2.9397e-05,0.0,0.0,0.0,0.0,2.154e-06,0.0,0.0,0.0,1e-11,0.0,0.0,0.0,0.0,1e-11,2.154e-06,0.0
24457781.0,4995000000.0,5000000.0,5.0,0.0,0.0487,0.0487,0.0487,0.0487,21.428,0.032142,0.019598,0.032142,21.428,2.9397e-05,0.019598,2.9397e-05,0.0,0.0,0.0,0.0,4.642e-09,0.0,0.0,0.0,4.642e-05,0.0,0.0,0.0,0.0,4.642e-05,4.642e-09,0.0
24457864.0,4995000000.0,5000000.0,5.0,0.0,0.0487,0.0487,0.0487,0.0487,21.428,0.032142,0.019598,0.032142,21.428,0.0026903,0.019598,0.0026903,0.0,0.0,0.0,0.0,1e-11,0.0,0.0,0.0,2.154e-06,0.0,0.0,0.0,0.0,2.154e-06,1e-11,0.0
24456734.0,4995000000.0,5000000.0,5.0,0.0,0.0487,0.0487,0.0487,0.0487,21.428,0.032142,0.0,0.032142,21.428,2.9397e-05,0.0,2.9397e-05,0.0,0.0,0.0,0.0,1e-11,0.0,0.0,0.0,2.154e-10,0.0,0.0,0.0,0.0,2.154e-10,1e-11,0.0
24450141.0,4995000000.0,5000000.0,5.0,0.0,0.0487,0.0487,0.0487,0.0487,2.2307,0.60541,0.00021333,0.60541,2.2307,6.0541e-06,0.00021333,6.0541e-06,0.0,0.0,0.0,0.0,1e-07,0.0,0.0,0.0,4.642e-09,0.0,0.0,0.0,0.0,4.642e-09,1e-07,0.0
24450159.0,4995000000.0,5000000.0,5.0,0.0,0.0487,0.0487,0.0487,0.0487,2.2307,0.60541,0.00021333,0.60541,2.2307,6.0541e-06,0.00021333,6.0541e-06,0.0,0.0,0.0,0.0,4.642e-05,0.0,0.0,0.0,0.001,0.0,0.0,0.0,0.0,0.001,4.642e-05,0.0
24459698.0,4995000000.0,5000000.0,5.0,0.0,0.0487,0.0487,0.0487,0.0487,21.428,0.11571,0.0020493,0.11571,21.428,0.0,0.0020493,0.0,0.0,0.0,0.0,0.0,1e-07,0.0,0.0,0.0,2.154e-06,0.0,0.0,0.0,0.0,2.154e-06,1e-07,0.0
24450599.0,4995000000.0,5000000.0,5.0,0.0,0.0487,0.0487,0.0487,0.0487,2.2307,0.60541,0.0020402,0.60541,2.2307,0.00055371,0.0020402,0.00055371,0.0,0.0,0.0,0.0,4.642e-05,0.0,0.0,0.0,4.642e-05,0.0,0.0,0.0,0.0,4.642e-05,4.642e-05,0.0
24450508.0,4995000000.0,5000000.0,5.0,0.0,0.0487,0.0487,0.0487,0.0487,2.2307,0.60541,0.0020402,0.60541,2.2307,6.0541e-06,0.0020402,6.0541e-06,0.0,0.0,0.0,0.0,0.001,0.0,0.0,0.0,4.642e-05,0.0,0.0,0.0,0.0,4.642e-05,0.001,0.0
24459553.0,4995000000.0,5000000.0,5.0,0.0,0.0487,0.0487,0.0487,0.0487,21.428,0.11571,0.00021428,0.11571,21.428,0.0010067,0.00021428,0.0010067,0.0,0.0,0.0,0.0,1e-07,0.0,0.0,0.0,0.001,0.0,0.0,0.0,0.0,0.001,1e-07,0.0
24450947.0,4995000000.0,5000000.0,5.0,0.0,0.0487,0.0487,0.0487,0.0487,2.2307,0.60541,0.019407,0.60541,2.2307,0.00055371,0.019407,0.00055371,0.0,0.0,0.0,0.0,0.001,0.0,0.0,0.0,1e-07,0.0,0.0,0.0,0.0,1e-07,0.001,0.0
24450151.0,4995000000.0,5000000.0,5.0,0.0,0.0487,0.0487,0.0487,0.0487,2.2307,0.60541,0.00021333,0.60541,2.2307,6.0541e-06,0.00021333,6.0541e-06,0.0,0.0,0.0,0.0,2.154e-06,0.0,0.0,0.0,4.642e-05,0.0,0.0,0.0,0.0,4.642e-05,2.154e-06,0.0
24453005.0,4995000000.0,5000000.0,5.0,0.0,0.0487,0.0487,0.0487,0.0487,2.2307,2.2307,0.0020402,2.2307,2.2307,0.0020402,0.0020402,0.0020402,0.0,0.0,0.0,0.0,0.001,0.0,0.0,0.0,1e-07,0.0,0.0,0.0,0.0,1e-07,0.001,0.0
24459545.0,4995000000.0,5000000.0,5.0,0.0,0.0487,0.0487,0.0487,0.0487,21.428,0.11571,0.00021428,0.11571,21.428,0.0010067,0.00021428,0.0010067,0.0,0.0,0.0,0.0,4.642e-09,0.0,0.0,0.0,4.642e-05,0.0,0.0,0.0,0.0,4.642e-05,4.642e-09,0.0
24459810.0,4995000000.0,5000000.0,5.0,0.0,0.0487,0.0487,0.0487,0.0487,21.428,0.11571,0.0020493,0.11571,21.428,1.1066e-05,0.0020493,1.1066e-05,0.0,0.0,0.0,0.0,4.642e-05,0.0,0.0,0.0,2.154e-06,0.0,0.0,0.0,0.0,2.154e-06,4.642e-05,0.0
24452006.0,4995000000.0,5000000.0,5.0,0.0,0.0487,0.0487,0.0487,0.0487,2.2307,2.2307,0.0,2.2307,2.2307,0.019407,0.0,0.019407,0.0,0.0,0.0,0.0,1e-07,0.0,0.0,0.0,4.642e-05,0.0,0.0,0.0,0.0,4.642e-05,1e-07,0.0
24459767.0,4995000000.0,5000000.0,5.0,0.0,0.0487,0.0487,0.0487,0.0487,21.428,0.11571,0.0020493,0.11571,21.428,1.1571e-06,0.0020493,1.1571e-06,0.0,0.0,0.0,0.0,0.001,0.0,0.0,0.0,1e-07,0.0,0.0,0.0,0.0,1e-07,0.001,0.0
24457506.0,4995000000.0,5000000.0,5.0,0.0,0.0487,0.0487,0.0487,0.0487,21.428,0.032142,0.0020493,0.032142,21.428,0.00027964,0.0020493,0.00027964,0.0,0.0,0.0,0.0,4.642e-05,0.0,0.0,0.0,1e-07,0.0,0.0,0.0,0.0,1e-07,4.642e-05,0.0
24451927.0,4995000000.0,5000000.0,5.0,0.0,0.0487,0.0487,0.0487,0.0487,2.2307,2.2307,0.0,2.2307,2.2307,0.00021333,0.0,0.00021333,0.0,0.0,0.0,0.0,0.001,0.0,0.0,0.0,1e-07,0.0,0.0,0.0,0.0,1e-07,0.001,0.0
24457211.0,4995000000.0,5000000.0,5.0,0.0,0.0487,0.0487,0.0487,0.0487,21.428,0.032142,0.00021428,0.032142,21.428,0.0026903,0.00021428,0.0026903,0.0,0.0,0.0,0.0,4.642e-05,0.0,0.0,0.0,4.642e-09,0.0,0.0,0.0,0.0,4.642e-09,4.642e-05,0.0
24452252.0,4995000000.0,5000000.0,5.0,0.0,0.0487,0.0487,0.0487,0.0487,2.2307,2.2307,2.2307e-05,2.2307,2.2307,0.00021333,2.2307e-05,0.00021333,0.0,0.0,0.0,0.0,1e-07,0.0,0.0,0.0,0.001,0.0,0.0,0.0,0.0,0.001,1e-07,0.0
24457402.0,4995000000.0,5000000.0,5.0,0.0,0.0487,0.0487,0.0487,0.0487,21.428,0.032142,0.0020493,0.032142,21.428,3.0739e-06,0.0020493,3.0739e-06,0.0,0.0,0.0,0.0,2.154e-06,0.0,0.0,0.0,2.154e-06,0.0,0.0,0.0,0.0,2.154e-06,2.154e-06,0.0
24457238.0,4995000000.0,5000000.0,5.0,0.0,0.0487,0.0487,0.0487,0.0487,21.428,0.032142,0.00021428,0.032142,21.428,0.025714,0.00021428,0.025714,0.0,0.0,0.0,0.0,4.642e-09,0.0,0.0,0.0,2.154e-10,0.0,0.0,0.0,0.0,2.154e-10,4.642e-09,0.0
24457493.0,4995000000.0,5000000.0,5.0,0.0,0.0487,0.0487,0.0487,0.0487,21.428,0.032142,0.0020493,0.032142,21.428,0.00027964,0.0020493,0.00027964,0.0,0.0,0.0,0.0,1e-07,0.0,0.0,0.0,2.154e-06,0.0,0.0,0.0,0.0,2.154e-06,1e-07,0.0
24451853.0,4995000000.0,5000000.0,5.0,0.0,0.0487,0.0487,0.0487,0.0487,2.2307,2.2307,0.0,2.2307,2.2307,2.2307e-05,0.0,2.2307e-05,0.0,0.0,0.0,0.0,4.642e-09,0.0,0.0,0.0,0.001,0.0,0.0,0.0,0.0,0.001,4.642e-09,0.0
24450572.0,4995000000.0,5000000.0,5.0,0.0,0.0487,0.0487,0.0487,0.0487,2.2307,0.60541,0.0020402,0.60541,2.2307,0.00055371,0.0020402,0.00055371,0.0,0.0,0.0,0.0,2.154e-10,0.0,0.0,0.0,0.001,0.0,0.0,0.0,0.0,0.001,2.154e-10,0.0
24457582.0,4995000000.0,5000000.0,5.0,0.0,0.0487,0.0487,0.0487,0.0487,21.428,0.032142,0.0020493,0.032142,21.428,0.025714,0.0020493,0.025714,0.0,0.0,0.0,0.0,4.642e-09,0.0,0.0,0.0,4.642e-09,0.0,0.0,0.0,0.0,4.642e-09,4.642e-09,0.0
24457055.0,4995000000.0,5000000.0,5.0,0.0,0.0487,0.0487,0.0487,0.0487,21.428,0.032142,0.00021428,0.032142,21.428,3.0739e-06,0.00021428,3.0739e-06,0.0,0.0,0.0,0.0,2.154e-06,0.0,0.0,0.0,1e-11,0.0,0.0,0.0,0.0,1e-11,2.154e-06,0.0
24457874.0,4995000000.0,5000000.0,5.0,0.0,0.0487,0.0487,0.0487,0.0487,21.428,0.032142,0.019598,0.032142,21.428,0.0026903,0.019598,0.0026903,0.0,0.0,0.0,0.0,4.642e-09,0.0,0.0,0.0,1e-11,0.0,0.0,0.0,0.0,1e-11,4.642e-09,0.0
24459172.0,4995000000.0,5000000.0,5.0,0.0,0.0487,0.0487,0.0487,0.0487,21.428,0.11571,0.0,0.11571,21.428,0.00010583,0.0,0.00010583,0.0,0.0,0.0,0.0,4.642e-05,0.0,0.0,0.0,1e-07,0.0,0.0,0.0,0.0,1e-07,4.642e-05,0.0
24450558.0,4995000000.0,5000000.0,5.0,0.0,0.0487,0.0487,0.0487,0.0487,2.2307,0.60541,0.0020402,0.60541,2.2307,5.7898e-05,0.0020402,5.7898e-05,0.0,0.0,0.0,0.0,0.001,0.0,0.0,0.0,0.001,0.0,0.0,0.0,0.0,0.001,0.001,0.0
24452924.0,4995000000.0,5000000.0,5.0,0.0,0.0487,0.0487,0.0487,0.0487,2.2307,2.2307,0.0020402,2.2307,2.2307,0.00021333,0.0020402,0.00021333,0.0,0.0,0.0,0.0,2.154e-10,0.0,0.0,0.0,0.001,0.0,0.0,0.0,0.0,0.001,2.154e-10,0.0
24457680.0,4995000000.0,5000000.0,5.0,0.0,0.0487,0.0487,0.0487,0.0487,21.428,0.032142,0.019598,0.032142,21.428,3.2142e-07,0.019598,3.2142e-07,0.0,0.0,0.0,0.0,4.642e-09,0.0,0.0,0.0,4.642e-09,0.0,0.0,0.0,0.0,4.642e-09,4.642e-09,0.0
24452609.0,4995000000.0,5000000.0,5.0,0.0,0.0487,0.0487,0.0487,0.0487,2.2307,2.2307,0.00021333,2.2307,2.2307,0.00021333,0.00021333,0.00021333,0.0,0.0,0.0,0.0,4.642e-05,0.0,0.0,0.0,0.001,0.0,0.0,0.0,0.0,0.001,4.642e-05,0.0
24456996.0,4995000000.0,5000000.0,5.0,0.0,0.0487,0.0487,0.0487,0.0487,21.428,0.032142,0.00021428,0.032142,21.428,3.2142e-07,0.00021428,3.2142e-07,0.0,0.0,0.0,0.0,4.642e-09,0.0,0.0,0.0,2.154e-06,0.0,0.0,0.0,0.0,2.154e-06,4.642e-09,0.0
24450948.0,4995000000.0,5000000.0,5.0,0.0,0.0487,0.0487,0.0487,0.0487,2.2307,0.60541,0.019407,0.60541,2.2307,0.00055371,0.019407,0.00055371,0.0,0.0,0.0,0.0,0.001,0.0,0.0,0.0,2.154e-06,0.0,0.0,0.0,0.0,2.154e-06,0.001,0.0
24452889.0,4995000000.0,5000000.0,5.0,0.0,0.0487,0.0487,0.0487,0.0487,2.2307,2.2307,0.0020402,2.2307,2.2307,2.2307e-05,0.0020402,2.2307e-05,0.0,0.0,0.0,0.0,1e-07,0.0,0.0,0.0,0.001,0.0,0.0,0.0,0.0,0.001,1e-07,0.0
24450123.0,4995000000.0,5000000.0,5.0,0.0,0.0487,0.0487,0.0487,0.0487,2.2307,0.60541,0.00021333,0.60541,2.2307,6.0541e-06,0.00021333,6.0541e-06,0.0,0.0,0.0,0.0,1e-11,0.0,0.0,0.0,4.642e-05,0.0,0.0,0.0,0.0,4.642e-05,1e-11,0.0
24457441.0,4995000000.0,5000000.0,5.0,0.0,0.0487,0.0487,0.0487,0.0487,21.428,0.032142,0.0020493,0.032142,21.428,2.9397e-05,0.0020493,2.9397e-05,0.0,0.0,0.0,0.0,1e-07,0.0,0.0,0.0,2.154e-10,0.0,0.0,0.0,0.0,2.154e-10,1e-07,0.0
24457386.0,4995000000.0,5000000.0,5.0,0.0,0.0487,0.0487,0.0487,0.0487,21.428,0.032142,0.0020493,0.032142,21.428,3.0739e-06,0.0020493,3.0739e-06,0.0,0.0,0.0,0.0,4.642e-09,0.0,0.0,0.0,4.642e-09,0.0,0.0,0.0,0.0,4.642e-09,4.642e-09,0.0
24457608.0,4995000000.0,5000000.0,5.0,0.0,0.0487,0.0487,0.0487,0.0487,21.428,0.032142,0.0020493,0.032142,21.428,0.025714,0.0020493,0.025714,0.0,0.0,0.0,0.0,0.001,0.0,0.0,0.0,1e-11,0.0,0.0,0.0,0.0,1e-11,0.001,0.0
24450451.0,4995000000.0,5000000.0,5.0,0.0,0.0487,0.0487,0.0487,0.0487,2.2307,0.60541,0.0020402,0.60541,2.2307,0.0,0.0020402,0.0,0.0,0.0,0.0,0.0,4.642e-05,0.0,0.0,0.0,2.154e-06,0.0,0.0,0.0,0.0,2.154e-06,4.642e-05,0.0
24459054.0,4995000000.0,5000000.0,5.0,0.0,0.0487,0.0487,0.0487,0.0487,21.428,0.11571,0.0,0.11571,21.428,1.1571e-06,0.0,1.1571e-06,0.0,0.0,0.0,0.0,4.642e-09,0.0,0.0,0.0,2.154e-06,0.0,0.0,0.0,0.0,2.154e-06,4.642e-09,0.0
24459266.0,4995000000.0,5000000.0,5.0,0.0,0.0487,0.0487,0.0487,0.0487,21.428,0.11571,0.0,0.11571,21.428,0.009685,0.0,0.009685,0.0,0.0,0.0,0.0,2.154e-06,0.0,0.0,0.0,0.001,0.0,0.0,0.0,0.0,0.001,2.154e-06,0.0
24456897.0,4995000000.0,5000000.0,5.0,0.0,0.0487,0.0487,0.0487,0.0487,21.428,0.032142,0.0,0.032142,21.428,0.025714,0.0,0.025714,0.0,0.0,0.0,0.0,4.642e-09,0.0,0.0,0.0,1e-07,0.0,0.0,0.0,0.0,1e-07,4.642e-09,0.0
24459259.0,4995000000.0,5000000.0,5.0,0.0,0.0487,0.0487,0.0487,0.0487,21.428,0.11571,0.0,0.11571,21.428,0.009685,0.0,0.009685,0.0,0.0,0.0,0.0,1e-07,0.0,0.0,0.0,0.001,0.0,0.0,0.0,0.0,0.001,1e-07,0.0
24457484.0,4995000000.0,5000000.0,5.0,0.0,0.0487,0.0487,0.0487,0.0487,21.428,0.032142,0.0020493,0.032142,21.428,0.00027964,0.0020493,0.00027964,0.0,0.0,0.0,0.0,4.642e-09,0.0,0.0,0.0,4.642e-09,0.0,0.0,0.0,0.0,4.642e-09,4.642e-09,0.0
24459585.0,4995000000.0,5000000.0,5.0,0.0,0.0487,0.0487,0.0487,0.0487,21.428,0.11571,0.00021428,0.11571,21.428,0.009685,0.00021428,0.009685,0.0,0.0,0.0,0.0,2.154e-10,0.0,0.0,0.0,1e-07,0.0,0.0,0.0,0.0,1e-07,2.154e-10,0.0
24456878.0,4995000000.0,5000000.0,5.0,0.0,0.0487,0.0487,0.0487,0.0487,21.428,0.032142,0.0,0.032142,21.428,0.0026903,0.0,0.0026903,0.0,0.0,0.0,0.0,0.001,0.0,0.0,0.0,4.642e-05,0.0,0.0,0.0,0.0,4.642e-05,0.001,0.0
24457000.0,4995000000.0,5000000.0,5.0,0.0,0.0487,0.0487,0.0487,0.0487,21.428,0.032142,0.00021428,0.032142,21.428,3.2142e-07,0.00021428,3.2142e-07,0.0,0.0,0.0,0.0,1e-07,0.0,0.0,0.0,2.154e-10,0.0,0.0,0.0,0.0,2.154e-10,1e-07,0.0
24450437.0,4995000000.0,5000000.0,5.0,0.0,0.0487,0.0487,0.0487,0.0487,2.2307,0.60541,0.0020402,0.60541,2.2307,0.0,0.0020402,0.0,0.0,0.0,0.0,0.0,1e-07,0.0,0.0,0.0,2.154e-06,0.0,0.0,0.0,0.0,2.154e-06,1e-07,0.0
24452314.0,4995000000.0,5000000.0,5.0,0.0,0.0487,0.0487,0.0487,0.0487,2.2307,2.2307,2.2307e-05,2.2307,2.2307,0.0020402,2.2307e-05,0.0020402,0.0,0.0,0.0,0.0,4.642e-05,0.0,0.0,0.0,4.642e-05,0.0,0.0,0.0,0.0,4.642e-05,4.642e-05,0.0
24451957.0,4995000000.0,5000000.0,5.0,0.0,0.0487,0.0487,0.0487,0.0487,2.2307,2.2307,0.0,2.2307,2.2307,0.0020402,0.0,0.0020402,0.0,0.0,0.0,0.0,1e-07,0.0,0.0,0.0,4.642e-05,0.0,0.0,0.0,0.0,4.642e-05,1e-07,0.0
24451852.0,4995000000.0,5000000.0,5.0,0.0,0.0487,0.0487,0.0487,0.0487,2.2307,2.2307,0.0,2.2307,2.2307,2.2307e-05,0.0,2.2307e-05,0.0,0.0,0.0,0.0,4.642e-09,0.0,0.0,0.0,4.642e-05,0.0,0.0,0.0,0.0,4.642e-05,4.642e-09,0.0
24457695.0,4995000000.0,5000000.0,5.0,0.0,0.0487,0.0487,0.0487,0.0487,21.428,0.032142,0.019598,0.032142,21.428,3.2142e-07,0.019598,3.2142e-07,0.0,0.0,0.0,0.0,2.154e-06,0.0,0.0,0.0,1e-07,0.0,0.0,0.0,0.0,1e-07,2.154e-06,0.0
24450638.0,4995000000.0,5000000.0,5.0,0.0,0.0487,0.0487,0.0487,0.0487,2.2307,0.60541,0.0020402,0.60541,2.2307,0.005267,0.0020402,0.005267,0.0,0.0,0.0,0.0,2.154e-06,0.0,0.0,0.0,4.642e-09,0.0,0.0,0.0,0.0,4.642e-09,2.154e-06,0.0
24452671.0,4995000000.0,5000000.0,5.0,0.0,0.0487,0.0487,0.0487,0.0487,2.2307,2.2307,0.00021333,2.2307,2.2307,0.019407,0.00021333,0.019407,0.0,0.0,0.0,0.0,1e-11,0.0,0.0,0.0,4.642e-05,0.0,0.0,0.0,0.0,4.642e-05,1e-11,0.0
24457235.0,4995000000.0,5000000.0,5.0,0.0,0.0487,0.0487,0.0487,0.0487,21.428,0.032142,0.00021428,0.032142,21.428,0.025714,0.00021428,0.025714,0.0,0.0,0.0,0.0,2.154e-10,0.0,0.0,0.0,4.642e-05,0.0,0.0,0.0,0.0,4.642e-05,2.154e-10,0.0
24452594.0,4995000000.0,5000000.0,5.0,0.0,0.0487,0.0487,0.0487,0.0487,2.2307,2.2307,0.00021333,2.2307,2.2307,0.00021333,0.00021333,0.00021333,0.0,0.0,0.0,0.0,1e-07,0.0,0.0,0.0,4.642e-05,0.0,0.0,0.0,0.0,4.642e-05,1e-07,0.0
24459859.0,4995000000.0,5000000.0,5.0,0.0,0.0487,0.0487,0.0487,0.0487,21.428,0.11571,0.0020493,0.11571,21.428,0.00010583,0.0020493,0.00010583,0.0,0.0,0.0,0.0,4.642e-05,0.0,0.0,0.0,2.154e-06,0.0,0.0,0.0,0.0,2.154e-06,4.642e-05,0.0
24450528.0,4995000000.0,5000000.0,5.0,0.0,0.0487,0.0487,0.0487,0.0487,2.2307,0.60541,0.0020402,0.60541,2.2307,5.7898e-05,0.0020402,5.7898e-05,0.0,0.0,0.0,0.0,4.642e-09,0.0,0.0,0.0,2.154e-06,0.0,0.0,0.0,0.0,2.154e-06,4.642e-09,0.0
24459865.0,4995000000.0,5000000.0,5.0,0.0,0.0487,0.0487,0.0487,0.0487,21.428,0.11571,0.0020493,0.11571,21.428,0.00010583,0.0020493,0.00010583,0.0,0.0,0.0,0.0,0.001,0.0,0.0,0.0,1e-07,0.0,0.0,0.0,0.0,1e-07,0.001,0.0
24450128.0,4995000000.0,5000000.0,5.0,0.0,0.0487,0.0487,0.0487,0.0487,2.2307,0.60541,0.00021333,0.60541,2.2307,6.0541e-06,0.00021333,6.0541e-06,0.0,0.0,0.0,0.0,2.154e-10,0.0,0.0,0.0,1e-07,0.0,0.0,0.0,0.0,1e-07,2.154e-10,0.0
24457323.0,4995000000.0,5000000.0,5.0,0.0,0.0487,0.0487,0.0487,0.0487,21.428,0.032142,0.0020493,0.032142,21.428,3.2142e-07,0.0020493,3.2142e-07,0.0,0.0,0.0,0.0,1e-11,0.0,0.0,0.0,4.642e-09,0.0,0.0,0.0,0.0,4.642e-09,1e-11,0.0
24450229.0,4995000000.0,5000000.0,5.0,0.0,0.0487,0.0487,0.0487,0.0487,2.2307,0.60541,0.00021333,0.60541,2.2307,0.00055371,0.00021333,0.00055371,0.0,0.0,0.0,0.0,2.154e-10,0.0,0.0,0.0,0.001,0.0,0.0,0.0,0.0,0.001,2.154e-10,0.0
24456908.0,4995000000.0,5000000.0,5.0,0.0,0.0487,0.0487,0.0487,0.0487,21.428,0.032142,0.0,0.032142,21.428,0.025714,0.0,0.025714,0.0,0.0,0.0,0.0,2.154e-06,0.0,0.0,0.0,1e-11,0.0,0.0,0.0,0.0,1e-11,2.154e-06,0.0
24452146.0,4995000000.0,5000000.0,5.0,0.0,0.0487,0.0487,0.0487,0.0487,2.2307,2.2307,2.2307e-05,2.2307,2.2307,0.0,2.2307e-05,0.0,0.0,0.0,0.0,0.0,4.642e-09,0.0,0.0,0.0,4.642e-05,0.0,0.0,0.0,0.0,4.642e-05,4.642e-09,0.0
24459137.0,4995000000.0,5000000.0,5.0,0.0,0.0487,0.0487,0.0487,0.0487,21.428,0.11571,0.0,0.11571,21.428,0.00010583,0.0,0.00010583,0.0,0.0,0.0,0.0,1e-11,0.0,0.0,0.0,1e-07,0.0,0.0,0.0,0.0,1e-07,1e-11,0.0
24457727.0,4995000000.0,5000000.0,5.0,0.0,0.0487,0.0487,0.0487,0.0487,21.428,0.032142,0.019598,0.032142,21.428,3.0739e-06,0.019598,3.0739e-06,0.0,0.0,0.0,0.0,4.642e-09,0.0,0.0,0.0,1e-11,0.0,0.0,0.0,0.0,1e-11,4.642e-09,0.0
24459420.0,4995000000.0,5000000.0,5.0,0.0,0.0487,0.0487,0.0487,0.0487,21.428,0.11571,0.00021428,0.11571,21.428,1.1571e-06,0.00021428,1.1571e-06,0.0,0.0,0.0,0.0,4.642e-05,0.0,0.0,0.0,0.001,0.0,0.0,0.0,0.0,0.001,4.642e-05,0.0
24459007.0,4995000000.0,5000000.0,5.0,0.0,0.0487,0.0487,0.0487,0.0487,21.428,0.11571,0.0,0.11571,21.428,0.0,0.0,0.0,0.0,0.0,0.0,0.0,4.642e-09,0.0,0.0,0.0,0.001,0.0,0.0,0.0,0.0,0.001,4.642e-09,0.0
24450865.0,4995000000.0,5000000.0,5.0,0.0,0.0487,0.0487,0.0487,0.0487,2.2307,0.60541,0.019407,0.60541,2.2307,5.7898e-05,0.019407,5.7898e-05,0.0,0.0,0.0,0.0,2.154e-10,0.0,0.0,0.0,4.642e-05,0.0,0.0,0.0,0.0,4.642e-05,2.154e-10,0.0
24450232.0,4995000000.0,5000000.0,5.0,0.0,0.0487,0.0487,0.0487,0.0487,2.2307,0.60541,0.00021333,0.60541,2.2307,0.00055371,0.00021333,0.00055371,0.0,0.0,0.0,0.0,4.642e-09,0.0,0.0,0.0,4.642e-09,0.0,0.0,0.0,0.0,4.642e-09,4.642e-09,0.0
24452293.0,4995000000.0,5000000.0,5.0,0.0,0.0487,0.0487,0.0487,0.0487,2.2307,2.2307,2.2307e-05,2.2307,2.2307,0.0020402,2.2307e-05,0.0020402,0.0,0.0,0.0,0.0,4.642e-09,0.0,0.0,0.0,4.642e-05,0.0,0.0,0.0,0.0,4.642e-05,4.642e-09,0.0
24456942.0,4995000000.0,5000000.0,5.0,0.0,0.0487,0.0487,0.0487,0.0487,21.428,0.032142,0.00021428,0.032142,21.428,0.0,0.00021428,0.0,0.0,0.0,0.0,0.0,2.154e-10,0.0,0.0,0.0,0.001,0.0,0.0,0.0,0.0,0.001,2.154e-10,0.0
24456695.0,4995000000.0,5000000.0,5.0,0.0,0.0487,0.0487,0.0487,0.0487,21.428,0.032142,0.0,0.032142,21.428,3.0739e-06,0.0,3.0739e-06,0.0,0.0,0.0,0.0,2.154e-10,0.0,0.0,0.0,2.154e-06,0.0,0.0,0.0,0.0,2.154e-06,2.154e-10,0.0
24459935.0,4995000000.0,5000000.0,5.0,0.0,0.0487,0.0487,0.0487,0.0487,21.428,0.11571,0.0020493,0.11571,21.428,0.009685,0.0020493,0.009685,0.0,0.0,0.0,0.0,4.642e-09,0.0,0.0,0.0,1e-07,0.0,0.0,0.0,0.0,1e-07,4.642e-09,0.0
24459878.0,4995000000.0,5000000.0,5.0,0.0,0.0487,0.0487,0.0487,0.0487,21.428,0.11571,0.0020493,0.11571,21.428,0.0010067,0.0020493,0.0010067,0.0,0.0,0.0,0.0,2.154e-10,0.0,0.0,0.0,4.642e-09,0.0,0.0,0.0,0.0,4.642e-09,2.154e-10,0.0
24452651.0,4995000000.0,5000000.0,5.0,0.0,0.0487,0.0487,0.0487,0.0487,2.2307,2.2307,0.00021333,2.2307,2.2307,0.0020402,0.00021333,0.0020402,0.0,0.0,0.0,0.0,2.154e-06,0.0,0.0,0.0,0.001,0.0,0.0,0.0,0.0,0.001,2.154e-06,0.0
24457076.0,4995000000.0,5000000.0,5.0,0.0,0.0487,0.0487,0.0487,0.0487,21.428,0.032142,0.00021428,0.032142,21.428,2.9397e-05,0.00021428,2.9397e-05,0.0,0.0,0.0,0.0,1e-11,0.0,0.0,0.0,1e-11,0.0,0.0,0.0,0.0,1e-11,1e-11,0.0
24457553.0,4995000000.0,5000000.0,5.0,0.0,0.0487,0.0487,0.0487,0.0487,21.428,0.032142,0.0020493,0.032142,21.428,0.0026903,0.0020493,0.0026903,0.0,0.0,0.0,0.0,4.642e-05,0.0,0.0,0.0,2.154e-10,0.0,0.0,0.0,0.0,2.154e-10,4.642e-05,0.0
24450563.0,4995000000.0,5000000.0,5.0,0.0,0.0487,0.0487,0.0487,0.0487,2.2307,0.60541,0.0020402,0.60541,2.2307,0.00055371,0.0020402,0.00055371,0.0,0.0,0.0,0.0,1e-11,0.0,0.0,0.0,2.154e-06,0.0,0.0,0.0,0.0,2.154e-06,1e-11,0.0
24456673.0,4995000000.0,5000000.0,5.0,0.0,0.0487,0.0487,0.0487,0.0487,21.428,0.032142,0.0,0.032142,21.428,3.2142e-07,0.0,3.2142e-07,0.0,0.0,0.0,0.0,4.642e-05,0.0,0.0,0.0,1e-07,0.0,0.0,0.0,0.0,1e-07,4.642e-05,0.0
24456825.0,4995000000.0,5000000.0,5.0,0.0,0.0487,0.0487,0.0487,0.0487,21.428,0.032142,0.0,0.032142,21.428,0.00027964,0.0,0.00027964,0.0,0.0,0.0,0.0,0.001,0.0,0.0,0.0,2.154e-10,0.0,0.0,0.0,0.0,2.154e-10,0.001,0.0
24459112.0,4995000000.0,5000000.0,5.0,0.0,0.0487,0.0487,0.0487,0.0487,21.428,0.11571,0.0,0.11571,21.428,1.1066e-05,0.0,1.1066e-05,0.0,0.0,0.0,0.0,1e-07,0.0,0.0,0.0,0.001,0.0,0.0,0.0,0.0,0.001,1e-07,0.0
24453294.0,4995000000.0,5000000.0,5.0,0.0,0.0487,0.0487,0.0487,0.0487,2.2307,2.2307,0.019407,2.2307,2.2307,0.00021333,0.019407,0.00021333,0.0,0.0,0.0,0.0,4.642e-05,0.0,0.0,0.0,4.642e-05,0.0,0.0,0.0,0.0,4.642e-05,4.642e-05,0.0
24450626.0,4995000000.0,5000000.0,5.0,0.0,0.0487,0.0487,0.0487,0.0487,2.2307,0.60541,0.0020402,0.60541,2.2307,0.005267,0.0020402,0.005267,0.0,0.0,0.0,0.0,4.642e-09,0.0,0.0,0.0,2.154e-06,0.0,0.0,0.0,0.0,2.154e-06,4.642e-09,0.0
24457633.0,4995000000.0,5000000.0,5.0,0.0,0.0487,0.0487,0.0487,0.0487,21.428,0.032142,0.019598,0.032142,21.428,0.0,0.019598,0.0,0.0,0.0,0.0,0.0,4.642e-09,0.0,0.0,0.0,2.154e-06,0.0,0.0,0.0,0.0,2.154e-06,4.642e-09,0.0
24457452.0,4995000000.0,5000000.0,5.0,0.0,0.0487,0.0487,0.0487,0.0487,21.428,0.032142,0.0020493,0.032142,21.428,2.9397e-05,0.0020493,2.9397e-05,0.0,0.0,0.0,0.0,2.154e-06,0.0,0.0,0.0,4.642e-05,0.0,0.0,0.0,0.0,4.642e-05,2.154e-06,0.0
24459413.0,4995000000.0,5000000.0,5.0,0.0,0.0487,0.0487,0.0487,0.0487,21.428,0.11571,0.00021428,0.11571,21.428,1.1571e-06,0.00021428,1.1571e-06,0.0,0.0,0.0,0.0,2.154e-06,0.0,0.0,0.0,0.001,0.0,0.0,0.0,0.0,0.001,2.154e-06,0.0
24459549.0,4995000000.0,5000000.0,5.0,0.0,0.0487,0.0487,0.0487,0.0487,21.428,0.11571,0.00021428,0.11571,21.428,0.0010067,0.00021428,0.0010067,0.0,0.0,0.0,0.0,1e-07,0.0,0.0,0.0,4.642e-09,0.0,0.0,0.0,0.0,4.642e-09,1e-07,0.0
24457790.0,4995000000.0,5000000.0,5.0,0.0,0.0487,0.0487,0.0487,0.0487,21.428,0.032142,0.019598,0.032142,21.428,2.9397e-05,0.019598,2.9397e-05,0.0,0.0,0.0,0.0,2.154e-06,0.0,0.0,0.0,1e-11,0.0,0.0,0.0,0.0,1e-11,2.154e-06,0.0
24459755.0,4995000000.0,5000000.0,5.0,0.0,0.0487,0.0487,0.0487,0.0487,21.428,0.11571,0.0020493,0.11571,21.428,1.1571e-06,0.0020493,1.1571e-06,0.0,0.0,0.0,0.0,2.154e-06,0.0,0.0,0.0,4.642e-05,0.0,0.0,0.0,0.0,4.642e-05,2.154e-06,0.0
24450554.0,4995000000.0,5000000.0,5.0,0.0,0.0487,0.0487,0.0487,0.0487,2.2307,0.60541,0.0020402,0.60541,2.2307,5.7898e-05,0.0020402,5.7898e-05,0.0,0.0,0.0,0.0,0.001,0.0,0.0,0.0,4.642e-09,0.0,0.0,0.0,0.0,4.642e-09,0.001,0.0
24456699.0,4995000000.0,5000000.0,5.0,0.0,0.0487,0.0487,0.0487,0.0487,21.428,0.032142,0.0,0.032142,21.428,3.0739e-06,0.0,3.0739e-06,0.0,0.0,0.0,0.0,4.642e-09,0.0,0.0,0.0,2.154e-10,0.0,0.0,0.0,0.0,2.154e-10,4.642e-09,0.0
24451825.0,4995000000.0,5000000.0,5.0,0.0,0.0487,0.0487,0.0487,0.0487,2.2307,2.2307,0.0,2.2307,2.2307,0.0,0.0,0.0,0.0,0.0,0.0,0.0,4.642e-05,0.0,0.0,0.0,0.001,0.0,0.0,0.0,0.0,0.001,4.642e-05,0.0
24457697.0,4995000000.0,5000000.0,5.0,0.0,0.0487,0.0487,0.0487,0.0487,21.428,0.032142,0.019598,0.032142,21.428,3.2142e-07,0.019598,3.2142e-07,0.0,0.0,0.0,0.0,2.154e-06,0.0,0.0,0.0,4.642e-05,0.0,0.0,0.0,0.0,4.642e-05,2.154e-06,0.0
24459418.0,4995000000.0,5000000.0,5.0,0.0,0.0487,0.0487,0.0487,0.0487,21.428,0.11571,0.00021428,0.11571,21.428,1.1571e-06,0.00021428,1.1571e-06,0.0,0.0,0.0,0.0,4.642e-05,0.0,0.0,0.0,2.154e-06,0.0,0.0,0.0,0.0,2.154e-06,4.642e-05,0.0
24453043.0,4995000000.0,5000000.0,5.0,0.0,0.0487,0.0487,0.0487,0.0487,2.2307,2.2307,0.0020402,2.2307,2.2307,0.019407,0.0020402,0.019407,0.0,0.0,0.0,0.0,2.154e-06,0.0,0.0,0.0,0.001,0.0,0.0,0.0,0.0,0.001,2.154e-06,0.0
24450606.0,4995000000.0,5000000.0,5.0,0.0,0.0487,0.0487,0.0487,0.0487,2.2307,0.60541,0.0020402,0.60541,2.2307,0.00055371,0.0020402,0.00055371,0.0,0.0,0.0,0.0,0.001,0.0,0.0,0.0,4.642e-05,0.0,0.0,0.0,0.0,4.642e-05,0.001,0.0
24453029.0,4995000000.0,5000000.0,5.0,0.0,0.0487,0.0487,0.0487,0.0487,2.2307,2.2307,0.0020402,2.2307,2.2307,0.019407,0.0020402,0.019407,0.0,0.0,0.0,0.0,4.642e-09,0.0,0.0,0.0,0.001,0.0,0.0,0.0,0.0,0.001,4.642e-09,0.0
24459439.0,4995000000.0,5000000.0,5.0,0.0,0.0487,0.0487,0.0487,0.0487,21.428,0.11571,0.00021428,0.11571,21.428,1.1066e-05,0.00021428,1.1066e-05,0.0,0.0,0.0,0.0,2.154e-10,0.0,0.0,0.0,2.154e-06,0.0,0.0,0.0,0.0,2.154e-06,2.154e-10,0.0
24450484.0,4995000000.0,5000000.0,5.0,0.0,0.0487,0.0487,0.0487,0.0487,2.2307,0.60541,0.0020402,0.60541,2.2307,6.0541e-06,0.0020402,6.0541e-06,0.0,0.0,0.0,0.0,1e-07,0.0,0.0,0.0,4.642e-09,0.0,0.0,0.0,0.0,4.642e-09,1e-07,0.0
24459062.0,4995000000.0,5000000.0,5.0,0.0,0.0487,0.0487,0.0487,0.0487,21.428,0.11571,0.0,0.11571,21.428,1.1571e-06,0.0,1.1571e-06,0.0,0.0,0.0,0.0,1e-07,0.0,0.0,0.0,4.642e-05,0.0,0.0,0.0,0.0,4.642e-05,1e-07,0.0
24457575.0,4995000000.0,5000000.0,5.0,0.0,0.0487,0.0487,0.0487,0.0487,21.428,0.032142,0.0020493,0.032142,21.428,0.025714,0.0020493,0.025714,0.0,0.0,0.0,0.0,2.154e-10,0.0,0.0,0.0,4.642e-09,0.0,0.0,0.0,0.0,4.642e-09,2.154e-10,0.0
24456874.0,4995000000.0,5000000.0,5.0,0.0,0.0487,0.0487,0.0487,0.0487,21.428,0.032142,0.0,0.032142,21.428,0.0026903,0.0,0.0026903,0.0,0.0,0.0,0.0,0.001,0.0,0.0,0.0,2.154e-10,0.0,0.0,0.0,0.0,2.154e-10,0.001,0.0
24456796.0,4995000000.0,5000000.0,5.0,0.0,0.0487,0.0487,0.0487,0.0487,21.428,0.032142,0.0,0.032142,21.428,0.00027964,0.0,0.00027964,0.0,0.0,0.0,0.0,4.642e-09,0.0,0.0,0.0,1e-11,0.0,0.0,0.0,0.0,1e-11,4.642e-09,0.0
24459497.0,4995000000.0,5000000.0,5.0,0.0,0.0487,0.0487,0.0487,0.0487,21.428,0.11571,0.00021428,0.11571,21.428,0.00010583,0.00021428,0.00010583,0.0,0.0,0.0,0.0,4.642e-09,0.0,0.0,0.0,0.001,0.0,0.0,0.0,0.0,0.001,4.642e-09,0.0
24457067.0,4995000000.0,5000000.0,5.0,0.0,0.0487,0.0487,0.0487,0.0487,21.428,0.032142,0.00021428,0.032142,21.428,3.0739e-06,0.00021428,3.0739e-06,0.0,0.0,0.0,0.0,4.642e-05,0.0,0.0,0.0,4.642e-05,0.0,0.0,0.0,0.0,4.642e-05,4.642e-05,0.0
24450597.0,4995000000.0,5000000.0,5.0,0.0,0.0487,0.0487,0.0487,0.0487,2.2307,0.60541,0.0020402,0.60541,2.2307,0.00055371,0.0020402,0.00055371,0.0,0.0,0.0,0.0,4.642e-05,0.0,0.0,0.0,1e-07,0.0,0.0,0.0,0.0,1e-07,4.642e-05,0.0
24453251.0,4995000000.0,5000000.0,5.0,0.0,0.0487,0.0487,0.0487,0.0487,2.2307,2.2307,0.019407,2.2307,2.2307,2.2307e-05,0.019407,2.2307e-05,0.0,0.0,0.0,0.0,0.001,0.0,0.0,0.0,2.154e-06,0.0,0.0,0.0,0.0,2.154e-06,0.001,0.0
24452888.0,4995000000.0,5000000.0,5.0,0.0,0.0487,0.0487,0.0487,0.0487,2.2307,2.2307,0.0020402,2.2307,2.2307,2.2307e-05,0.0020402,2.2307e-05,0.0,0.0,0.0,0.0,1e-07,0.0,0.0,0.0,4.642e-05,0.0,0.0,0.0,0.0,4.642e-05,1e-07,0.0
24452580.0,4995000000.0,5000000.0,5.0,0.0,0.0487,0.0487,0.0487,0.0487,2.2307,2.2307,0.00021333,2.2307,2.2307,0.00021333,0.00021333,0.00021333,0.0,0.0,0.0,0.0,2.154e-10,0.0,0.0,0.0,4.642e-05,0.0,0.0,0.0,0.0,4.642e-05,2.154e-10,0.0
24457486.0,4995000000.0,5000000.0,5.0,0.0,0.0487,0.0487,0.0487,0.0487,21.428,0.032142,0.0020493,0.032142,21.428,0.00027964,0.0020493,0.00027964,0.0,0.0,0.0,0.0,4.642e-09,0.0,0.0,0.0,2.154e-06,0.0,0.0,0.0,0.0,2.154e-06,4.642e-09,0.0
24450275.0,4995000000.0,5000000.0,5.0,0.0,0.0487,0.0487,0.0487,0.0487,2.2307,0.60541,0.00021333,0.60541,2.2307,0.005267,0.00021333,0.005267,0.0,0.0,0.0,0.0,2.154e-10,0.0,0.0,0.0,1e-07,0.0,0.0,0.0,0.0,1e-07,2.154e-10,0.0
24459815.0,4995000000.0,5000000.0,5.0,0.0,0.0487,0.0487,0.0487,0.0487,21.428,0.11571,0.0020493,0.11571,21.428,1.1066e-05,0.0020493,1.1066e-05,0.0,0.0,0.0,0.0,0.001,0.0,0.0,0.0,4.642e-09,0.0,0.0,0.0,0.0,4.642e-09,0.001,0.0
24457192.0,4995000000.0,5000000.0,5.0,0.0,0.0487,0.0487,0.0487,0.0487,21.428,0.032142,0.00021428,0.032142,21.428,0.0026903,0.00021428,0.0026903,0.0,0.0,0.0,0.0,4.642e-09,0.0,0.0,0.0,2.154e-06,0.0,0.0,0.0,0.0,2.154e-06,4.642e-09,0.0
24456710.0,4995000000.0,5000000.0,5.0,0.0,0.0487,0.0487,0.0487,0.0487,21.428,0.032142,0.0,0.032142,21.428,3.0739e-06,0.0,3.0739e-06,0.0,0.0,0.0,0.0,1e-07,0.0,0.0,0.0,4.642e-05,0.0,0.0,0.0,0.0,4.642e-05,1e-07,0.0
24459402.0,4995000000.0,5000000.0,5.0,0.0,0.0487,0.0487,0.0487,0.0487,21.428,0.11571,0.00021428,0.11571,21.428,1.1571e-06,0.00021428,1.1571e-06,0.0,0.0,0.0,0.0,1e-07,0.0,0.0,0.0,4.642e-09,0.0,0.0,0.0,0.0,4.642e-09,1e-07,0.0
24453322.0,4995000000.0,5000000.0,5.0,0.0,0.0487,0.0487,0.0487,0.0487,2.2307,2.2307,0.019407,2.2307,2.2307,0.0020402,0.019407,0.0020402,0.0,0.0,0.0,0.0,4.642e-09,0.0,0.0,0.0,4.642e-05,0.0,0.0,0.0,0.0,4.642e-05,4.642e-09,0.0
24459914.0,4995000000.0,5000000.0,5.0,0.0,0.0487,0.0487,0.0487,0.0487,21.428,0.11571,0.0020493,0.11571,21.428,0.0010067,0.0020493,0.0010067,0.0,0.0,0.0,0.0,0.001,0.0,0.0,0.0,1e-07,0.0,0.0,0.0,0.0,1e-07,0.001,0.0
24456946.0,4995000000.0,5000000.0,5.0,0.0,0.0487,0.0487,0.0487,0.0487,21.428,0.032142,0.00021428,0.032142,21.428,0.0,0.00021428,0.0,0.0,0.0,0.0,0.0,4.642e-09,0.0,0.0,0.0,1e-07,0.0,0.0,0.0,0.0,1e-07,4.642e-09,0.0
24450199.0,4995000000.0,5000000.0,5.0,0.0,0.0487,0.0487,0.0487,0.0487,2.2307,0.60541,0.00021333,0.60541,2.2307,5.7898e-05,0.00021333,5.7898e-05,0.0,0.0,0.0,0.0,2.154e-06,0.0,0.0,0.0,2.154e-06,0.0,0.0,0.0,0.0,2.154e-06,2.154e-06,0.0
24456663.0,4995000000.0,5000000.0,5.0,0.0,0.0487,0.0487,0.0487,0.0487,21.428,0.032142,0.0,0.032142,21.428,3.2142e-07,0.0,3.2142e-07,0.0,0.0,0.0,0.0,2.154e-06,0.0,0.0,0.0,1e-11,0.0,0.0,0.0,0.0,1e-11,2.154e-06,0.0
24450641.0,4995000000.0,5000000.0,5.0,0.0,0.0487,0.0487,0.0487,0.0487,2.2307,0.60541,0.0020402,0.60541,2.2307,0.005267,0.0020402,0.005267,0.0,0.0,0.0,0.0,2.154e-06,0.0,0.0,0.0,4.642e-05,0.0,0.0,0.0,0.0,4.642e-05,2.154e-06,0.0
24450815.0,4995000000.0,5000000.0,5.0,0.0,0.0487,0.0487,0.0487,0.0487,2.2307,0.60541,0.019407,0.60541,2.2307,6.0541e-06,0.019407,6.0541e-06,0.0,0.0,0.0,0.0,2.154e-10,0.0,0.0,0.0,2.154e-06,0.0,0.0,0.0,0.0,2.154e-06,2.154e-10,0.0
24459105.0,4995000000.0,5000000.0,5.0,0.0,0.0487,0.0487,0.0487,0.0487,21.428,0.11571,0.0,0.11571,21.428,1.1066e-05,0.0,1.1066e-05,0.0,0.0,0.0,0.0,4.642e-09,0.0,0.0,0.0,0.001,0.0,0.0,0.0,0.0,0.001,4.642e-09,0.0
24456861.0,4995000000.0,5000000.0,5.0,0.0,0.0487,0.0487,0.0487,0.0487,21.428,0.032142,0.0,0.032142,21.428,0.0026903,0.0,0.0026903,0.0,0.0,0.0,0.0,2.154e-06,0.0,0.0,0.0,4.642e-09,0.0,0.0,0.0,0.0,4.642e-09,2.154e-06,0.0
24459733.0,4995000000.0,5000000.0,5.0,0.0,0.0487,0.0487,0.0487,0.0487,21.428,0.11571,0.0020493,0.11571,21.428,1.1571e-06,0.0020493,1.1571e-06,0.0,0.0,0.0,0.0,2.154e-10,0.0,0.0,0.0,2.154e-06,0.0,0.0,0.0,0.0,2.154e-06,2.154e-10,0.0
24459762.0,4995000000.0,5000000.0,5.0,0.0,0.0487,0.0487,0.0487,0.0487,21.428,0.11571,0.0020493,0.11571,21.428,1.1571e-06,0.0020493,1.1571e-06,0.0,0.0,0.0,0.0,4.642e-05,0.0,0.0,0.0,4.642e-05,0.0,0.0,0.0,0.0,4.642e-05,4.642e-05,0.0
24459857.0,4995000000.0,5000000.0,5.0,0.0,0.0487,0.0487,0.0487,0.0487,21.428,0.11571,0.0020493,0.11571,21.428,0.00010583,0.0020493,0.00010583,0.0,0.0,0.0,0.0,4.642e-05,0.0,0.0,0.0,4.642e-09,0.0,0.0,0.0,0.0,4.642e-09,4.642e-05,0.0
24459082.0,4995000000.0,5000000.0,5.0,0.0,0.0487,0.0487,0.0487,0.0487,21.428,0.11571,0.0,0.11571,21.428,1.1571e-06,0.0,1.1571e-06,0.0,0.0,0.0,0.0,0.001,0.0,0.0,0.0,2.154e-06,0.0,0.0,0.0,0.0,2.154e-06,0.001,0.0
24453301.0,4995000000.0,5000000.0,5.0,0.0,0.0487,0.0487,0.0487,0.0487,2.2307,2.2307,0.019407,2.2307,2.2307,0.00021333,0.019407,0.00021333,0.0,0.0,0.0,0.0,0.001,0.0,0.0,0.0,4.642e-05,0.0,0.0,0.0,0.0,4.642e-05,0.001,0.0
24456953.0,4995000000.0,5000000.0,5.0,0.0,0.0487,0.0487,0.0487,0.0487,21.428,0.032142,0.00021428,0.032142,21.428,0.0,0.00021428,0.0,0.0,0.0,0.0,0.0,1e-07,0.0,0.0,0.0,1e-07,0.0,0.0,0.0,0.0,1e-07,1e-07,0.0
24456766.0,4995000000.0,5000000.0,5.0,0.0,0.0487,0.0487,0.0487,0.0487,21.428,0.032142,0.0,0.032142,21.428,2.9397e-05,0.0,2.9397e-05,0.0,0.0,0.0,0.0,2.154e-06,0.0,0.0,0.0,4.642e-05,0.0,0.0,0.0,0.0,4.642e-05,2.154e-06,0.0
24451860.0,4995000000.0,5000000.0,5.0,0.0,0.0487,0.0487,0.0487,0.0487,2.2307,2.2307,0.0,2.2307,2.2307,2.2307e-05,0.0,2.2307e-05,0.0,0.0,0.0,0.0,1e-07,0.0,0.0,0.0,0.001,0.0,0.0,0.0,0.0,0.001,1e-07,0.0
24450495.0,4995000000.0,5000000.0,5.0,0.0,0.0487,0.0487,0.0487,0.0487,2.2307,0.60541,0.0020402,0.60541,2.2307,6.0541e-06,0.0020402,6.0541e-06,0.0,0.0,0.0,0.0,2.154e-06,0.0,0.0,0.0,0.001,0.0,0.0,0.0,0.0,0.001,2.154e-06,0.0
24450428.0,4995000000.0,5000000.0,5.0,0.0,0.0487,0.0487,0.0487,0.0487,2.2307,0.60541,0.0020402,0.60541,2.2307,0.0,0.0020402,0.0,0.0,0.0,0.0,0.0,4.642e-09,0.0,0.0,0.0,4.642e-09,0.0,0.0,0.0,0.0,4.642e-09,4.642e-09,0.0
24457860.0,4995000000.0,5000000.0,5.0,0.0,0.0487,0.0487,0.0487,0.0487,21.428,0.032142,0.019598,0.032142,21.428,0.0026903,0.019598,0.0026903,0.0,0.0,0.0,0.0,1e-11,0.0,0.0,0.0,1e-11,0.0,0.0,0.0,0.0,1e-11,1e-11,0.0
24450134.0,4995000000.0,5000000.0,5.0,0.0,0.0487,0.0487,0.0487,0.0487,2.2307,0.60541,0.00021333,0.60541,2.2307,6.0541e-06,0.00021333,6.0541e-06,0.0,0.0,0.0,0.0,4.642e-09,0.0,0.0,0.0,4.642e-09,0.0,0.0,0.0,0.0,4.642e-09,4.642e-09,0.0
24457487.0,4995000000.0,5000000.0,5.0,0.0,0.0487,0.0487,0.0487,0.0487,21.428,0.032142,0.0020493,0.032142,21.428,0.00027964,0.0020493,0.00027964,0.0,0.0,0.0,0.0,4.642e-09,0.0,0.0,0.0,4.642e-05,0.0,0.0,0.0,0.0,4.642e-05,4.642e-09,0.0
24459934.0,4995000000.0,5000000.0,5.0,0.0,0.0487,0.0487,0.0487,0.0487,21.428,0.11571,0.0020493,0.11571,21.428,0.009685,0.0020493,0.009685,0.0,0.0,0.0,0.0,4.642e-09,0.0,0.0,0.0,4.642e-09,0.0,0.0,0.0,0.0,4.642e-09,4.642e-09,0.0
24457885.0,4995000000.0,5000000.0,5.0,0.0,0.0487,0.0487,0.0487,0.0487,21.428,0.032142,0.019598,0.032142,21.428,0.0026903,0.019598,0.0026903,0.0,0.0,0.0,0.0,1e-07,0.0,0.0,0.0,2.154e-06,0.0,0.0,0.0,0.0,2.154e-06,1e-07,0.0
24457283.0,4995000000.0,5000000.0,5.0,0.0,0.0487,0.0487,0.0487,0.0487,21.428,0.032142,0.0020493,0.032142,21.428,0.0,0.0020493,0.0,0.0,0.0,0.0,0.0,2.154e-10,0.0,0.0,0.0,2.154e-06,0.0,0.0,0.0,0.0,2.154e-06,2.154e-10,0.0
24450137.0,4995000000.0,5000000.0,5.0,0.0,0.0487,0.0487,0.0487,0.0487,2.2307,0.60541,0.00021333,0.60541,2.2307,6.0541e-06,0.00021333,6.0541e-06,0.0,0.0,0.0,0.0,4.642e-09,0.0,0.0,0.0,4.642e-05,0.0,0.0,0.0,0.0,4.642e-05,4.642e-09,0.0
24456786.0,4995000000.0,5000000.0,5.0,0.0,0.0487,0.0487,0.0487,0.0487,21.428,0.032142,0.0,0.032142,21.428,0.00027964,0.0,0.00027964,0.0,0.0,0.0,0.0,1e-11,0.0,0.0,0.0,2.154e-06,0.0,0.0,0.0,0.0,2.154e-06,1e-11,0.0
24457078.0,4995000000.0,5000000.0,5.0,0.0,0.0487,0.0487,0.0487,0.0487,21.428,0.032142,0.00021428,0.032142,21.428,2.9397e-05,0.00021428,2.9397e-05,0.0,0.0,0.0,0.0,1e-11,0.0,0.0,0.0,4.642e-09,0.0,0.0,0.0,0.0,4.642e-09,1e-11,0.0
24450281.0,4995000000.0,5000000.0,5.0,0.0,0.0487,0.0487,0.0487,0.0487,2.2307,0.60541,0.00021333,0.60541,2.2307,0.005267,0.00021333,0.005267,0.0,0.0,0.0,0.0,4.642e-09,0.0,0.0,0.0,4.642e-09,0.0,0.0,0.0,0.0,4.642e-09,4.642e-09,0.0
24450219.0,4995000000.0,5000000.0,5.0,0.0,0.0487,0.0487,0.0487,0.0487,2.2307,0.60541,0.00021333,0.60541,2.2307,0.00055371,0.00021333,0.00055371,0.0,0.0,0.0,0.0,1e-11,0.0,0.0,0.0,1e-07,0.0,0.0,0.0,0.0,1e-07,1e-11,0.0
24450516.0,4995000000.0,5000000.0,5.0,0.0,0.0487,0.0487,0.0487,0.0487,2.2307,0.60541,0.0020402,0.60541,2.2307,5.7898e-05,0.0020402,5.7898e-05,0.0,0.0,0.0,0.0,1e-11,0.0,0.0,0.0,0.001,0.0,0.0,0.0,0.0,0.001,1e-11,0.0
24457639.0,4995000000.0,5000000.0,5.0,0.0,0.0487,0.0487,0.0487,0.0487,21.428,0.032142,0.019598,0.032142,21.428,0.0,0.019598,0.0,0.0,0.0,0.0,0.0,1e-07,0.0,0.0,0.0,1e-07,0.0,0.0,0.0,0.0,1e-07,1e-07,0.0
24452307.0,4995000000.0,5000000.0,5.0,0.0,0.0487,0.0487,0.0487,0.0487,2.2307,2.2307,2.2307e-05,2.2307,2.2307,0.0020402,2.2307e-05,0.0020402,0.0,0.0,0.0,0.0,2.154e-06,0.0,0.0,0.0,4.642e-05,0.0,0.0,0.0,0.0,4.642e-05,2.154e-06,0.0
24456819.0,4995000000.0,5000000.0,5.0,0.0,0.0487,0.0487,0.0487,0.0487,21.428,0.032142,0.0,0.032142,21.428,0.00027964,0.0,0.00027964,0.0,0.0,0.0,0.0,4.642e-05,0.0,0.0,0.0,4.642e-09,0.0,0.0,0.0,0.0,4.642e-09,4.642e-05,0.0
24450975.0,4995000000.0,5000000.0,5.0,0.0,0.0487,0.0487,0.0487,0.0487,2.2307,0.60541,0.019407,0.60541,2.2307,0.005267,0.019407,0.005267,0.0,0.0,0.0,0.0,1e-07,0.0,0.0,0.0,1e-07,0.0,0.0,0.0,0.0,1e-07,1e-07,0.0
24450235.0,4995000000.0,5000000.0,5.0,0.0,0.0487,0.0487,0.0487,0.0487,2.2307,0.60541,0.00021333,0.60541,2.2307,0.00055371,0.00021333,0.00055371,0.0,0.0,0.0,0.0,4.642e-09,0.0,0.0,0.0,4.642e-05,0.0,0.0,0.0,0.0,4.642e-05,4.642e-09,0.0
24452581.0,4995000000.0,5000000.0,5.0,0.0,0.0487,0.0487,0.0487,0.0487,2.2307,2.2307,0.00021333,2.2307,2.2307,0.00021333,0.00021333,0.00021333,0.0,0.0,0.0,0.0,2.154e-10,0.0,0.0,0.0,0.001,0.0,0.0,0.0,0.0,0.001,2.154e-10,0.0
24452952.0,4995000000.0,5000000.0,5.0,0.0,0.0487,0.0487,0.0487,0.0487,2.2307,2.2307,0.0020402,2.2307,2.2307,0.00021333,0.0020402,0.00021333,0.0,0.0,0.0,0.0,4.642e-05,0.0,0.0,0.0,0.001,0.0,0.0,0.0,0.0,0.001,4.642e-05,0.0
24459228.0,4995000000.0,5000000.0,5.0,0.0,0.0487,0.0487,0.0487,0.0487,21.428,0.11571,0.0,0.11571,21.428,0.0010067,0.0,0.0010067,0.0,0.0,0.0,0.0,0.001,0.0,0.0,0.0,1e-07,0.0,0.0,0.0,0.0,1e-07,0.001,0.0
24457683.0,4995000000.0,5000000.0,5.0,0.0,0.0487,0.0487,0.0487,0.0487,21.428,0.032142,0.019598,0.032142,21.428,3.2142e-07,0.019598,3.2142e-07,0.0,0.0,0.0,0.0,4.642e-09,0.0,0.0,0.0,4.642e-05,0.0,0.0,0.0,0.0,4.642e-05,4.642e-09,0.0
24457696.0,4995000000.0,5000000.0,5.0,0.0,0.0487,0.0487,0.0487,0.0487,21.428,0.032142,0.019598,0.032142,21.428,3.2142e-07,0.019598,3.2142e-07,0.0,0.0,0.0,0.0,2.154e-06,0.0,0.0,0.0,2.154e-06,0.0,0.0,0.0,0.0,2.154e-06,2.154e-06,0.0
24459696.0,4995000000.0,5000000.0,5.0,0.0,0.0487,0.0487,0.0487,0.0487,21.428,0.11571,0.0020493,0.11571,21.428,0.0,0.0020493,0.0,0.0,0.0,0.0,0.0,1e-07,0.0,0.0,0.0,4.642e-09,0.0,0.0,0.0,0.0,4.642e-09,1e-07,0.0
24456779.0,4995000000.0,5000000.0,5.0,0.0,0.0487,0.0487,0.0487,0.0487,21.428,0.032142,0.0,0.032142,21.428,2.9397e-05,0.0,2.9397e-05,0.0,0.0,0.0,0.0,0.001,0.0,0.0,0.0,2.154e-06,0.0,0.0,0.0,0.0,2.154e-06,0.001,0.0
24457135.0,4995000000.0,5000000.0,5.0,0.0,0.0487,0.0487,0.0487,0.0487,21.428,0.032142,0.00021428,0.032142,21.428,0.00027964,0.00021428,0.00027964,0.0,0.0,0.0,0.0,2.154e-10,0.0,0.0,0.0,1e-07,0.0,0.0,0.0,0.0,1e-07,2.154e-10,0.0
24450542.0,4995000000.0,5000000.0,5.0,0.0,0.0487,0.0487,0.0487,0.0487,2.2307,0.60541,0.0020402,0.60541,2.2307,5.7898e-05,0.0020402,5.7898e-05,0.0,0.0,0.0,0.0,2.154e-06,0.0,0.0,0.0,2.154e-06,0.0,0.0,0.0,0.0,2.154e-06,2.154e-06,0.0
24457513.0,4995000000.0,5000000.0,5.0,0.0,0.0487,0.0487,0.0487,0.0487,21.428,0.032142,0.0020493,0.032142,21.428,0.00027964,0.0020493,0.00027964,0.0,0.0,0.0,0.0,0.001,0.0,0.0,0.0,1e-07,0.0,0.0,0.0,0.0,1e-07,0.001,0.0
24457277.0,4995000000.0,5000000.0,5.0,0.0,0.0487,0.0487,0.0487,0.0487,21.428,0.032142,0.0020493,0.032142,21.428,0.0,0.0020493,0.0,0.0,0.0,0.0,0.0,1e-11,0.0,0.0,0.0,4.642e-05,0.0,0.0,0.0,0.0,4.642e-05,1e-11,0.0
24452315.0,4995000000.0,5000000.0,5.0,0.0,0.0487,0.0487,0.0487,0.0487,2.2307,2.2307,2.2307e-05,2.2307,2.2307,0.0020402,2.2307e-05,0.0020402,0.0,0.0,0.0,0.0,4.642e-05,0.0,0.0,0.0,0.001,0.0,0.0,0.0,0.0,0.001,4.642e-05,0.0
24459782.0,4995000000.0,5000000.0,5.0,0.0,0.0487,0.0487,0.0487,0.0487,21.428,0.11571,0.0020493,0.11571,21.428,1.1066e-05,0.0020493,1.1066e-05,0.0,0.0,0.0,0.0,2.154e-10,0.0,0.0,0.0,2.154e-06,0.0,0.0,0.0,0.0,2.154e-06,2.154e-10,0.0
24457335.0,4995000000.0,5000000.0,5.0,0.0,0.0487,0.0487,0.0487,0.0487,21.428,0.032142,0.0020493,0.032142,21.428,3.2142e-07,0.0020493,3.2142e-07,0.0,0.0,0.0,0.0,4.642e-09,0.0,0.0,0.0,1e-11,0.0,0.0,0.0,0.0,1e-11,4.642e-09,0.0
24457209.0,4995000000.0,5000000.0,5.0,0.0,0.0487,0.0487,0.0487,0.0487,21.428,0.032142,0.00021428,0.032142,21.428,0.0026903,0.00021428,0.0026903,0.0,0.0,0.0,0.0,4.642e-05,0.0,0.0,0.0,1e-11,0.0,0.0,0.0,0.0,1e-11,4.642e-05,0.0
24457058.0,4995000000.0,5000000.0,5.0,0.0,0.0487,0.0487,0.0487,0.0487,21.428,0.032142,0.00021428,0.032142,21.428,3.0739e-06,0.00021428,3.0739e-06,0.0,0.0,0.0,0.0,2.154e-06,0.0,0.0,0.0,1e-07,0.0,0.0,0.0,0.0,1e-07,2.154e-06,0.0
24450416.0,4995000000.0,5000000.0,5.0,0.0,0.0487,0.0487,0.0487,0.0487,2.2307,0.60541,0.0020402,0.60541,2.2307,0.0,0.0020402,0.0,0.0,0.0,0.0,0.0,1e-11,0.0,0.0,0.0,2.154e-06,0.0,0.0,0.0,0.0,2.154e-06,1e-11,0.0
24459277.0,4995000000.0,5000000.0,5.0,0.0,0.0487,0.0487,0.0487,0.0487,21.428,0.11571,0.0,0.11571,21.428,0.009685,0.0,0.009685,0.0,0.0,0.0,0.0,0.001,0.0,0.0,0.0,1e-07,0.0,0.0,0.0,0.0,1e-07,0.001,0.0
24457347.0,4995000000.0,5000000.0,5.0,0.0,0.0487,0.0487,0.0487,0.0487,21.428,0.032142,0.0020493,0.032142,21.428,3.2142e-07,0.0020493,3.2142e-07,0.0,0.0,0.0,0.0,1e-07,0.0,0.0,0.0,4.642e-05,0.0,0.0,0.0,0.0,4.642e-05,1e-07,0.0
24450586.0,4995000000.0,5000000.0,5.0,0.0,0.0487,0.0487,0.0487,0.0487,2.2307,0.60541,0.0020402,0.60541,2.2307,0.00055371,0.0020402,0.00055371,0.0,0.0,0.0,0.0,1e-07,0.0,0.0,0.0,0.001,0.0,0.0,0.0,0.0,0.001,1e-07,0.0
24450592.0,4995000000.0,5000000.0,5.0,0.0,0.0487,0.0487,0.0487,0.0487,2.2307,0.60541,0.0020402,0.60541,2.2307,0.00055371,0.0020402,0.00055371,0.0,0.0,0.0,0.0,2.154e-06,0.0,0.0,0.0,4.642e-05,0.0,0.0,0.0,0.0,4.642e-05,2.154e-06,0.0
24457468.0,4995000000.0,5000000.0,5.0,0.0,0.0487,0.0487,0.0487,0.0487,21.428,0.032142,0.0020493,0.032142,21.428,0.00027964,0.0020493,0.00027964,0.0,0.0,0.0,0.0,1e-11,0.0,0.0,0.0,1e-11,0.0,0.0,0.0,0.0,1e-11,1e-11,0.0
24450850.0,4995000000.0,5000000.0,5.0,0.0,0.0487,0.0487,0.0487,0.0487,2.2307,0.60541,0.019407,0.60541,2.2307,6.0541e-06,0.019407,6.0541e-06,0.0,0.0,0.0,0.0,0.001,0.0,0.0,0.0,2.154e-06,0.0,0.0,0.0,0.0,2.154e-06,0.001,0.0
24451965.0,4995000000.0,5000000.0,5.0,0.0,0.0487,0.0487,0.0487,0.0487,2.2307,2.2307,0.0,2.2307,2.2307,0.0020402,0.0,0.0020402,0.0,0.0,0.0,0.0,2.154e-06,0.0,0.0,0.0,0.001,0.0,0.0,0.0,0.0,0.001,2.154e-06,0.0
24456752.0,4995000000.0,5000000.0,5.0,0.0,0.0487,0.0487,0.0487,0.0487,21.428,0.032142,0.0,0.032142,21.428,2.9397e-05,0.0,2.9397e-05,0.0,0.0,0.0,0.0,4.642e-09,0.0,0.0,0.0,4.642e-05,0.0,0.0,0.0,0.0,4.642e-05,4.642e-09,0.0
24459129.0,4995000000.0,5000000.0,5.0,0.0,0.0487,0.0487,0.0487,0.0487,21.428,0.11571,0.0,0.11571,21.428,1.1066e-05,0.0,1.1066e-05,0.0,0.0,0.0,0.0,0.001,0.0,0.0,0.0,4.642e-09,0.0,0.0,0.0,0.0,4.642e-09,0.001,0.0
24457308.0,4995000000.0,5000000.0,5.0,0.0,0.0487,0.0487,0.0487,0.0487,21.428,0.032142,0.0020493,0.032142,21.428,0.0,0.0020493,0.0,0.0,0.0,0.0,0.0,4.642e-05,0.0,0.0,0.0,2.154e-10,0.0,0.0,0.0,0.0,2.154e-10,4.642e-05,0.0
24457603.0,4995000000.0,5000000.0,5.0,0.0,0.0487,0.0487,0.0487,0.0487,21.428,0.032142,0.0020493,0.032142,21.428,0.025714,0.0020493,0.025714,0.0,0.0,0.0,0.0,4.642e-05,0.0,0.0,0.0,4.642e-09,0.0,0.0,0.0,0.0,4.642e-09,4.642e-05,0.0
24452300.0,4995000000.0,5000000.0,5.0,0.0,0.0487,0.0487,0.0487,0.0487,2.2307,2.2307,2.2307e-05,2.2307,2.2307,0.0020402,2.2307e-05,0.0020402,0.0,0.0,0.0,0.0,1e-07,0.0,0.0,0.0,4.642e-05,0.0,0.0,0.0,0.0,4.642e-05,1e-07,0.0
24457088.0,4995000000.0,5000000.0,5.0,0.0,0.0487,0.0487,0.0487,0.0487,21.428,0.032142,0.00021428,0.032142,21.428,2.9397e-05,0.00021428,2.9397e-05,0.0,0.0,0.0,0.0,2.154e-10,0.0,0.0,0.0,4.642e-05,0.0,0.0,0.0,0.0,4.642e-05,2.154e-10,0.0
24459574.0,4995000000.0,5000000.0,5.0,0.0,0.0487,0.0487,0.0487,0.0487,21.428,0.11571,0.00021428,0.11571,21.428,0.0010067,0.00021428,0.0010067,0.0,0.0,0.0,0.0,0.001,0.0,0.0,0.0,0.001,0.0,0.0,0.0,0.0,0.001,0.001,0.0
24457522.0,4995000000.0,5000000.0,5.0,0.0,0.0487,0.0487,0.0487,0.0487,21.428,0.032142,0.0020493,0.032142,21.428,0.0026903,0.0020493,0.0026903,0.0,0.0,0.0,0.0,1e-11,0.0,0.0,0.0,4.642e-05,0.0,0.0,0.0,0.0,4.642e-05,1e-11,0.0
24457106.0,4995000000.0,5000000.0,5.0,0.0,0.0487,0.0487,0.0487,0.0487,21.428,0.032142,0.00021428,0.032142,21.428,2.9397e-05,0.00021428,2.9397e-05,0.0,0.0,0.0,0.0,2.154e-06,0.0,0.0,0.0,4.642e-09,0.0,0.0,0.0,0.0,4.642e-09,2.154e-06,0.0
24456973.0,4995000000.0,5000000.0,5.0,0.0,0.0487,0.0487,0.0487,0.0487,21.428,0.032142,0.00021428,0.032142,21.428,0.0,0.00021428,0.0,0.0,0.0,0.0,0.0,0.001,0.0,0.0,0.0,4.642e-09,0.0,0.0,0.0,0.0,4.642e-09,0.001,0.0
24459872.0,4995000000.0,5000000.0,5.0,0.0,0.0487,0.0487,0.0487,0.0487,21.428,0.11571,0.0020493,0.11571,21.428,0.0010067,0.0020493,0.0010067,0.0,0.0,0.0,0.0,1e-11,0.0,0.0,0.0,1e-07,0.0,0.0,0.0,0.0,1e-07,1e-11,0.0
24450899.0,4995000000.0,5000000.0,5.0,0.0,0.0487,0.0487,0.0487,0.0487,2.2307,0.60541,0.019407,0.60541,2.2307,5.7898e-05,0.019407,5.7898e-05,0.0,0.0,0.0,0.0,0.001,0.0,0.0,0.0,2.154e-06,0.0,0.0,0.0,0.0,2.154e-06,0.001,0.0
24452504.0,4995000000.0,5000000.0,5.0,0.0,0.0487,0.0487,0.0487,0.0487,2.2307,2.2307,0.00021333,2.2307,2.2307,0.0,0.00021333,0.0,0.0,0.0,0.0,0.0,2.154e-06,0.0,0.0,0.0,0.001,0.0,0.0,0.0,0.0,0.001,2.154e-06,0.0
24450779.0,4995000000.0,5000000.0,5.0,0.0,0.0487,0.0487,0.0487,0.0487,2.2307,0.60541,0.019407,0.60541,2.2307,0.0,0.019407,0.0,0.0,0.0,0.0,0.0,1e-07,0.0,0.0,0.0,1e-07,0.0,0.0,0.0,0.0,1e-07,1e-07,0.0
24456880.0,4995000000.0,5000000.0,5.0,0.0,0.0487,0.0487,0.0487,0.0487,21.428,0.032142,0.0,0.032142,21.428,0.025714,0.0,0.025714,0.0,0.0,0.0,0.0,1e-11,0.0,0.0,0.0,1e-11,0.0,0.0,0.0,0.0,1e-11,1e-11,0.0
24459524.0,4995000000.0,5000000.0,5.0,0.0,0.0487,0.0487,0.0487,0.0487,21.428,0.11571,0.00021428,0.11571,21.428,0.00010583,0.00021428,0.00010583,0.0,0.0,0.0,0.0,0.001,0.0,0.0,0.0,4.642e-05,0.0,0.0,0.0,0.0,4.642e-05,0.001,0.0
24457944.0,4995000000.0,5000000.0,5.0,0.0,0.0487,0.0487,0.0487,0.0487,21.428,0.032142,0.019598,0.032142,21.428,0.025714,0.019598,0.025714,0.0,0.0,0.0,0.0,4.642e-05,0.0,0.0,0.0,1e-11,0.0,0.0,0.0,0.0,1e-11,4.642e-05,0.0
24457651.0,4995000000.0,5000000.0,5.0,0.0,0.0487,0.0487,0.0487,0.0487,21.428,0.032142,0.019598,0.032142,21.428,0.0,0.019598,0.0,0.0,0.0,0.0,0.0,4.642e-05,0.0,0.0,0.0,2.154e-10,0.0,0.0,0.0,0.0,2.154e-10,4.642e-05,0.0
24459139.0,4995000000.0,5000000.0,5.0,0.0,0.0487,0.0487,0.0487,0.0487,21.428,0.11571,0.0,0.11571,21.428,0.00010583,0.0,0.00010583,0.0,0.0,0.0,0.0,1e-11,0.0,0.0,0.0,4.642e-05,0.0,0.0,0.0,0.0,4.642e-05,1e-11,0.0
24452986.0,4995000000.0,5000000.0,5.0,0.0,0.0487,0.0487,0.0487,0.0487,2.2307,2.2307,0.0020402,2.2307,2.2307,0.0020402,0.0020402,0.0020402,0.0,0.0,0.0,0.0,1e-07,0.0,0.0,0.0,4.642e-05,0.0,0.0,0.0,0.0,4.642e-05,1e-07,0.0
24457917.0,4995000000.0,5000000.0,5.0,0.0,0.0487,0.0487,0.0487,0.0487,21.428,0.032142,0.019598,0.032142,21.428,0.025714,0.019598,0.025714,0.0,0.0,0.0,0.0,2.154e-10,0.0,0.0,0.0,2.154e-10,0.0,0.0,0.0,0.0,2.154e-10,2.154e-10,0.0
24452693.0,4995000000.0,5000000.0,5.0,0.0,0.0487,0.0487,0.0487,0.0487,2.2307,2.2307,0.00021333,2.2307,2.2307,0.019407,0.00021333,0.019407,0.0,0.0,0.0,0.0,1e-07,0.0,0.0,0.0,0.001,0.0,0.0,0.0,0.0,0.001,1e-07,0.0
24459333.0,4995000000.0,5000000.0,5.0,0.0,0.0487,0.0487,0.0487,0.0487,21.428,0.11571,0.00021428,0.11571,21.428,0.0,0.00021428,0.0,0.0,0.0,0.0,0.0,1e-11,0.0,0.0,0.0,1e-07,0.0,0.0,0.0,0.0,1e-07,1e-11,0.0
24457709.0,4995000000.0,5000000.0,5.0,0.0,0.0487,0.0487,0.0487,0.0487,21.428,0.032142,0.019598,0.032142,21.428,3.2142e-07,0.019598,3.2142e-07,0.0,0.0,0.0,0.0,0.001,0.0,0.0,0.0,1e-07,0.0,0.0,0.0,0.0,1e-07,0.001,0.0
24456846.0,4995000000.0,5000000.0,5.0,0.0,0.0487,0.0487,0.0487,0.0487,21.428,0.032142,0.0,0.032142,21.428,0.0026903,0.0,0.0026903,0.0,0.0,0.0,0.0,4.642e-09,0.0,0.0,0.0,2.154e-10,0.0,0.0,0.0,0.0,2.154e-10,4.642e-09,0.0
24457559.0,4995000000.0,5000000.0,5.0,0.0,0.0487,0.0487,0.0487,0.0487,21.428,0.032142,0.0020493,0.032142,21.428,0.0026903,0.0020493,0.0026903,0.0,0.0,0.0,0.0,0.001,0.0,0.0,0.0,1e-11,0.0,0.0,0.0,0.0,1e-11,0.001,0.0
24450114.0,4995000000.0,5000000.0,5.0,0.0,0.0487,0.0487,0.0487,0.0487,2.2307,0.60541,0.00021333,0.60541,2.2307,0.0,0.00021333,0.0,0.0,0.0,0.0,0.0,0.001,0.0,0.0,0.0,1e-07,0.0,0.0,0.0,0.0,1e-07,0.001,0.0
24457221.0,4995000000.0,5000000.0,5.0,0.0,0.0487,0.0487,0.0487,0.0487,21.428,0.032142,0.00021428,0.032142,21.428,0.0026903,0.00021428,0.0026903,0.0,0.0,0.0,0.0,0.001,0.0,0.0,0.0,4.642e-05,0.0,0.0,0.0,0.0,4.642e-05,0.001,0.0
24452356.0,4995000000.0,5000000.0,5.0,0.0,0.0487,0.0487,0.0487,0.0487,2.2307,2.2307,2.2307e-05,2.2307,2.2307,0.019407,2.2307e-05,0.019407,0.0,0.0,0.0,0.0,2.154e-06,0.0,0.0,0.0,4.642e-05,0.0,0.0,0.0,0.0,4.642e-05,2.154e-06,0.0
24450120.0,4995000000.0,5000000.0,5.0,0.0,0.0487,0.0487,0.0487,0.0487,2.2307,0.60541,0.00021333,0.60541,2.2307,6.0541e-06,0.00021333,6.0541e-06,0.0,0.0,0.0,0.0,1e-11,0.0,0.0,0.0,4.642e-09,0.0,0.0,0.0,0.0,4.642e-09,1e-11,0.0
24459385.0,4995000000.0,5000000.0,5.0,0.0,0.0487,0.0487,0.0487,0.0487,21.428,0.11571,0.00021428,0.11571,21.428,1.1571e-06,0.00021428,1.1571e-06,0.0,0.0,0.0,0.0,1e-11,0.0,0.0,0.0,0.001,0.0,0.0,0.0,0.0,0.001,1e-11,0.0
24457475.0,4995000000.0,5000000.0,5.0,0.0,0.0487,0.0487,0.0487,0.0487,21.428,0.032142,0.0020493,0.032142,21.428,0.00027964,0.0020493,0.00027964,0.0,0.0,0.0,0.0,2.154e-10,0.0,0.0,0.0,1e-11,0.0,0.0,0.0,0.0,1e-11,2.154e-10,0.0
24459584.0,4995000000.0,5000000.0,5.0,0.0,0.0487,0.0487,0.0487,0.0487,21.428,0.11571,0.00021428,0.11571,21.428,0.009685,0.00021428,0.009685,0.0,0.0,0.0,0.0,2.154e-10,0.0,0.0,0.0,4.642e-09,0.0,0.0,0.0,0.0,4.642e-09,2.154e-10,0.0
24450576.0,4995000000.0,5000000.0,5.0,0.0,0.0487,0.0487,0.0487,0.0487,2.2307,0.60541,0.0020402,0.60541,2.2307,0.00055371,0.0020402,0.00055371,0.0,0.0,0.0,0.0,4.642e-09,0.0,0.0,0.0,1e-07,0.0,0.0,0.0,0.0,1e-07,4.642e-09,0.0
24459759.0,4995000000.0,5000000.0,5.0,0.0,0.0487,0.0487,0.0487,0.0487,21.428,0.11571,0.0020493,0.11571,21.428,1.1571e-06,0.0020493,1.1571e-06,0.0,0.0,0.0,0.0,4.642e-05,0.0,0.0,0.0,4.642e-09,0.0,0.0,0.0,0.0,4.642e-09,4.642e-05,0.0
24457121.0,4995000000.0,5000000.0,5.0,0.0,0.0487,0.0487,0.0487,0.0487,21.428,0.032142,0.00021428,0.032142,21.428,2.9397e-05,0.00021428,2.9397e-05,0.0,0.0,0.0,0.0,0.001,0.0,0.0,0.0,1e-07,0.0,0.0,0.0,0.0,1e-07,0.001,0.0
24457474.0,4995000000.0,5000000.0,5.0,0.0,0.0487,0.0487,0.0487,0.0487,21.428,0.032142,0.0020493,0.032142,21.428,0.00027964,0.0020493,0.00027964,0.0,0.0,0.0,0.0,1e-11,0.0,0.0,0.0,0.001,0.0,0.0,0.0,0.0,0.001,1e-11,0.0
24450789.0,4995000000.0,5000000.0,5.0,0.0,0.0487,0.0487,0.0487,0.0487,2.2307,0.60541,0.019407,0.60541,2.2307,0.0,0.019407,0.0,0.0,0.0,0.0,0.0,2.154e-06,0.0,0.0,0.0,0.001,0.0,0.0,0.0,0.0,0.001,2.154e-06,0.0
24457745.0,4995000000.0,5000000.0,5.0,0.0,0.0487,0.0487,0.0487,0.0487,21.428,0.032142,0.019598,0.032142,21.428,3.0739e-06,0.019598,3.0739e-06,0.0,0.0,0.0,0.0,2.154e-06,0.0,0.0,0.0,2.154e-06,0.0,0.0,0.0,0.0,2.154e-06,2.154e-06,0.0
24457508.0,4995000000.0,5000000.0,5.0,0.0,0.0487,0.0487,0.0487,0.0487,21.428,0.032142,0.0020493,0.032142,21.428,0.00027964,0.0020493,0.00027964,0.0,0.0,0.0,0.0,4.642e-05,0.0,0.0,0.0,4.642e-05,0.0,0.0,0.0,0.0,4.642e-05,4.642e-05,0.0
24457822.0,4995000000.0,5000000.0,5.0,0.0,0.0487,0.0487,0.0487,0.0487,21.428,0.032142,0.019598,0.032142,21.428,0.00027964,0.019598,0.00027964,0.0,0.0,0.0,0.0,2.154e-10,0.0,0.0,0.0,2.154e-06,0.0,0.0,0.0,0.0,2.154e-06,2.154e-10,0.0
24457443.0,4995000000.0,5000000.0,5.0,0.0,0.0487,0.0487,0.0487,0.0487,21.428,0.032142,0.0020493,0.032142,21.428,2.9397e-05,0.0020493,2.9397e-05,0.0,0.0,0.0,0.0,1e-07,0.0,0.0,0.0,1e-07,0.0,0.0,0.0,0.0,1e-07,1e-07,0.0
24450072.0,4995000000.0,5000000.0,5.0,0.0,0.0487,0.0487,0.0487,0.0487,2.2307,0.60541,0.00021333,0.60541,2.2307,0.0,0.00021333,0.0,0.0,0.0,0.0,0.0,1e-11,0.0,0.0,0.0,1e-07,0.0,0.0,0.0,0.0,1e-07,1e-11,0.0
24457188.0,4995000000.0,5000000.0,5.0,0.0,0.0487,0.0487,0.0487,0.0487,21.428,0.032142,0.00021428,0.032142,21.428,0.0026903,0.00021428,0.0026903,0.0,0.0,0.0,0.0,4.642e-09,0.0,0.0,0.0,1e-11,0.0,0.0,0.0,0.0,1e-11,4.642e-09,0.0
24452622.0,4995000000.0,5000000.0,5.0,0.0,0.0487,0.0487,0.0487,0.0487,2.2307,2.2307,0.00021333,2.2307,2.2307,0.0020402,0.00021333,0.0020402,0.0,0.0,0.0,0.0,1e-11,0.0,0.0,0.0,4.642e-05,0.0,0.0,0.0,0.0,4.642e-05,1e-11,0.0
24450857.0,4995000000.0,5000000.0,5.0,0.0,0.0487,0.0487,0.0487,0.0487,2.2307,0.60541,0.019407,0.60541,2.2307,5.7898e-05,0.019407,5.7898e-05,0.0,0.0,0.0,0.0,1e-11,0.0,0.0,0.0,2.154e-06,0.0,0.0,0.0,0.0,2.154e-06,1e-11,0.0
24450983.0,4995000000.0,5000000.0,5.0,0.0,0.0487,0.0487,0.0487,0.0487,2.2307,0.60541,0.019407,0.60541,2.2307,0.005267,0.019407,0.005267,0.0,0.0,0.0,0.0,2.154e-06,0.0,0.0,0.0,2.154e-06,0.0,0.0,0.0,0.0,2.154e-06,2.154e-06,0.0
24451811.0,4995000000.0,5000000.0,5.0,0.0,0.0487,0.0487,0.0487,0.0487,2.2307,2.2307,0.0,2.2307,2.2307,0.0,0.0,0.0,0.0,0.0,0.0,0.0,1e-07,0.0,0.0,0.0,0.001,0.0,0.0,0.0,0.0,0.001,1e-07,0.0
24453385.0,4995000000.0,5000000.0,5.0,0.0,0.0487,0.0487,0.0487,0.0487,2.2307,2.2307,0.019407,2.2307,2.2307,0.019407,0.019407,0.019407,0.0,0.0,0.0,0.0,2.154e-06,0.0,0.0,0.0,4.642e-05,0.0,0.0,0.0,0.0,4.642e-05,2.154e-06,0.0
24452945.0,4995000000.0,5000000.0,5.0,0.0,0.0487,0.0487,0.0487,0.0487,2.2307,2.2307,0.0020402,2.2307,2.2307,0.00021333,0.0020402,0.00021333,0.0,0.0,0.0,0.0,2.154e-06,0.0,0.0,0.0,0.001,0.0,0.0,0.0,0.0,0.001,2.154e-06,0.0
24457432.0,4995000000.0,5000000.0,5.0,0.0,0.0487,0.0487,0.0487,0.0487,21.428,0.032142,0.0020493,0.032142,21.428,2.9397e-05,0.0020493,2.9397e-05,0.0,0.0,0.0,0.0,2.154e-10,0.0,0.0,0.0,0.001,0.0,0.0,0.0,0.0,0.001,2.154e-10,0.0
24459006.0,4995000000.0,5000000.0,5.0,0.0,0.0487,0.0487,0.0487,0.0487,21.428,0.11571,0.0,0.11571,21.428,0.0,0.0,0.0,0.0,0.0,0.0,0.0,4.642e-09,0.0,0.0,0.0,4.642e-05,0.0,0.0,0.0,0.0,4.642e-05,4.642e-09,0.0
24457815.0,4995000000.0,5000000.0,5.0,0.0,0.0487,0.0487,0.0487,0.0487,21.428,0.032142,0.019598,0.032142,21.428,0.00027964,0.019598,0.00027964,0.0,0.0,0.0,0.0,1e-11,0.0,0.0,0.0,2.154e-06,0.0,0.0,0.0,0.0,2.154e-06,1e-11,0.0
24459375.0,4995000000.0,5000000.0,5.0,0.0,0.0487,0.0487,0.0487,0.0487,21.428,0.11571,0.00021428,0.11571,21.428,0.0,0.00021428,0.0,0.0,0.0,0.0,0.0,0.001,0.0,0.0,0.0,1e-07,0.0,0.0,0.0,0.0,1e-07,0.001,0.0
24459081.0,4995000000.0,5000000.0,5.0,0.0,0.0487,0.0487,0.0487,0.0487,21.428,0.11571,0.0,0.11571,21.428,1.1571e-06,0.0,1.1571e-06,0.0,0.0,0.0,0.0,0.001,0.0,0.0,0.0,1e-07,0.0,0.0,0.0,0.0,1e-07,0.001,0.0
24457220.0,4995000000.0,5000000.0,5.0,0.0,0.0487,0.0487,0.0487,0.0487,21.428,0.032142,0.00021428,0.032142,21.428,0.0026903,0.00021428,0.0026903,0.0,0.0,0.0,0.0,0.001,0.0,0.0,0.0,2.154e-06,0.0,0.0,0.0,0.0,2.154e-06,0.001,0.0
24452230.0,4995000000.0,5000000.0,5.0,0.0,0.0487,0.0487,0.0487,0.0487,2.2307,2.2307,2.2307e-05,2.2307,2.2307,0.00021333,2.2307e-05,0.00021333,0.0,0.0,0.0,0.0,1e-11,0.0,0.0,0.0,4.642e-05,0.0,0.0,0.0,0.0,4.642e-05,1e-11,0.0
24457916.0,4995000000.0,5000000.0,5.0,0.0,0.0487,0.0487,0.0487,0.0487,21.428,0.032142,0.019598,0.032142,21.428,0.025714,0.019598,0.025714,0.0,0.0,0.0,0.0,2.154e-10,0.0,0.0,0.0,1e-11,0.0,0.0,0.0,0.0,1e-11,2.154e-10,0.0
24453295.0,4995000000.0,5000000.0,5.0,0.0,0.0487,0.0487,0.0487,0.0487,2.2307,2.2307,0.019407,2.2307,2.2307,0.00021333,0.019407,0.00021333,0.0,0.0,0.0,0.0,4.642e-05,0.0,0.0,0.0,0.001,0.0,0.0,0.0,0.0,0.001,4.642e-05,0.0
24457746.0,4995000000.0,5000000.0,5.0,0.0,0.0487,0.0487,0.0487,0.0487,21.428,0.032142,0.019598,0.032142,21.428,3.0739e-06,0.019598,3.0739e-06,0.0,0.0,0.0,0.0,2.154e-06,0.0,0.0,0.0,4.642e-05,0.0,0.0,0.0,0.0,4.642e-05,2.154e-06,0.0
24457279.0,4995000000.0,5000000.0,5.0,0.0,0.0487,0.0487,0.0487,0.0487,21.428,0.032142,0.0020493,0.032142,21.428,0.0,0.0020493,0.0,0.0,0.0,0.0,0.0,2.154e-10,0.0,0.0,0.0,1e-11,0.0,0.0,0.0,0.0,1e-11,2.154e-10,0.0
24456993.0,4995000000.0,5000000.0,5.0,0.0,0.0487,0.0487,0.0487,0.0487,21.428,0.032142,0.00021428,0.032142,21.428,3.2142e-07,0.00021428,3.2142e-07,0.0,0.0,0.0,0.0,4.642e-09,0.0,0.0,0.0,2.154e-10,0.0,0.0,0.0,0.0,2.154e-10,4.642e-09,0.0
24457038.0,4995000000.0,5000000.0,5.0,0.0,0.0487,0.0487,0.0487,0.0487,21.428,0.032142,0.00021428,0.032142,21.428,3.0739e-06,0.00021428,3.0739e-06,0.0,0.0,0.0,0.0,2.154e-10,0.0,0.0,0.0,2.154e-06,0.0,0.0,0.0,0.0,2.154e-06,2.154e-10,0.0
24452496.0,4995000000.0,5000000.0,5.0,0.0,0.0487,0.0487,0.0487,0.0487,2.2307,2.2307,0.00021333,2.2307,2.2307,0.0,0.00021333,0.0,0.0,0.0,0.0,0.0,1e-07,0.0,0.0,0.0,4.642e-05,0.0,0.0,0.0,0.0,4.642e-05,1e-07,0.0
24457087.0,4995000000.0,5000000.0,5.0,0.0,0.0487,0.0487,0.0487,0.0487,21.428,0.032142,0.00021428,0.032142,21.428,2.9397e-05,0.00021428,2.9397e-05,0.0,0.0,0.0,0.0,2.154e-10,0.0,0.0,0.0,2.154e-06,0.0,0.0,0.0,0.0,2.154e-06,2.154e-10,0.0
24456922.0,4995000000.0,5000000.0,5.0,0.0,0.0487,0.0487,0.0487,0.0487,21.428,0.032142,0.0,0.032142,21.428,0.025714,0.0,0.025714,0.0,0.0,0.0,0.0,0.001,0.0,0.0,0.0,1e-11,0.0,0.0,0.0,0.0,1e-11,0.001,0.0
24450961.0,4995000000.0,5000000.0,5.0,0.0,0.0487,0.0487,0.0487,0.0487,2.2307,0.60541,0.019407,0.60541,2.2307,0.005267,0.019407,0.005267,0.0,0.0,0.0,0.0,2.154e-10,0.0,0.0,0.0,1e-07,0.0,0.0,0.0,0.0,1e-07,2.154e-10,0.0
24457384.0,4995000000.0,5000000.0,5.0,0.0,0.0487,0.0487,0.0487,0.0487,21.428,0.032142,0.0020493,0.032142,21.428,3.0739e-06,0.0020493,3.0739e-06,0.0,0.0,0.0,0.0,4.642e-09,0.0,0.0,0.0,1e-11,0.0,0.0,0.0,0.0,1e-11,4.642e-09,0.0
24450645.0,4995000000.0,5000000.0,5.0,0.0,0.0487,0.0487,0.0487,0.0487,2.2307,0.60541,0.0020402,0.60541,2.2307,0.005267,0.0020402,0.005267,0.0,0.0,0.0,0.0,4.642e-05,0.0,0.0,0.0,4.642e-09,0.0,0.0,0.0,0.0,4.642e-09,4.642e-05,0.0
24459550.0,4995000000.0,5000000.0,5.0,0.0,0.0487,0.0487,0.0487,0.0487,21.428,0.11571,0.00021428,0.11571,21.428,0.0010067,0.00021428,0.0010067,0.0,0.0,0.0,0.0,1e-07,0.0,0.0,0.0,1e-07,0.0,0.0,0.0,0.0,1e-07,1e-07,0.0
24456966.0,4995000000.0,5000000.0,5.0,0.0,0.0487,0.0487,0.0487,0.0487,21.428,0.032142,0.00021428,0.032142,21.428,0.0,0.00021428,0.0,0.0,0.0,0.0,0.0,4.642e-05,0.0,0.0,0.0,4.642e-09,0.0,0.0,0.0,0.0,4.642e-09,4.642e-05,0.0
24450773.0,4995000000.0,5000000.0,5.0,0.0,0.0487,0.0487,0.0487,0.0487,2.2307,0.60541,0.019407,0.60541,2.2307,0.0,0.019407,0.0,0.0,0.0,0.0,0.0,4.642e-09,0.0,0.0,0.0,2.154e-06,0.0,0.0,0.0,0.0,2.154e-06,4.642e-09,0.0
24457547.0,4995000000.0,5000000.0,5.0,0.0,0.0487,0.0487,0.0487,0.0487,21.428,0.032142,0.0020493,0.032142,21.428,0.0026903,0.0020493,0.0026903,0.0,0.0,0.0,0.0,2.154e-06,0.0,0.0,0.0,4.642e-09,0.0,0.0,0.0,0.0,4.642e-09,2.154e-06,0.0
24456991.0,4995000000.0,5000000.0,5.0,0.0,0.0487,0.0487,0.0487,0.0487,21.428,0.032142,0.00021428,0.032142,21.428,3.2142e-07,0.00021428,3.2142e-07,0.0,0.0,0.0,0.0,2.154e-10,0.0,0.0,0.0,0.001,0.0,0.0,0.0,0.0,0.001,2.154e-10,0.0
24456620.0,4995000000.0,5000000.0,5.0,0.0,0.0487,0.0487,0.0487,0.0487,21.428,0.032142,0.0,0.032142,21.428,0.0,0.0,0.0,0.0,0.0,0.0,0.0,2.154e-06,0.0,0.0,0.0,0.001,0.0,0.0,0.0,0.0,0.001,2.154e-06,0.0
24456791.0,4995000000.0,5000000.0,5.0,0.0,0.0487,0.0487,0.0487,0.0487,21.428,0.032142,0.0,0.032142,21.428,0.00027964,0.0,0.00027964,0.0,0.0,0.0,0.0,2.154e-10,0.0,0.0,0.0,4.642e-09,0.0,0.0,0.0,0.0,4.642e-09,2.154e-10,0.0
24456986.0,4995000000.0,5000000.0,5.0,0.0,0.0487,0.0487,0.0487,0.0487,21.428,0.032142,0.00021428,0.032142,21.428,3.2142e-07,0.00021428,3.2142e-07,0.0,0.0,0.0,0.0,2.154e-10,0.0,0.0,0.0,2.154e-10,0.0,0.0,0.0,0.0,2.154e-10,2.154e-10,0.0
24450578.0,4995000000.0,5000000.0,5.0,0.0,0.0487,0.0487,0.0487,0.0487,2.2307,0.60541,0.0020402,0.60541,2.2307,0.00055371,0.0020402,0.00055371,0.0,0.0,0.0,0.0,4.642e-09,0.0,0.0,0.0,4.642e-05,0.0,0.0,0.0,0.0,4.642e-05,4.642e-09,0.0
24456616.0,4995000000.0,5000000.0,5.0,0.0,0.0487,0.0487,0.0487,0.0487,21.428,0.032142,0.0,0.032142,21.428,0.0,0.0,0.0,0.0,0.0,0.0,0.0,2.154e-06,0.0,0.0,0.0,4.642e-09,0.0,0.0,0.0,0.0,4.642e-09,2.154e-06,0.0
24453211.0,4995000000.0,5000000.0,5.0,0.0,0.0487,0.0487,0.0487,0.0487,2.2307,2.2307,0.019407,2.2307,2.2307,2.2307e-05,0.019407,2.2307e-05,0.0,0.0,0.0,0.0,1e-11,0.0,0.0,0.0,0.001,0.0,0.0,0.0,0.0,0.001,1e-11,0.0
24459189.0,4995000000.0,5000000.0,5.0,0.0,0.0487,0.0487,0.0487,0.0487,21.428,0.11571,0.0,0.11571,21.428,0.0010067,0.0,0.0010067,0.0,0.0,0.0,0.0,1e-11,0.0,0.0,0.0,0.001,0.0,0.0,0.0,0.0,0.001,1e-11,0.0
24452342.0,4995000000.0,5000000.0,5.0,0.0,0.0487,0.0487,0.0487,0.0487,2.2307,2.2307,2.2307e-05,2.2307,2.2307,0.019407,2.2307e-05,0.019407,0.0,0.0,0.0,0.0,4.642e-09,0.0,0.0,0.0,4.642e-05,0.0,0.0,0.0,0.0,4.642e-05,4.642e-09,0.0
24459761.0,4995000000.0,5000000.0,5.0,0.0,0.0487,0.0487,0.0487,0.0487,21.428,0.11571,0.0020493,0.11571,21.428,1.1571e-06,0.0020493,1.1571e-06,0.0,0.0,0.0,0.0,4.642e-05,0.0,0.0,0.0,2.154e-06,0.0,0.0,0.0,0.0,2.154e-06,4.642e-05,0.0
24451867.0,4995000000.0,5000000.0,5.0,0.0,0.0487,0.0487,0.0487,0.0487,2.2307,2.2307,0.0,2.2307,2.2307,2.2307e-05,0.0,2.2307e-05,0.0,0.0,0.0,0.0,2.154e-06,0.0,0.0,0.0,0.001,0.0,0.0,0.0,0.0,0.001,2.154e-06,0.0
24457202.0,4995000000.0,5000000.0,5.0,0.0,0.0487,0.0487,0.0487,0.0487,21.428,0.032142,0.00021428,0.032142,21.428,0.0026903,0.00021428,0.0026903,0.0,0.0,0.0,0.0,2.154e-06,0.0,0.0,0.0,1e-11,0.0,0.0,0.0,0.0,1e-11,2.154e-06,0.0
24459502.0,4995000000.0,5000000.0,5.0,0.0,0.0487,0.0487,0.0487,0.0487,21.428,0.11571,0.00021428,0.11571,21.428,0.00010583,0.00021428,0.00010583,0.0,0.0,0.0,0.0,1e-07,0.0,0.0,0.0,2.154e-06,0.0,0.0,0.0,0.0,2.154e-06,1e-07,0.0
24456842.0,4995000000.0,5000000.0,5.0,0.0,0.0487,0.0487,0.0487,0.0487,21.428,0.032142,0.0,0.032142,21.428,0.0026903,0.0,0.0026903,0.0,0.0,0.0,0.0,2.154e-10,0.0,0.0,0.0,2.154e-06,0.0,0.0,0.0,0.0,2.154e-06,2.154e-10,0.0
24459438.0,4995000000.0,5000000.0,5.0,0.0,0.0487,0.0487,0.0487,0.0487,21.428,0.11571,0.00021428,0.11571,21.428,1.1066e-05,0.00021428,1.1066e-05,0.0,0.0,0.0,0.0,2.154e-10,0.0,0.0,0.0,1e-07,0.0,0.0,0.0,0.0,1e-07,2.154e-10,0.0
24453189.0,4995000000.0,5000000.0,5.0,0.0,0.0487,0.0487,0.0487,0.0487,2.2307,2.2307,0.019407,2.2307,2.2307,0.0,0.019407,0.0,0.0,0.0,0.0,0.0,2.154e-06,0.0,0.0,0.0,4.642e-05,0.0,0.0,0.0,0.0,4.642e-05,2.154e-06,0.0
24456685.0,4995000000.0,5000000.0,5.0,0.0,0.0487,0.0487,0.0487,0.0487,21.428,0.032142,0.0,0.032142,21.428,3.0739e-06,0.0,3.0739e-06,0.0,0.0,0.0,0.0,1e-11,0.0,0.0,0.0,2.154e-10,0.0,0.0,0.0,0.0,2.154e-10,1e-11,0.0
24456671.0,4995000000.0,5000000.0,5.0,0.0,0.0487,0.0487,0.0487,0.0487,21.428,0.032142,0.0,0.032142,21.428,3.2142e-07,0.0,3.2142e-07,0.0,0.0,0.0,0.0,4.642e-05,0.0,0.0,0.0,2.154e-10,0.0,0.0,0.0,0.0,2.154e-10,4.642e-05,0.0
24450087.0,4995000000.0,5000000.0,5.0,0.0,0.0487,0.0487,0.0487,0.0487,2.2307,0.60541,0.00021333,0.60541,2.2307,0.0,0.00021333,0.0,0.0,0.0,0.0,0.0,4.642e-09,0.0,0.0,0.0,2.154e-06,0.0,0.0,0.0,0.0,2.154e-06,4.642e-09,0.0
24459958.0,4995000000.0,5000000.0,5.0,0.0,0.0487,0.0487,0.0487,0.0487,21.428,0.11571,0.0020493,0.11571,21.428,0.009685,0.0020493,0.009685,0.0,0.0,0.0,0.0,4.642e-05,0.0,0.0,0.0,4.642e-05,0.0,0.0,0.0,0.0,4.642e-05,4.642e-05,0.0
24451985.0,4995000000.0,5000000.0,5.0,0.0,0.0487,0.0487,0.0487,0.0487,2.2307,2.2307,0.0,2.2307,2.2307,0.019407,0.0,0.019407,0.0,0.0,0.0,0.0,1e-11,0.0,0.0,0.0,4.642e-05,0.0,0.0,0.0,0.0,4.642e-05,1e-11,0.0
24457789.0,4995000000.0,5000000.0,5.0,0.0,0.0487,0.0487,0.0487,0.0487,21.428,0.032142,0.019598,0.032142,21.428,2.9397e-05,0.019598,2.9397e-05,0.0,0.0,0.0,0.0,1e-07,0.0,0.0,0.0,0.001,0.0,0.0,0.0,0.0,0.001,1e-07,0.0
24459490.0,4995000000.0,5000000.0,5.0,0.0,0.0487,0.0487,0.0487,0.0487,21.428,0.11571,0.00021428,0.11571,21.428,0.00010583,0.00021428,0.00010583,0.0,0.0,0.0,0.0,2.154e-10,0.0,0.0,0.0,0.001,0.0,0.0,0.0,0.0,0.001,2.154e-10,0.0
24457877.0,4995000000.0,5000000.0,5.0,0.0,0.0487,0.0487,0.0487,0.0487,21.428,0.032142,0.019598,0.032142,21.428,0.0026903,0.019598,0.0026903,0.0,0.0,0.0,0.0,4.642e-09,0.0,0.0,0.0,1e-07,0.0,0.0,0.0,0.0,1e-07,4.642e-09,0.0
24457737.0,4995000000.0,5000000.0,5.0,0.0,0.0487,0.0487,0.0487,0.0487,21.428,0.032142,0.019598,0.032142,21.428,3.0739e-06,0.019598,3.0739e-06,0.0,0.0,0.0,0.0,1e-07,0.0,0.0,0.0,1e-07,0.0,0.0,0.0,0.0,1e-07,1e-07,0.0
24453057.0,4995000000.0,5000000.0,5.0,0.0,0.0487,0.0487,0.0487,0.0487,2.2307,2.2307,0.0020402,2.2307,2.2307,0.019407,0.0020402,0.019407,0.0,0.0,0.0,0.0,0.001,0.0,0.0,0.0,0.001,0.0,0.0,0.0,0.0,0.001,0.001,0.0
24450079.0,4995000000.0,5000000.0,5.0,0.0,0.0487,0.0487,0.0487,0.0487,2.2307,0.60541,0.00021333,0.60541,2.2307,0.0,0.00021333,0.0,0.0,0.0,0.0,0.0,2.154e-10,0.0,0.0,0.0,1e-07,0.0,0.0,0.0,0.0,1e-07,2.154e-10,0.0
24456728.0,4995000000.0,5000000.0,5.0,0.0,0.0487,0.0487,0.0487,0.0487,21.428,0.032142,0.0,0.032142,21.428,3.0739e-06,0.0,3.0739e-06,0.0,0.0,0.0,0.0,0.001,0.0,0.0,0.0,4.642e-09,0.0,0.0,0.0,0.0,4.642e-09,0.001,0.0
24459678.0,4995000000.0,5000000.0,5.0,0.0,0.0487,0.0487,0.0487,0.0487,21.428,0.11571,0.0020493,0.11571,21.428,0.0,0.0020493,0.0,0.0,0.0,0.0,0.0,1e-11,0.0,0.0,0.0,4.642e-05,0.0,0.0,0.0,0.0,4.642e-05,1e-11,0.0
24457028.0,4995000000.0,5000000.0,5.0,0.0,0.0487,0.0487,0.0487,0.0487,21.428,0.032142,0.00021428,0.032142,21.428,3.0739e-06,0.00021428,3.0739e-06,0.0,0.0,0.0,0.0,1e-11,0.0,0.0,0.0,2.154e-10,0.0,0.0,0.0,0.0,2.154e-10,1e-11,0.0
24450289.0,4995000000.0,5000000.0,5.0,0.0,0.0487,0.0487,0.0487,0.0487,2.2307,0.60541,0.00021333,0.60541,2.2307,0.005267,0.00021333,0.005267,0.0,0.0,0.0,0.0,1e-07,0.0,0.0,0.0,1e-07,0.0,0.0,0.0,0.0,1e-07,1e-07,0.0
24457430.0,4995000000.0,5000000.0,5.0,0.0,0.0487,0.0487,0.0487,0.0487,21.428,0.032142,0.0020493,0.032142,21.428,2.9397e-05,0.0020493,2.9397e-05,0.0,0.0,0.0,0.0,2.154e-10,0.0,0.0,0.0,2.154e-06,0.0,0.0,0.0,0.0,2.154e-06,2.154e-10,0.0
24457265.0,4995000000.0,5000000.0,5.0,0.0,0.0487,0.0487,0.0487,0.0487,21.428,0.032142,0.00021428,0.032142,21.428,0.025714,0.00021428,0.025714,0.0,0.0,0.0,0.0,0.001,0.0,0.0,0.0,1e-11,0.0,0.0,0.0,0.0,1e-11,0.001,0.0
24459927.0,4995000000.0,5000000.0,5.0,0.0,0.0487,0.0487,0.0487,0.0487,21.428,0.11571,0.0020493,0.11571,21.428,0.009685,0.0020493,0.009685,0.0,0.0,0.0,0.0,2.154e-10,0.0,0.0,0.0,4.642e-09,0.0,0.0,0.0,0.0,4.642e-09,2.154e-10,0.0
24459175.0,4995000000.0,5000000.0,5.0,0.0,0.0487,0.0487,0.0487,0.0487,21.428,0.11571,0.0,0.11571,21.428,0.00010583,0.0,0.00010583,0.0,0.0,0.0,0.0,4.642e-05,0.0,0.0,0.0,0.001,0.0,0.0,0.0,0.0,0.001,4.642e-05,0.0
24457521.0,4995000000.0,5000000.0,5.0,0.0,0.0487,0.0487,0.0487,0.0487,21.428,0.032142,0.0020493,0.032142,21.428,0.0026903,0.0020493,0.0026903,0.0,0.0,0.0,0.0,1e-11,0.0,0.0,0.0,2.154e-06,0.0,0.0,0.0,0.0,2.154e-06,1e-11,0.0
24457134.0,4995000000.0,5000000.0,5.0,0.0,0.0487,0.0487,0.0487,0.0487,21.428,0.032142,0.00021428,0.032142,21.428,0.00027964,0.00021428,0.00027964,0.0,0.0,0.0,0.0,2.154e-10,0.0,0.0,0.0,4.642e-09,0.0,0.0,0.0,0.0,4.642e-09,2.154e-10,0.0
24450982.0,4995000000.0,5000000.0,5.0,0.0,0.0487,0.0487,0.0487,0.0487,2.2307,0.60541,0.019407,0.60541,2.2307,0.005267,0.019407,0.005267,0.0,0.0,0.0,0.0,2.154e-06,0.0,0.0,0.0,1e-07,0.0,0.0,0.0,0.0,1e-07,2.154e-06,0.0
24456805.0,4995000000.0,5000000.0,5.0,0.0,0.0487,0.0487,0.0487,0.0487,21.428,0.032142,0.0,0.032142,21.428,0.00027964,0.0,0.00027964,0.0,0.0,0.0,0.0,1e-07,0.0,0.0,0.0,4.642e-09,0.0,0.0,0.0,0.0,4.642e-09,1e-07,0.0
24452910.0,4995000000.0,5000000.0,5.0,0.0,0.0487,0.0487,0.0487,0.0487,2.2307,2.2307,0.0020402,2.2307,2.2307,2.2307e-05,0.0020402,2.2307e-05,0.0,0.0,0.0,0.0,0.001,0.0,0.0,0.0,0.001,0.0,0.0,0.0,0.0,0.001,0.001,0.0
24457137.0,4995000000.0,5000000.0,5.0,0.0,0.0487,0.0487,0.0487,0.0487,21.428,0.032142,0.00021428,0.032142,21.428,0.00027964,0.00021428,0.00027964,0.0,0.0,0.0,0.0,2.154e-10,0.0,0.0,0.0,4.642e-05,0.0,0.0,0.0,0.0,4.642e-05,2.154e-10,0.0
24450788.0,4995000000.0,5000000.0,5.0,0.0,0.0487,0.0487,0.0487,0.0487,2.2307,0.60541,0.019407,0.60541,2.2307,0.0,0.019407,0.0,0.0,0.0,0.0,0.0,2.154e-06,0.0,0.0,0.0,4.642e-05,0.0,0.0,0.0,0.0,4.642e-05,2.154e-06,0.0
24457103.0,4995000000.0,5000000.0,5.0,0.0,0.0487,0.0487,0.0487,0.0487,21.428,0.032142,0.00021428,0.032142,21.428,2.9397e-05,0.00021428,2.9397e-05,0.0,0.0,0.0,0.0,1e-07,0.0,0.0,0.0,0.001,0.0,0.0,0.0,0.0,0.001,1e-07,0.0
24457809.0,4995000000.0,5000000.0,5.0,0.0,0.0487,0.0487,0.0487,0.0487,21.428,0.032142,0.019598,0.032142,21.428,2.9397e-05,0.019598,2.9397e-05,0.0,0.0,0.0,0.0,0.001,0.0,0.0,0.0,4.642e-05,0.0,0.0,0.0,0.0,4.642e-05,0.001,0.0
24452021.0,4995000000.0,5000000.0,5.0,0.0,0.0487,0.0487,0.0487,0.0487,2.2307,2.2307,0.0,2.2307,2.2307,0.019407,0.0,0.019407,0.0,0.0,0.0,0.0,4.642e-05,0.0,0.0,0.0,0.001,0.0,0.0,0.0,0.0,0.001,4.642e-05,0.0
24457496.0,4995000000.0,5000000.0,5.0,0.0,0.0487,0.0487,0.0487,0.0487,21.428,0.032142,0.0020493,0.032142,21.428,0.00027964,0.0020493,0.00027964,0.0,0.0,0.0,0.0,2.154e-06,0.0,0.0,0.0,1e-11,0.0,0.0,0.0,0.0,1e-11,2.154e-06,0.0
24457108.0,4995000000.0,5000000.0,5.0,0.0,0.0487,0.0487,0.0487,0.0487,21.428,0.032142,0.00021428,0.032142,21.428,2.9397e-05,0.00021428,2.9397e-05,0.0,0.0,0.0,0.0,2.154e-06,0.0,0.0,0.0,2.154e-06,0.0,0.0,0.0,0.0,2.154e-06,2.154e-06,0.0
24450194.0,4995000000.0,5000000.0,5.0,0.0,0.0487,0.0487,0.0487,0.0487,2.2307,0.60541,0.00021333,0.60541,2.2307,5.7898e-05,0.00021333,5.7898e-05,0.0,0.0,0.0,0.0,1e-07,0.0,0.0,0.0,0.001,0.0,0.0,0.0,0.0,0.001,1e-07,0.0
24450782.0,4995000000.0,5000000.0,5.0,0.0,0.0487,0.0487,0.0487,0.0487,2.2307,0.60541,0.019407,0.60541,2.2307,0.0,0.019407,0.0,0.0,0.0,0.0,0.0,1e-07,0.0,0.0,0.0,0.001,0.0,0.0,0.0,0.0,0.001,1e-07,0.0
24450243.0,4995000000.0,5000000.0,5.0,0.0,0.0487,0.0487,0.0487,0.0487,2.2307,0.60541,0.00021333,0.60541,2.2307,0.00055371,0.00021333,0.00055371,0.0,0.0,0.0,0.0,1e-07,0.0,0.0,0.0,0.001,0.0,0.0,0.0,0.0,0.001,1e-07,0.0
24457357.0,4995000000.0,5000000.0,5.0,0.0,0.0487,0.0487,0.0487,0.0487,21.428,0.032142,0.0020493,0.032142,21.428,3.2142e-07,0.0020493,3.2142e-07,0.0,0.0,0.0,0.0,4.642e-05,0.0,0.0,0.0,2.154e-10,0.0,0.0,0.0,0.0,2.154e-10,4.642e-05,0.0
24452573.0,4995000000.0,5000000.0,5.0,0.0,0.0487,0.0487,0.0487,0.0487,2.2307,2.2307,0.00021333,2.2307,2.2307,0.00021333,0.00021333,0.00021333,0.0,0.0,0.0,0.0,1e-11,0.0,0.0,0.0,4.642e-05,0.0,0.0,0.0,0.0,4.642e-05,1e-11,0.0
24459020.0,4995000000.0,5000000.0,5.0,0.0,0.0487,0.0487,0.0487,0.0487,21.428,0.11571,0.0,0.11571,21.428,0.0,0.0,0.0,0.0,0.0,0.0,0.0,2.154e-06,0.0,0.0,0.0,4.642e-05,0.0,0.0,0.0,0.0,4.642e-05,2.154e-06,0.0
24452258.0,4995000000.0,5000000.0,5.0,0.0,0.0487,0.0487,0.0487,0.0487,2.2307,2.2307,2.2307e-05,2.2307,2.2307,0.00021333,2.2307e-05,0.00021333,0.0,0.0,0.0,0.0,2.154e-06,0.0,0.0,0.0,4.642e-05,0.0,0.0,0.0,0.0,4.642e-05,2.154e-06,0.0
24457705.0,4995000000.0,5000000.0,5.0,0.0,0.0487,0.0487,0.0487,0.0487,21.428,0.032142,0.019598,0.032142,21.428,3.2142e-07,0.019598,3.2142e-07,0.0,0.0,0.0,0.0,4.642e-05,0.0,0.0,0.0,0.001,0.0,0.0,0.0,0.0,0.001,4.642e-05,0.0
24457726.0,4995000000.0,5000000.0,5.0,0.0,0.0487,0.0487,0.0487,0.0487,21.428,0.032142,0.019598,0.032142,21.428,3.0739e-06,0.019598,3.0739e-06,0.0,0.0,0.0,0.0,2.154e-10,0.0,0.0,0.0,0.001,0.0,0.0,0.0,0.0,0.001,2.154e-10,0.0
24459525.0,4995000000.0,5000000.0,5.0,0.0,0.0487,0.0487,0.0487,0.0487,21.428,0.11571,0.00021428,0.11571,21.428,0.00010583,0.00021428,0.00010583,0.0,0.0,0.0,0.0,0.001,0.0,0.0,0.0,0.001,0.0,0.0,0.0,0.0,0.001,0.001,0.0
24457041.0,4995000000.0,5000000.0,5.0,0.0,0.0487,0.0487,0.0487,0.0487,21.428,0.032142,0.00021428,0.032142,21.428,3.0739e-06,0.00021428,3.0739e-06,0.0,0.0,0.0,0.0,4.642e-09,0.0,0.0,0.0,1e-11,0.0,0.0,0.0,0.0,1e-11,4.642e-09,0.0
24459504.0,4995000000.0,5000000.0,5.0,0.0,0.0487,0.0487,0.0487,0.0487,21.428,0.11571,0.00021428,0.11571,21.428,0.00010583,0.00021428,0.00010583,0.0,0.0,0.0,0.0,1e-07,0.0,0.0,0.0,0.001,0.0,0.0,0.0,0.0,0.001,1e-07,0.0
24459501.0,4995000000.0,5000000.0,5.0,0.0,0.0487,0.0487,0.0487,0.0487,21.428,0.11571,0.00021428,0.11571,21.428,0.00010583,0.00021428,0.00010583,0.0,0.0,0.0,0.0,1e-07,0.0,0.0,0.0,1e-07,0.0,0.0,0.0,0.0,1e-07,1e-07,0.0
24452020.0,4995000000.0,5000000.0,5.0,0.0,0.0487,0.0487,0.0487,0.0487,2.2307,2.2307,0.0,2.2307,2.2307,0.019407,0.0,0.019407,0.0,0.0,0.0,0.0,4.642e-05,0.0,0.0,0.0,4.642e-05,0.0,0.0,0.0,0.0,4.642e-05,4.642e-05,0.0
24459245.0,4995000000.0,5000000.0,5.0,0.0,0.0487,0.0487,0.0487,0.0487,21.428,0.11571,0.0,0.11571,21.428,0.009685,0.0,0.009685,0.0,0.0,0.0,0.0,2.154e-10,0.0,0.0,0.0,0.001,0.0,0.0,0.0,0.0,0.001,2.154e-10,0.0
24457532.0,4995000000.0,5000000.0,5.0,0.0,0.0487,0.0487,0.0487,0.0487,21.428,0.032142,0.0020493,0.032142,21.428,0.0026903,0.0020493,0.0026903,0.0,0.0,0.0,0.0,4.642e-09,0.0,0.0,0.0,2.154e-10,0.0,0.0,0.0,0.0,2.154e-10,4.642e-09,0.0
24456660.0,4995000000.0,5000000.0,5.0,0.0,0.0487,0.0487,0.0487,0.0487,21.428,0.032142,0.0,0.032142,21.428,3.2142e-07,0.0,3.2142e-07,0.0,0.0,0.0,0.0,1e-07,0.0,0.0,0.0,2.154e-06,0.0,0.0,0.0,0.0,2.154e-06,1e-07,0.0
24450213.0,4995000000.0,5000000.0,5.0,0.0,0.0487,0.0487,0.0487,0.0487,2.2307,0.60541,0.00021333,0.60541,2.2307,5.7898e-05,0.00021333,5.7898e-05,0.0,0.0,0.0,0.0,0.001,0.0,0.0,0.0,2.154e-06,0.0,0.0,0.0,0.0,2.154e-06,0.001,0.0
24459031.0,4995000000.0,5000000.0,5.0,0.0,0.0487,0.0487,0.0487,0.0487,21.428,0.11571,0.0,0.11571,21.428,0.0,0.0,0.0,0.0,0.0,0.0,0.0,0.001,0.0,0.0,0.0,4.642e-09,0.0,0.0,0.0,0.0,4.642e-09,0.001,0.0
24453202.0,4995000000.0,5000000.0,5.0,0.0,0.0487,0.0487,0.0487,0.0487,2.2307,2.2307,0.019407,2.2307,2.2307,0.0,0.019407,0.0,0.0,0.0,0.0,0.0,0.001,0.0,0.0,0.0,2.154e-06,0.0,0.0,0.0,0.0,2.154e-06,0.001,0.0
24450864.0,4995000000.0,5000000.0,5.0,0.0,0.0487,0.0487,0.0487,0.0487,2.2307,0.60541,0.019407,0.60541,2.2307,5.7898e-05,0.019407,5.7898e-05,0.0,0.0,0.0,0.0,2.154e-10,0.0,0.0,0.0,2.154e-06,0.0,0.0,0.0,0.0,2.154e-06,2.154e-10,0.0
24457572.0,4995000000.0,5000000.0,5.0,0.0,0.0487,0.0487,0.0487,0.0487,21.428,0.032142,0.0020493,0.032142,21.428,0.025714,0.0020493,0.025714,0.0,0.0,0.0,0.0,1e-11,0.0,0.0,0.0,0.001,0.0,0.0,0.0,0.0,0.001,1e-11,0.0
24457459.0,4995000000.0,5000000.0,5.0,0.0,0.0487,0.0487,0.0487,0.0487,21.428,0.032142,0.0020493,0.032142,21.428,2.9397e-05,0.0020493,2.9397e-05,0.0,0.0,0.0,0.0,4.642e-05,0.0,0.0,0.0,4.642e-05,0.0,0.0,0.0,0.0,4.642e-05,4.642e-05,0.0
24453035.0,4995000000.0,5000000.0,5.0,0.0,0.0487,0.0487,0.0487,0.0487,2.2307,2.2307,0.0020402,2.2307,2.2307,0.019407,0.0020402,0.019407,0.0,0.0,0.0,0.0,1e-07,0.0,0.0,0.0,4.642e-05,0.0,0.0,0.0,0.0,4.642e-05,1e-07,0.0
24456668.0,4995000000.0,5000000.0,5.0,0.0,0.0487,0.0487,0.0487,0.0487,21.428,0.032142,0.0,0.032142,21.428,3.2142e-07,0.0,3.2142e-07,0.0,0.0,0.0,0.0,2.154e-06,0.0,0.0,0.0,4.642e-05,0.0,0.0,0.0,0.0,4.642e-05,2.154e-06,0.0
24457530.0,4995000000.0,5000000.0,5.0,0.0,0.0487,0.0487,0.0487,0.0487,21.428,0.032142,0.0020493,0.032142,21.428,0.0026903,0.0020493,0.0026903,0.0,0.0,0.0,0.0,2.154e-10,0.0,0.0,0.0,0.001,0.0,0.0,0.0,0.0,0.001,2.154e-10,0.0
24450207.0,4995000000.0,5000000.0,5.0,0.0,0.0487,0.0487,0.0487,0.0487,2.2307,0.60541,0.00021333,0.60541,2.2307,5.7898e-05,0.00021333,5.7898e-05,0.0,0.0,0.0,0.0,4.642e-05,0.0,0.0,0.0,4.642e-05,0.0,0.0,0.0,0.0,4.642e-05,4.642e-05,0.0
24453183.0,4995000000.0,5000000.0,5.0,0.0,0.0487,0.0487,0.0487,0.0487,2.2307,2.2307,0.019407,2.2307,2.2307,0.0,0.019407,0.0,0.0,0.0,0.0,0.0,1e-07,0.0,0.0,0.0,0.001,0.0,0.0,0.0,0.0,0.001,1e-07,0.0
24456944.0,4995000000.0,5000000.0,5.0,0.0,0.0487,0.0487,0.0487,0.0487,21.428,0.032142,0.00021428,0.032142,21.428,0.0,0.00021428,0.0,0.0,0.0,0.0,0.0,4.642e-09,0.0,0.0,0.0,2.154e-10,0.0,0.0,0.0,0.0,2.154e-10,4.642e-09,0.0
24457926.0,4995000000.0,5000000.0,5.0,0.0,0.0487,0.0487,0.0487,0.0487,21.428,0.032142,0.019598,0.032142,21.428,0.025714,0.019598,0.025714,0.0,0.0,0.0,0.0,4.642e-09,0.0,0.0,0.0,1e-07,0.0,0.0,0.0,0.0,1e-07,4.642e-09,0.0
24459552.0,4995000000.0,5000000.0,5.0,0.0,0.0487,0.0487,0.0487,0.0487,21.428,0.11571,0.00021428,0.11571,21.428,0.0010067,0.00021428,0.0010067,0.0,0.0,0.0,0.0,1e-07,0.0,0.0,0.0,4.642e-05,0.0,0.0,0.0,0.0,4.642e-05,1e-07,0.0
24453379.0,4995000000.0,5000000.0,5.0,0.0,0.0487,0.0487,0.0487,0.0487,2.2307,2.2307,0.019407,2.2307,2.2307,0.019407,0.019407,0.019407,0.0,0.0,0.0,0.0,1e-07,0.0,0.0,0.0,0.001,0.0,0.0,0.0,0.0,0.001,1e-07,0.0
24459889.0,4995000000.0,5000000.0,5.0,0.0,0.0487,0.0487,0.0487,0.0487,21.428,0.11571,0.0020493,0.11571,21.428,0.0010067,0.0020493,0.0010067,0.0,0.0,0.0,0.0,4.642e-09,0.0,0.0,0.0,0.001,0.0,0.0,0.0,0.0,0.001,4.642e-09,0.0
24457167.0,4995000000.0,5000000.0,5.0,0.0,0.0487,0.0487,0.0487,0.0487,21.428,0.032142,0.00021428,0.032142,21.428,0.00027964,0.00021428,0.00027964,0.0,0.0,0.0,0.0,0.001,0.0,0.0,0.0,1e-11,0.0,0.0,0.0,0.0,1e-11,0.001,0.0
24450913.0,4995000000.0,5000000.0,5.0,0.0,0.0487,0.0487,0.0487,0.0487,2.2307,0.60541,0.019407,0.60541,2.2307,0.00055371,0.019407,0.00055371,0.0,0.0,0.0,0.0,2.154e-10,0.0,0.0,0.0,2.154e-06,0.0,0.0,0.0,0.0,2.154e-06,2.154e-10,0.0
24457069.0,4995000000.0,5000000.0,5.0,0.0,0.0487,0.0487,0.0487,0.0487,21.428,0.032142,0.00021428,0.032142,21.428,3.0739e-06,0.00021428,3.0739e-06,0.0,0.0,0.0,0.0,0.001,0.0,0.0,0.0,1e-11,0.0,0.0,0.0,0.0,1e-11,0.001,0.0
24450226.0,4995000000.0,5000000.0,5.0,0.0,0.0487,0.0487,0.0487,0.0487,2.2307,0.60541,0.00021333,0.60541,2.2307,0.00055371,0.00021333,0.00055371,0.0,0.0,0.0,0.0,2.154e-10,0.0,0.0,0.0,1e-07,0.0,0.0,0.0,0.0,1e-07,2.154e-10,0.0
24457621.0,4995000000.0,5000000.0,5.0,0.0,0.0487,0.0487,0.0487,0.0487,21.428,0.032142,0.019598,0.032142,21.428,0.0,0.019598,0.0,0.0,0.0,0.0,0.0,1e-11,0.0,0.0,0.0,0.001,0.0,0.0,0.0,0.0,0.001,1e-11,0.0
24450271.0,4995000000.0,5000000.0,5.0,0.0,0.0487,0.0487,0.0487,0.0487,2.2307,0.60541,0.00021333,0.60541,2.2307,0.005267,0.00021333,0.005267,0.0,0.0,0.0,0.0,1e-11,0.0,0.0,0.0,0.001,0.0,0.0,0.0,0.0,0.001,1e-11,0.0
24456729.0,4995000000.0,5000000.0,5.0,0.0,0.0487,0.0487,0.0487,0.0487,21.428,0.032142,0.0,0.032142,21.428,3.0739e-06,0.0,3.0739e-06,0.0,0.0,0.0,0.0,0.001,0.0,0.0,0.0,1e-07,0.0,0.0,0.0,0.0,1e-07,0.001,0.0
24453273.0,4995000000.0,5000000.0,5.0,0.0,0.0487,0.0487,0.0487,0.0487,2.2307,2.2307,0.019407,2.2307,2.2307,0.00021333,0.019407,0.00021333,0.0,0.0,0.0,0.0,4.642e-09,0.0,0.0,0.0,4.642e-05,0.0,0.0,0.0,0.0,4.642e-05,4.642e-09,0.0
24456649.0,4995000000.0,5000000.0,5.0,0.0,0.0487,0.0487,0.0487,0.0487,21.428,0.032142,0.0,0.032142,21.428,3.2142e-07,0.0,3.2142e-07,0.0,0.0,0.0,0.0,4.642e-09,0.0,0.0,0.0,1e-11,0.0,0.0,0.0,0.0,1e-11,4.642e-09,0.0
24450894.0,4995000000.0,5000000.0,5.0,0.0,0.0487,0.0487,0.0487,0.0487,2.2307,0.60541,0.019407,0.60541,2.2307,5.7898e-05,0.019407,5.7898e-05,0.0,0.0,0.0,0.0,4.642e-05,0.0,0.0,0.0,0.001,0.0,0.0,0.0,0.0,0.001,4.642e-05,0.0
24457657.0,4995000000.0,5000000.0,5.0,0.0,0.0487,0.0487,0.0487,0.0487,21.428,0.032142,0.019598,0.032142,21.428,0.0,0.019598,0.0,0.0,0.0,0.0,0.0,0.001,0.0,0.0,0.0,1e-11,0.0,0.0,0.0,0.0,1e-11,0.001,0.0
24459209.0,4995000000.0,5000000.0,5.0,0.0,0.0487,0.0487,0.0487,0.0487,21.428,0.11571,0.0,0.11571,21.428,0.0010067,0.0,0.0010067,0.0,0.0,0.0,0.0,1e-07,0.0,0.0,0.0,4.642e-05,0.0,0.0,0.0,0.0,4.642e-05,1e-07,0.0
24456586.0,4995000000.0,5000000.0,5.0,0.0,0.0487,0.0487,0.0487,0.0487,21.428,0.032142,0.0,0.032142,21.428,0.0,0.0,0.0,0.0,0.0,0.0,0.0,1e-11,0.0,0.0,0.0,1e-11,0.0,0.0,0.0,0.0,1e-11,1e-11,0.0
24459734.0,4995000000.0,5000000.0,5.0,0.0,0.0487,0.0487,0.0487,0.0487,21.428,0.11571,0.0020493,0.11571,21.428,1.1571e-06,0.0020493,1.1571e-06,0.0,0.0,0.0,0.0,2.154e-10,0.0,0.0,0.0,4.642e-05,0.0,0.0,0.0,0.0,4.642e-05,2.154e-10,0.0
24457489.0,4995000000.0,5000000.0,5.0,0.0,0.0487,0.0487,0.0487,0.0487,21.428,0.032142,0.0020493,0.032142,21.428,0.00027964,0.0020493,0.00027964,0.0,0.0,0.0,0.0,1e-07,0.0,0.0,0.0,1e-11,0.0,0.0,0.0,0.0,1e-11,1e-07,0.0
24451902.0,4995000000.0,5000000.0,5.0,0.0,0.0487,0.0487,0.0487,0.0487,2.2307,2.2307,0.0,2.2307,2.2307,0.00021333,0.0,0.00021333,0.0,0.0,0.0,0.0,4.642e-09,0.0,0.0,0.0,0.001,0.0,0.0,0.0,0.0,0.001,4.642e-09,0.0
24457685.0,4995000000.0,5000000.0,5.0,0.0,0.0487,0.0487,0.0487,0.0487,21.428,0.032142,0.019598,0.032142,21.428,3.2142e-07,0.019598,3.2142e-07,0.0,0.0,0.0,0.0,1e-07,0.0,0.0,0.0,1e-11,0.0,0.0,0.0,0.0,1e-11,1e-07,0.0
24459900.0,4995000000.0,5000000.0,5.0,0.0,0.0487,0.0487,0.0487,0.0487,21.428,0.11571,0.0020493,0.11571,21.428,0.0010067,0.0020493,0.0010067,0.0,0.0,0.0,0.0,2.154e-06,0.0,0.0,0.0,1e-07,0.0,0.0,0.0,0.0,1e-07,2.154e-06,0.0
24450936.0,4995000000.0,5000000.0,5.0,0.0,0.0487,0.0487,0.0487,0.0487,2.2307,0.60541,0.019407,0.60541,2.2307,0.00055371,0.019407,0.00055371,0.0,0.0,0.0,0.0,2.154e-06,0.0,0.0,0.0,0.001,0.0,0.0,0.0,0.0,0.001,2.154e-06,0.0
24452916.0,4995000000.0,5000000.0,5.0,0.0,0.0487,0.0487,0.0487,0.0487,2.2307,2.2307,0.0020402,2.2307,2.2307,0.00021333,0.0020402,0.00021333,0.0,0.0,0.0,0.0,1e-11,0.0,0.0,0.0,4.642e-05,0.0,0.0,0.0,0.0,4.642e-05,1e-11,0.0
24456716.0,4995000000.0,5000000.0,5.0,0.0,0.0487,0.0487,0.0487,0.0487,21.428,0.032142,0.0,0.032142,21.428,3.0739e-06,0.0,3.0739e-06,0.0,0.0,0.0,0.0,2.154e-06,0.0,0.0,0.0,2.154e-06,0.0,0.0,0.0,0.0,2.154e-06,2.154e-06,0.0
24459619.0,4995000000.0,5000000.0,5.0,0.0,0.0487,0.0487,0.0487,0.0487,21.428,0.11571,0.00021428,0.11571,21.428,0.009685,0.00021428,0.009685,0.0,0.0,0.0,0.0,0.001,0.0,0.0,0.0,4.642e-09,0.0,0.0,0.0,0.0,4.642e-09,0.001,0.0
24450758.0,4995000000.0,5000000.0,5.0,0.0,0.0487,0.0487,0.0487,0.0487,2.2307,0.60541,0.019407,0.60541,2.2307,0.0,0.019407,0.0,0.0,0.0,0.0,0.0,1e-11,0.0,0.0,0.0,1e-07,0.0,0.0,0.0,0.0,1e-07,1e-11,0.0
24456771.0,4995000000.0,5000000.0,5.0,0.0,0.0487,0.0487,0.0487,0.0487,21.428,0.032142,0.0,0.032142,21.428,2.9397e-05,0.0,2.9397e-05,0.0,0.0,0.0,0.0,4.642e-05,0.0,0.0,0.0,1e-07,0.0,0.0,0.0,0.0,1e-07,4.642e-05,0.0
24452979.0,4995000000.0,5000000.0,5.0,0.0,0.0487,0.0487,0.0487,0.0487,2.2307,2.2307,0.0020402,2.2307,2.2307,0.0020402,0.0020402,0.0020402,0.0,0.0,0.0,0.0,4.642e-09,0.0,0.0,0.0,4.642e-05,0.0,0.0,0.0,0.0,4.642e-05,4.642e-09,0.0
24456889.0,4995000000.0,5000000.0,5.0,0.0,0.0487,0.0487,0.0487,0.0487,21.428,0.032142,0.0,0.032142,21.428,0.025714,0.0,0.025714,0.0,0.0,0.0,0.0,2.154e-10,0.0,0.0,0.0,4.642e-09,0.0,0.0,0.0,0.0,4.642e-09,2.154e-10,0.0
24453386.0,4995000000.0,5000000.0,5.0,0.0,0.0487,0.0487,0.0487,0.0487,2.2307,2.2307,0.019407,2.2307,2.2307,0.019407,0.019407,0.019407,0.0,0.0,0.0,0.0,2.154e-06,0.0,0.0,0.0,0.001,0.0,0.0,0.0,0.0,0.001,2.154e-06,0.0
24450186.0,4995000000.0,5000000.0,5.0,0.0,0.0487,0.0487,0.0487,0.0487,2.2307,0.60541,0.00021333,0.60541,2.2307,5.7898e-05,0.00021333,5.7898e-05,0.0,0.0,0.0,0.0,4.642e-09,0.0,0.0,0.0,4.642e-05,0.0,0.0,0.0,0.0,4.642e-05,4.642e-09,0.0
24456896.0,4995000000.0,5000000.0,5.0,0.0,0.0487,0.0487,0.0487,0.0487,21.428,0.032142,0.0,0.032142,21.428,0.025714,0.0,0.025714,0.0,0.0,0.0,0.0,4.642e-09,0.0,0.0,0.0,4.642e-09,0.0,0.0,0.0,0.0,4.642e-09,4.642e-09,0.0
24459258.0,4995000000.0,5000000.0,5.0,0.0,0.0487,0.0487,0.0487,0.0487,21.428,0.11571,0.0,0.11571,21.428,0.009685,0.0,0.009685,0.0,0.0,0.0,0.0,1e-07,0.0,0.0,0.0,4.642e-05,0.0,0.0,0.0,0.0,4.642e-05,1e-07,0.0
24457828.0,4995000000.0,5000000.0,5.0,0.0,0.0487,0.0487,0.0487,0.0487,21.428,0.032142,0.019598,0.032142,21.428,0.00027964,0.019598,0.00027964,0.0,0.0,0.0,0.0,4.642e-09,0.0,0.0,0.0,1e-07,0.0,0.0,0.0,0.0,1e-07,4.642e-09,0.0
24459270.0,4995000000.0,5000000.0,5.0,0.0,0.0487,0.0487,0.0487,0.0487,21.428,0.11571,0.0,0.11571,21.428,0.009685,0.0,0.009685,0.0,0.0,0.0,0.0,4.642e-05,0.0,0.0,0.0,1e-07,0.0,0.0,0.0,0.0,1e-07,4.642e-05,0.0
24457132.0,4995000000.0,5000000.0,5.0,0.0,0.0487,0.0487,0.0487,0.0487,21.428,0.032142,0.00021428,0.032142,21.428,0.00027964,0.00021428,0.00027964,0.0,0.0,0.0,0.0,2.154e-10,0.0,0.0,0.0,1e-11,0.0,0.0,0.0,0.0,1e-11,2.154e-10,0.0
24457263.0,4995000000.0,5000000.0,5.0,0.0,0.0487,0.0487,0.0487,0.0487,21.428,0.032142,0.00021428,0.032142,21.428,0.025714,0.00021428,0.025714,0.0,0.0,0.0,0.0,4.642e-05,0.0,0.0,0.0,4.642e-05,0.0,0.0,0.0,0.0,4.642e-05,4.642e-05,0.0
24457186.0,4995000000.0,5000000.0,5.0,0.0,0.0487,0.0487,0.0487,0.0487,21.428,0.032142,0.00021428,0.032142,21.428,0.0026903,0.00021428,0.0026903,0.0,0.0,0.0,0.0,2.154e-10,0.0,0.0,0.0,4.642e-05,0.0,0.0,0.0,0.0,4.642e-05,2.154e-10,0.0
24450992.0,4995000000.0,5000000.0,5.0,0.0,0.0487,0.0487,0.0487,0.0487,2.2307,0.60541,0.019407,0.60541,2.2307,0.005267,0.019407,0.005267,0.0,0.0,0.0,0.0,4.642e-05,0.0,0.0,0.0,0.001,0.0,0.0,0.0,0.0,0.001,4.642e-05,0.0
24456988.0,4995000000.0,5000000.0,5.0,0.0,0.0487,0.0487,0.0487,0.0487,21.428,0.032142,0.00021428,0.032142,21.428,3.2142e-07,0.00021428,3.2142e-07,0.0,0.0,0.0,0.0,2.154e-10,0.0,0.0,0.0,1e-07,0.0,0.0,0.0,0.0,1e-07,2.154e-10,0.0
24450129.0,4995000000.0,5000000.0,5.0,0.0,0.0487,0.0487,0.0487,0.0487,2.2307,0.60541,0.00021333,0.60541,2.2307,6.0541e-06,0.00021333,6.0541e-06,0.0,0.0,0.0,0.0,2.154e-10,0.0,0.0,0.0,2.154e-06,0.0,0.0,0.0,0.0,2.154e-06,2.154e-10,0.0
24450920.0,4995000000.0,5000000.0,5.0,0.0,0.0487,0.0487,0.0487,0.0487,2.2307,0.60541,0.019407,0.60541,2.2307,0.00055371,0.019407,0.00055371,0.0,0.0,0.0,0.0,4.642e-09,0.0,0.0,0.0,2.154e-06,0.0,0.0,0.0,0.0,2.154e-06,4.642e-09,0.0
24451978.0,4995000000.0,5000000.0,5.0,0.0,0.0487,0.0487,0.0487,0.0487,2.2307,2.2307,0.0,2.2307,2.2307,0.0020402,0.0,0.0020402,0.0,0.0,0.0,0.0,0.001,0.0,0.0,0.0,4.642e-05,0.0,0.0,0.0,0.0,4.642e-05,0.001,0.0
24459440.0,4995000000.0,5000000.0,5.0,0.0,0.0487,0.0487,0.0487,0.0487,21.428,0.11571,0.00021428,0.11571,21.428,1.1066e-05,0.00021428,1.1066e-05,0.0,0.0,0.0,0.0,2.154e-10,0.0,0.0,0.0,4.642e-05,0.0,0.0,0.0,0.0,4.642e-05,2.154e-10,0.0
24457322.0,4995000000.0,5000000.0,5.0,0.0,0.0487,0.0487,0.0487,0.0487,21.428,0.032142,0.0020493,0.032142,21.428,3.2142e-07,0.0020493,3.2142e-07,0.0,0.0,0.0,0.0,1e-11,0.0,0.0,0.0,2.154e-10,0.0,0.0,0.0,0.0,2.154e-10,1e-11,0.0
24459523.0,4995000000.0,5000000.0,5.0,0.0,0.0487,0.0487,0.0487,0.0487,21.428,0.11571,0.00021428,0.11571,21.428,0.00010583,0.00021428,0.00010583,0.0,0.0,0.0,0.0,0.001,0.0,0.0,0.0,2.154e-06,0.0,0.0,0.0,0.0,2.154e-06,0.001,0.0
24459406.0,4995000000.0,5000000.0,5.0,0.0,0.0487,0.0487,0.0487,0.0487,21.428,0.11571,0.00021428,0.11571,21.428,1.1571e-06,0.00021428,1.1571e-06,0.0,0.0,0.0,0.0,1e-07,0.0,0.0,0.0,0.001,0.0,0.0,0.0,0.0,0.001,1e-07,0.0
24457578.0,4995000000.0,5000000.0,5.0,0.0,0.0487,0.0487,0.0487,0.0487,21.428,0.032142,0.0020493,0.032142,21.428,0.025714,0.0020493,0.025714,0.0,0.0,0.0,0.0,2.154e-10,0.0,0.0,0.0,4.642e-05,0.0,0.0,0.0,0.0,4.642e-05,2.154e-10,0.0
24459495.0,4995000000.0,5000000.0,5.0,0.0,0.0487,0.0487,0.0487,0.0487,21.428,0.11571,0.00021428,0.11571,21.428,0.00010583,0.00021428,0.00010583,0.0,0.0,0.0,0.0,4.642e-09,0.0,0.0,0.0,2.154e-06,0.0,0.0,0.0,0.0,2.154e-06,4.642e-09,0.0
24459488.0,4995000000.0,5000000.0,5.0,0.0,0.0487,0.0487,0.0487,0.0487,21.428,0.11571,0.00021428,0.11571,21.428,0.00010583,0.00021428,0.00010583,0.0,0.0,0.0,0.0,2.154e-10,0.0,0.0,0.0,2.154e-06,0.0,0.0,0.0,0.0,2.154e-06,2.154e-10,0.0
24457389.0,4995000000.0,5000000.0,5.0,0.0,0.0487,0.0487,0.0487,0.0487,21.428,0.032142,0.0020493,0.032142,21.428,3.0739e-06,0.0020493,3.0739e-06,0.0,0.0,0.0,0.0,4.642e-09,0.0,0.0,0.0,4.642e-05,0.0,0.0,0.0,0.0,4.642e-05,4.642e-09,0.0
24456646.0,4995000000.0,5000000.0,5.0,0.0,0.0487,0.0487,0.0487,0.0487,21.428,0.032142,0.0,0.032142,21.428,3.2142e-07,0.0,3.2142e-07,0.0,0.0,0.0,0.0,2.154e-10,0.0,0.0,0.0,2.154e-06,0.0,0.0,0.0,0.0,2.154e-06,2.154e-10,0.0
24457230.0,4995000000.0,5000000.0,5.0,0.0,0.0487,0.0487,0.0487,0.0487,21.428,0.032142,0.00021428,0.032142,21.428,0.025714,0.00021428,0.025714,0.0,0.0,0.0,0.0,2.154e-10,0.0,0.0,0.0,1e-11,0.0,0.0,0.0,0.0,1e-11,2.154e-10,0.0
24457681.0,4995000000.0,5000000.0,5.0,0.0,0.0487,0.0487,0.0487,0.0487,21.428,0.032142,0.019598,0.032142,21.428,3.2142e-07,0.019598,3.2142e-07,0.0,0.0,0.0,0.0,4.642e-09,0.0,0.0,0.0,1e-07,0.0,0.0,0.0,0.0,1e-07,4.642e-09,0.0
24456622.0,4995000000.0,5000000.0,5.0,0.0,0.0487,0.0487,0.0487,0.0487,21.428,0.032142,0.0,0.032142,21.428,0.0,0.0,0.0,0.0,0.0,0.0,0.0,4.642e-05,0.0,0.0,0.0,2.154e-10,0.0,0.0,0.0,0.0,2.154e-10,4.642e-05,0.0
24450985.0,4995000000.0,5000000.0,5.0,0.0,0.0487,0.0487,0.0487,0.0487,2.2307,0.60541,0.019407,0.60541,2.2307,0.005267,0.019407,0.005267,0.0,0.0,0.0,0.0,2.154e-06,0.0,0.0,0.0,0.001,0.0,0.0,0.0,0.0,0.001,2.154e-06,0.0
24457120.0,4995000000.0,5000000.0,5.0,0.0,0.0487,0.0487,0.0487,0.0487,21.428,0.032142,0.00021428,0.032142,21.428,2.9397e-05,0.00021428,2.9397e-05,0.0,0.0,0.0,0.0,0.001,0.0,0.0,0.0,4.642e-09,0.0,0.0,0.0,0.0,4.642e-09,0.001,0.0
24459363.0,4995000000.0,5000000.0,5.0,0.0,0.0487,0.0487,0.0487,0.0487,21.428,0.11571,0.00021428,0.11571,21.428,0.0,0.00021428,0.0,0.0,0.0,0.0,0.0,2.154e-06,0.0,0.0,0.0,4.642e-05,0.0,0.0,0.0,0.0,4.642e-05,2.154e-06,0.0
24456800.0,4995000000.0,5000000.0,5.0,0.0,0.0487,0.0487,0.0487,0.0487,21.428,0.032142,0.0,0.032142,21.428,0.00027964,0.0,0.00027964,0.0,0.0,0.0,0.0,4.642e-09,0.0,0.0,0.0,2.154e-06,0.0,0.0,0.0,0.0,2.154e-06,4.642e-09,0.0
24457825.0,4995000000.0,5000000.0,5.0,0.0,0.0487,0.0487,0.0487,0.0487,21.428,0.032142,0.019598,0.032142,21.428,0.00027964,0.019598,0.00027964,0.0,0.0,0.0,0.0,4.642e-09,0.0,0.0,0.0,1e-11,0.0,0.0,0.0,0.0,1e-11,4.642e-09,0.0
24457420.0,4995000000.0,5000000.0,5.0,0.0,0.0487,0.0487,0.0487,0.0487,21.428,0.032142,0.0020493,0.032142,21.428,2.9397e-05,0.0020493,2.9397e-05,0.0,0.0,0.0,0.0,1e-11,0.0,0.0,0.0,2.154e-10,0.0,0.0,0.0,0.0,2.154e-10,1e-11,0.0
24457637.0,4995000000.0,5000000.0,5.0,0.0,0.0487,0.0487,0.0487,0.0487,21.428,0.032142,0.019598,0.032142,21.428,0.0,0.019598,0.0,0.0,0.0,0.0,0.0,1e-07,0.0,0.0,0.0,2.154e-10,0.0,0.0,0.0,0.0,2.154e-10,1e-07,0.0
24457690.0,4995000000.0,5000000.0,5.0,0.0,0.0487,0.0487,0.0487,0.0487,21.428,0.032142,0.019598,0.032142,21.428,3.2142e-07,0.019598,3.2142e-07,0.0,0.0,0.0,0.0,1e-07,0.0,0.0,0.0,4.642e-05,0.0,0.0,0.0,0.0,4.642e-05,1e-07,0.0
24459720.0,4995000000.0,5000000.0,5.0,0.0,0.0487,0.0487,0.0487,0.0487,21.428,0.11571,0.0020493,0.11571,21.428,0.0,0.0020493,0.0,0.0,0.0,0.0,0.0,0.001,0.0,0.0,0.0,4.642e-05,0.0,0.0,0.0,0.0,4.642e-05,0.001,0.0
24453238.0,4995000000.0,5000000.0,5.0,0.0,0.0487,0.0487,0.0487,0.0487,2.2307,2.2307,0.019407,2.2307,2.2307,2.2307e-05,0.019407,2.2307e-05,0.0,0.0,0.0,0.0,2.154e-06,0.0,0.0,0.0,4.642e-05,0.0,0.0,0.0,0.0,4.642e-05,2.154e-06,0.0
24450162.0,4995000000.0,5000000.0,5.0,0.0,0.0487,0.0487,0.0487,0.0487,2.2307,0.60541,0.00021333,0.60541,2.2307,6.0541e-06,0.00021333,6.0541e-06,0.0,0.0,0.0,0.0,0.001,0.0,0.0,0.0,4.642e-09,0.0,0.0,0.0,0.0,4.642e-09,0.001,0.0
24452558.0,4995000000.0,5000000.0,5.0,0.0,0.0487,0.0487,0.0487,0.0487,2.2307,2.2307,0.00021333,2.2307,2.2307,2.2307e-05,0.00021333,2.2307e-05,0.0,0.0,0.0,0.0,4.642e-05,0.0,0.0,0.0,2.154e-06,0.0,0.0,0.0,0.0,2.154e-06,4.642e-05,0.0
24459480.0,4995000000.0,5000000.0,5.0,0.0,0.0487,0.0487,0.0487,0.0487,21.428,0.11571,0.00021428,0.11571,21.428,0.00010583,0.00021428,0.00010583,0.0,0.0,0.0,0.0,1e-11,0.0,0.0,0.0,1e-07,0.0,0.0,0.0,0.0,1e-07,1e-11,0.0
24450605.0,4995000000.0,5000000.0,5.0,0.0,0.0487,0.0487,0.0487,0.0487,2.2307,0.60541,0.0020402,0.60541,2.2307,0.00055371,0.0020402,0.00055371,0.0,0.0,0.0,0.0,0.001,0.0,0.0,0.0,2.154e-06,0.0,0.0,0.0,0.0,2.154e-06,0.001,0.0
24457586.0,4995000000.0,5000000.0,5.0,0.0,0.0487,0.0487,0.0487,0.0487,21.428,0.032142,0.0020493,0.032142,21.428,0.025714,0.0020493,0.025714,0.0,0.0,0.0,0.0,4.642e-09,0.0,0.0,0.0,0.001,0.0,0.0,0.0,0.0,0.001,4.642e-09,0.0
24457684.0,4995000000.0,5000000.0,5.0,0.0,0.0487,0.0487,0.0487,0.0487,21.428,0.032142,0.019598,0.032142,21.428,3.2142e-07,0.019598,3.2142e-07,0.0,0.0,0.0,0.0,4.642e-09,0.0,0.0,0.0,0.001,0.0,0.0,0.0,0.0,0.001,4.642e-09,0.0
24459903.0,4995000000.0,5000000.0,5.0,0.0,0.0487,0.0487,0.0487,0.0487,21.428,0.11571,0.0020493,0.11571,21.428,0.0010067,0.0020493,0.0010067,0.0,0.0,0.0,0.0,2.154e-06,0.0,0.0,0.0,0.001,0.0,0.0,0.0,0.0,0.001,2.154e-06,0.0
24459088.0,4995000000.0,5000000.0,5.0,0.0,0.0487,0.0487,0.0487,0.0487,21.428,0.11571,0.0,0.11571,21.428,1.1066e-05,0.0,1.1066e-05,0.0,0.0,0.0,0.0,1e-11,0.0,0.0,0.0,1e-07,0.0,0.0,0.0,0.0,1e-07,1e-11,0.0
24459453.0,4995000000.0,5000000.0,5.0,0.0,0.0487,0.0487,0.0487,0.0487,21.428,0.11571,0.00021428,0.11571,21.428,1.1066e-05,0.00021428,1.1066e-05,0.0,0.0,0.0,0.0,1e-07,0.0,0.0,0.0,2.154e-06,0.0,0.0,0.0,0.0,2.154e-06,1e-07,0.0
24456628.0,4995000000.0,5000000.0,5.0,0.0,0.0487,0.0487,0.0487,0.0487,21.428,0.032142,0.0,0.032142,21.428,0.0,0.0,0.0,0.0,0.0,0.0,0.0,0.001,0.0,0.0,0.0,1e-11,0.0,0.0,0.0,0.0,1e-11,0.001,0.0
24452215.0,4995000000.0,5000000.0,5.0,0.0,0.0487,0.0487,0.0487,0.0487,2.2307,2.2307,2.2307e-05,2.2307,2.2307,2.2307e-05,2.2307e-05,2.2307e-05,0.0,0.0,0.0,0.0,4.642e-05,0.0,0.0,0.0,2.154e-06,0.0,0.0,0.0,0.0,2.154e-06,4.642e-05,0.0
24450093.0,4995000000.0,5000000.0,5.0,0.0,0.0487,0.0487,0.0487,0.0487,2.2307,0.60541,0.00021333,0.60541,2.2307,0.0,0.00021333,0.0,0.0,0.0,0.0,0.0,1e-07,0.0,0.0,0.0,1e-07,0.0,0.0,0.0,0.0,1e-07,1e-07,0.0
24450180.0,4995000000.0,5000000.0,5.0,0.0,0.0487,0.0487,0.0487,0.0487,2.2307,0.60541,0.00021333,0.60541,2.2307,5.7898e-05,0.00021333,5.7898e-05,0.0,0.0,0.0,0.0,2.154e-10,0.0,0.0,0.0,0.001,0.0,0.0,0.0,0.0,0.001,2.154e-10,0.0
24457245.0,4995000000.0,5000000.0,5.0,0.0,0.0487,0.0487,0.0487,0.0487,21.428,0.032142,0.00021428,0.032142,21.428,0.025714,0.00021428,0.025714,0.0,0.0,0.0,0.0,1e-07,0.0,0.0,0.0,2.154e-10,0.0,0.0,0.0,0.0,2.154e-10,1e-07,0.0
24456798.0,4995000000.0,5000000.0,5.0,0.0,0.0487,0.0487,0.0487,0.0487,21.428,0.032142,0.0,0.032142,21.428,0.00027964,0.0,0.00027964,0.0,0.0,0.0,0.0,4.642e-09,0.0,0.0,0.0,4.642e-09,0.0,0.0,0.0,0.0,4.642e-09,4.642e-09,0.0
24456818.0,4995000000.0,5000000.0,5.0,0.0,0.0487,0.0487,0.0487,0.0487,21.428,0.032142,0.0,0.032142,21.428,0.00027964,0.0,0.00027964,0.0,0.0,0.0,0.0,4.642e-05,0.0,0.0,0.0,2.154e-10,0.0,0.0,0.0,0.0,2.154e-10,4.642e-05,0.0
24457306.0,4995000000.0,5000000.0,5.0,0.0,0.0487,0.0487,0.0487,0.0487,21.428,0.032142,0.0020493,0.032142,21.428,0.0,0.0020493,0.0,0.0,0.0,0.0,0.0,2.154e-06,0.0,0.0,0.0,0.001,0.0,0.0,0.0,0.0,0.001,2.154e-06,0.0
24459181.0,4995000000.0,5000000.0,5.0,0.0,0.0487,0.0487,0.0487,0.0487,21.428,0.11571,0.0,0.11571,21.428,0.00010583,0.0,0.00010583,0.0,0.0,0.0,0.0,0.001,0.0,0.0,0.0,4.642e-05,0.0,0.0,0.0,0.0,4.642e-05,0.001,0.0
24450493.0,4995000000.0,5000000.0,5.0,0.0,0.0487,0.0487,0.0487,0.0487,2.2307,0.60541,0.0020402,0.60541,2.2307,6.0541e-06,0.0020402,6.0541e-06,0.0,0.0,0.0,0.0,2.154e-06,0.0,0.0,0.0,2.154e-06,0.0,0.0,0.0,0.0,2.154e-06,2.154e-06,0.0
24457800.0,4995000000.0,5000000.0,5.0,0.0,0.0487,0.0487,0.0487,0.0487,21.428,0.032142,0.019598,0.032142,21.428,2.9397e-05,0.019598,2.9397e-05,0.0,0.0,0.0,0.0,4.642e-05,0.0,0.0,0.0,1e-07,0.0,0.0,0.0,0.0,1e-07,4.642e-05,0.0
24459231.0,4995000000.0,5000000.0,5.0,0.0,0.0487,0.0487,0.0487,0.0487,21.428,0.11571,0.0,0.11571,21.428,0.0010067,0.0,0.0010067,0.0,0.0,0.0,0.0,0.001,0.0,0.0,0.0,0.001,0.0,0.0,0.0,0.0,0.001,0.001,0.0
24457706.0,4995000000.0,5000000.0,5.0,0.0,0.0487,0.0487,0.0487,0.0487,21.428,0.032142,0.019598,0.032142,21.428,3.2142e-07,0.019598,3.2142e-07,0.0,0.0,0.0,0.0,0.001,0.0,0.0,0.0,1e-11,0.0,0.0,0.0,0.0,1e-11,0.001,0.0
24457391.0,4995000000.0,5000000.0,5.0,0.0,0.0487,0.0487,0.0487,0.0487,21.428,0.032142,0.0020493,0.032142,21.428,3.0739e-06,0.0020493,3.0739e-06,0.0,0.0,0.0,0.0,1e-07,0.0,0.0,0.0,1e-11,0.0,0.0,0.0,0.0,1e-11,1e-07,0.0
24450152.0,4995000000.0,5000000.0,5.0,0.0,0.0487,0.0487,0.0487,0.0487,2.2307,0.60541,0.00021333,0.60541,2.2307,6.0541e-06,0.00021333,6.0541e-06,0.0,0.0,0.0,0.0,2.154e-06,0.0,0.0,0.0,0.001,0.0,0.0,0.0,0.0,0.001,2.154e-06,0.0
24457070.0,4995000000.0,5000000.0,5.0,0.0,0.0487,0.0487,0.0487,0.0487,21.428,0.032142,0.00021428,0.032142,21.428,3.0739e-06,0.00021428,3.0739e-06,0.0,0.0,0.0,0.0,0.001,0.0,0.0,0.0,2.154e-10,0.0,0.0,0.0,0.0,2.154e-10,0.001,0.0
24457847.0,4995000000.0,5000000.0,5.0,0.0,0.0487,0.0487,0.0487,0.0487,21.428,0.032142,0.019598,0.032142,21.428,0.00027964,0.019598,0.00027964,0.0,0.0,0.0,0.0,4.642e-05,0.0,0.0,0.0,2.154e-10,0.0,0.0,0.0,0.0,2.154e-10,4.642e-05,0.0
24450765.0,4995000000.0,5000000.0,5.0,0.0,0.0487,0.0487,0.0487,0.0487,2.2307,0.60541,0.019407,0.60541,2.2307,0.0,0.019407,0.0,0.0,0.0,0.0,0.0,2.154e-10,0.0,0.0,0.0,1e-07,0.0,0.0,0.0,0.0,1e-07,2.154e-10,0.0
24456958.0,4995000000.0,5000000.0,5.0,0.0,0.0487,0.0487,0.0487,0.0487,21.428,0.032142,0.00021428,0.032142,21.428,0.0,0.00021428,0.0,0.0,0.0,0.0,0.0,2.154e-06,0.0,0.0,0.0,2.154e-10,0.0,0.0,0.0,0.0,2.154e-10,2.154e-06,0.0
24450250.0,4995000000.0,5000000.0,5.0,0.0,0.0487,0.0487,0.0487,0.0487,2.2307,0.60541,0.00021333,0.60541,2.2307,0.00055371,0.00021333,0.00055371,0.0,0.0,0.0,0.0,2.154e-06,0.0,0.0,0.0,0.001,0.0,0.0,0.0,0.0,0.001,2.154e-06,0.0
24459188.0,4995000000.0,5000000.0,5.0,0.0,0.0487,0.0487,0.0487,0.0487,21.428,0.11571,0.0,0.11571,21.428,0.0010067,0.0,0.0010067,0.0,0.0,0.0,0.0,1e-11,0.0,0.0,0.0,4.642e-05,0.0,0.0,0.0,0.0,4.642e-05,1e-11,0.0
24450473.0,4995000000.0,5000000.0,5.0,0.0,0.0487,0.0487,0.0487,0.0487,2.2307,0.60541,0.0020402,0.60541,2.2307,6.0541e-06,0.0020402,6.0541e-06,0.0,0.0,0.0,0.0,2.154e-10,0.0,0.0,0.0,4.642e-05,0.0,0.0,0.0,0.0,4.642e-05,2.154e-10,0.0
24450583.0,4995000000.0,5000000.0,5.0,0.0,0.0487,0.0487,0.0487,0.0487,2.2307,0.60541,0.0020402,0.60541,2.2307,0.00055371,0.0020402,0.00055371,0.0,0.0,0.0,0.0,1e-07,0.0,0.0,0.0,1e-07,0.0,0.0,0.0,0.0,1e-07,1e-07,0.0
24457534.0,4995000000.0,5000000.0,5.0,0.0,0.0487,0.0487,0.0487,0.0487,21.428,0.032142,0.0020493,0.032142,21.428,0.0026903,0.0020493,0.0026903,0.0,0.0,0.0,0.0,4.642e-09,0.0,0.0,0.0,1e-07,0.0,0.0,0.0,0.0,1e-07,4.642e-09,0.0
24456637.0,4995000000.0,5000000.0,5.0,0.0,0.0487,0.0487,0.0487,0.0487,21.428,0.032142,0.0,0.032142,21.428,3.2142e-07,0.0,3.2142e-07,0.0,0.0,0.0,0.0,1e-11,0.0,0.0,0.0,4.642e-09,0.0,0.0,0.0,0.0,4.642e-09,1e-11,0.0
24453021.0,4995000000.0,5000000.0,5.0,0.0,0.0487,0.0487,0.0487,0.0487,2.2307,2.2307,0.0020402,2.2307,2.2307,0.019407,0.0020402,0.019407,0.0,0.0,0.0,0.0,2.154e-10,0.0,0.0,0.0,4.642e-05,0.0,0.0,0.0,0.0,4.642e-05,2.154e-10,0.0
24457018.0,4995000000.0,5000000.0,5.0,0.0,0.0487,0.0487,0.0487,0.0487,21.428,0.032142,0.00021428,0.032142,21.428,3.2142e-07,0.00021428,3.2142e-07,0.0,0.0,0.0,0.0,4.642e-05,0.0,0.0,0.0,4.642e-05,0.0,0.0,0.0,0.0,4.642e-05,4.642e-05,0.0
24459511.0,4995000000.0,5000000.0,5.0,0.0,0.0487,0.0487,0.0487,0.0487,21.428,0.11571,0.00021428,0.11571,21.428,0.00010583,0.00021428,0.00010583,0.0,0.0,0.0,0.0,2.154e-06,0.0,0.0,0.0,0.001,0.0,0.0,0.0,0.0,0.001,2.154e-06,0.0
24457425.0,4995000000.0,5000000.0,5.0,0.0,0.0487,0.0487,0.0487,0.0487,21.428,0.032142,0.0020493,0.032142,21.428,2.9397e-05,0.0020493,2.9397e-05,0.0,0.0,0.0,0.0,1e-11,0.0,0.0,0.0,0.001,0.0,0.0,0.0,0.0,0.001,1e-11,0.0
24450856.0,4995000000.0,5000000.0,5.0,0.0,0.0487,0.0487,0.0487,0.0487,2.2307,0.60541,0.019407,0.60541,2.2307,5.7898e-05,0.019407,5.7898e-05,0.0,0.0,0.0,0.0,1e-11,0.0,0.0,0.0,1e-07,0.0,0.0,0.0,0.0,1e-07,1e-11,0.0
24450927.0,4995000000.0,5000000.0,5.0,0.0,0.0487,0.0487,0.0487,0.0487,2.2307,0.60541,0.019407,0.60541,2.2307,0.00055371,0.019407,0.00055371,0.0,0.0,0.0,0.0,1e-07,0.0,0.0,0.0,2.154e-06,0.0,0.0,0.0,0.0,2.154e-06,1e-07,0.0
24457282.0,4995000000.0,5000000.0,5.0,0.0,0.0487,0.0487,0.0487,0.0487,21.428,0.032142,0.0020493,0.032142,21.428,0.0,0.0020493,0.0,0.0,0.0,0.0,0.0,2.154e-10,0.0,0.0,0.0,1e-07,0.0,0.0,0.0,0.0,1e-07,2.154e-10,0.0
24459614.0,4995000000.0,5000000.0,5.0,0.0,0.0487,0.0487,0.0487,0.0487,21.428,0.11571,0.00021428,0.11571,21.428,0.009685,0.00021428,0.009685,0.0,0.0,0.0,0.0,4.642e-05,0.0,0.0,0.0,2.154e-06,0.0,0.0,0.0,0.0,2.154e-06,4.642e-05,0.0
24459166.0,4995000000.0,5000000.0,5.0,0.0,0.0487,0.0487,0.0487,0.0487,21.428,0.11571,0.0,0.11571,21.428,0.00010583,0.0,0.00010583,0.0,0.0,0.0,0.0,2.154e-06,0.0,0.0,0.0,2.154e-06,0.0,0.0,0.0,0.0,2.154e-06,2.154e-06,0.0
24453008.0,4995000000.0,5000000.0,5.0,0.0,0.0487,0.0487,0.0487,0.0487,2.2307,2.2307,0.0020402,2.2307,2.2307,0.0020402,0.0020402,0.0020402,0.0,0.0,0.0,0.0,0.001,0.0,0.0,0.0,0.001,0.0,0.0,0.0,0.0,0.001,0.001,0.0
24457795.0,4995000000.0,5000000.0,5.0,0.0,0.0487,0.0487,0.0487,0.0487,21.428,0.032142,0.019598,0.032142,21.428,2.9397e-05,0.019598,2.9397e-05,0.0,0.0,0.0,0.0,2.154e-06,0.0,0.0,0.0,4.642e-05,0.0,0.0,0.0,0.0,4.642e-05,2.154e-06,0.0
24457642.0,4995000000.0,5000000.0,5.0,0.0,0.0487,0.0487,0.0487,0.0487,21.428,0.032142,0.019598,0.032142,21.428,0.0,0.019598,0.0,0.0,0.0,0.0,0.0,1e-07,0.0,0.0,0.0,0.001,0.0,0.0,0.0,0.0,0.001,1e-07,0.0
24453315.0,4995000000.0,5000000.0,5.0,0.0,0.0487,0.0487,0.0487,0.0487,2.2307,2.2307,0.019407,2.2307,2.2307,0.0020402,0.019407,0.0020402,0.0,0.0,0.0,0.0,2.154e-10,0.0,0.0,0.0,4.642e-05,0.0,0.0,0.0,0.0,4.642e-05,2.154e-10,0.0
24459353.0,4995000000.0,5000000.0,5.0,0.0,0.0487,0.0487,0.0487,0.0487,21.428,0.11571,0.00021428,0.11571,21.428,0.0,0.00021428,0.0,0.0,0.0,0.0,0.0,1e-07,0.0,0.0,0.0,4.642e-09,0.0,0.0,0.0,0.0,4.642e-09,1e-07,0.0
24457792.0,4995000000.0,5000000.0,5.0,0.0,0.0487,0.0487,0.0487,0.0487,21.428,0.032142,0.019598,0.032142,21.428,2.9397e-05,0.019598,2.9397e-05,0.0,0.0,0.0,0.0,2.154e-06,0.0,0.0,0.0,4.642e-09,0.0,0.0,0.0,0.0,4.642e-09,2.154e-06,0.0
24457839.0,4995000000.0,5000000.0,5.0,0.0,0.0487,0.0487,0.0487,0.0487,21.428,0.032142,0.019598,0.032142,21.428,0.00027964,0.019598,0.00027964,0.0,0.0,0.0,0.0,2.154e-06,0.0,0.0,0.0,1e-11,0.0,0.0,0.0,0.0,1e-11,2.154e-06,0.0
24457061.0,4995000000.0,5000000.0,5.0,0.0,0.0487,0.0487,0.0487,0.0487,21.428,0.032142,0.00021428,0.032142,21.428,3.0739e-06,0.00021428,3.0739e-06,0.0,0.0,0.0,0.0,2.154e-06,0.0,0.0,0.0,0.001,0.0,0.0,0.0,0.0,0.001,2.154e-06,0.0
24450234.0,4995000000.0,5000000.0,5.0,0.0,0.0487,0.0487,0.0487,0.0487,2.2307,0.60541,0.00021333,0.60541,2.2307,0.00055371,0.00021333,0.00055371,0.0,0.0,0.0,0.0,4.642e-09,0.0,0.0,0.0,2.154e-06,0.0,0.0,0.0,0.0,2.154e-06,4.642e-09,0.0
24452320.0,4995000000.0,5000000.0,5.0,0.0,0.0487,0.0487,0.0487,0.0487,2.2307,2.2307,2.2307e-05,2.2307,2.2307,0.0020402,2.2307e-05,0.0020402,0.0,0.0,0.0,0.0,0.001,0.0,0.0,0.0,2.154e-06,0.0,0.0,0.0,0.0,2.154e-06,0.001,0.0
24459950.0,4995000000.0,5000000.0,5.0,0.0,0.0487,0.0487,0.0487,0.0487,21.428,0.11571,0.0020493,0.11571,21.428,0.009685,0.0020493,0.009685,0.0,0.0,0.0,0.0,2.154e-06,0.0,0.0,0.0,2.154e-06,0.0,0.0,0.0,0.0,2.154e-06,2.154e-06,0.0
24457722.0,4995000000.0,5000000.0,5.0,0.0,0.0487,0.0487,0.0487,0.0487,21.428,0.032142,0.019598,0.032142,21.428,3.0739e-06,0.019598,3.0739e-06,0.0,0.0,0.0,0.0,2.154e-10,0.0,0.0,0.0,4.642e-09,0.0,0.0,0.0,0.0,4.642e-09,2.154e-10,0.0
24450760.0,4995000000.0,5000000.0,5.0,0.0,0.0487,0.0487,0.0487,0.0487,2.2307,0.60541,0.019407,0.60541,2.2307,0.0,0.019407,0.0,0.0,0.0,0.0,0.0,1e-11,0.0,0.0,0.0,4.642e-05,0.0,0.0,0.0,0.0,4.642e-05,1e-11,0.0
24457173.0,4995000000.0,5000000.0,5.0,0.0,0.0487,0.0487,0.0487,0.0487,21.428,0.032142,0.00021428,0.032142,21.428,0.00027964,0.00021428,0.00027964,0.0,0.0,0.0,0.0,0.001,0.0,0.0,0.0,0.001,0.0,0.0,0.0,0.0,0.001,0.001,0.0
24452350.0,4995000000.0,5000000.0,5.0,0.0,0.0487,0.0487,0.0487,0.0487,2.2307,2.2307,2.2307e-05,2.2307,2.2307,0.019407,2.2307e-05,0.019407,0.0,0.0,0.0,0.0,1e-07,0.0,0.0,0.0,0.001,0.0,0.0,0.0,0.0,0.001,1e-07,0.0
24452370.0,4995000000.0,5000000.0,5.0,0.0,0.0487,0.0487,0.0487,0.0487,2.2307,2.2307,2.2307e-05,2.2307,2.2307,0.019407,2.2307e-05,0.019407,0.0,0.0,0.0,0.0,0.001,0.0,0.0,0.0,4.642e-05,0.0,0.0,0.0,0.0,4.642e-05,0.001,0.0
24456727.0,4995000000.0,5000000.0,5.0,0.0,0.0487,0.0487,0.0487,0.0487,21.428,0.032142,0.0,0.032142,21.428,3.0739e-06,0.0,3.0739e-06,0.0,0.0,0.0,0.0,0.001,0.0,0.0,0.0,2.154e-10,0.0,0.0,0.0,0.0,2.154e-10,0.001,0.0
24456876.0,4995000000.0,5000000.0,5.0,0.0,0.0487,0.0487,0.0487,0.0487,21.428,0.032142,0.0,0.032142,21.428,0.0026903,0.0,0.0026903,0.0,0.0,0.0,0.0,0.001,0.0,0.0,0.0,1e-07,0.0,0.0,0.0,0.0,1e-07,0.001,0.0
24457514.0,4995000000.0,5000000.0,5.0,0.0,0.0487,0.0487,0.0487,0.0487,21.428,0.032142,0.0020493,0.032142,21.428,0.00027964,0.0020493,0.00027964,0.0,0.0,0.0,0.0,0.001,0.0,0.0,0.0,2.154e-06,0.0,0.0,0.0,0.0,2.154e-06,0.001,0.0
24450620.0,4995000000.0,5000000.0,5.0,0.0,0.0487,0.0487,0.0487,0.0487,2.2307,0.60541,0.0020402,0.60541,2.2307,0.005267,0.0020402,0.005267,0.0,0.0,0.0,0.0,2.154e-10,0.0,0.0,0.0,4.642e-05,0.0,0.0,0.0,0.0,4.642e-05,2.154e-10,0.0
24450912.0,4995000000.0,5000000.0,5.0,0.0,0.0487,0.0487,0.0487,0.0487,2.2307,0.60541,0.019407,0.60541,2.2307,0.00055371,0.019407,0.00055371,0.0,0.0,0.0,0.0,2.154e-10,0.0,0.0,0.0,1e-07,0.0,0.0,0.0,0.0,1e-07,2.154e-10,0.0
24459034.0,4995000000.0,5000000.0,5.0,0.0,0.0487,0.0487,0.0487,0.0487,21.428,0.11571,0.0,0.11571,21.428,0.0,0.0,0.0,0.0,0.0,0.0,0.0,0.001,0.0,0.0,0.0,4.642e-05,0.0,0.0,0.0,0.0,4.642e-05,0.001,0.0
24459180.0,4995000000.0,5000000.0,5.0,0.0,0.0487,0.0487,0.0487,0.0487,21.428,0.11571,0.0,0.11571,21.428,0.00010583,0.0,0.00010583,0.0,0.0,0.0,0.0,0.001,0.0,0.0,0.0,2.154e-06,0.0,0.0,0.0,0.0,2.154e-06,0.001,0.0
24456784.0,4995000000.0,5000000.0,5.0,0.0,0.0487,0.0487,0.0487,0.0487,21.428,0.032142,0.0,0.032142,21.428,0.00027964,0.0,0.00027964,0.0,0.0,0.0,0.0,1e-11,0.0,0.0,0.0,4.642e-09,0.0,0.0,0.0,0.0,4.642e-09,1e-11,0.0
24452679.0,4995000000.0,5000000.0,5.0,0.0,0.0487,0.0487,0.0487,0.0487,2.2307,2.2307,0.00021333,2.2307,2.2307,0.019407,0.00021333,0.019407,0.0,0.0,0.0,0.0,2.154e-10,0.0,0.0,0.0,0.001,0.0,0.0,0.0,0.0,0.001,2.154e-10,0.0
24457539.0,4995000000.0,5000000.0,5.0,0.0,0.0487,0.0487,0.0487,0.0487,21.428,0.032142,0.0020493,0.032142,21.428,0.0026903,0.0020493,0.0026903,0.0,0.0,0.0,0.0,1e-07,0.0,0.0,0.0,2.154e-10,0.0,0.0,0.0,0.0,2.154e-10,1e-07,0.0
24450585.0,4995000000.0,5000000.0,5.0,0.0,0.0487,0.0487,0.0487,0.0487,2.2307,0.60541,0.0020402,0.60541,2.2307,0.00055371,0.0020402,0.00055371,0.0,0.0,0.0,0.0,1e-07,0.0,0.0,0.0,4.642e-05,0.0,0.0,0.0,0.0,4.642e-05,1e-07,0.0
24459014.0,4995000000.0,5000000.0,5.0,0.0,0.0487,0.0487,0.0487,0.0487,21.428,0.11571,0.0,0.11571,21.428,0.0,0.0,0.0,0.0,0.0,0.0,0.0,1e-07,0.0,0.0,0.0,0.001,0.0,0.0,0.0,0.0,0.001,1e-07,0.0
24457311.0,4995000000.0,5000000.0,5.0,0.0,0.0487,0.0487,0.0487,0.0487,21.428,0.032142,0.0020493,0.032142,21.428,0.0,0.0020493,0.0,0.0,0.0,0.0,0.0,4.642e-05,0.0,0.0,0.0,2.154e-06,0.0,0.0,0.0,0.0,2.154e-06,4.642e-05,0.0
24453364.0,4995000000.0,5000000.0,5.0,0.0,0.0487,0.0487,0.0487,0.0487,2.2307,2.2307,0.019407,2.2307,2.2307,0.019407,0.019407,0.019407,0.0,0.0,0.0,0.0,2.154e-10,0.0,0.0,0.0,4.642e-05,0.0,0.0,0.0,0.0,4.642e-05,2.154e-10,0.0
24450214.0,4995000000.0,5000000.0,5.0,0.0,0.0487,0.0487,0.0487,0.0487,2.2307,0.60541,0.00021333,0.60541,2.2307,5.7898e-05,0.00021333,5.7898e-05,0.0,0.0,0.0,0.0,0.001,0.0,0.0,0.0,4.642e-05,0.0,0.0,0.0,0.0,4.642e-05,0.001,0.0
24450611.0,4995000000.0,5000000.0,5.0,0.0,0.0487,0.0487,0.0487,0.0487,2.2307,0.60541,0.0020402,0.60541,2.2307,0.005267,0.0020402,0.005267,0.0,0.0,0.0,0.0,1e-11,0.0,0.0,0.0,1e-07,0.0,0.0,0.0,0.0,1e-07,1e-11,0.0
24457428.0,4995000000.0,5000000.0,5.0,0.0,0.0487,0.0487,0.0487,0.0487,21.428,0.032142,0.0020493,0.032142,21.428,2.9397e-05,0.0020493,2.9397e-05,0.0,0.0,0.0,0.0,2.154e-10,0.0,0.0,0.0,4.642e-09,0.0,0.0,0.0,0.0,4.642e-09,2.154e-10,0.0
24457307.0,4995000000.0,5000000.0,5.0,0.0,0.0487,0.0487,0.0487,0.0487,21.428,0.032142,0.0020493,0.032142,21.428,0.0,0.0020493,0.0,0.0,0.0,0.0,0.0,4.642e-05,0.0,0.0,0.0,1e-11,0.0,0.0,0.0,0.0,1e-11,4.642e-05,0.0
24452616.0,4995000000.0,5000000.0,5.0,0.0,0.0487,0.0487,0.0487,0.0487,2.2307,2.2307,0.00021333,2.2307,2.2307,0.00021333,0.00021333,0.00021333,0.0,0.0,0.0,0.0,0.001,0.0,0.0,0.0,0.001,0.0,0.0,0.0,0.0,0.001,0.001,0.0
24457373.0,4995000000.0,5000000.0,5.0,0.0,0.0487,0.0487,0.0487,0.0487,21.428,0.032142,0.0020493,0.032142,21.428,3.0739e-06,0.0020493,3.0739e-06,0.0,0.0,0.0,0.0,1e-11,0.0,0.0,0.0,1e-07,0.0,0.0,0.0,0.0,1e-07,1e-11,0.0
24450417.0,4995000000.0,5000000.0,5.0,0.0,0.0487,0.0487,0.0487,0.0487,2.2307,0.60541,0.0020402,0.60541,2.2307,0.0,0.0020402,0.0,0.0,0.0,0.0,0.0,1e-11,0.0,0.0,0.0,4.642e-05,0.0,0.0,0.0,0.0,4.642e-05,1e-11,0.0
24450823.0,4995000000.0,5000000.0,5.0,0.0,0.0487,0.0487,0.0487,0.0487,2.2307,0.60541,0.019407,0.60541,2.2307,6.0541e-06,0.019407,6.0541e-06,0.0,0.0,0.0,0.0,4.642e-09,0.0,0.0,0.0,4.642e-05,0.0,0.0,0.0,0.0,4.642e-05,4.642e-09,0.0
24457082.0,4995000000.0,5000000.0,5.0,0.0,0.0487,0.0487,0.0487,0.0487,21.428,0.032142,0.00021428,0.032142,21.428,2.9397e-05,0.00021428,2.9397e-05,0.0,0.0,0.0,0.0,1e-11,0.0,0.0,0.0,0.001,0.0,0.0,0.0,0.0,0.001,1e-11,0.0
24451923.0,4995000000.0,5000000.0,5.0,0.0,0.0487,0.0487,0.0487,0.0487,2.2307,2.2307,0.0,2.2307,2.2307,0.00021333,0.0,0.00021333,0.0,0.0,0.0,0.0,4.642e-05,0.0,0.0,0.0,0.001,0.0,0.0,0.0,0.0,0.001,4.642e-05,0.0
24457044.0,4995000000.0,5000000.0,5.0,0.0,0.0487,0.0487,0.0487,0.0487,21.428,0.032142,0.00021428,0.032142,21.428,3.0739e-06,0.00021428,3.0739e-06,0.0,0.0,0.0,0.0,4.642e-09,0.0,0.0,0.0,1e-07,0.0,0.0,0.0,0.0,1e-07,4.642e-09,0.0
24456776.0,4995000000.0,5000000.0,5.0,0.0,0.0487,0.0487,0.0487,0.0487,21.428,0.032142,0.0,0.032142,21.428,2.9397e-05,0.0,2.9397e-05,0.0,0.0,0.0,0.0,0.001,0.0,0.0,0.0,2.154e-10,0.0,0.0,0.0,0.0,2.154e-10,0.001,0.0
24452294.0,4995000000.0,5000000.0,5.0,0.0,0.0487,0.0487,0.0487,0.0487,2.2307,2.2307,2.2307e-05,2.2307,2.2307,0.0020402,2.2307e-05,0.0020402,0.0,0.0,0.0,0.0,4.642e-09,0.0,0.0,0.0,0.001,0.0,0.0,0.0,0.0,0.001,4.642e-09,0.0
24456855.0,4995000000.0,5000000.0,5.0,0.0,0.0487,0.0487,0.0487,0.0487,21.428,0.032142,0.0,0.032142,21.428,0.0026903,0.0,0.0026903,0.0,0.0,0.0,0.0,1e-07,0.0,0.0,0.0,1e-07,0.0,0.0,0.0,0.0,1e-07,1e-07,0.0
24457805.0,4995000000.0,5000000.0,5.0,0.0,0.0487,0.0487,0.0487,0.0487,21.428,0.032142,0.019598,0.032142,21.428,2.9397e-05,0.019598,2.9397e-05,0.0,0.0,0.0,0.0,0.001,0.0,0.0,0.0,2.154e-10,0.0,0.0,0.0,0.0,2.154e-10,0.001,0.0
24459570.0,4995000000.0,5000000.0,5.0,0.0,0.0487,0.0487,0.0487,0.0487,21.428,0.11571,0.00021428,0.11571,21.428,0.0010067,0.00021428,0.0010067,0.0,0.0,0.0,0.0,0.001,0.0,0.0,0.0,4.642e-09,0.0,0.0,0.0,0.0,4.642e-09,0.001,0.0
24451936.0,4995000000.0,5000000.0,5.0,0.0,0.0487,0.0487,0.0487,0.0487,2.2307,2.2307,0.0,2.2307,2.2307,0.0020402,0.0,0.0020402,0.0,0.0,0.0,0.0,1e-11,0.0,0.0,0.0,4.642e-05,0.0,0.0,0.0,0.0,4.642e-05,1e-11,0.0
24456848.0,4995000000.0,5000000.0,5.0,0.0,0.0487,0.0487,0.0487,0.0487,21.428,0.032142,0.0,0.032142,21.428,0.0026903,0.0,0.0026903,0.0,0.0,0.0,0.0,4.642e-09,0.0,0.0,0.0,1e-07,0.0,0.0,0.0,0.0,1e-07,4.642e-09,0.0
24459095.0,4995000000.0,5000000.0,5.0,0.0,0.0487,0.0487,0.0487,0.0487,21.428,0.11571,0.0,0.11571,21.428,1.1066e-05,0.0,1.1066e-05,0.0,0.0,0.0,0.0,2.154e-10,0.0,0.0,0.0,1e-07,0.0,0.0,0.0,0.0,1e-07,2.154e-10,0.0
24452840.0,4995000000.0,5000000.0,5.0,0.0,0.0487,0.0487,0.0487,0.0487,2.2307,2.2307,0.0020402,2.2307,2.2307,0.0,0.0020402,0.0,0.0,0.0,0.0,0.0,1e-07,0.0,0.0,0.0,0.001,0.0,0.0,0.0,0.0,0.001,1e-07,0.0
24459615.0,4995000000.0,5000000.0,5.0,0.0,0.0487,0.0487,0.0487,0.0487,21.428,0.11571,0.00021428,0.11571,21.428,0.009685,0.00021428,0.009685,0.0,0.0,0.0,0.0,4.642e-05,0.0,0.0,0.0,4.642e-05,0.0,0.0,0.0,0.0,4.642e-05,4.642e-05,0.0
24456837.0,4995000000.0,5000000.0,5.0,0.0,0.0487,0.0487,0.0487,0.0487,21.428,0.032142,0.0,0.032142,21.428,0.0026903,0.0,0.0026903,0.0,0.0,0.0,0.0,1e-11,0.0,0.0,0.0,0.001,0.0,0.0,0.0,0.0,0.001,1e-11,0.0
24459489.0,4995000000.0,5000000.0,5.0,0.0,0.0487,0.0487,0.0487,0.0487,21.428,0.11571,0.00021428,0.11571,21.428,0.00010583,0.00021428,0.00010583,0.0,0.0,0.0,0.0,2.154e-10,0.0,0.0,0.0,4.642e-05,0.0,0.0,0.0,0.0,4.642e-05,2.154e-10,0.0
24459964.0,4995000000.0,5000000.0,5.0,0.0,0.0487,0.0487,0.0487,0.0487,21.428,0.11571,0.0020493,0.11571,21.428,0.009685,0.0020493,0.009685,0.0,0.0,0.0,0.0,0.001,0.0,0.0,0.0,2.154e-06,0.0,0.0,0.0,0.0,2.154e-06,0.001,0.0
24459787.0,4995000000.0,5000000.0,5.0,0.0,0.0487,0.0487,0.0487,0.0487,21.428,0.11571,0.0020493,0.11571,21.428,1.1066e-05,0.0020493,1.1066e-05,0.0,0.0,0.0,0.0,4.642e-09,0.0,0.0,0.0,4.642e-09,0.0,0.0,0.0,0.0,4.642e-09,4.642e-09,0.0
24457157.0,4995000000.0,5000000.0,5.0,0.0,0.0487,0.0487,0.0487,0.0487,21.428,0.032142,0.00021428,0.032142,21.428,0.00027964,0.00021428,0.00027964,0.0,0.0,0.0,0.0,2.154e-06,0.0,0.0,0.0,2.154e-06,0.0,0.0,0.0,0.0,2.154e-06,2.154e-06,0.0
24457372.0,4995000000.0,5000000.0,5.0,0.0,0.0487,0.0487,0.0487,0.0487,21.428,0.032142,0.0020493,0.032142,21.428,3.0739e-06,0.0020493,3.0739e-06,0.0,0.0,0.0,0.0,1e-11,0.0,0.0,0.0,4.642e-09,0.0,0.0,0.0,0.0,4.642e-09,1e-11,0.0
24457234.0,4995000000.0,5000000.0,5.0,0.0,0.0487,0.0487,0.0487,0.0487,21.428,0.032142,0.00021428,0.032142,21.428,0.025714,0.00021428,0.025714,0.0,0.0,0.0,0.0,2.154e-10,0.0,0.0,0.0,2.154e-06,0.0,0.0,0.0,0.0,2.154e-06,2.154e-10,0.0
24459073.0,4995000000.0,5000000.0,5.0,0.0,0.0487,0.0487,0.0487,0.0487,21.428,0.11571,0.0,0.11571,21.428,1.1571e-06,0.0,1.1571e-06,0.0,0.0,0.0,0.0,4.642e-05,0.0,0.0,0.0,4.642e-09,0.0,0.0,0.0,0.0,4.642e-09,4.642e-05,0.0
24457889.0,4995000000.0,5000000.0,5.0,0.0,0.0487,0.0487,0.0487,0.0487,21.428,0.032142,0.019598,0.032142,21.428,0.0026903,0.019598,0.0026903,0.0,0.0,0.0,0.0,2.154e-06,0.0,0.0,0.0,2.154e-10,0.0,0.0,0.0,0.0,2.154e-10,2.154e-06,0.0
24457922.0,4995000000.0,5000000.0,5.0,0.0,0.0487,0.0487,0.0487,0.0487,21.428,0.032142,0.019598,0.032142,21.428,0.025714,0.019598,0.025714,0.0,0.0,0.0,0.0,2.154e-10,0.0,0.0,0.0,0.001,0.0,0.0,0.0,0.0,0.001,2.154e-10,0.0
24456703.0,4995000000.0,5000000.0,5.0,0.0,0.0487,0.0487,0.0487,0.0487,21.428,0.032142,0.0,0.032142,21.428,3.0739e-06,0.0,3.0739e-06,0.0,0.0,0.0,0.0,4.642e-09,0.0,0.0,0.0,4.642e-05,0.0,0.0,0.0,0.0,4.642e-05,4.642e-09,0.0
24456777.0,4995000000.0,5000000.0,5.0,0.0,0.0487,0.0487,0.0487,0.0487,21.428,0.032142,0.0,0.032142,21.428,2.9397e-05,0.0,2.9397e-05,0.0,0.0,0.0,0.0,0.001,0.0,0.0,0.0,4.642e-09,0.0,0.0,0.0,0.0,4.642e-09,0.001,0.0
24457918.0,4995000000.0,5000000.0,5.0,0.0,0.0487,0.0487,0.0487,0.0487,21.428,0.032142,0.019598,0.032142,21.428,0.025714,0.019598,0.025714,0.0,0.0,0.0,0.0,2.154e-10,0.0,0.0,0.0,4.642e-09,0.0,0.0,0.0,0.0,4.642e-09,2.154e-10,0.0
24456631.0,4995000000.0,5000000.0,5.0,0.0,0.0487,0.0487,0.0487,0.0487,21.428,0.032142,0.0,0.032142,21.428,0.0,0.0,0.0,0.0,0.0,0.0,0.0,0.001,0.0,0.0,0.0,1e-07,0.0,0.0,0.0,0.0,1e-07,0.001,0.0
24457433.0,4995000000.0,5000000.0,5.0,0.0,0.0487,0.0487,0.0487,0.0487,21.428,0.032142,0.0020493,0.032142,21.428,2.9397e-05,0.0020493,2.9397e-05,0.0,0.0,0.0,0.0,4.642e-09,0.0,0.0,0.0,1e-11,0.0,0.0,0.0,0.0,1e-11,4.642e-09,0.0
24459347.0,4995000000.0,5000000.0,5.0,0.0,0.0487,0.0487,0.0487,0.0487,21.428,0.11571,0.00021428,0.11571,21.428,0.0,0.00021428,0.0,0.0,0.0,0.0,0.0,4.642e-09,0.0,0.0,0.0,1e-07,0.0,0.0,0.0,0.0,1e-07,4.642e-09,0.0
24456691.0,4995000000.0,5000000.0,5.0,0.0,0.0487,0.0487,0.0487,0.0487,21.428,0.032142,0.0,0.032142,21.428,3.0739e-06,0.0,3.0739e-06,0.0,0.0,0.0,0.0,2.154e-10,0.0,0.0,0.0,1e-11,0.0,0.0,0.0,0.0,1e-11,2.154e-10,0.0
24459272.0,4995000000.0,5000000.0,5.0,0.0,0.0487,0.0487,0.0487,0.0487,21.428,0.11571,0.0,0.11571,21.428,0.009685,0.0,0.009685,0.0,0.0,0.0,0.0,4.642e-05,0.0,0.0,0.0,4.642e-05,0.0,0.0,0.0,0.0,4.642e-05,4.642e-05,0.0
24452629.0,4995000000.0,5000000.0,5.0,0.0,0.0487,0.0487,0.0487,0.0487,2.2307,2.2307,0.00021333,2.2307,2.2307,0.0020402,0.00021333,0.0020402,0.0,0.0,0.0,0.0,2.154e-10,0.0,0.0,0.0,4.642e-05,0.0,0.0,0.0,0.0,4.642e-05,2.154e-10,0.0
24452944.0,4995000000.0,5000000.0,5.0,0.0,0.0487,0.0487,0.0487,0.0487,2.2307,2.2307,0.0020402,2.2307,2.2307,0.00021333,0.0020402,0.00021333,0.0,0.0,0.0,0.0,2.154e-06,0.0,0.0,0.0,4.642e-05,0.0,0.0,0.0,0.0,4.642e-05,2.154e-06,0.0
24457729.0,4995000000.0,5000000.0,5.0,0.0,0.0487,0.0487,0.0487,0.0487,21.428,0.032142,0.019598,0.032142,21.428,3.0739e-06,0.019598,3.0739e-06,0.0,0.0,0.0,0.0,4.642e-09,0.0,0.0,0.0,4.642e-09,0.0,0.0,0.0,0.0,4.642e-09,4.642e-09,0.0
24456858.0,4995000000.0,5000000.0,5.0,0.0,0.0487,0.0487,0.0487,0.0487,21.428,0.032142,0.0,0.032142,21.428,0.0026903,0.0,0.0026903,0.0,0.0,0.0,0.0,1e-07,0.0,0.0,0.0,0.001,0.0,0.0,0.0,0.0,0.001,1e-07,0.0
24457499.0,4995000000.0,5000000.0,5.0,0.0,0.0487,0.0487,0.0487,0.0487,21.428,0.032142,0.0020493,0.032142,21.428,0.00027964,0.0020493,0.00027964,0.0,0.0,0.0,0.0,2.154e-06,0.0,0.0,0.0,1e-07,0.0,0.0,0.0,0.0,1e-07,2.154e-06,0.0
24457833.0,4995000000.0,5000000.0,5.0,0.0,0.0487,0.0487,0.0487,0.0487,21.428,0.032142,0.019598,0.032142,21.428,0.00027964,0.019598,0.00027964,0.0,0.0,0.0,0.0,1e-07,0.0,0.0,0.0,2.154e-10,0.0,0.0,0.0,0.0,2.154e-10,1e-07,0.0
24457141.0,4995000000.0,5000000.0,5.0,0.0,0.0487,0.0487,0.0487,0.0487,21.428,0.032142,0.00021428,0.032142,21.428,0.00027964,0.00021428,0.00027964,0.0,0.0,0.0,0.0,4.642e-09,0.0,0.0,0.0,4.642e-09,0.0,0.0,0.0,0.0,4.642e-09,4.642e-09,0.0
24457632.0,4995000000.0,5000000.0,5.0,0.0,0.0487,0.0487,0.0487,0.0487,21.428,0.032142,0.019598,0.032142,21.428,0.0,0.019598,0.0,0.0,0.0,0.0,0.0,4.642e-09,0.0,0.0,0.0,1e-07,0.0,0.0,0.0,0.0,1e-07,4.642e-09,0.0
24456680.0,4995000000.0,5000000.0,5.0,0.0,0.0487,0.0487,0.0487,0.0487,21.428,0.032142,0.0,0.032142,21.428,3.2142e-07,0.0,3.2142e-07,0.0,0.0,0.0,0.0,0.001,0.0,0.0,0.0,1e-07,0.0,0.0,0.0,0.0,1e-07,0.001,0.0
24459230.0,4995000000.0,5000000.0,5.0,0.0,0.0487,0.0487,0.0487,0.0487,21.428,0.11571,0.0,0.11571,21.428,0.0010067,0.0,0.0010067,0.0,0.0,0.0,0.0,0.001,0.0,0.0,0.0,4.642e-05,0.0,0.0,0.0,0.0,4.642e-05,0.001,0.0
24459557.0,4995000000.0,5000000.0,5.0,0.0,0.0487,0.0487,0.0487,0.0487,21.428,0.11571,0.00021428,0.11571,21.428,0.0010067,0.00021428,0.0010067,0.0,0.0,0.0,0.0,2.154e-06,0.0,0.0,0.0,1e-07,0.0,0.0,0.0,0.0,1e-07,2.154e-06,0.0
24457804.0,4995000000.0,5000000.0,5.0,0.0,0.0487,0.0487,0.0487,0.0487,21.428,0.032142,0.019598,0.032142,21.428,2.9397e-05,0.019598,2.9397e-05,0.0,0.0,0.0,0.0,0.001,0.0,0.0,0.0,1e-11,0.0,0.0,0.0,0.0,1e-11,0.001,0.0
24457424.0,4995000000.0,5000000.0,5.0,0.0,0.0487,0.0487,0.0487,0.0487,21.428,0.032142,0.0020493,0.032142,21.428,2.9397e-05,0.0020493,2.9397e-05,0.0,0.0,0.0,0.0,1e-11,0.0,0.0,0.0,4.642e-05,0.0,0.0,0.0,0.0,4.642e-05,1e-11,0.0
24456725.0,4995000000.0,5000000.0,5.0,0.0,0.0487,0.0487,0.0487,0.0487,21.428,0.032142,0.0,0.032142,21.428,3.0739e-06,0.0,3.0739e-06,0.0,0.0,0.0,0.0,4.642e-05,0.0,0.0,0.0,0.001,0.0,0.0,0.0,0.0,0.001,4.642e-05,0.0
24459059.0,4995000000.0,5000000.0,5.0,0.0,0.0487,0.0487,0.0487,0.0487,21.428,0.11571,0.0,0.11571,21.428,1.1571e-06,0.0,1.1571e-06,0.0,0.0,0.0,0.0,1e-07,0.0,0.0,0.0,4.642e-09,0.0,0.0,0.0,0.0,4.642e-09,1e-07,0.0
24457562.0,4995000000.0,5000000.0,5.0,0.0,0.0487,0.0487,0.0487,0.0487,21.428,0.032142,0.0020493,0.032142,21.428,0.0026903,0.0020493,0.0026903,0.0,0.0,0.0,0.0,0.001,0.0,0.0,0.0,1e-07,0.0,0.0,0.0,0.0,1e-07,0.001,0.0
24457102.0,4995000000.0,5000000.0,5.0,0.0,0.0487,0.0487,0.0487,0.0487,21.428,0.032142,0.00021428,0.032142,21.428,2.9397e-05,0.00021428,2.9397e-05,0.0,0.0,0.0,0.0,1e-07,0.0,0.0,0.0,4.642e-05,0.0,0.0,0.0,0.0,4.642e-05,1e-07,0.0
24450793.0,4995000000.0,5000000.0,5.0,0.0,0.0487,0.0487,0.0487,0.0487,2.2307,0.60541,0.019407,0.60541,2.2307,0.0,0.019407,0.0,0.0,0.0,0.0,0.0,4.642e-05,0.0,0.0,0.0,1e-07,0.0,0.0,0.0,0.0,1e-07,4.642e-05,0.0
24452650.0,4995000000.0,5000000.0,5.0,0.0,0.0487,0.0487,0.0487,0.0487,2.2307,2.2307,0.00021333,2.2307,2.2307,0.0020402,0.00021333,0.0020402,0.0,0.0,0.0,0.0,2.154e-06,0.0,0.0,0.0,4.642e-05,0.0,0.0,0.0,0.0,4.642e-05,2.154e-06,0.0
24450249.0,4995000000.0,5000000.0,5.0,0.0,0.0487,0.0487,0.0487,0.0487,2.2307,0.60541,0.00021333,0.60541,2.2307,0.00055371,0.00021333,0.00055371,0.0,0.0,0.0,0.0,2.154e-06,0.0,0.0,0.0,4.642e-05,0.0,0.0,0.0,0.0,4.642e-05,2.154e-06,0.0
24457013.0,4995000000.0,5000000.0,5.0,0.0,0.0487,0.0487,0.0487,0.0487,21.428,0.032142,0.00021428,0.032142,21.428,3.2142e-07,0.00021428,3.2142e-07,0.0,0.0,0.0,0.0,4.642e-05,0.0,0.0,0.0,1e-11,0.0,0.0,0.0,0.0,1e-11,4.642e-05,0.0
24457100.0,4995000000.0,5000000.0,5.0,0.0,0.0487,0.0487,0.0487,0.0487,21.428,0.032142,0.00021428,0.032142,21.428,2.9397e-05,0.00021428,2.9397e-05,0.0,0.0,0.0,0.0,1e-07,0.0,0.0,0.0,1e-07,0.0,0.0,0.0,0.0,1e-07,1e-07,0.0
24452595.0,4995000000.0,5000000.0,5.0,0.0,0.0487,0.0487,0.0487,0.0487,2.2307,2.2307,0.00021333,2.2307,2.2307,0.00021333,0.00021333,0.00021333,0.0,0.0,0.0,0.0,1e-07,0.0,0.0,0.0,0.001,0.0,0.0,0.0,0.0,0.001,1e-07,0.0
24456773.0,4995000000.0,5000000.0,5.0,0.0,0.0487,0.0487,0.0487,0.0487,21.428,0.032142,0.0,0.032142,21.428,2.9397e-05,0.0,2.9397e-05,0.0,0.0,0.0,0.0,4.642e-05,0.0,0.0,0.0,4.642e-05,0.0,0.0,0.0,0.0,4.642e-05,4.642e-05,0.0
24459238.0,4995000000.0,5000000.0,5.0,0.0,0.0487,0.0487,0.0487,0.0487,21.428,0.11571,0.0,0.11571,21.428,0.009685,0.0,0.009685,0.0,0.0,0.0,0.0,1e-11,0.0,0.0,0.0,0.001,0.0,0.0,0.0,0.0,0.001,1e-11,0.0
24459109.0,4995000000.0,5000000.0,5.0,0.0,0.0487,0.0487,0.0487,0.0487,21.428,0.11571,0.0,0.11571,21.428,1.1066e-05,0.0,1.1066e-05,0.0,0.0,0.0,0.0,1e-07,0.0,0.0,0.0,1e-07,0.0,0.0,0.0,0.0,1e-07,1e-07,0.0
24457064.0,4995000000.0,5000000.0,5.0,0.0,0.0487,0.0487,0.0487,0.0487,21.428,0.032142,0.00021428,0.032142,21.428,3.0739e-06,0.00021428,3.0739e-06,0.0,0.0,0.0,0.0,4.642e-05,0.0,0.0,0.0,4.642e-09,0.0,0.0,0.0,0.0,4.642e-09,4.642e-05,0.0
24459839.0,4995000000.0,5000000.0,5.0,0.0,0.0487,0.0487,0.0487,0.0487,21.428,0.11571,0.0020493,0.11571,21.428,0.00010583,0.0020493,0.00010583,0.0,0.0,0.0,0.0,4.642e-09,0.0,0.0,0.0,4.642e-05,0.0,0.0,0.0,0.0,4.642e-05,4.642e-09,0.0
24457457.0,4995000000.0,5000000.0,5.0,0.0,0.0487,0.0487,0.0487,0.0487,21.428,0.032142,0.0020493,0.032142,21.428,2.9397e-05,0.0020493,2.9397e-05,0.0,0.0,0.0,0.0,4.642e-05,0.0,0.0,0.0,1e-07,0.0,0.0,0.0,0.0,1e-07,4.642e-05,0.0
24457184.0,4995000000.0,5000000.0,5.0,0.0,0.0487,0.0487,0.0487,0.0487,21.428,0.032142,0.00021428,0.032142,21.428,0.0026903,0.00021428,0.0026903,0.0,0.0,0.0,0.0,2.154e-10,0.0,0.0,0.0,1e-07,0.0,0.0,0.0,0.0,1e-07,2.154e-10,0.0
24457708.0,4995000000.0,5000000.0,5.0,0.0,0.0487,0.0487,0.0487,0.0487,21.428,0.032142,0.019598,0.032142,21.428,3.2142e-07,0.019598,3.2142e-07,0.0,0.0,0.0,0.0,0.001,0.0,0.0,0.0,4.642e-09,0.0,0.0,0.0,0.0,4.642e-09,0.001,0.0
24457813.0,4995000000.0,5000000.0,5.0,0.0,0.0487,0.0487,0.0487,0.0487,21.428,0.032142,0.019598,0.032142,21.428,0.00027964,0.019598,0.00027964,0.0,0.0,0.0,0.0,1e-11,0.0,0.0,0.0,4.642e-09,0.0,0.0,0.0,0.0,4.642e-09,1e-11,0.0
24450108.0,4995000000.0,5000000.0,5.0,0.0,0.0487,0.0487,0.0487,0.0487,2.2307,0.60541,0.00021333,0.60541,2.2307,0.0,0.00021333,0.0,0.0,0.0,0.0,0.0,4.642e-05,0.0,0.0,0.0,2.154e-06,0.0,0.0,0.0,0.0,2.154e-06,4.642e-05,0.0
24452270.0,4995000000.0,5000000.0,5.0,0.0,0.0487,0.0487,0.0487,0.0487,2.2307,2.2307,2.2307e-05,2.2307,2.2307,0.00021333,2.2307e-05,0.00021333,0.0,0.0,0.0,0.0,0.001,0.0,0.0,0.0,1e-07,0.0,0.0,0.0,0.0,1e-07,0.001,0.0
24459427.0,4995000000.0,5000000.0,5.0,0.0,0.0487,0.0487,0.0487,0.0487,21.428,0.11571,0.00021428,0.11571,21.428,1.1571e-06,0.00021428,1.1571e-06,0.0,0.0,0.0,0.0,0.001,0.0,0.0,0.0,0.001,0.0,0.0,0.0,0.0,0.001,0.001,0.0
24450761.0,4995000000.0,5000000.0,5.0,0.0,0.0487,0.0487,0.0487,0.0487,2.2307,0.60541,0.019407,0.60541,2.2307,0.0,0.019407,0.0,0.0,0.0,0.0,0.0,1e-11,0.0,0.0,0.0,0.001,0.0,0.0,0.0,0.0,0.001,1e-11,0.0
24456913.0,4995000000.0,5000000.0,5.0,0.0,0.0487,0.0487,0.0487,0.0487,21.428,0.032142,0.0,0.032142,21.428,0.025714,0.0,0.025714,0.0,0.0,0.0,0.0,2.154e-06,0.0,0.0,0.0,4.642e-05,0.0,0.0,0.0,0.0,4.642e-05,2.154e-06,0.0
24450292.0,4995000000.0,5000000.0,5.0,0.0,0.0487,0.0487,0.0487,0.0487,2.2307,0.60541,0.00021333,0.60541,2.2307,0.005267,0.00021333,0.005267,0.0,0.0,0.0,0.0,1e-07,0.0,0.0,0.0,0.001,0.0,0.0,0.0,0.0,0.001,1e-07,0.0
24453055.0,4995000000.0,5000000.0,5.0,0.0,0.0487,0.0487,0.0487,0.0487,2.2307,2.2307,0.0020402,2.2307,2.2307,0.019407,0.0020402,0.019407,0.0,0.0,0.0,0.0,0.001,0.0,0.0,0.0,2.154e-06,0.0,0.0,0.0,0.0,2.154e-06,0.001,0.0
24452013.0,4995000000.0,5000000.0,5.0,0.0,0.0487,0.0487,0.0487,0.0487,2.2307,2.2307,0.0,2.2307,2.2307,0.019407,0.0,0.019407,0.0,0.0,0.0,0.0,2.154e-06,0.0,0.0,0.0,4.642e-05,0.0,0.0,0.0,0.0,4.642e-05,2.154e-06,0.0
24459216.0,4995000000.0,5000000.0,5.0,0.0,0.0487,0.0487,0.0487,0.0487,21.428,0.11571,0.0,0.11571,21.428,0.0010067,0.0,0.0010067,0.0,0.0,0.0,0.0,2.154e-06,0.0,0.0,0.0,4.642e-05,0.0,0.0,0.0,0.0,4.642e-05,2.154e-06,0.0
24459763.0,4995000000.0,5000000.0,5.0,0.0,0.0487,0.0487,0.0487,0.0487,21.428,0.11571,0.0020493,0.11571,21.428,1.1571e-06,0.0020493,1.1571e-06,0.0,0.0,0.0,0.0,4.642e-05,0.0,0.0,0.0,0.001,0.0,0.0,0.0,0.0,0.001,4.642e-05,0.0
24457676.0,4995000000.0,5000000.0,5.0,0.0,0.0487,0.0487,0.0487,0.0487,21.428,0.032142,0.019598,0.032142,21.428,3.2142e-07,0.019598,3.2142e-07,0.0,0.0,0.0,0.0,2.154e-10,0.0,0.0,0.0,4.642e-05,0.0,0.0,0.0,0.0,4.642e-05,2.154e-10,0.0
24457912.0,4995000000.0,5000000.0,5.0,0.0,0.0487,0.0487,0.0487,0.0487,21.428,0.032142,0.019598,0.032142,21.428,0.025714,0.019598,0.025714,0.0,0.0,0.0,0.0,1e-11,0.0,0.0,0.0,1e-07,0.0,0.0,0.0,0.0,1e-07,1e-11,0.0
24459732.0,4995000000.0,5000000.0,5.0,0.0,0.0487,0.0487,0.0487,0.0487,21.428,0.11571,0.0020493,0.11571,21.428,1.1571e-06,0.0020493,1.1571e-06,0.0,0.0,0.0,0.0,2.154e-10,0.0,0.0,0.0,1e-07,0.0,0.0,0.0,0.0,1e-07,2.154e-10,0.0
24450513.0,4995000000.0,5000000.0,5.0,0.0,0.0487,0.0487,0.0487,0.0487,2.2307,0.60541,0.0020402,0.60541,2.2307,5.7898e-05,0.0020402,5.7898e-05,0.0,0.0,0.0,0.0,1e-11,0.0,0.0,0.0,1e-07,0.0,0.0,0.0,0.0,1e-07,1e-11,0.0
24451796.0,4995000000.0,5000000.0,5.0,0.0,0.0487,0.0487,0.0487,0.0487,2.2307,2.2307,0.0,2.2307,2.2307,0.0,0.0,0.0,0.0,0.0,0.0,0.0,2.154e-10,0.0,0.0,0.0,4.642e-05,0.0,0.0,0.0,0.0,4.642e-05,2.154e-10,0.0
24457648.0,4995000000.0,5000000.0,5.0,0.0,0.0487,0.0487,0.0487,0.0487,21.428,0.032142,0.019598,0.032142,21.428,0.0,0.019598,0.0,0.0,0.0,0.0,0.0,2.154e-06,0.0,0.0,0.0,4.642e-05,0.0,0.0,0.0,0.0,4.642e-05,2.154e-06,0.0
24456698.0,4995000000.0,5000000.0,5.0,0.0,0.0487,0.0487,0.0487,0.0487,21.428,0.032142,0.0,0.032142,21.428,3.0739e-06,0.0,3.0739e-06,0.0,0.0,0.0,0.0,4.642e-09,0.0,0.0,0.0,1e-11,0.0,0.0,0.0,0.0,1e-11,4.642e-09,0.0
24459691.0,4995000000.0,5000000.0,5.0,0.0,0.0487,0.0487,0.0487,0.0487,21.428,0.11571,0.0020493,0.11571,21.428,0.0,0.0020493,0.0,0.0,0.0,0.0,0.0,4.642e-09,0.0,0.0,0.0,2.154e-06,0.0,0.0,0.0,0.0,2.154e-06,4.642e-09,0.0
24457125.0,4995000000.0,5000000.0,5.0,0.0,0.0487,0.0487,0.0487,0.0487,21.428,0.032142,0.00021428,0.032142,21.428,0.00027964,0.00021428,0.00027964,0.0,0.0,0.0,0.0,1e-11,0.0,0.0,0.0,1e-11,0.0,0.0,0.0,0.0,1e-11,1e-11,0.0
24457401.0,4995000000.0,5000000.0,5.0,0.0,0.0487,0.0487,0.0487,0.0487,21.428,0.032142,0.0020493,0.032142,21.428,3.0739e-06,0.0020493,3.0739e-06,0.0,0.0,0.0,0.0,2.154e-06,0.0,0.0,0.0,1e-07,0.0,0.0,0.0,0.0,1e-07,2.154e-06,0.0
24452637.0,4995000000.0,5000000.0,5.0,0.0,0.0487,0.0487,0.0487,0.0487,2.2307,2.2307,0.00021333,2.2307,2.2307,0.0020402,0.00021333,0.0020402,0.0,0.0,0.0,0.0,4.642e-09,0.0,0.0,0.0,0.001,0.0,0.0,0.0,0.0,0.001,4.642e-09,0.0
24450422.0,4995000000.0,5000000.0,5.0,0.0,0.0487,0.0487,0.0487,0.0487,2.2307,0.60541,0.0020402,0.60541,2.2307,0.0,0.0020402,0.0,0.0,0.0,0.0,0.0,2.154e-10,0.0,0.0,0.0,1e-07,0.0,0.0,0.0,0.0,1e-07,2.154e-10,0.0
24457066.0,4995000000.0,5000000.0,5.0,0.0,0.0487,0.0487,0.0487,0.0487,21.428,0.032142,0.00021428,0.032142,21.428,3.0739e-06,0.00021428,3.0739e-06,0.0,0.0,0.0,0.0,4.642e-05,0.0,0.0,0.0,2.154e-06,0.0,0.0,0.0,0.0,2.154e-06,4.642e-05,0.0
24450551.0,4995000000.0,5000000.0,5.0,0.0,0.0487,0.0487,0.0487,0.0487,2.2307,0.60541,0.0020402,0.60541,2.2307,5.7898e-05,0.0020402,5.7898e-05,0.0,0.0,0.0,0.0,4.642e-05,0.0,0.0,0.0,0.001,0.0,0.0,0.0,0.0,0.001,4.642e-05,0.0
24456767.0,4995000000.0,5000000.0,5.0,0.0,0.0487,0.0487,0.0487,0.0487,21.428,0.032142,0.0,0.032142,21.428,2.9397e-05,0.0,2.9397e-05,0.0,0.0,0.0,0.0,2.154e-06,0.0,0.0,0.0,0.001,0.0,0.0,0.0,0.0,0.001,2.154e-06,0.0
24457742.0,4995000000.0,5000000.0,5.0,0.0,0.0487,0.0487,0.0487,0.0487,21.428,0.032142,0.019598,0.032142,21.428,3.0739e-06,0.019598,3.0739e-06,0.0,0.0,0.0,0.0,2.154e-06,0.0,0.0,0.0,2.154e-10,0.0,0.0,0.0,0.0,2.154e-10,2.154e-06,0.0
24459822.0,4995000000.0,5000000.0,5.0,0.0,0.0487,0.0487,0.0487,0.0487,21.428,0.11571,0.0020493,0.11571,21.428,0.00010583,0.0020493,0.00010583,0.0,0.0,0.0,0.0,1e-11,0.0,0.0,0.0,4.642e-09,0.0,0.0,0.0,0.0,4.642e-09,1e-11,0.0
24452923.0,4995000000.0,5000000.0,5.0,0.0,0.0487,0.0487,0.0487,0.0487,2.2307,2.2307,0.0020402,2.2307,2.2307,0.00021333,0.0020402,0.00021333,0.0,0.0,0.0,0.0,2.154e-10,0.0,0.0,0.0,4.642e-05,0.0,0.0,0.0,0.0,4.642e-05,2.154e-10,0.0
24459215.0,4995000000.0,5000000.0,5.0,0.0,0.0487,0.0487,0.0487,0.0487,21.428,0.11571,0.0,0.11571,21.428,0.0010067,0.0,0.0010067,0.0,0.0,0.0,0.0,2.154e-06,0.0,0.0,0.0,2.154e-06,0.0,0.0,0.0,0.0,2.154e-06,2.154e-06,0.0
24450236.0,4995000000.0,5000000.0,5.0,0.0,0.0487,0.0487,0.0487,0.0487,2.2307,0.60541,0.00021333,0.60541,2.2307,0.00055371,0.00021333,0.00055371,0.0,0.0,0.0,0.0,4.642e-09,0.0,0.0,0.0,0.001,0.0,0.0,0.0,0.0,0.001,4.642e-09,0.0
24453042.0,4995000000.0,5000000.0,5.0,0.0,0.0487,0.0487,0.0487,0.0487,2.2307,2.2307,0.0020402,2.2307,2.2307,0.019407,0.0020402,0.019407,0.0,0.0,0.0,0.0,2.154e-06,0.0,0.0,0.0,4.642e-05,0.0,0.0,0.0,0.0,4.642e-05,2.154e-06,0.0
24457036.0,4995000000.0,5000000.0,5.0,0.0,0.0487,0.0487,0.0487,0.0487,21.428,0.032142,0.00021428,0.032142,21.428,3.0739e-06,0.00021428,3.0739e-06,0.0,0.0,0.0,0.0,2.154e-10,0.0,0.0,0.0,4.642e-09,0.0,0.0,0.0,0.0,4.642e-09,2.154e-10,0.0
24456714.0,4995000000.0,5000000.0,5.0,0.0,0.0487,0.0487,0.0487,0.0487,21.428,0.032142,0.0,0.032142,21.428,3.0739e-06,0.0,3.0739e-06,0.0,0.0,0.0,0.0,2.154e-06,0.0,0.0,0.0,4.642e-09,0.0,0.0,0.0,0.0,4.642e-09,2.154e-06,0.0
24456741.0,4995000000.0,5000000.0,5.0,0.0,0.0487,0.0487,0.0487,0.0487,21.428,0.032142,0.0,0.032142,21.428,2.9397e-05,0.0,2.9397e-05,0.0,0.0,0.0,0.0,2.154e-10,0.0,0.0,0.0,2.154e-10,0.0,0.0,0.0,0.0,2.154e-10,2.154e-10,0.0
24450653.0,4995000000.0,5000000.0,5.0,0.0,0.0487,0.0487,0.0487,0.0487,2.2307,0.60541,0.0020402,0.60541,2.2307,0.005267,0.0020402,0.005267,0.0,0.0,0.0,0.0,0.001,0.0,0.0,0.0,1e-07,0.0,0.0,0.0,0.0,1e-07,0.001,0.0
24459565.0,4995000000.0,5000000.0,5.0,0.0,0.0487,0.0487,0.0487,0.0487,21.428,0.11571,0.00021428,0.11571,21.428,0.0010067,0.00021428,0.0010067,0.0,0.0,0.0,0.0,4.642e-05,0.0,0.0,0.0,2.154e-06,0.0,0.0,0.0,0.0,2.154e-06,4.642e-05,0.0
24450646.0,4995000000.0,5000000.0,5.0,0.0,0.0487,0.0487,0.0487,0.0487,2.2307,0.60541,0.0020402,0.60541,2.2307,0.005267,0.0020402,0.005267,0.0,0.0,0.0,0.0,4.642e-05,0.0,0.0,0.0,1e-07,0.0,0.0,0.0,0.0,1e-07,4.642e-05,0.0
24457054.0,4995000000.0,5000000.0,5.0,0.0,0.0487,0.0487,0.0487,0.0487,21.428,0.032142,0.00021428,0.032142,21.428,3.0739e-06,0.00021428,3.0739e-06,0.0,0.0,0.0,0.0,1e-07,0.0,0.0,0.0,0.001,0.0,0.0,0.0,0.0,0.001,1e-07,0.0
24457516.0,4995000000.0,5000000.0,5.0,0.0,0.0487,0.0487,0.0487,0.0487,21.428,0.032142,0.0020493,0.032142,21.428,0.00027964,0.0020493,0.00027964,0.0,0.0,0.0,0.0,0.001,0.0,0.0,0.0,0.001,0.0,0.0,0.0,0.0,0.001,0.001,0.0
24459573.0,4995000000.0,5000000.0,5.0,0.0,0.0487,0.0487,0.0487,0.0487,21.428,0.11571,0.00021428,0.11571,21.428,0.0010067,0.00021428,0.0010067,0.0,0.0,0.0,0.0,0.001,0.0,0.0,0.0,4.642e-05,0.0,0.0,0.0,0.0,4.642e-05,0.001,0.0
24457267.0,4995000000.0,5000000.0,5.0,0.0,0.0487,0.0487,0.0487,0.0487,21.428,0.032142,0.00021428,0.032142,21.428,0.025714,0.00021428,0.025714,0.0,0.0,0.0,0.0,0.001,0.0,0.0,0.0,4.642e-09,0.0,0.0,0.0,0.0,4.642e-09,0.001,0.0
24457418.0,4995000000.0,5000000.0,5.0,0.0,0.0487,0.0487,0.0487,0.0487,21.428,0.032142,0.0020493,0.032142,21.428,3.0739e-06,0.0020493,3.0739e-06,0.0,0.0,0.0,0.0,0.001,0.0,0.0,0.0,0.001,0.0,0.0,0.0,0.0,0.001,0.001,0.0
24456603.0,4995000000.0,5000000.0,5.0,0.0,0.0487,0.0487,0.0487,0.0487,21.428,0.032142,0.0,0.032142,21.428,0.0,0.0,0.0,0.0,0.0,0.0,0.0,4.642e-09,0.0,0.0,0.0,1e-07,0.0,0.0,0.0,0.0,1e-07,4.642e-09,0.0
24450824.0,4995000000.0,5000000.0,5.0,0.0,0.0487,0.0487,0.0487,0.0487,2.2307,0.60541,0.019407,0.60541,2.2307,6.0541e-06,0.019407,6.0541e-06,0.0,0.0,0.0,0.0,4.642e-09,0.0,0.0,0.0,0.001,0.0,0.0,0.0,0.0,0.001,4.642e-09,0.0
24457155.0,4995000000.0,5000000.0,5.0,0.0,0.0487,0.0487,0.0487,0.0487,21.428,0.032142,0.00021428,0.032142,21.428,0.00027964,0.00021428,0.00027964,0.0,0.0,0.0,0.0,2.154e-06,0.0,0.0,0.0,4.642e-09,0.0,0.0,0.0,0.0,4.642e-09,2.154e-06,0.0
24456803.0,4995000000.0,5000000.0,5.0,0.0,0.0487,0.0487,0.0487,0.0487,21.428,0.032142,0.0,0.032142,21.428,0.00027964,0.0,0.00027964,0.0,0.0,0.0,0.0,1e-07,0.0,0.0,0.0,1e-11,0.0,0.0,0.0,0.0,1e-11,1e-07,0.0
24457895.0,4995000000.0,5000000.0,5.0,0.0,0.0487,0.0487,0.0487,0.0487,21.428,0.032142,0.019598,0.032142,21.428,0.0026903,0.019598,0.0026903,0.0,0.0,0.0,0.0,4.642e-05,0.0,0.0,0.0,1e-11,0.0,0.0,0.0,0.0,1e-11,4.642e-05,0.0
24459531.0,4995000000.0,5000000.0,5.0,0.0,0.0487,0.0487,0.0487,0.0487,21.428,0.11571,0.00021428,0.11571,21.428,0.0010067,0.00021428,0.0010067,0.0,0.0,0.0,0.0,1e-11,0.0,0.0,0.0,4.642e-05,0.0,0.0,0.0,0.0,4.642e-05,1e-11,0.0
24457524.0,4995000000.0,5000000.0,5.0,0.0,0.0487,0.0487,0.0487,0.0487,21.428,0.032142,0.0020493,0.032142,21.428,0.0026903,0.0020493,0.0026903,0.0,0.0,0.0,0.0,2.154e-10,0.0,0.0,0.0,1e-11,0.0,0.0,0.0,0.0,1e-11,2.154e-10,0.0
24457615.0,4995000000.0,5000000.0,5.0,0.0,0.0487,0.0487,0.0487,0.0487,21.428,0.032142,0.019598,0.032142,21.428,0.0,0.019598,0.0,0.0,0.0,0.0,0.0,1e-11,0.0,0.0,0.0,1e-11,0.0,0.0,0.0,0.0,1e-11,1e-11,0.0
24456849.0,4995000000.0,5000000.0,5.0,0.0,0.0487,0.0487,0.0487,0.0487,21.428,0.032142,0.0,0.032142,21.428,0.0026903,0.0,0.0026903,0.0,0.0,0.0,0.0,4.642e-09,0.0,0.0,0.0,2.154e-06,0.0,0.0,0.0,0.0,2.154e-06,4.642e-09,0.0
24450421.0,4995000000.0,5000000.0,5.0,0.0,0.0487,0.0487,0.0487,0.0487,2.2307,0.60541,0.0020402,0.60541,2.2307,0.0,0.0020402,0.0,0.0,0.0,0.0,0.0,2.154e-10,0.0,0.0,0.0,4.642e-09,0.0,0.0,0.0,0.0,4.642e-09,2.154e-10,0.0
24457594.0,4995000000.0,5000000.0,5.0,0.0,0.0487,0.0487,0.0487,0.0487,21.428,0.032142,0.0020493,0.032142,21.428,0.025714,0.0020493,0.025714,0.0,0.0,0.0,0.0,2.154e-06,0.0,0.0,0.0,1e-11,0.0,0.0,0.0,0.0,1e-11,2.154e-06,0.0
24457469.0,4995000000.0,5000000.0,5.0,0.0,0.0487,0.0487,0.0487,0.0487,21.428,0.032142,0.0020493,0.032142,21.428,0.00027964,0.0020493,0.00027964,0.0,0.0,0.0,0.0,1e-11,0.0,0.0,0.0,2.154e-10,0.0,0.0,0.0,0.0,2.154e-10,1e-11,0.0
24457771.0,4995000000.0,5000000.0,5.0,0.0,0.0487,0.0487,0.0487,0.0487,21.428,0.032142,0.019598,0.032142,21.428,2.9397e-05,0.019598,2.9397e-05,0.0,0.0,0.0,0.0,2.154e-10,0.0,0.0,0.0,4.642e-09,0.0,0.0,0.0,0.0,4.642e-09,2.154e-10,0.0
24457198.0,4995000000.0,5000000.0,5.0,0.0,0.0487,0.0487,0.0487,0.0487,21.428,0.032142,0.00021428,0.032142,21.428,0.0026903,0.00021428,0.0026903,0.0,0.0,0.0,0.0,1e-07,0.0,0.0,0.0,1e-07,0.0,0.0,0.0,0.0,1e-07,1e-07,0.0
24457596.0,4995000000.0,5000000.0,5.0,0.0,0.0487,0.0487,0.0487,0.0487,21.428,0.032142,0.0020493,0.032142,21.428,0.025714,0.0020493,0.025714,0.0,0.0,0.0,0.0,2.154e-06,0.0,0.0,0.0,4.642e-09,0.0,0.0,0.0,0.0,4.642e-09,2.154e-06,0.0
24456629.0,4995000000.0,5000000.0,5.0,0.0,0.0487,0.0487,0.0487,0.0487,21.428,0.032142,0.0,0.032142,21.428,0.0,0.0,0.0,0.0,0.0,0.0,0.0,0.001,0.0,0.0,0.0,2.154e-10,0.0,0.0,0.0,0.0,2.154e-10,0.001,0.0
24453022.0,4995000000.0,5000000.0,5.0,0.0,0.0487,0.0487,0.0487,0.0487,2.2307,2.2307,0.0020402,2.2307,2.2307,0.019407,0.0020402,0.019407,0.0,0.0,0.0,0.0,2.154e-10,0.0,0.0,0.0,0.001,0.0,0.0,0.0,0.0,0.001,2.154e-10,0.0
24459818.0,4995000000.0,5000000.0,5.0,0.0,0.0487,0.0487,0.0487,0.0487,21.428,0.11571,0.0020493,0.11571,21.428,1.1066e-05,0.0020493,1.1066e-05,0.0,0.0,0.0,0.0,0.001,0.0,0.0,0.0,4.642e-05,0.0,0.0,0.0,0.0,4.642e-05,0.001,0.0
24450143.0,4995000000.0,5000000.0,5.0,0.0,0.0487,0.0487,0.0487,0.0487,2.2307,0.60541,0.00021333,0.60541,2.2307,6.0541e-06,0.00021333,6.0541e-06,0.0,0.0,0.0,0.0,1e-07,0.0,0.0,0.0,2.154e-06,0.0,0.0,0.0,0.0,2.154e-06,1e-07,0.0
24456759.0,4995000000.0,5000000.0,5.0,0.0,0.0487,0.0487,0.0487,0.0487,21.428,0.032142,0.0,0.032142,21.428,2.9397e-05,0.0,2.9397e-05,0.0,0.0,0.0,0.0,1e-07,0.0,0.0,0.0,4.642e-05,0.0,0.0,0.0,0.0,4.642e-05,1e-07,0.0
24452525.0,4995000000.0,5000000.0,5.0,0.0,0.0487,0.0487,0.0487,0.0487,2.2307,2.2307,0.00021333,2.2307,2.2307,2.2307e-05,0.00021333,2.2307e-05,0.0,0.0,0.0,0.0,1e-11,0.0,0.0,0.0,0.001,0.0,0.0,0.0,0.0,0.001,1e-11,0.0
24450092.0,4995000000.0,5000000.0,5.0,0.0,0.0487,0.0487,0.0487,0.0487,2.2307,0.60541,0.00021333,0.60541,2.2307,0.0,0.00021333,0.0,0.0,0.0,0.0,0.0,1e-07,0.0,0.0,0.0,4.642e-09,0.0,0.0,0.0,0.0,4.642e-09,1e-07,0.0
24456774.0,4995000000.0,5000000.0,5.0,0.0,0.0487,0.0487,0.0487,0.0487,21.428,0.032142,0.0,0.032142,21.428,2.9397e-05,0.0,2.9397e-05,0.0,0.0,0.0,0.0,4.642e-05,0.0,0.0,0.0,0.001,0.0,0.0,0.0,0.0,0.001,4.642e-05,0.0
24450943.0,4995000000.0,5000000.0,5.0,0.0,0.0487,0.0487,0.0487,0.0487,2.2307,0.60541,0.019407,0.60541,2.2307,0.00055371,0.019407,0.00055371,0.0,0.0,0.0,0.0,4.642e-05,0.0,0.0,0.0,0.001,0.0,0.0,0.0,0.0,0.001,4.642e-05,0.0
24457377.0,4995000000.0,5000000.0,5.0,0.0,0.0487,0.0487,0.0487,0.0487,21.428,0.032142,0.0020493,0.032142,21.428,3.0739e-06,0.0020493,3.0739e-06,0.0,0.0,0.0,0.0,2.154e-10,0.0,0.0,0.0,1e-11,0.0,0.0,0.0,0.0,1e-11,2.154e-10,0.0
24456605.0,4995000000.0,5000000.0,5.0,0.0,0.0487,0.0487,0.0487,0.0487,21.428,0.032142,0.0,0.032142,21.428,0.0,0.0,0.0,0.0,0.0,0.0,0.0,4.642e-09,0.0,0.0,0.0,4.642e-05,0.0,0.0,0.0,0.0,4.642e-05,4.642e-09,0.0
24459369.0,4995000000.0,5000000.0,5.0,0.0,0.0487,0.0487,0.0487,0.0487,21.428,0.11571,0.00021428,0.11571,21.428,0.0,0.00021428,0.0,0.0,0.0,0.0,0.0,4.642e-05,0.0,0.0,0.0,2.154e-06,0.0,0.0,0.0,0.0,2.154e-06,4.642e-05,0.0
24457351.0,4995000000.0,5000000.0,5.0,0.0,0.0487,0.0487,0.0487,0.0487,21.428,0.032142,0.0020493,0.032142,21.428,3.2142e-07,0.0020493,3.2142e-07,0.0,0.0,0.0,0.0,2.154e-06,0.0,0.0,0.0,4.642e-09,0.0,0.0,0.0,0.0,4.642e-09,2.154e-06,0.0
24456641.0,4995000000.0,5000000.0,5.0,0.0,0.0487,0.0487,0.0487,0.0487,21.428,0.032142,0.0,0.032142,21.428,3.2142e-07,0.0,3.2142e-07,0.0,0.0,0.0,0.0,1e-11,0.0,0.0,0.0,0.001,0.0,0.0,0.0,0.0,0.001,1e-11,0.0
24459084.0,4995000000.0,5000000.0,5.0,0.0,0.0487,0.0487,0.0487,0.0487,21.428,0.11571,0.0,0.11571,21.428,1.1571e-06,0.0,1.1571e-06,0.0,0.0,0.0,0.0,0.001,0.0,0.0,0.0,0.001,0.0,0.0,0.0,0.0,0.001,0.001,0.0
24457784.0,4995000000.0,5000000.0,5.0,0.0,0.0487,0.0487,0.0487,0.0487,21.428,0.032142,0.019598,0.032142,21.428,2.9397e-05,0.019598,2.9397e-05,0.0,0.0,0.0,0.0,1e-07,0.0,0.0,0.0,2.154e-10,0.0,0.0,0.0,0.0,2.154e-10,1e-07,0.0
24457187.0,4995000000.0,5000000.0,5.0,0.0,0.0487,0.0487,0.0487,0.0487,21.428,0.032142,0.00021428,0.032142,21.428,0.0026903,0.00021428,0.0026903,0.0,0.0,0.0,0.0,2.154e-10,0.0,0.0,0.0,0.001,0.0,0.0,0.0,0.0,0.001,2.154e-10,0.0
24452160.0,4995000000.0,5000000.0,5.0,0.0,0.0487,0.0487,0.0487,0.0487,2.2307,2.2307,2.2307e-05,2.2307,2.2307,0.0,2.2307e-05,0.0,0.0,0.0,0.0,0.0,2.154e-06,0.0,0.0,0.0,4.642e-05,0.0,0.0,0.0,0.0,4.642e-05,2.154e-06,0.0
24459539.0,4995000000.0,5000000.0,5.0,0.0,0.0487,0.0487,0.0487,0.0487,21.428,0.11571,0.00021428,0.11571,21.428,0.0010067,0.00021428,0.0010067,0.0,0.0,0.0,0.0,2.154e-10,0.0,0.0,0.0,0.001,0.0,0.0,0.0,0.0,0.001,2.154e-10,0.0
24453036.0,4995000000.0,5000000.0,5.0,0.0,0.0487,0.0487,0.0487,0.0487,2.2307,2.2307,0.0020402,2.2307,2.2307,0.019407,0.0020402,0.019407,0.0,0.0,0.0,0.0,1e-07,0.0,0.0,0.0,0.001,0.0,0.0,0.0,0.0,0.001,1e-07,0.0
24459151.0,4995000000.0,5000000.0,5.0,0.0,0.0487,0.0487,0.0487,0.0487,21.428,0.11571,0.0,0.11571,21.428,0.00010583,0.0,0.00010583,0.0,0.0,0.0,0.0,4.642e-09,0.0,0.0,0.0,1e-07,0.0,0.0,0.0,0.0,1e-07,4.642e-09,0.0
24457119.0,4995000000.0,5000000.0,5.0,0.0,0.0487,0.0487,0.0487,0.0487,21.428,0.032142,0.00021428,0.032142,21.428,2.9397e-05,0.00021428,2.9397e-05,0.0,0.0,0.0,0.0,0.001,0.0,0.0,0.0,2.154e-10,0.0,0.0,0.0,0.0,2.154e-10,0.001,0.0
24457574.0,4995000000.0,5000000.0,5.0,0.0,0.0487,0.0487,0.0487,0.0487,21.428,0.032142,0.0020493,0.032142,21.428,0.025714,0.0020493,0.025714,0.0,0.0,0.0,0.0,2.154e-10,0.0,0.0,0.0,2.154e-10,0.0,0.0,0.0,0.0,2.154e-10,2.154e-10,0.0
24452832.0,4995000000.0,5000000.0,5.0,0.0,0.0487,0.0487,0.0487,0.0487,2.2307,2.2307,0.0020402,2.2307,2.2307,0.0,0.0020402,0.0,0.0,0.0,0.0,0.0,4.642e-09,0.0,0.0,0.0,4.642e-05,0.0,0.0,0.0,0.0,4.642e-05,4.642e-09,0.0
24456926.0,4995000000.0,5000000.0,5.0,0.0,0.0487,0.0487,0.0487,0.0487,21.428,0.032142,0.0,0.032142,21.428,0.025714,0.0,0.025714,0.0,0.0,0.0,0.0,0.001,0.0,0.0,0.0,2.154e-06,0.0,0.0,0.0,0.0,2.154e-06,0.001,0.0
24459426.0,4995000000.0,5000000.0,5.0,0.0,0.0487,0.0487,0.0487,0.0487,21.428,0.11571,0.00021428,0.11571,21.428,1.1571e-06,0.00021428,1.1571e-06,0.0,0.0,0.0,0.0,0.001,0.0,0.0,0.0,4.642e-05,0.0,0.0,0.0,0.0,4.642e-05,0.001,0.0
24456888.0,4995000000.0,5000000.0,5.0,0.0,0.0487,0.0487,0.0487,0.0487,21.428,0.032142,0.0,0.032142,21.428,0.025714,0.0,0.025714,0.0,0.0,0.0,0.0,2.154e-10,0.0,0.0,0.0,2.154e-10,0.0,0.0,0.0,0.0,2.154e-10,2.154e-10,0.0
24456672.0,4995000000.0,5000000.0,5.0,0.0,0.0487,0.0487,0.0487,0.0487,21.428,0.032142,0.0,0.032142,21.428,3.2142e-07,0.0,3.2142e-07,0.0,0.0,0.0,0.0,4.642e-05,0.0,0.0,0.0,4.642e-09,0.0,0.0,0.0,0.0,4.642e-09,4.642e-05,0.0
24457882.0,4995000000.0,5000000.0,5.0,0.0,0.0487,0.0487,0.0487,0.0487,21.428,0.032142,0.019598,0.032142,21.428,0.0026903,0.019598,0.0026903,0.0,0.0,0.0,0.0,1e-07,0.0,0.0,0.0,2.154e-10,0.0,0.0,0.0,0.0,2.154e-10,1e-07,0.0
24459368.0,4995000000.0,5000000.0,5.0,0.0,0.0487,0.0487,0.0487,0.0487,21.428,0.11571,0.00021428,0.11571,21.428,0.0,0.00021428,0.0,0.0,0.0,0.0,0.0,4.642e-05,0.0,0.0,0.0,1e-07,0.0,0.0,0.0,0.0,1e-07,4.642e-05,0.0
24459874.0,4995000000.0,5000000.0,5.0,0.0,0.0487,0.0487,0.0487,0.0487,21.428,0.11571,0.0020493,0.11571,21.428,0.0010067,0.0020493,0.0010067,0.0,0.0,0.0,0.0,1e-11,0.0,0.0,0.0,4.642e-05,0.0,0.0,0.0,0.0,4.642e-05,1e-11,0.0
24452860.0,4995000000.0,5000000.0,5.0,0.0,0.0487,0.0487,0.0487,0.0487,2.2307,2.2307,0.0020402,2.2307,2.2307,0.0,0.0020402,0.0,0.0,0.0,0.0,0.0,0.001,0.0,0.0,0.0,4.642e-05,0.0,0.0,0.0,0.0,4.642e-05,0.001,0.0
24452839.0,4995000000.0,5000000.0,5.0,0.0,0.0487,0.0487,0.0487,0.0487,2.2307,2.2307,0.0020402,2.2307,2.2307,0.0,0.0020402,0.0,0.0,0.0,0.0,0.0,1e-07,0.0,0.0,0.0,4.642e-05,0.0,0.0,0.0,0.0,4.642e-05,1e-07,0.0
24450197.0,4995000000.0,5000000.0,5.0,0.0,0.0487,0.0487,0.0487,0.0487,2.2307,0.60541,0.00021333,0.60541,2.2307,5.7898e-05,0.00021333,5.7898e-05,0.0,0.0,0.0,0.0,2.154e-06,0.0,0.0,0.0,4.642e-09,0.0,0.0,0.0,0.0,4.642e-09,2.154e-06,0.0
24457881.0,4995000000.0,5000000.0,5.0,0.0,0.0487,0.0487,0.0487,0.0487,21.428,0.032142,0.019598,0.032142,21.428,0.0026903,0.019598,0.0026903,0.0,0.0,0.0,0.0,1e-07,0.0,0.0,0.0,1e-11,0.0,0.0,0.0,0.0,1e-11,1e-07,0.0
24457395.0,4995000000.0,5000000.0,5.0,0.0,0.0487,0.0487,0.0487,0.0487,21.428,0.032142,0.0020493,0.032142,21.428,3.0739e-06,0.0020493,3.0739e-06,0.0,0.0,0.0,0.0,1e-07,0.0,0.0,0.0,2.154e-06,0.0,0.0,0.0,0.0,2.154e-06,1e-07,0.0
24450432.0,4995000000.0,5000000.0,5.0,0.0,0.0487,0.0487,0.0487,0.0487,2.2307,0.60541,0.0020402,0.60541,2.2307,0.0,0.0020402,0.0,0.0,0.0,0.0,0.0,4.642e-09,0.0,0.0,0.0,0.001,0.0,0.0,0.0,0.0,0.001,4.642e-09,0.0
24450459.0,4995000000.0,5000000.0,5.0,0.0,0.0487,0.0487,0.0487,0.0487,2.2307,0.60541,0.0020402,0.60541,2.2307,0.0,0.0020402,0.0,0.0,0.0,0.0,0.0,0.001,0.0,0.0,0.0,4.642e-05,0.0,0.0,0.0,0.0,4.642e-05,0.001,0.0
24459143.0,4995000000.0,5000000.0,5.0,0.0,0.0487,0.0487,0.0487,0.0487,21.428,0.11571,0.0,0.11571,21.428,0.00010583,0.0,0.00010583,0.0,0.0,0.0,0.0,2.154e-10,0.0,0.0,0.0,4.642e-09,0.0,0.0,0.0,0.0,4.642e-09,2.154e-10,0.0
24456962.0,4995000000.0,5000000.0,5.0,0.0,0.0487,0.0487,0.0487,0.0487,21.428,0.032142,0.00021428,0.032142,21.428,0.0,0.00021428,0.0,0.0,0.0,0.0,0.0,2.154e-06,0.0,0.0,0.0,4.642e-05,0.0,0.0,0.0,0.0,4.642e-05,2.154e-06,0.0
24457394.0,4995000000.0,5000000.0,5.0,0.0,0.0487,0.0487,0.0487,0.0487,21.428,0.032142,0.0020493,0.032142,21.428,3.0739e-06,0.0020493,3.0739e-06,0.0,0.0,0.0,0.0,1e-07,0.0,0.0,0.0,1e-07,0.0,0.0,0.0,0.0,1e-07,1e-07,0.0
24451928.0,4995000000.0,5000000.0,5.0,0.0,0.0487,0.0487,0.0487,0.0487,2.2307,2.2307,0.0,2.2307,2.2307,0.00021333,0.0,0.00021333,0.0,0.0,0.0,0.0,0.001,0.0,0.0,0.0,2.154e-06,0.0,0.0,0.0,0.0,2.154e-06,0.001,0.0
24450177.0,4995000000.0,5000000.0,5.0,0.0,0.0487,0.0487,0.0487,0.0487,2.2307,0.60541,0.00021333,0.60541,2.2307,5.7898e-05,0.00021333,5.7898e-05,0.0,0.0,0.0,0.0,2.154e-10,0.0,0.0,0.0,1e-07,0.0,0.0,0.0,0.0,1e-07,2.154e-10,0.0
24459424.0,4995000000.0,5000000.0,5.0,0.0,0.0487,0.0487,0.0487,0.0487,21.428,0.11571,0.00021428,0.11571,21.428,1.1571e-06,0.00021428,1.1571e-06,0.0,0.0,0.0,0.0,0.001,0.0,0.0,0.0,1e-07,0.0,0.0,0.0,0.0,1e-07,0.001,0.0
24450569.0,4995000000.0,5000000.0,5.0,0.0,0.0487,0.0487,0.0487,0.0487,2.2307,0.60541,0.0020402,0.60541,2.2307,0.00055371,0.0020402,0.00055371,0.0,0.0,0.0,0.0,2.154e-10,0.0,0.0,0.0,1e-07,0.0,0.0,0.0,0.0,1e-07,2.154e-10,0.0
24452538.0,4995000000.0,5000000.0,5.0,0.0,0.0487,0.0487,0.0487,0.0487,2.2307,2.2307,0.00021333,2.2307,2.2307,2.2307e-05,0.00021333,2.2307e-05,0.0,0.0,0.0,0.0,4.642e-09,0.0,0.0,0.0,4.642e-05,0.0,0.0,0.0,0.0,4.642e-05,4.642e-09,0.0
24459276.0,4995000000.0,5000000.0,5.0,0.0,0.0487,0.0487,0.0487,0.0487,21.428,0.11571,0.0,0.11571,21.428,0.009685,0.0,0.009685,0.0,0.0,0.0,0.0,0.001,0.0,0.0,0.0,4.642e-09,0.0,0.0,0.0,0.0,4.642e-09,0.001,0.0
24450802.0,4995000000.0,5000000.0,5.0,0.0,0.0487,0.0487,0.0487,0.0487,2.2307,0.60541,0.019407,0.60541,2.2307,0.0,0.019407,0.0,0.0,0.0,0.0,0.0,0.001,0.0,0.0,0.0,4.642e-05,0.0,0.0,0.0,0.0,4.642e-05,0.001,0.0
24450963.0,4995000000.0,5000000.0,5.0,0.0,0.0487,0.0487,0.0487,0.0487,2.2307,0.60541,0.019407,0.60541,2.2307,0.005267,0.019407,0.005267,0.0,0.0,0.0,0.0,2.154e-10,0.0,0.0,0.0,4.642e-05,0.0,0.0,0.0,0.0,4.642e-05,2.154e-10,0.0
24456814.0,4995000000.0,5000000.0,5.0,0.0,0.0487,0.0487,0.0487,0.0487,21.428,0.032142,0.0,0.032142,21.428,0.00027964,0.0,0.00027964,0.0,0.0,0.0,0.0,2.154e-06,0.0,0.0,0.0,2.154e-06,0.0,0.0,0.0,0.0,2.154e-06,2.154e-06,0.0
24459886.0,4995000000.0,5000000.0,5.0,0.0,0.0487,0.0487,0.0487,0.0487,21.428,0.11571,0.0020493,0.11571,21.428,0.0010067,0.0020493,0.0010067,0.0,0.0,0.0,0.0,4.642e-09,0.0,0.0,0.0,1e-07,0.0,0.0,0.0,0.0,1e-07,4.642e-09,0.0
24457414.0,4995000000.0,5000000.0,5.0,0.0,0.0487,0.0487,0.0487,0.0487,21.428,0.032142,0.0020493,0.032142,21.428,3.0739e-06,0.0020493,3.0739e-06,0.0,0.0,0.0,0.0,0.001,0.0,0.0,0.0,4.642e-09,0.0,0.0,0.0,0.0,4.642e-09,0.001,0.0
24456960.0,4995000000.0,5000000.0,5.0,0.0,0.0487,0.0487,0.0487,0.0487,21.428,0.032142,0.00021428,0.032142,21.428,0.0,0.00021428,0.0,0.0,0.0,0.0,0.0,2.154e-06,0.0,0.0,0.0,1e-07,0.0,0.0,0.0,0.0,1e-07,2.154e-06,0.0
24457509.0,4995000000.0,5000000.0,5.0,0.0,0.0487,0.0487,0.0487,0.0487,21.428,0.032142,0.0020493,0.032142,21.428,0.00027964,0.0020493,0.00027964,0.0,0.0,0.0,0.0,4.642e-05,0.0,0.0,0.0,0.001,0.0,0.0,0.0,0.0,0.001,4.642e-05,0.0
24457672.0,4995000000.0,5000000.0,5.0,0.0,0.0487,0.0487,0.0487,0.0487,21.428,0.032142,0.019598,0.032142,21.428,3.2142e-07,0.019598,3.2142e-07,0.0,0.0,0.0,0.0,2.154e-10,0.0,0.0,0.0,2.154e-10,0.0,0.0,0.0,0.0,2.154e-10,2.154e-10,0.0
24457276.0,4995000000.0,5000000.0,5.0,0.0,0.0487,0.0487,0.0487,0.0487,21.428,0.032142,0.0020493,0.032142,21.428,0.0,0.0020493,0.0,0.0,0.0,0.0,0.0,1e-11,0.0,0.0,0.0,2.154e-06,0.0,0.0,0.0,0.0,2.154e-06,1e-11,0.0
24450568.0,4995000000.0,5000000.0,5.0,0.0,0.0487,0.0487,0.0487,0.0487,2.2307,0.60541,0.0020402,0.60541,2.2307,0.00055371,0.0020402,0.00055371,0.0,0.0,0.0,0.0,2.154e-10,0.0,0.0,0.0,4.642e-09,0.0,0.0,0.0,0.0,4.642e-09,2.154e-10,0.0
24451832.0,4995000000.0,5000000.0,5.0,0.0,0.0487,0.0487,0.0487,0.0487,2.2307,2.2307,0.0,2.2307,2.2307,0.0,0.0,0.0,0.0,0.0,0.0,0.0,0.001,0.0,0.0,0.0,0.001,0.0,0.0,0.0,0.0,0.001,0.001,0.0
24456602.0,4995000000.0,5000000.0,5.0,0.0,0.0487,0.0487,0.0487,0.0487,21.428,0.032142,0.0,0.032142,21.428,0.0,0.0,0.0,0.0,0.0,0.0,0.0,4.642e-09,0.0,0.0,0.0,4.642e-09,0.0,0.0,0.0,0.0,4.642e-09,4.642e-09,0.0
24459705.0,4995000000.0,5000000.0,5.0,0.0,0.0487,0.0487,0.0487,0.0487,21.428,0.11571,0.0020493,0.11571,21.428,0.0,0.0020493,0.0,0.0,0.0,0.0,0.0,2.154e-06,0.0,0.0,0.0,2.154e-06,0.0,0.0,0.0,0.0,2.154e-06,2.154e-06,0.0
24450759.0,4995000000.0,5000000.0,5.0,0.0,0.0487,0.0487,0.0487,0.0487,2.2307,0.60541,0.019407,0.60541,2.2307,0.0,0.019407,0.0,0.0,0.0,0.0,0.0,1e-11,0.0,0.0,0.0,2.154e-06,0.0,0.0,0.0,0.0,2.154e-06,1e-11,0.0
24456652.0,4995000000.0,5000000.0,5.0,0.0,0.0487,0.0487,0.0487,0.0487,21.428,0.032142,0.0,0.032142,21.428,3.2142e-07,0.0,3.2142e-07,0.0,0.0,0.0,0.0,4.642e-09,0.0,0.0,0.0,1e-07,0.0,0.0,0.0,0.0,1e-07,4.642e-09,0.0
24457334.0,4995000000.0,5000000.0,5.0,0.0,0.0487,0.0487,0.0487,0.0487,21.428,0.032142,0.0020493,0.032142,21.428,3.2142e-07,0.0020493,3.2142e-07,0.0,0.0,0.0,0.0,2.154e-10,0.0,0.0,0.0,0.001,0.0,0.0,0.0,0.0,0.001,2.154e-10,0.0
24456989.0,4995000000.0,5000000.0,5.0,0.0,0.0487,0.0487,0.0487,0.0487,21.428,0.032142,0.00021428,0.032142,21.428,3.2142e-07,0.00021428,3.2142e-07,0.0,0.0,0.0,0.0,2.154e-10,0.0,0.0,0.0,2.154e-06,0.0,0.0,0.0,0.0,2.154e-06,2.154e-10,0.0
24456877.0,4995000000.0,5000000.0,5.0,0.0,0.0487,0.0487,0.0487,0.0487,21.428,0.032142,0.0,0.032142,21.428,0.0026903,0.0,0.0026903,0.0,0.0,0.0,0.0,0.001,0.0,0.0,0.0,2.154e-06,0.0,0.0,0.0,0.0,2.154e-06,0.001,0.0
24457219.0,4995000000.0,5000000.0,5.0,0.0,0.0487,0.0487,0.0487,0.0487,21.428,0.032142,0.00021428,0.032142,21.428,0.0026903,0.00021428,0.0026903,0.0,0.0,0.0,0.0,0.001,0.0,0.0,0.0,1e-07,0.0,0.0,0.0,0.0,1e-07,0.001,0.0
24457047.0,4995000000.0,5000000.0,5.0,0.0,0.0487,0.0487,0.0487,0.0487,21.428,0.032142,0.00021428,0.032142,21.428,3.0739e-06,0.00021428,3.0739e-06,0.0,0.0,0.0,0.0,4.642e-09,0.0,0.0,0.0,0.001,0.0,0.0,0.0,0.0,0.001,4.642e-09,0.0
24459027.0,4995000000.0,5000000.0,5.0,0.0,0.0487,0.0487,0.0487,0.0487,21.428,0.11571,0.0,0.11571,21.428,0.0,0.0,0.0,0.0,0.0,0.0,0.0,4.642e-05,0.0,0.0,0.0,4.642e-05,0.0,0.0,0.0,0.0,4.642e-05,4.642e-05,0.0
24459587.0,4995000000.0,5000000.0,5.0,0.0,0.0487,0.0487,0.0487,0.0487,21.428,0.11571,0.00021428,0.11571,21.428,0.009685,0.00021428,0.009685,0.0,0.0,0.0,0.0,2.154e-10,0.0,0.0,0.0,4.642e-05,0.0,0.0,0.0,0.0,4.642e-05,2.154e-10,0.0
24457634.0,4995000000.0,5000000.0,5.0,0.0,0.0487,0.0487,0.0487,0.0487,21.428,0.032142,0.019598,0.032142,21.428,0.0,0.019598,0.0,0.0,0.0,0.0,0.0,4.642e-09,0.0,0.0,0.0,4.642e-05,0.0,0.0,0.0,0.0,4.642e-05,4.642e-09,0.0
24456872.0,4995000000.0,5000000.0,5.0,0.0,0.0487,0.0487,0.0487,0.0487,21.428,0.032142,0.0,0.032142,21.428,0.0026903,0.0,0.0026903,0.0,0.0,0.0,0.0,4.642e-05,0.0,0.0,0.0,0.001,0.0,0.0,0.0,0.0,0.001,4.642e-05,0.0
24453293.0,4995000000.0,5000000.0,5.0,0.0,0.0487,0.0487,0.0487,0.0487,2.2307,2.2307,0.019407,2.2307,2.2307,0.00021333,0.019407,0.00021333,0.0,0.0,0.0,0.0,4.642e-05,0.0,0.0,0.0,2.154e-06,0.0,0.0,0.0,0.0,2.154e-06,4.642e-05,0.0
24459087.0,4995000000.0,5000000.0,5.0,0.0,0.0487,0.0487,0.0487,0.0487,21.428,0.11571,0.0,0.11571,21.428,1.1066e-05,0.0,1.1066e-05,0.0,0.0,0.0,0.0,1e-11,0.0,0.0,0.0,4.642e-09,0.0,0.0,0.0,0.0,4.642e-09,1e-11,0.0
24457117.0,4995000000.0,5000000.0,5.0,0.0,0.0487,0.0487,0.0487,0.0487,21.428,0.032142,0.00021428,0.032142,21.428,2.9397e-05,0.00021428,2.9397e-05,0.0,0.0,0.0,0.0,4.642e-05,0.0,0.0,0.0,0.001,0.0,0.0,0.0,0.0,0.001,4.642e-05,0.0
24457480.0,4995000000.0,5000000.0,5.0,0.0,0.0487,0.0487,0.0487,0.0487,21.428,0.032142,0.0020493,0.032142,21.428,0.00027964,0.0020493,0.00027964,0.0,0.0,0.0,0.0,2.154e-10,0.0,0.0,0.0,4.642e-05,0.0,0.0,0.0,0.0,4.642e-05,2.154e-10,0.0
24457767.0,4995000000.0,5000000.0,5.0,0.0,0.0487,0.0487,0.0487,0.0487,21.428,0.032142,0.019598,0.032142,21.428,2.9397e-05,0.019598,2.9397e-05,0.0,0.0,0.0,0.0,1e-11,0.0,0.0,0.0,4.642e-05,0.0,0.0,0.0,0.0,4.642e-05,1e-11,0.0
24457794.0,4995000000.0,5000000.0,5.0,0.0,0.0487,0.0487,0.0487,0.0487,21.428,0.032142,0.019598,0.032142,21.428,2.9397e-05,0.019598,2.9397e-05,0.0,0.0,0.0,0.0,2.154e-06,0.0,0.0,0.0,2.154e-06,0.0,0.0,0.0,0.0,2.154e-06,2.154e-06,0.0
24459749.0,4995000000.0,5000000.0,5.0,0.0,0.0487,0.0487,0.0487,0.0487,21.428,0.11571,0.0020493,0.11571,21.428,1.1571e-06,0.0020493,1.1571e-06,0.0,0.0,0.0,0.0,1e-07,0.0,0.0,0.0,0.001,0.0,0.0,0.0,0.0,0.001,1e-07,0.0
24459812.0,4995000000.0,5000000.0,5.0,0.0,0.0487,0.0487,0.0487,0.0487,21.428,0.11571,0.0020493,0.11571,21.428,1.1066e-05,0.0020493,1.1066e-05,0.0,0.0,0.0,0.0,4.642e-05,0.0,0.0,0.0,0.001,0.0,0.0,0.0,0.0,0.001,4.642e-05,0.0
24459111.0,4995000000.0,5000000.0,5.0,0.0,0.0487,0.0487,0.0487,0.0487,21.428,0.11571,0.0,0.11571,21.428,1.1066e-05,0.0,1.1066e-05,0.0,0.0,0.0,0.0,1e-07,0.0,0.0,0.0,4.642e-05,0.0,0.0,0.0,0.0,4.642e-05,1e-07,0.0
24459577.0,4995000000.0,5000000.0,5.0,0.0,0.0487,0.0487,0.0487,0.0487,21.428,0.11571,0.00021428,0.11571,21.428,0.009685,0.00021428,0.009685,0.0,0.0,0.0,0.0,1e-11,0.0,0.0,0.0,4.642e-09,0.0,0.0,0.0,0.0,4.642e-09,1e-11,0.0
24457613.0,4995000000.0,5000000.0,5.0,0.0,0.0487,0.0487,0.0487,0.0487,21.428,0.032142,0.0020493,0.032142,21.428,0.025714,0.0020493,0.025714,0.0,0.0,0.0,0.0,0.001,0.0,0.0,0.0,4.642e-05,0.0,0.0,0.0,0.0,4.642e-05,0.001,0.0
24453197.0,4995000000.0,5000000.0,5.0,0.0,0.0487,0.0487,0.0487,0.0487,2.2307,2.2307,0.019407,2.2307,2.2307,0.0,0.019407,0.0,0.0,0.0,0.0,0.0,4.642e-05,0.0,0.0,0.0,0.001,0.0,0.0,0.0,0.0,0.001,4.642e-05,0.0
24459146.0,4995000000.0,5000000.0,5.0,0.0,0.0487,0.0487,0.0487,0.0487,21.428,0.11571,0.0,0.11571,21.428,0.00010583,0.0,0.00010583,0.0,0.0,0.0,0.0,2.154e-10,0.0,0.0,0.0,4.642e-05,0.0,0.0,0.0,0.0,4.642e-05,2.154e-10,0.0
24457791.0,4995000000.0,5000000.0,5.0,0.0,0.0487,0.0487,0.0487,0.0487,21.428,0.032142,0.019598,0.032142,21.428,2.9397e-05,0.019598,2.9397e-05,0.0,0.0,0.0,0.0,2.154e-06,0.0,0.0,0.0,2.154e-10,0.0,0.0,0.0,0.0,2.154e-10,2.154e-06,0.0
24453299.0,4995000000.0,5000000.0,5.0,0.0,0.0487,0.0487,0.0487,0.0487,2.2307,2.2307,0.019407,2.2307,2.2307,0.00021333,0.019407,0.00021333,0.0,0.0,0.0,0.0,0.001,0.0,0.0,0.0,1e-07,0.0,0.0,0.0,0.0,1e-07,0.001,0.0
24450809.0,4995000000.0,5000000.0,5.0,0.0,0.0487,0.0487,0.0487,0.0487,2.2307,0.60541,0.019407,0.60541,2.2307,6.0541e-06,0.019407,6.0541e-06,0.0,0.0,0.0,0.0,1e-11,0.0,0.0,0.0,4.642e-05,0.0,0.0,0.0,0.0,4.642e-05,1e-11,0.0
24459384.0,4995000000.0,5000000.0,5.0,0.0,0.0487,0.0487,0.0487,0.0487,21.428,0.11571,0.00021428,0.11571,21.428,1.1571e-06,0.00021428,1.1571e-06,0.0,0.0,0.0,0.0,1e-11,0.0,0.0,0.0,4.642e-05,0.0,0.0,0.0,0.0,4.642e-05,1e-11,0.0
24459279.0,4995000000.0,5000000.0,5.0,0.0,0.0487,0.0487,0.0487,0.0487,21.428,0.11571,0.0,0.11571,21.428,0.009685,0.0,0.009685,0.0,0.0,0.0,0.0,0.001,0.0,0.0,0.0,4.642e-05,0.0,0.0,0.0,0.0,4.642e-05,0.001,0.0
24459160.0,4995000000.0,5000000.0,5.0,0.0,0.0487,0.0487,0.0487,0.0487,21.428,0.11571,0.0,0.11571,21.428,0.00010583,0.0,0.00010583,0.0,0.0,0.0,0.0,1e-07,0.0,0.0,0.0,4.642e-05,0.0,0.0,0.0,0.0,4.642e-05,1e-07,0.0
24457413.0,4995000000.0,5000000.0,5.0,0.0,0.0487,0.0487,0.0487,0.0487,21.428,0.032142,0.0020493,0.032142,21.428,3.0739e-06,0.0020493,3.0739e-06,0.0,0.0,0.0,0.0,0.001,0.0,0.0,0.0,2.154e-10,0.0,0.0,0.0,0.0,2.154e-10,0.001,0.0
24457364.0,4995000000.0,5000000.0,5.0,0.0,0.0487,0.0487,0.0487,0.0487,21.428,0.032142,0.0020493,0.032142,21.428,3.2142e-07,0.0020493,3.2142e-07,0.0,0.0,0.0,0.0,0.001,0.0,0.0,0.0,2.154e-10,0.0,0.0,0.0,0.0,2.154e-10,0.001,0.0
24457104.0,4995000000.0,5000000.0,5.0,0.0,0.0487,0.0487,0.0487,0.0487,21.428,0.032142,0.00021428,0.032142,21.428,2.9397e-05,0.00021428,2.9397e-05,0.0,0.0,0.0,0.0,2.154e-06,0.0,0.0,0.0,1e-11,0.0,0.0,0.0,0.0,1e-11,2.154e-06,0.0
24457470.0,4995000000.0,5000000.0,5.0,0.0,0.0487,0.0487,0.0487,0.0487,21.428,0.032142,0.0020493,0.032142,21.428,0.00027964,0.0020493,0.00027964,0.0,0.0,0.0,0.0,1e-11,0.0,0.0,0.0,4.642e-09,0.0,0.0,0.0,0.0,4.642e-09,1e-11,0.0
24457466.0,4995000000.0,5000000.0,5.0,0.0,0.0487,0.0487,0.0487,0.0487,21.428,0.032142,0.0020493,0.032142,21.428,2.9397e-05,0.0020493,2.9397e-05,0.0,0.0,0.0,0.0,0.001,0.0,0.0,0.0,4.642e-05,0.0,0.0,0.0,0.0,4.642e-05,0.001,0.0
24457560.0,4995000000.0,5000000.0,5.0,0.0,0.0487,0.0487,0.0487,0.0487,21.428,0.032142,0.0020493,0.032142,21.428,0.0026903,0.0020493,0.0026903,0.0,0.0,0.0,0.0,0.001,0.0,0.0,0.0,2.154e-10,0.0,0.0,0.0,0.0,2.154e-10,0.001,0.0
24459167.0,4995000000.0,5000000.0,5.0,0.0,0.0487,0.0487,0.0487,0.0487,21.428,0.11571,0.0,0.11571,21.428,0.00010583,0.0,0.00010583,0.0,0.0,0.0,0.0,2.154e-06,0.0,0.0,0.0,4.642e-05,0.0,0.0,0.0,0.0,4.642e-05,2.154e-06,0.0
24459154.0,4995000000.0,5000000.0,5.0,0.0,0.0487,0.0487,0.0487,0.0487,21.428,0.11571,0.0,0.11571,21.428,0.00010583,0.0,0.00010583,0.0,0.0,0.0,0.0,4.642e-09,0.0,0.0,0.0,0.001,0.0,0.0,0.0,0.0,0.001,4.642e-09,0.0
24457011.0,4995000000.0,5000000.0,5.0,0.0,0.0487,0.0487,0.0487,0.0487,21.428,0.032142,0.00021428,0.032142,21.428,3.2142e-07,0.00021428,3.2142e-07,0.0,0.0,0.0,0.0,2.154e-06,0.0,0.0,0.0,4.642e-05,0.0,0.0,0.0,0.0,4.642e-05,2.154e-06,0.0
24457023.0,4995000000.0,5000000.0,5.0,0.0,0.0487,0.0487,0.0487,0.0487,21.428,0.032142,0.00021428,0.032142,21.428,3.2142e-07,0.00021428,3.2142e-07,0.0,0.0,0.0,0.0,0.001,0.0,0.0,0.0,1e-07,0.0,0.0,0.0,0.0,1e-07,0.001,0.0
24456933.0,4995000000.0,5000000.0,5.0,0.0,0.0487,0.0487,0.0487,0.0487,21.428,0.032142,0.00021428,0.032142,21.428,0.0,0.00021428,0.0,0.0,0.0,0.0,0.0,1e-11,0.0,0.0,0.0,2.154e-06,0.0,0.0,0.0,0.0,2.154e-06,1e-11,0.0
24459592.0,4995000000.0,5000000.0,5.0,0.0,0.0487,0.0487,0.0487,0.0487,21.428,0.11571,0.00021428,0.11571,21.428,0.009685,0.00021428,0.009685,0.0,0.0,0.0,0.0,4.642e-09,0.0,0.0,0.0,1e-07,0.0,0.0,0.0,0.0,1e-07,4.642e-09,0.0
24456738.0,4995000000.0,5000000.0,5.0,0.0,0.0487,0.0487,0.0487,0.0487,21.428,0.032142,0.0,0.032142,21.428,2.9397e-05,0.0,2.9397e-05,0.0,0.0,0.0,0.0,1e-11,0.0,0.0,0.0,4.642e-05,0.0,0.0,0.0,0.0,4.642e-05,1e-11,0.0
24459017.0,4995000000.0,5000000.0,5.0,0.0,0.0487,0.0487,0.0487,0.0487,21.428,0.11571,0.0,0.11571,21.428,0.0,0.0,0.0,0.0,0.0,0.0,0.0,2.154e-06,0.0,0.0,0.0,4.642e-09,0.0,0.0,0.0,0.0,4.642e-09,2.154e-06,0.0
24450808.0,4995000000.0,5000000.0,5.0,0.0,0.0487,0.0487,0.0487,0.0487,2.2307,0.60541,0.019407,0.60541,2.2307,6.0541e-06,0.019407,6.0541e-06,0.0,0.0,0.0,0.0,1e-11,0.0,0.0,0.0,2.154e-06,0.0,0.0,0.0,0.0,2.154e-06,1e-11,0.0
24452663.0,4995000000.0,5000000.0,5.0,0.0,0.0487,0.0487,0.0487,0.0487,2.2307,2.2307,0.00021333,2.2307,2.2307,0.0020402,0.00021333,0.0020402,0.0,0.0,0.0,0.0,0.001,0.0,0.0,0.0,2.154e-06,0.0,0.0,0.0,0.0,2.154e-06,0.001,0.0
24459035.0,4995000000.0,5000000.0,5.0,0.0,0.0487,0.0487,0.0487,0.0487,21.428,0.11571,0.0,0.11571,21.428,0.0,0.0,0.0,0.0,0.0,0.0,0.0,0.001,0.0,0.0,0.0,0.001,0.0,0.0,0.0,0.0,0.001,0.001,0.0
24450635.0,4995000000.0,5000000.0,5.0,0.0,0.0487,0.0487,0.0487,0.0487,2.2307,0.60541,0.0020402,0.60541,2.2307,0.005267,0.0020402,0.005267,0.0,0.0,0.0,0.0,1e-07,0.0,0.0,0.0,0.001,0.0,0.0,0.0,0.0,0.001,1e-07,0.0
24457007.0,4995000000.0,5000000.0,5.0,0.0,0.0487,0.0487,0.0487,0.0487,21.428,0.032142,0.00021428,0.032142,21.428,3.2142e-07,0.00021428,3.2142e-07,0.0,0.0,0.0,0.0,2.154e-06,0.0,0.0,0.0,2.154e-10,0.0,0.0,0.0,0.0,2.154e-10,2.154e-06,0.0
24459875.0,4995000000.0,5000000.0,5.0,0.0,0.0487,0.0487,0.0487,0.0487,21.428,0.11571,0.0020493,0.11571,21.428,0.0010067,0.0020493,0.0010067,0.0,0.0,0.0,0.0,1e-11,0.0,0.0,0.0,0.001,0.0,0.0,0.0,0.0,0.001,1e-11,0.0
24457545.0,4995000000.0,5000000.0,5.0,0.0,0.0487,0.0487,0.0487,0.0487,21.428,0.032142,0.0020493,0.032142,21.428,0.0026903,0.0020493,0.0026903,0.0,0.0,0.0,0.0,2.154e-06,0.0,0.0,0.0,1e-11,0.0,0.0,0.0,0.0,1e-11,2.154e-06,0.0
24457566.0,4995000000.0,5000000.0,5.0,0.0,0.0487,0.0487,0.0487,0.0487,21.428,0.032142,0.0020493,0.032142,21.428,0.025714,0.0020493,0.025714,0.0,0.0,0.0,0.0,1e-11,0.0,0.0,0.0,1e-11,0.0,0.0,0.0,0.0,1e-11,1e-11,0.0
24457645.0,4995000000.0,5000000.0,5.0,0.0,0.0487,0.0487,0.0487,0.0487,21.428,0.032142,0.019598,0.032142,21.428,0.0,0.019598,0.0,0.0,0.0,0.0,0.0,2.154e-06,0.0,0.0,0.0,4.642e-09,0.0,0.0,0.0,0.0,4.642e-09,2.154e-06,0.0
24450598.0,4995000000.0,5000000.0,5.0,0.0,0.0487,0.0487,0.0487,0.0487,2.2307,0.60541,0.0020402,0.60541,2.2307,0.00055371,0.0020402,0.00055371,0.0,0.0,0.0,0.0,4.642e-05,0.0,0.0,0.0,2.154e-06,0.0,0.0,0.0,0.0,2.154e-06,4.642e-05,0.0
24457417.0,4995000000.0,5000000.0,5.0,0.0,0.0487,0.0487,0.0487,0.0487,21.428,0.032142,0.0020493,0.032142,21.428,3.0739e-06,0.0020493,3.0739e-06,0.0,0.0,0.0,0.0,0.001,0.0,0.0,0.0,4.642e-05,0.0,0.0,0.0,0.0,4.642e-05,0.001,0.0
24459473.0,4995000000.0,5000000.0,5.0,0.0,0.0487,0.0487,0.0487,0.0487,21.428,0.11571,0.00021428,0.11571,21.428,1.1066e-05,0.00021428,1.1066e-05,0.0,0.0,0.0,0.0,0.001,0.0,0.0,0.0,1e-07,0.0,0.0,0.0,0.0,1e-07,0.001,0.0
24459713.0,4995000000.0,5000000.0,5.0,0.0,0.0487,0.0487,0.0487,0.0487,21.428,0.11571,0.0020493,0.11571,21.428,0.0,0.0020493,0.0,0.0,0.0,0.0,0.0,4.642e-05,0.0,0.0,0.0,4.642e-05,0.0,0.0,0.0,0.0,4.642e-05,4.642e-05,0.0
24450956.0,4995000000.0,5000000.0,5.0,0.0,0.0487,0.0487,0.0487,0.0487,2.2307,0.60541,0.019407,0.60541,2.2307,0.005267,0.019407,0.005267,0.0,0.0,0.0,0.0,1e-11,0.0,0.0,0.0,4.642e-05,0.0,0.0,0.0,0.0,4.642e-05,1e-11,0.0
24457588.0,4995000000.0,5000000.0,5.0,0.0,0.0487,0.0487,0.0487,0.0487,21.428,0.032142,0.0020493,0.032142,21.428,0.025714,0.0020493,0.025714,0.0,0.0,0.0,0.0,1e-07,0.0,0.0,0.0,2.154e-10,0.0,0.0,0.0,0.0,2.154e-10,1e-07,0.0
24452182.0,4995000000.0,5000000.0,5.0,0.0,0.0487,0.0487,0.0487,0.0487,2.2307,2.2307,2.2307e-05,2.2307,2.2307,2.2307e-05,2.2307e-05,2.2307e-05,0.0,0.0,0.0,0.0,1e-11,0.0,0.0,0.0,0.001,0.0,0.0,0.0,0.0,0.001,1e-11,0.0
24459606.0,4995000000.0,5000000.0,5.0,0.0,0.0487,0.0487,0.0487,0.0487,21.428,0.11571,0.00021428,0.11571,21.428,0.009685,0.00021428,0.009685,0.0,0.0,0.0,0.0,2.154e-06,0.0,0.0,0.0,1e-07,0.0,0.0,0.0,0.0,1e-07,2.154e-06,0.0
24457438.0,4995000000.0,5000000.0,5.0,0.0,0.0487,0.0487,0.0487,0.0487,21.428,0.032142,0.0020493,0.032142,21.428,2.9397e-05,0.0020493,2.9397e-05,0.0,0.0,0.0,0.0,4.642e-09,0.0,0.0,0.0,4.642e-05,0.0,0.0,0.0,0.0,4.642e-05,4.642e-09,0.0
24456686.0,4995000000.0,5000000.0,5.0,0.0,0.0487,0.0487,0.0487,0.0487,21.428,0.032142,0.0,0.032142,21.428,3.0739e-06,0.0,3.0739e-06,0.0,0.0,0.0,0.0,1e-11,0.0,0.0,0.0,4.642e-09,0.0,0.0,0.0,0.0,4.642e-09,1e-11,0.0
24450474.0,4995000000.0,5000000.0,5.0,0.0,0.0487,0.0487,0.0487,0.0487,2.2307,0.60541,0.0020402,0.60541,2.2307,6.0541e-06,0.0020402,6.0541e-06,0.0,0.0,0.0,0.0,2.154e-10,0.0,0.0,0.0,0.001,0.0,0.0,0.0,0.0,0.001,2.154e-10,0.0
24456964.0,4995000000.0,5000000.0,5.0,0.0,0.0487,0.0487,0.0487,0.0487,21.428,0.032142,0.00021428,0.032142,21.428,0.0,0.00021428,0.0,0.0,0.0,0.0,0.0,4.642e-05,0.0,0.0,0.0,1e-11,0.0,0.0,0.0,0.0,1e-11,4.642e-05,0.0
24457630.0,4995000000.0,5000000.0,5.0,0.0,0.0487,0.0487,0.0487,0.0487,21.428,0.032142,0.019598,0.032142,21.428,0.0,0.019598,0.0,0.0,0.0,0.0,0.0,4.642e-09,0.0,0.0,0.0,2.154e-10,0.0,0.0,0.0,0.0,2.154e-10,4.642e-09,0.0
24457115.0,4995000000.0,5000000.0,5.0,0.0,0.0487,0.0487,0.0487,0.0487,21.428,0.032142,0.00021428,0.032142,21.428,2.9397e-05,0.00021428,2.9397e-05,0.0,0.0,0.0,0.0,4.642e-05,0.0,0.0,0.0,2.154e-06,0.0,0.0,0.0,0.0,2.154e-06,4.642e-05,0.0
24459126.0,4995000000.0,5000000.0,5.0,0.0,0.0487,0.0487,0.0487,0.0487,21.428,0.11571,0.0,0.11571,21.428,1.1066e-05,0.0,1.1066e-05,0.0,0.0,0.0,0.0,4.642e-05,0.0,0.0,0.0,0.001,0.0,0.0,0.0,0.0,0.001,4.642e-05,0.0
24459843.0,4995000000.0,5000000.0,5.0,0.0,0.0487,0.0487,0.0487,0.0487,21.428,0.11571,0.0020493,0.11571,21.428,0.00010583,0.0020493,0.00010583,0.0,0.0,0.0,0.0,1e-07,0.0,0.0,0.0,4.642e-09,0.0,0.0,0.0,0.0,4.642e-09,1e-07,0.0
24457909.0,4995000000.0,5000000.0,5.0,0.0,0.0487,0.0487,0.0487,0.0487,21.428,0.032142,0.019598,0.032142,21.428,0.025714,0.019598,0.025714,0.0,0.0,0.0,0.0,1e-11,0.0,0.0,0.0,1e-11,0.0,0.0,0.0,0.0,1e-11,1e-11,0.0
24452287.0,4995000000.0,5000000.0,5.0,0.0,0.0487,0.0487,0.0487,0.0487,2.2307,2.2307,2.2307e-05,2.2307,2.2307,0.0020402,2.2307e-05,0.0020402,0.0,0.0,0.0,0.0,2.154e-10,0.0,0.0,0.0,0.001,0.0,0.0,0.0,0.0,0.001,2.154e-10,0.0
24450278.0,4995000000.0,5000000.0,5.0,0.0,0.0487,0.0487,0.0487,0.0487,2.2307,0.60541,0.00021333,0.60541,2.2307,0.005267,0.00021333,0.005267,0.0,0.0,0.0,0.0,2.154e-10,0.0,0.0,0.0,0.001,0.0,0.0,0.0,0.0,0.001,2.154e-10,0.0
24450619.0,4995000000.0,5000000.0,5.0,0.0,0.0487,0.0487,0.0487,0.0487,2.2307,0.60541,0.0020402,0.60541,2.2307,0.005267,0.0020402,0.005267,0.0,0.0,0.0,0.0,2.154e-10,0.0,0.0,0.0,2.154e-06,0.0,0.0,0.0,0.0,2.154e-06,2.154e-10,0.0
24453336.0,4995000000.0,5000000.0,5.0,0.0,0.0487,0.0487,0.0487,0.0487,2.2307,2.2307,0.019407,2.2307,2.2307,0.0020402,0.019407,0.0020402,0.0,0.0,0.0,0.0,2.154e-06,0.0,0.0,0.0,4.642e-05,0.0,0.0,0.0,0.0,4.642e-05,2.154e-06,0.0
24456782.0,4995000000.0,5000000.0,5.0,0.0,0.0487,0.0487,0.0487,0.0487,21.428,0.032142,0.0,0.032142,21.428,0.00027964,0.0,0.00027964,0.0,0.0,0.0,0.0,1e-11,0.0,0.0,0.0,1e-11,0.0,0.0,0.0,0.0,1e-11,1e-11,0.0
24450172.0,4995000000.0,5000000.0,5.0,0.0,0.0487,0.0487,0.0487,0.0487,2.2307,0.60541,0.00021333,0.60541,2.2307,5.7898e-05,0.00021333,5.7898e-05,0.0,0.0,0.0,0.0,1e-11,0.0,0.0,0.0,4.642e-05,0.0,0.0,0.0,0.0,4.642e-05,1e-11,0.0
24450631.0,4995000000.0,5000000.0,5.0,0.0,0.0487,0.0487,0.0487,0.0487,2.2307,0.60541,0.0020402,0.60541,2.2307,0.005267,0.0020402,0.005267,0.0,0.0,0.0,0.0,1e-07,0.0,0.0,0.0,4.642e-09,0.0,0.0,0.0,0.0,4.642e-09,1e-07,0.0
24459070.0,4995000000.0,5000000.0,5.0,0.0,0.0487,0.0487,0.0487,0.0487,21.428,0.11571,0.0,0.11571,21.428,1.1571e-06,0.0,1.1571e-06,0.0,0.0,0.0,0.0,2.154e-06,0.0,0.0,0.0,0.001,0.0,0.0,0.0,0.0,0.001,2.154e-06,0.0
24459213.0,4995000000.0,5000000.0,5.0,0.0,0.0487,0.0487,0.0487,0.0487,21.428,0.11571,0.0,0.11571,21.428,0.0010067,0.0,0.0010067,0.0,0.0,0.0,0.0,2.154e-06,0.0,0.0,0.0,4.642e-09,0.0,0.0,0.0,0.0,4.642e-09,2.154e-06,0.0
24452567.0,4995000000.0,5000000.0,5.0,0.0,0.0487,0.0487,0.0487,0.0487,2.2307,2.2307,0.00021333,2.2307,2.2307,2.2307e-05,0.00021333,2.2307e-05,0.0,0.0,0.0,0.0,0.001,0.0,0.0,0.0,0.001,0.0,0.0,0.0,0.0,0.001,0.001,0.0
24459578.0,4995000000.0,5000000.0,5.0,0.0,0.0487,0.0487,0.0487,0.0487,21.428,0.11571,0.00021428,0.11571,21.428,0.009685,0.00021428,0.009685,0.0,0.0,0.0,0.0,1e-11,0.0,0.0,0.0,1e-07,0.0,0.0,0.0,0.0,1e-07,1e-11,0.0
24457687.0,4995000000.0,5000000.0,5.0,0.0,0.0487,0.0487,0.0487,0.0487,21.428,0.032142,0.019598,0.032142,21.428,3.2142e-07,0.019598,3.2142e-07,0.0,0.0,0.0,0.0,1e-07,0.0,0.0,0.0,4.642e-09,0.0,0.0,0.0,0.0,4.642e-09,1e-07,0.0
24459244.0,4995000000.0,5000000.0,5.0,0.0,0.0487,0.0487,0.0487,0.0487,21.428,0.11571,0.0,0.11571,21.428,0.009685,0.0,0.009685,0.0,0.0,0.0,0.0,2.154e-10,0.0,0.0,0.0,4.642e-05,0.0,0.0,0.0,0.0,4.642e-05,2.154e-10,0.0
24456745.0,4995000000.0,5000000.0,5.0,0.0,0.0487,0.0487,0.0487,0.0487,21.428,0.032142,0.0,0.032142,21.428,2.9397e-05,0.0,2.9397e-05,0.0,0.0,0.0,0.0,2.154e-10,0.0,0.0,0.0,4.642e-05,0.0,0.0,0.0,0.0,4.642e-05,2.154e-10,0.0
24457778.0,4995000000.0,5000000.0,5.0,0.0,0.0487,0.0487,0.0487,0.0487,21.428,0.032142,0.019598,0.032142,21.428,2.9397e-05,0.019598,2.9397e-05,0.0,0.0,0.0,0.0,4.642e-09,0.0,0.0,0.0,4.642e-09,0.0,0.0,0.0,0.0,4.642e-09,4.642e-09,0.0
24452322.0,4995000000.0,5000000.0,5.0,0.0,0.0487,0.0487,0.0487,0.0487,2.2307,2.2307,2.2307e-05,2.2307,2.2307,0.0020402,2.2307e-05,0.0020402,0.0,0.0,0.0,0.0,0.001,0.0,0.0,0.0,0.001,0.0,0.0,0.0,0.0,0.001,0.001,0.0
24450885.0,4995000000.0,5000000.0,5.0,0.0,0.0487,0.0487,0.0487,0.0487,2.2307,0.60541,0.019407,0.60541,2.2307,5.7898e-05,0.019407,5.7898e-05,0.0,0.0,0.0,0.0,2.154e-06,0.0,0.0,0.0,2.154e-06,0.0,0.0,0.0,0.0,2.154e-06,2.154e-06,0.0
24459248.0,4995000000.0,5000000.0,5.0,0.0,0.0487,0.0487,0.0487,0.0487,21.428,0.11571,0.0,0.11571,21.428,0.009685,0.0,0.009685,0.0,0.0,0.0,0.0,4.642e-09,0.0,0.0,0.0,4.642e-09,0.0,0.0,0.0,0.0,4.642e-09,4.642e-09,0.0
24450838.0,4995000000.0,5000000.0,5.0,0.0,0.0487,0.0487,0.0487,0.0487,2.2307,0.60541,0.019407,0.60541,2.2307,6.0541e-06,0.019407,6.0541e-06,0.0,0.0,0.0,0.0,2.154e-06,0.0,0.0,0.0,0.001,0.0,0.0,0.0,0.0,0.001,2.154e-06,0.0
24452188.0,4995000000.0,5000000.0,5.0,0.0,0.0487,0.0487,0.0487,0.0487,2.2307,2.2307,2.2307e-05,2.2307,2.2307,2.2307e-05,2.2307e-05,2.2307e-05,0.0,0.0,0.0,0.0,2.154e-10,0.0,0.0,0.0,4.642e-05,0.0,0.0,0.0,0.0,4.642e-05,2.154e-10,0.0
24456836.0,4995000000.0,5000000.0,5.0,0.0,0.0487,0.0487,0.0487,0.0487,21.428,0.032142,0.0,0.032142,21.428,0.0026903,0.0,0.0026903,0.0,0.0,0.0,0.0,1e-11,0.0,0.0,0.0,4.642e-05,0.0,0.0,0.0,0.0,4.642e-05,1e-11,0.0
24459966.0,4995000000.0,5000000.0,5.0,0.0,0.0487,0.0487,0.0487,0.0487,21.428,0.11571,0.0020493,0.11571,21.428,0.009685,0.0020493,0.009685,0.0,0.0,0.0,0.0,0.001,0.0,0.0,0.0,0.001,0.0,0.0,0.0,0.0,0.001,0.001,0.0
24457624.0,4995000000.0,5000000.0,5.0,0.0,0.0487,0.0487,0.0487,0.0487,21.428,0.032142,0.019598,0.032142,21.428,0.0,0.019598,0.0,0.0,0.0,0.0,0.0,2.154e-10,0.0,0.0,0.0,4.642e-09,0.0,0.0,0.0,0.0,4.642e-09,2.154e-10,0.0
24450456.0,4995000000.0,5000000.0,5.0,0.0,0.0487,0.0487,0.0487,0.0487,2.2307,0.60541,0.0020402,0.60541,2.2307,0.0,0.0020402,0.0,0.0,0.0,0.0,0.0,0.001,0.0,0.0,0.0,4.642e-09,0.0,0.0,0.0,0.0,4.642e-09,0.001,0.0
24450485.0,4995000000.0,5000000.0,5.0,0.0,0.0487,0.0487,0.0487,0.0487,2.2307,0.60541,0.0020402,0.60541,2.2307,6.0541e-06,0.0020402,6.0541e-06,0.0,0.0,0.0,0.0,1e-07,0.0,0.0,0.0,1e-07,0.0,0.0,0.0,0.0,1e-07,1e-07,0.0
24450537.0,4995000000.0,5000000.0,5.0,0.0,0.0487,0.0487,0.0487,0.0487,2.2307,0.60541,0.0020402,0.60541,2.2307,5.7898e-05,0.0020402,5.7898e-05,0.0,0.0,0.0,0.0,1e-07,0.0,0.0,0.0,0.001,0.0,0.0,0.0,0.0,0.001,1e-07,0.0
24459356.0,4995000000.0,5000000.0,5.0,0.0,0.0487,0.0487,0.0487,0.0487,21.428,0.11571,0.00021428,0.11571,21.428,0.0,0.00021428,0.0,0.0,0.0,0.0,0.0,1e-07,0.0,0.0,0.0,4.642e-05,0.0,0.0,0.0,0.0,4.642e-05,1e-07,0.0
24459516.0,4995000000.0,5000000.0,5.0,0.0,0.0487,0.0487,0.0487,0.0487,21.428,0.11571,0.00021428,0.11571,21.428,0.00010583,0.00021428,0.00010583,0.0,0.0,0.0,0.0,4.642e-05,0.0,0.0,0.0,2.154e-06,0.0,0.0,0.0,0.0,2.154e-06,4.642e-05,0.0
24450535.0,4995000000.0,5000000.0,5.0,0.0,0.0487,0.0487,0.0487,0.0487,2.2307,0.60541,0.0020402,0.60541,2.2307,5.7898e-05,0.0020402,5.7898e-05,0.0,0.0,0.0,0.0,1e-07,0.0,0.0,0.0,2.154e-06,0.0,0.0,0.0,0.0,2.154e-06,1e-07,0.0
24458990.0,4995000000.0,5000000.0,5.0,0.0,0.0487,0.0487,0.0487,0.0487,21.428,0.11571,0.0,0.11571,21.428,0.0,0.0,0.0,0.0,0.0,0.0,0.0,1e-11,0.0,0.0,0.0,1e-07,0.0,0.0,0.0,0.0,1e-07,1e-11,0.0
24459341.0,4995000000.0,5000000.0,5.0,0.0,0.0487,0.0487,0.0487,0.0487,21.428,0.11571,0.00021428,0.11571,21.428,0.0,0.00021428,0.0,0.0,0.0,0.0,0.0,2.154e-10,0.0,0.0,0.0,2.154e-06,0.0,0.0,0.0,0.0,2.154e-06,2.154e-10,0.0
24457811.0,4995000000.0,5000000.0,5.0,0.0,0.0487,0.0487,0.0487,0.0487,21.428,0.032142,0.019598,0.032142,21.428,0.00027964,0.019598,0.00027964,0.0,0.0,0.0,0.0,1e-11,0.0,0.0,0.0,1e-11,0.0,0.0,0.0,0.0,1e-11,1e-11,0.0
24459241.0,4995000000.0,5000000.0,5.0,0.0,0.0487,0.0487,0.0487,0.0487,21.428,0.11571,0.0,0.11571,21.428,0.009685,0.0,0.009685,0.0,0.0,0.0,0.0,2.154e-10,0.0,0.0,0.0,4.642e-09,0.0,0.0,0.0,0.0,4.642e-09,2.154e-10,0.0
24456950.0,4995000000.0,5000000.0,5.0,0.0,0.0487,0.0487,0.0487,0.0487,21.428,0.032142,0.00021428,0.032142,21.428,0.0,0.00021428,0.0,0.0,0.0,0.0,0.0,1e-07,0.0,0.0,0.0,1e-11,0.0,0.0,0.0,0.0,1e-11,1e-07,0.0
24459893.0,4995000000.0,5000000.0,5.0,0.0,0.0487,0.0487,0.0487,0.0487,21.428,0.11571,0.0020493,0.11571,21.428,0.0010067,0.0020493,0.0010067,0.0,0.0,0.0,0.0,1e-07,0.0,0.0,0.0,1e-07,0.0,0.0,0.0,0.0,1e-07,1e-07,0.0
24456980.0,4995000000.0,5000000.0,5.0,0.0,0.0487,0.0487,0.0487,0.0487,21.428,0.032142,0.00021428,0.032142,21.428,3.2142e-07,0.00021428,3.2142e-07,0.0,0.0,0.0,0.0,1e-11,0.0,0.0,0.0,4.642e-09,0.0,0.0,0.0,0.0,4.642e-09,1e-11,0.0
24457325.0,4995000000.0,5000000.0,5.0,0.0,0.0487,0.0487,0.0487,0.0487,21.428,0.032142,0.0020493,0.032142,21.428,3.2142e-07,0.0020493,3.2142e-07,0.0,0.0,0.0,0.0,1e-11,0.0,0.0,0.0,2.154e-06,0.0,0.0,0.0,0.0,2.154e-06,1e-11,0.0
24456765.0,4995000000.0,5000000.0,5.0,0.0,0.0487,0.0487,0.0487,0.0487,21.428,0.032142,0.0,0.032142,21.428,2.9397e-05,0.0,2.9397e-05,0.0,0.0,0.0,0.0,2.154e-06,0.0,0.0,0.0,2.154e-06,0.0,0.0,0.0,0.0,2.154e-06,2.154e-06,0.0
24459768.0,4995000000.0,5000000.0,5.0,0.0,0.0487,0.0487,0.0487,0.0487,21.428,0.11571,0.0020493,0.11571,21.428,1.1571e-06,0.0020493,1.1571e-06,0.0,0.0,0.0,0.0,0.001,0.0,0.0,0.0,2.154e-06,0.0,0.0,0.0,0.0,2.154e-06,0.001,0.0
24450534.0,4995000000.0,5000000.0,5.0,0.0,0.0487,0.0487,0.0487,0.0487,2.2307,0.60541,0.0020402,0.60541,2.2307,5.7898e-05,0.0020402,5.7898e-05,0.0,0.0,0.0,0.0,1e-07,0.0,0.0,0.0,1e-07,0.0,0.0,0.0,0.0,1e-07,1e-07,0.0
24456705.0,4995000000.0,5000000.0,5.0,0.0,0.0487,0.0487,0.0487,0.0487,21.428,0.032142,0.0,0.032142,21.428,3.0739e-06,0.0,3.0739e-06,0.0,0.0,0.0,0.0,1e-07,0.0,0.0,0.0,1e-11,0.0,0.0,0.0,0.0,1e-11,1e-07,0.0
24457647.0,4995000000.0,5000000.0,5.0,0.0,0.0487,0.0487,0.0487,0.0487,21.428,0.032142,0.019598,0.032142,21.428,0.0,0.019598,0.0,0.0,0.0,0.0,0.0,2.154e-06,0.0,0.0,0.0,2.154e-06,0.0,0.0,0.0,0.0,2.154e-06,2.154e-06,0.0
24450486.0,4995000000.0,5000000.0,5.0,0.0,0.0487,0.0487,0.0487,0.0487,2.2307,0.60541,0.0020402,0.60541,2.2307,6.0541e-06,0.0020402,6.0541e-06,0.0,0.0,0.0,0.0,1e-07,0.0,0.0,0.0,2.154e-06,0.0,0.0,0.0,0.0,2.154e-06,1e-07,0.0
24450274.0,4995000000.0,5000000.0,5.0,0.0,0.0487,0.0487,0.0487,0.0487,2.2307,0.60541,0.00021333,0.60541,2.2307,0.005267,0.00021333,0.005267,0.0,0.0,0.0,0.0,2.154e-10,0.0,0.0,0.0,4.642e-09,0.0,0.0,0.0,0.0,4.642e-09,2.154e-10,0.0
24456893.0,4995000000.0,5000000.0,5.0,0.0,0.0487,0.0487,0.0487,0.0487,21.428,0.032142,0.0,0.032142,21.428,0.025714,0.0,0.025714,0.0,0.0,0.0,0.0,2.154e-10,0.0,0.0,0.0,0.001,0.0,0.0,0.0,0.0,0.001,2.154e-10,0.0
24457504.0,4995000000.0,5000000.0,5.0,0.0,0.0487,0.0487,0.0487,0.0487,21.428,0.032142,0.0020493,0.032142,21.428,0.00027964,0.0020493,0.00027964,0.0,0.0,0.0,0.0,4.642e-05,0.0,0.0,0.0,2.154e-10,0.0,0.0,0.0,0.0,2.154e-10,4.642e-05,0.0
24457494.0,4995000000.0,5000000.0,5.0,0.0,0.0487,0.0487,0.0487,0.0487,21.428,0.032142,0.0020493,0.032142,21.428,0.00027964,0.0020493,0.00027964,0.0,0.0,0.0,0.0,1e-07,0.0,0.0,0.0,4.642e-05,0.0,0.0,0.0,0.0,4.642e-05,1e-07,0.0
24459879.0,4995000000.0,5000000.0,5.0,0.0,0.0487,0.0487,0.0487,0.0487,21.428,0.11571,0.0020493,0.11571,21.428,0.0010067,0.0020493,0.0010067,0.0,0.0,0.0,0.0,2.154e-10,0.0,0.0,0.0,1e-07,0.0,0.0,0.0,0.0,1e-07,2.154e-10,0.0
24452336.0,4995000000.0,5000000.0,5.0,0.0,0.0487,0.0487,0.0487,0.0487,2.2307,2.2307,2.2307e-05,2.2307,2.2307,0.019407,2.2307e-05,0.019407,0.0,0.0,0.0,0.0,2.154e-10,0.0,0.0,0.0,0.001,0.0,0.0,0.0,0.0,0.001,2.154e-10,0.0
24457191.0,4995000000.0,5000000.0,5.0,0.0,0.0487,0.0487,0.0487,0.0487,21.428,0.032142,0.00021428,0.032142,21.428,0.0026903,0.00021428,0.0026903,0.0,0.0,0.0,0.0,4.642e-09,0.0,0.0,0.0,1e-07,0.0,0.0,0.0,0.0,1e-07,4.642e-09,0.0
24452867.0,4995000000.0,5000000.0,5.0,0.0,0.0487,0.0487,0.0487,0.0487,2.2307,2.2307,0.0020402,2.2307,2.2307,2.2307e-05,0.0020402,2.2307e-05,0.0,0.0,0.0,0.0,1e-11,0.0,0.0,0.0,4.642e-05,0.0,0.0,0.0,0.0,4.642e-05,1e-11,0.0
24456873.0,4995000000.0,5000000.0,5.0,0.0,0.0487,0.0487,0.0487,0.0487,21.428,0.032142,0.0,0.032142,21.428,0.0026903,0.0,0.0026903,0.0,0.0,0.0,0.0,0.001,0.0,0.0,0.0,1e-11,0.0,0.0,0.0,0.0,1e-11,0.001,0.0
24457030.0,4995000000.0,5000000.0,5.0,0.0,0.0487,0.0487,0.0487,0.0487,21.428,0.032142,0.00021428,0.032142,21.428,3.0739e-06,0.00021428,3.0739e-06,0.0,0.0,0.0,0.0,1e-11,0.0,0.0,0.0,1e-07,0.0,0.0,0.0,0.0,1e-07,1e-11,0.0
24457260.0,4995000000.0,5000000.0,5.0,0.0,0.0487,0.0487,0.0487,0.0487,21.428,0.032142,0.00021428,0.032142,21.428,0.025714,0.00021428,0.025714,0.0,0.0,0.0,0.0,4.642e-05,0.0,0.0,0.0,4.642e-09,0.0,0.0,0.0,0.0,4.642e-09,4.642e-05,0.0
24459465.0,4995000000.0,5000000.0,5.0,0.0,0.0487,0.0487,0.0487,0.0487,21.428,0.11571,0.00021428,0.11571,21.428,1.1066e-05,0.00021428,1.1066e-05,0.0,0.0,0.0,0.0,4.642e-05,0.0,0.0,0.0,4.642e-09,0.0,0.0,0.0,0.0,4.642e-09,4.642e-05,0.0
24457590.0,4995000000.0,5000000.0,5.0,0.0,0.0487,0.0487,0.0487,0.0487,21.428,0.032142,0.0020493,0.032142,21.428,0.025714,0.0020493,0.025714,0.0,0.0,0.0,0.0,1e-07,0.0,0.0,0.0,1e-07,0.0,0.0,0.0,0.0,1e-07,1e-07,0.0
24457776.0,4995000000.0,5000000.0,5.0,0.0,0.0487,0.0487,0.0487,0.0487,21.428,0.032142,0.019598,0.032142,21.428,2.9397e-05,0.019598,2.9397e-05,0.0,0.0,0.0,0.0,4.642e-09,0.0,0.0,0.0,1e-11,0.0,0.0,0.0,0.0,1e-11,4.642e-09,0.0
24450438.0,4995000000.0,5000000.0,5.0,0.0,0.0487,0.0487,0.0487,0.0487,2.2307,0.60541,0.0020402,0.60541,2.2307,0.0,0.0020402,0.0,0.0,0.0,0.0,0.0,1e-07,0.0,0.0,0.0,4.642e-05,0.0,0.0,0.0,0.0,4.642e-05,1e-07,0.0
24450296.0,4995000000.0,5000000.0,5.0,0.0,0.0487,0.0487,0.0487,0.0487,2.2307,0.60541,0.00021333,0.60541,2.2307,0.005267,0.00021333,0.005267,0.0,0.0,0.0,0.0,2.154e-06,0.0,0.0,0.0,1e-07,0.0,0.0,0.0,0.0,1e-07,2.154e-06,0.0
24456831.0,4995000000.0,5000000.0,5.0,0.0,0.0487,0.0487,0.0487,0.0487,21.428,0.032142,0.0,0.032142,21.428,0.0026903,0.0,0.0026903,0.0,0.0,0.0,0.0,1e-11,0.0,0.0,0.0,1e-11,0.0,0.0,0.0,0.0,1e-11,1e-11,0.0
24450184.0,4995000000.0,5000000.0,5.0,0.0,0.0487,0.0487,0.0487,0.0487,2.2307,0.60541,0.00021333,0.60541,2.2307,5.7898e-05,0.00021333,5.7898e-05,0.0,0.0,0.0,0.0,4.642e-09,0.0,0.0,0.0,1e-07,0.0,0.0,0.0,0.0,1e-07,4.642e-09,0.0
24452510.0,4995000000.0,5000000.0,5.0,0.0,0.0487,0.0487,0.0487,0.0487,2.2307,2.2307,0.00021333,2.2307,2.2307,0.0,0.00021333,0.0,0.0,0.0,0.0,0.0,4.642e-05,0.0,0.0,0.0,4.642e-05,0.0,0.0,0.0,0.0,4.642e-05,4.642e-05,0.0
24450290.0,4995000000.0,5000000.0,5.0,0.0,0.0487,0.0487,0.0487,0.0487,2.2307,0.60541,0.00021333,0.60541,2.2307,0.005267,0.00021333,0.005267,0.0,0.0,0.0,0.0,1e-07,0.0,0.0,0.0,2.154e-06,0.0,0.0,0.0,0.0,2.154e-06,1e-07,0.0
24451970.0,4995000000.0,5000000.0,5.0,0.0,0.0487,0.0487,0.0487,0.0487,2.2307,2.2307,0.0,2.2307,2.2307,0.0020402,0.0,0.0020402,0.0,0.0,0.0,0.0,4.642e-05,0.0,0.0,0.0,2.154e-06,0.0,0.0,0.0,0.0,2.154e-06,4.642e-05,0.0
24457302.0,4995000000.0,5000000.0,5.0,0.0,0.0487,0.0487,0.0487,0.0487,21.428,0.032142,0.0020493,0.032142,21.428,0.0,0.0020493,0.0,0.0,0.0,0.0,0.0,2.154e-06,0.0,0.0,0.0,4.642e-09,0.0,0.0,0.0,0.0,4.642e-09,2.154e-06,0.0
24459060.0,4995000000.0,5000000.0,5.0,0.0,0.0487,0.0487,0.0487,0.0487,21.428,0.11571,0.0,0.11571,21.428,1.1571e-06,0.0,1.1571e-06,0.0,0.0,0.0,0.0,1e-07,0.0,0.0,0.0,1e-07,0.0,0.0,0.0,0.0,1e-07,1e-07,0.0
24459110.0,4995000000.0,5000000.0,5.0,0.0,0.0487,0.0487,0.0487,0.0487,21.428,0.11571,0.0,0.11571,21.428,1.1066e-05,0.0,1.1066e-05,0.0,0.0,0.0,0.0,1e-07,0.0,0.0,0.0,2.154e-06,0.0,0.0,0.0,0.0,2.154e-06,1e-07,0.0
24450526.0,4995000000.0,5000000.0,5.0,0.0,0.0487,0.0487,0.0487,0.0487,2.2307,0.60541,0.0020402,0.60541,2.2307,5.7898e-05,0.0020402,5.7898e-05,0.0,0.0,0.0,0.0,4.642e-09,0.0,0.0,0.0,4.642e-09,0.0,0.0,0.0,0.0,4.642e-09,4.642e-09,0.0
24458991.0,4995000000.0,5000000.0,5.0,0.0,0.0487,0.0487,0.0487,0.0487,21.428,0.11571,0.0,0.11571,21.428,0.0,0.0,0.0,0.0,0.0,0.0,0.0,1e-11,0.0,0.0,0.0,2.154e-06,0.0,0.0,0.0,0.0,2.154e-06,1e-11,0.0
24457699.0,4995000000.0,5000000.0,5.0,0.0,0.0487,0.0487,0.0487,0.0487,21.428,0.032142,0.019598,0.032142,21.428,3.2142e-07,0.019598,3.2142e-07,0.0,0.0,0.0,0.0,4.642e-05,0.0,0.0,0.0,1e-11,0.0,0.0,0.0,0.0,1e-11,4.642e-05,0.0
24459819.0,4995000000.0,5000000.0,5.0,0.0,0.0487,0.0487,0.0487,0.0487,21.428,0.11571,0.0020493,0.11571,21.428,1.1066e-05,0.0020493,1.1066e-05,0.0,0.0,0.0,0.0,0.001,0.0,0.0,0.0,0.001,0.0,0.0,0.0,0.0,0.001,0.001,0.0
24457671.0,4995000000.0,5000000.0,5.0,0.0,0.0487,0.0487,0.0487,0.0487,21.428,0.032142,0.019598,0.032142,21.428,3.2142e-07,0.019598,3.2142e-07,0.0,0.0,0.0,0.0,2.154e-10,0.0,0.0,0.0,1e-11,0.0,0.0,0.0,0.0,1e-11,2.154e-10,0.0
24457691.0,4995000000.0,5000000.0,5.0,0.0,0.0487,0.0487,0.0487,0.0487,21.428,0.032142,0.019598,0.032142,21.428,3.2142e-07,0.019598,3.2142e-07,0.0,0.0,0.0,0.0,1e-07,0.0,0.0,0.0,0.001,0.0,0.0,0.0,0.0,0.001,1e-07,0.0
24457318.0,4995000000.0,5000000.0,5.0,0.0,0.0487,0.0487,0.0487,0.0487,21.428,0.032142,0.0020493,0.032142,21.428,0.0,0.0020493,0.0,0.0,0.0,0.0,0.0,0.001,0.0,0.0,0.0,2.154e-06,0.0,0.0,0.0,0.0,2.154e-06,0.001,0.0
24457646.0,4995000000.0,5000000.0,5.0,0.0,0.0487,0.0487,0.0487,0.0487,21.428,0.032142,0.019598,0.032142,21.428,0.0,0.019598,0.0,0.0,0.0,0.0,0.0,2.154e-06,0.0,0.0,0.0,1e-07,0.0,0.0,0.0,0.0,1e-07,2.154e-06,0.0
24456943.0,4995000000.0,5000000.0,5.0,0.0,0.0487,0.0487,0.0487,0.0487,21.428,0.032142,0.00021428,0.032142,21.428,0.0,0.00021428,0.0,0.0,0.0,0.0,0.0,4.642e-09,0.0,0.0,0.0,1e-11,0.0,0.0,0.0,0.0,1e-11,4.642e-09,0.0
24450919.0,4995000000.0,5000000.0,5.0,0.0,0.0487,0.0487,0.0487,0.0487,2.2307,0.60541,0.019407,0.60541,2.2307,0.00055371,0.019407,0.00055371,0.0,0.0,0.0,0.0,4.642e-09,0.0,0.0,0.0,1e-07,0.0,0.0,0.0,0.0,1e-07,4.642e-09,0.0
24456661.0,4995000000.0,5000000.0,5.0,0.0,0.0487,0.0487,0.0487,0.0487,21.428,0.032142,0.0,0.032142,21.428,3.2142e-07,0.0,3.2142e-07,0.0,0.0,0.0,0.0,1e-07,0.0,0.0,0.0,4.642e-05,0.0,0.0,0.0,0.0,4.642e-05,1e-07,0.0
24457814.0,4995000000.0,5000000.0,5.0,0.0,0.0487,0.0487,0.0487,0.0487,21.428,0.032142,0.019598,0.032142,21.428,0.00027964,0.019598,0.00027964,0.0,0.0,0.0,0.0,1e-11,0.0,0.0,0.0,1e-07,0.0,0.0,0.0,0.0,1e-07,1e-11,0.0
24456917.0,4995000000.0,5000000.0,5.0,0.0,0.0487,0.0487,0.0487,0.0487,21.428,0.032142,0.0,0.032142,21.428,0.025714,0.0,0.025714,0.0,0.0,0.0,0.0,4.642e-05,0.0,0.0,0.0,4.642e-09,0.0,0.0,0.0,0.0,4.642e-09,4.642e-05,0.0
24459780.0,4995000000.0,5000000.0,5.0,0.0,0.0487,0.0487,0.0487,0.0487,21.428,0.11571,0.0020493,0.11571,21.428,1.1066e-05,0.0020493,1.1066e-05,0.0,0.0,0.0,0.0,2.154e-10,0.0,0.0,0.0,4.642e-09,0.0,0.0,0.0,0.0,4.642e-09,2.154e-10,0.0
24452588.0,4995000000.0,5000000.0,5.0,0.0,0.0487,0.0487,0.0487,0.0487,2.2307,2.2307,0.00021333,2.2307,2.2307,0.00021333,0.00021333,0.00021333,0.0,0.0,0.0,0.0,4.642e-09,0.0,0.0,0.0,0.001,0.0,0.0,0.0,0.0,0.001,4.642e-09,0.0
24459403.0,4995000000.0,5000000.0,5.0,0.0,0.0487,0.0487,0.0487,0.0487,21.428,0.11571,0.00021428,0.11571,21.428,1.1571e-06,0.00021428,1.1571e-06,0.0,0.0,0.0,0.0,1e-07,0.0,0.0,0.0,1e-07,0.0,0.0,0.0,0.0,1e-07,1e-07,0.0
24456718.0,4995000000.0,5000000.0,5.0,0.0,0.0487,0.0487,0.0487,0.0487,21.428,0.032142,0.0,0.032142,21.428,3.0739e-06,0.0,3.0739e-06,0.0,0.0,0.0,0.0,2.154e-06,0.0,0.0,0.0,0.001,0.0,0.0,0.0,0.0,0.001,2.154e-06,0.0
24457949.0,4995000000.0,5000000.0,5.0,0.0,0.0487,0.0487,0.0487,0.0487,21.428,0.032142,0.019598,0.032142,21.428,0.025714,0.019598,0.025714,0.0,0.0,0.0,0.0,4.642e-05,0.0,0.0,0.0,4.642e-05,0.0,0.0,0.0,0.0,4.642e-05,4.642e-05,0.0
24456762.0,4995000000.0,5000000.0,5.0,0.0,0.0487,0.0487,0.0487,0.0487,21.428,0.032142,0.0,0.032142,21.428,2.9397e-05,0.0,2.9397e-05,0.0,0.0,0.0,0.0,2.154e-06,0.0,0.0,0.0,2.154e-10,0.0,0.0,0.0,0.0,2.154e-10,2.154e-06,0.0
24453014.0,4995000000.0,5000000.0,5.0,0.0,0.0487,0.0487,0.0487,0.0487,2.2307,2.2307,0.0020402,2.2307,2.2307,0.019407,0.0020402,0.019407,0.0,0.0,0.0,0.0,1e-11,0.0,0.0,0.0,4.642e-05,0.0,0.0,0.0,0.0,4.642e-05,1e-11,0.0
24459091.0,4995000000.0,5000000.0,5.0,0.0,0.0487,0.0487,0.0487,0.0487,21.428,0.11571,0.0,0.11571,21.428,1.1066e-05,0.0,1.1066e-05,0.0,0.0,0.0,0.0,1e-11,0.0,0.0,0.0,0.001,0.0,0.0,0.0,0.0,0.001,1e-11,0.0
24456781.0,4995000000.0,5000000.0,5.0,0.0,0.0487,0.0487,0.0487,0.0487,21.428,0.032142,0.0,0.032142,21.428,2.9397e-05,0.0,2.9397e-05,0.0,0.0,0.0,0.0,0.001,0.0,0.0,0.0,0.001,0.0,0.0,0.0,0.0,0.001,0.001,0.0
24457701.0,4995000000.0,5000000.0,5.0,0.0,0.0487,0.0487,0.0487,0.0487,21.428,0.032142,0.019598,0.032142,21.428,3.2142e-07,0.019598,3.2142e-07,0.0,0.0,0.0,0.0,4.642e-05,0.0,0.0,0.0,4.642e-09,0.0,0.0,0.0,0.0,4.642e-09,4.642e-05,0.0
24457599.0,4995000000.0,5000000.0,5.0,0.0,0.0487,0.0487,0.0487,0.0487,21.428,0.032142,0.0020493,0.032142,21.428,0.025714,0.0020493,0.025714,0.0,0.0,0.0,0.0,2.154e-06,0.0,0.0,0.0,4.642e-05,0.0,0.0,0.0,0.0,4.642e-05,2.154e-06,0.0
24459838.0,4995000000.0,5000000.0,5.0,0.0,0.0487,0.0487,0.0487,0.0487,21.428,0.11571,0.0020493,0.11571,21.428,0.00010583,0.0020493,0.00010583,0.0,0.0,0.0,0.0,4.642e-09,0.0,0.0,0.0,2.154e-06,0.0,0.0,0.0,0.0,2.154e-06,4.642e-09,0.0
24456998.0,4995000000.0,5000000.0,5.0,0.0,0.0487,0.0487,0.0487,0.0487,21.428,0.032142,0.00021428,0.032142,21.428,3.2142e-07,0.00021428,3.2142e-07,0.0,0.0,0.0,0.0,4.642e-09,0.0,0.0,0.0,0.001,0.0,0.0,0.0,0.0,0.001,4.642e-09,0.0
24459374.0,4995000000.0,5000000.0,5.0,0.0,0.0487,0.0487,0.0487,0.0487,21.428,0.11571,0.00021428,0.11571,21.428,0.0,0.00021428,0.0,0.0,0.0,0.0,0.0,0.001,0.0,0.0,0.0,4.642e-09,0.0,0.0,0.0,0.0,4.642e-09,0.001,0.0
24459468.0,4995000000.0,5000000.0,5.0,0.0,0.0487,0.0487,0.0487,0.0487,21.428,0.11571,0.00021428,0.11571,21.428,1.1066e-05,0.00021428,1.1066e-05,0.0,0.0,0.0,0.0,4.642e-05,0.0,0.0,0.0,4.642e-05,0.0,0.0,0.0,0.0,4.642e-05,4.642e-05,0.0
24457531.0,4995000000.0,5000000.0,5.0,0.0,0.0487,0.0487,0.0487,0.0487,21.428,0.032142,0.0020493,0.032142,21.428,0.0026903,0.0020493,0.0026903,0.0,0.0,0.0,0.0,4.642e-09,0.0,0.0,0.0,1e-11,0.0,0.0,0.0,0.0,1e-11,4.642e-09,0.0
24457380.0,4995000000.0,5000000.0,5.0,0.0,0.0487,0.0487,0.0487,0.0487,21.428,0.032142,0.0020493,0.032142,21.428,3.0739e-06,0.0020493,3.0739e-06,0.0,0.0,0.0,0.0,2.154e-10,0.0,0.0,0.0,1e-07,0.0,0.0,0.0,0.0,1e-07,2.154e-10,0.0
24450614.0,4995000000.0,5000000.0,5.0,0.0,0.0487,0.0487,0.0487,0.0487,2.2307,0.60541,0.0020402,0.60541,2.2307,0.005267,0.0020402,0.005267,0.0,0.0,0.0,0.0,1e-11,0.0,0.0,0.0,0.001,0.0,0.0,0.0,0.0,0.001,1e-11,0.0
24456971.0,4995000000.0,5000000.0,5.0,0.0,0.0487,0.0487,0.0487,0.0487,21.428,0.032142,0.00021428,0.032142,21.428,0.0,0.00021428,0.0,0.0,0.0,0.0,0.0,0.001,0.0,0.0,0.0,1e-11,0.0,0.0,0.0,0.0,1e-11,0.001,0.0
24457914.0,4995000000.0,5000000.0,5.0,0.0,0.0487,0.0487,0.0487,0.0487,21.428,0.032142,0.019598,0.032142,21.428,0.025714,0.019598,0.025714,0.0,0.0,0.0,0.0,1e-11,0.0,0.0,0.0,4.642e-05,0.0,0.0,0.0,0.0,4.642e-05,1e-11,0.0
24459256.0,4995000000.0,5000000.0,5.0,0.0,0.0487,0.0487,0.0487,0.0487,21.428,0.11571,0.0,0.11571,21.428,0.009685,0.0,0.009685,0.0,0.0,0.0,0.0,1e-07,0.0,0.0,0.0,1e-07,0.0,0.0,0.0,0.0,1e-07,1e-07,0.0
24450276.0,4995000000.0,5000000.0,5.0,0.0,0.0487,0.0487,0.0487,0.0487,2.2307,0.60541,0.00021333,0.60541,2.2307,0.005267,0.00021333,0.005267,0.0,0.0,0.0,0.0,2.154e-10,0.0,0.0,0.0,2.154e-06,0.0,0.0,0.0,0.0,2.154e-06,2.154e-10,0.0
24457495.0,4995000000.0,5000000.0,5.0,0.0,0.0487,0.0487,0.0487,0.0487,21.428,0.032142,0.0020493,0.032142,21.428,0.00027964,0.0020493,0.00027964,0.0,0.0,0.0,0.0,1e-07,0.0,0.0,0.0,0.001,0.0,0.0,0.0,0.0,0.001,1e-07,0.0
24459535.0,4995000000.0,5000000.0,5.0,0.0,0.0487,0.0487,0.0487,0.0487,21.428,0.11571,0.00021428,0.11571,21.428,0.0010067,0.00021428,0.0010067,0.0,0.0,0.0,0.0,2.154e-10,0.0,0.0,0.0,4.642e-09,0.0,0.0,0.0,0.0,4.642e-09,2.154e-10,0.0
24450550.0,4995000000.0,5000000.0,5.0,0.0,0.0487,0.0487,0.0487,0.0487,2.2307,0.60541,0.0020402,0.60541,2.2307,5.7898e-05,0.0020402,5.7898e-05,0.0,0.0,0.0,0.0,4.642e-05,0.0,0.0,0.0,4.642e-05,0.0,0.0,0.0,0.0,4.642e-05,4.642e-05,0.0
24456743.0,4995000000.0,5000000.0,5.0,0.0,0.0487,0.0487,0.0487,0.0487,21.428,0.032142,0.0,0.032142,21.428,2.9397e-05,0.0,2.9397e-05,0.0,0.0,0.0,0.0,2.154e-10,0.0,0.0,0.0,1e-07,0.0,0.0,0.0,0.0,1e-07,2.154e-10,0.0
24459033.0,4995000000.0,5000000.0,5.0,0.0,0.0487,0.0487,0.0487,0.0487,21.428,0.11571,0.0,0.11571,21.428,0.0,0.0,0.0,0.0,0.0,0.0,0.0,0.001,0.0,0.0,0.0,2.154e-06,0.0,0.0,0.0,0.0,2.154e-06,0.001,0.0
24457360.0,4995000000.0,5000000.0,5.0,0.0,0.0487,0.0487,0.0487,0.0487,21.428,0.032142,0.0020493,0.032142,21.428,3.2142e-07,0.0020493,3.2142e-07,0.0,0.0,0.0,0.0,4.642e-05,0.0,0.0,0.0,2.154e-06,0.0,0.0,0.0,0.0,2.154e-06,4.642e-05,0.0
24457682.0,4995000000.0,5000000.0,5.0,0.0,0.0487,0.0487,0.0487,0.0487,21.428,0.032142,0.019598,0.032142,21.428,3.2142e-07,0.019598,3.2142e-07,0.0,0.0,0.0,0.0,4.642e-09,0.0,0.0,0.0,2.154e-06,0.0,0.0,0.0,0.0,2.154e-06,4.642e-09,0.0
24457662.0,4995000000.0,5000000.0,5.0,0.0,0.0487,0.0487,0.0487,0.0487,21.428,0.032142,0.019598,0.032142,21.428,0.0,0.019598,0.0,0.0,0.0,0.0,0.0,0.001,0.0,0.0,0.0,4.642e-05,0.0,0.0,0.0,0.0,4.642e-05,0.001,0.0
24456756.0,4995000000.0,5000000.0,5.0,0.0,0.0487,0.0487,0.0487,0.0487,21.428,0.032142,0.0,0.032142,21.428,2.9397e-05,0.0,2.9397e-05,0.0,0.0,0.0,0.0,1e-07,0.0,0.0,0.0,4.642e-09,0.0,0.0,0.0,0.0,4.642e-09,1e-07,0.0
24456657.0,4995000000.0,5000000.0,5.0,0.0,0.0487,0.0487,0.0487,0.0487,21.428,0.032142,0.0,0.032142,21.428,3.2142e-07,0.0,3.2142e-07,0.0,0.0,0.0,0.0,1e-07,0.0,0.0,0.0,2.154e-10,0.0,0.0,0.0,0.0,2.154e-10,1e-07,0.0
24457264.0,4995000000.0,5000000.0,5.0,0.0,0.0487,0.0487,0.0487,0.0487,21.428,0.032142,0.00021428,0.032142,21.428,0.025714,0.00021428,0.025714,0.0,0.0,0.0,0.0,4.642e-05,0.0,0.0,0.0,0.001,0.0,0.0,0.0,0.0,0.001,4.642e-05,0.0
24457546.0,4995000000.0,5000000.0,5.0,0.0,0.0487,0.0487,0.0487,0.0487,21.428,0.032142,0.0020493,0.032142,21.428,0.0026903,0.0020493,0.0026903,0.0,0.0,0.0,0.0,2.154e-06,0.0,0.0,0.0,2.154e-10,0.0,0.0,0.0,0.0,2.154e-10,2.154e-06,0.0
24456677.0,4995000000.0,5000000.0,5.0,0.0,0.0487,0.0487,0.0487,0.0487,21.428,0.032142,0.0,0.032142,21.428,3.2142e-07,0.0,3.2142e-07,0.0,0.0,0.0,0.0,0.001,0.0,0.0,0.0,1e-11,0.0,0.0,0.0,0.0,1e-11,0.001,0.0
24459263.0,4995000000.0,5000000.0,5.0,0.0,0.0487,0.0487,0.0487,0.0487,21.428,0.11571,0.0,0.11571,21.428,0.009685,0.0,0.009685,0.0,0.0,0.0,0.0,2.154e-06,0.0,0.0,0.0,1e-07,0.0,0.0,0.0,0.0,1e-07,2.154e-06,0.0
24450089.0,4995000000.0,5000000.0,5.0,0.0,0.0487,0.0487,0.0487,0.0487,2.2307,0.60541,0.00021333,0.60541,2.2307,0.0,0.00021333,0.0,0.0,0.0,0.0,0.0,4.642e-09,0.0,0.0,0.0,0.001,0.0,0.0,0.0,0.0,0.001,4.642e-09,0.0
24456802.0,4995000000.0,5000000.0,5.0,0.0,0.0487,0.0487,0.0487,0.0487,21.428,0.032142,0.0,0.032142,21.428,0.00027964,0.0,0.00027964,0.0,0.0,0.0,0.0,4.642e-09,0.0,0.0,0.0,0.001,0.0,0.0,0.0,0.0,0.001,4.642e-09,0.0
24453168.0,4995000000.0,5000000.0,5.0,0.0,0.0487,0.0487,0.0487,0.0487,2.2307,2.2307,0.019407,2.2307,2.2307,0.0,0.019407,0.0,0.0,0.0,0.0,0.0,2.154e-10,0.0,0.0,0.0,4.642e-05,0.0,0.0,0.0,0.0,4.642e-05,2.154e-10,0.0
24459805.0,4995000000.0,5000000.0,5.0,0.0,0.0487,0.0487,0.0487,0.0487,21.428,0.11571,0.0020493,0.11571,21.428,1.1066e-05,0.0020493,1.1066e-05,0.0,0.0,0.0,0.0,2.154e-06,0.0,0.0,0.0,0.001,0.0,0.0,0.0,0.0,0.001,2.154e-06,0.0
24459207.0,4995000000.0,5000000.0,5.0,0.0,0.0487,0.0487,0.0487,0.0487,21.428,0.11571,0.0,0.11571,21.428,0.0010067,0.0,0.0010067,0.0,0.0,0.0,0.0,1e-07,0.0,0.0,0.0,1e-07,0.0,0.0,0.0,0.0,1e-07,1e-07,0.0
24456941.0,4995000000.0,5000000.0,5.0,0.0,0.0487,0.0487,0.0487,0.0487,21.428,0.032142,0.00021428,0.032142,21.428,0.0,0.00021428,0.0,0.0,0.0,0.0,0.0,2.154e-10,0.0,0.0,0.0,4.642e-05,0.0,0.0,0.0,0.0,4.642e-05,2.154e-10,0.0
24450080.0,4995000000.0,5000000.0,5.0,0.0,0.0487,0.0487,0.0487,0.0487,2.2307,0.60541,0.00021333,0.60541,2.2307,0.0,0.00021333,0.0,0.0,0.0,0.0,0.0,2.154e-10,0.0,0.0,0.0,2.154e-06,0.0,0.0,0.0,0.0,2.154e-06,2.154e-10,0.0
24457312.0,4995000000.0,5000000.0,5.0,0.0,0.0487,0.0487,0.0487,0.0487,21.428,0.032142,0.0020493,0.032142,21.428,0.0,0.0020493,0.0,0.0,0.0,0.0,0.0,4.642e-05,0.0,0.0,0.0,4.642e-05,0.0,0.0,0.0,0.0,4.642e-05,4.642e-05,0.0
24457405.0,4995000000.0,5000000.0,5.0,0.0,0.0487,0.0487,0.0487,0.0487,21.428,0.032142,0.0020493,0.032142,21.428,3.0739e-06,0.0020493,3.0739e-06,0.0,0.0,0.0,0.0,4.642e-05,0.0,0.0,0.0,1e-11,0.0,0.0,0.0,0.0,1e-11,4.642e-05,0.0
24450262.0,4995000000.0,5000000.0,5.0,0.0,0.0487,0.0487,0.0487,0.0487,2.2307,0.60541,0.00021333,0.60541,2.2307,0.00055371,0.00021333,0.00055371,0.0,0.0,0.0,0.0,0.001,0.0,0.0,0.0,2.154e-06,0.0,0.0,0.0,0.0,2.154e-06,0.001,0.0
24452251.0,4995000000.0,5000000.0,5.0,0.0,0.0487,0.0487,0.0487,0.0487,2.2307,2.2307,2.2307e-05,2.2307,2.2307,0.00021333,2.2307e-05,0.00021333,0.0,0.0,0.0,0.0,1e-07,0.0,0.0,0.0,4.642e-05,0.0,0.0,0.0,0.0,4.642e-05,1e-07,0.0
24452210.0,4995000000.0,5000000.0,5.0,0.0,0.0487,0.0487,0.0487,0.0487,2.2307,2.2307,2.2307e-05,2.2307,2.2307,2.2307e-05,2.2307e-05,2.2307e-05,0.0,0.0,0.0,0.0,2.154e-06,0.0,0.0,0.0,0.001,0.0,0.0,0.0,0.0,0.001,2.154e-06,0.0
24457154.0,4995000000.0,5000000.0,5.0,0.0,0.0487,0.0487,0.0487,0.0487,21.428,0.032142,0.00021428,0.032142,21.428,0.00027964,0.00021428,0.00027964,0.0,0.0,0.0,0.0,2.154e-06,0.0,0.0,0.0,2.154e-10,0.0,0.0,0.0,0.0,2.154e-10,2.154e-06,0.0
24450239.0,4995000000.0,5000000.0,5.0,0.0,0.0487,0.0487,0.0487,0.0487,2.2307,0.60541,0.00021333,0.60541,2.2307,0.00055371,0.00021333,0.00055371,0.0,0.0,0.0,0.0,1e-07,0.0,0.0,0.0,4.642e-09,0.0,0.0,0.0,0.0,4.642e-09,1e-07,0.0
24457507.0,4995000000.0,5000000.0,5.0,0.0,0.0487,0.0487,0.0487,0.0487,21.428,0.032142,0.0020493,0.032142,21.428,0.00027964,0.0020493,0.00027964,0.0,0.0,0.0,0.0,4.642e-05,0.0,0.0,0.0,2.154e-06,0.0,0.0,0.0,0.0,2.154e-06,4.642e-05,0.0
24459556.0,4995000000.0,5000000.0,5.0,0.0,0.0487,0.0487,0.0487,0.0487,21.428,0.11571,0.00021428,0.11571,21.428,0.0010067,0.00021428,0.0010067,0.0,0.0,0.0,0.0,2.154e-06,0.0,0.0,0.0,4.642e-09,0.0,0.0,0.0,0.0,4.642e-09,2.154e-06,0.0
24450954.0,4995000000.0,5000000.0,5.0,0.0,0.0487,0.0487,0.0487,0.0487,2.2307,0.60541,0.019407,0.60541,2.2307,0.005267,0.019407,0.005267,0.0,0.0,0.0,0.0,1e-11,0.0,0.0,0.0,1e-07,0.0,0.0,0.0,0.0,1e-07,1e-11,0.0
24457561.0,4995000000.0,5000000.0,5.0,0.0,0.0487,0.0487,0.0487,0.0487,21.428,0.032142,0.0020493,0.032142,21.428,0.0026903,0.0020493,0.0026903,0.0,0.0,0.0,0.0,0.001,0.0,0.0,0.0,4.642e-09,0.0,0.0,0.0,0.0,4.642e-09,0.001,0.0
24451894.0,4995000000.0,5000000.0,5.0,0.0,0.0487,0.0487,0.0487,0.0487,2.2307,2.2307,0.0,2.2307,2.2307,0.00021333,0.0,0.00021333,0.0,0.0,0.0,0.0,2.154e-10,0.0,0.0,0.0,4.642e-05,0.0,0.0,0.0,0.0,4.642e-05,2.154e-10,0.0
24457818.0,4995000000.0,5000000.0,5.0,0.0,0.0487,0.0487,0.0487,0.0487,21.428,0.032142,0.019598,0.032142,21.428,0.00027964,0.019598,0.00027964,0.0,0.0,0.0,0.0,2.154e-10,0.0,0.0,0.0,1e-11,0.0,0.0,0.0,0.0,1e-11,2.154e-10,0.0
24456906.0,4995000000.0,5000000.0,5.0,0.0,0.0487,0.0487,0.0487,0.0487,21.428,0.032142,0.0,0.032142,21.428,0.025714,0.0,0.025714,0.0,0.0,0.0,0.0,1e-07,0.0,0.0,0.0,4.642e-05,0.0,0.0,0.0,0.0,4.642e-05,1e-07,0.0
24450073.0,4995000000.0,5000000.0,5.0,0.0,0.0487,0.0487,0.0487,0.0487,2.2307,0.60541,0.00021333,0.60541,2.2307,0.0,0.00021333,0.0,0.0,0.0,0.0,0.0,1e-11,0.0,0.0,0.0,2.154e-06,0.0,0.0,0.0,0.0,2.154e-06,1e-11,0.0
24457505.0,4995000000.0,5000000.0,5.0,0.0,0.0487,0.0487,0.0487,0.0487,21.428,0.032142,0.0020493,0.032142,21.428,0.00027964,0.0020493,0.00027964,0.0,0.0,0.0,0.0,4.642e-05,0.0,0.0,0.0,4.642e-09,0.0,0.0,0.0,0.0,4.642e-09,4.642e-05,0.0
24456692.0,4995000000.0,5000000.0,5.0,0.0,0.0487,0.0487,0.0487,0.0487,21.428,0.032142,0.0,0.032142,21.428,3.0739e-06,0.0,3.0739e-06,0.0,0.0,0.0,0.0,2.154e-10,0.0,0.0,0.0,2.154e-10,0.0,0.0,0.0,0.0,2.154e-10,2.154e-10,0.0
24457170.0,4995000000.0,5000000.0,5.0,0.0,0.0487,0.0487,0.0487,0.0487,21.428,0.032142,0.00021428,0.032142,21.428,0.00027964,0.00021428,0.00027964,0.0,0.0,0.0,0.0,0.001,0.0,0.0,0.0,1e-07,0.0,0.0,0.0,0.0,1e-07,0.001,0.0
24457200.0,4995000000.0,5000000.0,5.0,0.0,0.0487,0.0487,0.0487,0.0487,21.428,0.032142,0.00021428,0.032142,21.428,0.0026903,0.00021428,0.0026903,0.0,0.0,0.0,0.0,1e-07,0.0,0.0,0.0,4.642e-05,0.0,0.0,0.0,0.0,4.642e-05,1e-07,0.0
24452965.0,4995000000.0,5000000.0,5.0,0.0,0.0487,0.0487,0.0487,0.0487,2.2307,2.2307,0.0020402,2.2307,2.2307,0.0020402,0.0020402,0.0020402,0.0,0.0,0.0,0.0,1e-11,0.0,0.0,0.0,4.642e-05,0.0,0.0,0.0,0.0,4.642e-05,1e-11,0.0
24450192.0,4995000000.0,5000000.0,5.0,0.0,0.0487,0.0487,0.0487,0.0487,2.2307,0.60541,0.00021333,0.60541,2.2307,5.7898e-05,0.00021333,5.7898e-05,0.0,0.0,0.0,0.0,1e-07,0.0,0.0,0.0,2.154e-06,0.0,0.0,0.0,0.0,2.154e-06,1e-07,0.0
24457749.0,4995000000.0,5000000.0,5.0,0.0,0.0487,0.0487,0.0487,0.0487,21.428,0.032142,0.019598,0.032142,21.428,3.0739e-06,0.019598,3.0739e-06,0.0,0.0,0.0,0.0,4.642e-05,0.0,0.0,0.0,2.154e-10,0.0,0.0,0.0,0.0,2.154e-10,4.642e-05,0.0
24450915.0,4995000000.0,5000000.0,5.0,0.0,0.0487,0.0487,0.0487,0.0487,2.2307,0.60541,0.019407,0.60541,2.2307,0.00055371,0.019407,0.00055371,0.0,0.0,0.0,0.0,2.154e-10,0.0,0.0,0.0,0.001,0.0,0.0,0.0,0.0,0.001,2.154e-10,0.0
24450131.0,4995000000.0,5000000.0,5.0,0.0,0.0487,0.0487,0.0487,0.0487,2.2307,0.60541,0.00021333,0.60541,2.2307,6.0541e-06,0.00021333,6.0541e-06,0.0,0.0,0.0,0.0,2.154e-10,0.0,0.0,0.0,0.001,0.0,0.0,0.0,0.0,0.001,2.154e-10,0.0
24450212.0,4995000000.0,5000000.0,5.0,0.0,0.0487,0.0487,0.0487,0.0487,2.2307,0.60541,0.00021333,0.60541,2.2307,5.7898e-05,0.00021333,5.7898e-05,0.0,0.0,0.0,0.0,0.001,0.0,0.0,0.0,1e-07,0.0,0.0,0.0,0.0,1e-07,0.001,0.0
24459885.0,4995000000.0,5000000.0,5.0,0.0,0.0487,0.0487,0.0487,0.0487,21.428,0.11571,0.0020493,0.11571,21.428,0.0010067,0.0020493,0.0010067,0.0,0.0,0.0,0.0,4.642e-09,0.0,0.0,0.0,4.642e-09,0.0,0.0,0.0,0.0,4.642e-09,4.642e-09,0.0
24457204.0,4995000000.0,5000000.0,5.0,0.0,0.0487,0.0487,0.0487,0.0487,21.428,0.032142,0.00021428,0.032142,21.428,0.0026903,0.00021428,0.0026903,0.0,0.0,0.0,0.0,2.154e-06,0.0,0.0,0.0,4.642e-09,0.0,0.0,0.0,0.0,4.642e-09,2.154e-06,0.0
24457925.0,4995000000.0,5000000.0,5.0,0.0,0.0487,0.0487,0.0487,0.0487,21.428,0.032142,0.019598,0.032142,21.428,0.025714,0.019598,0.025714,0.0,0.0,0.0,0.0,4.642e-09,0.0,0.0,0.0,4.642e-09,0.0,0.0,0.0,0.0,4.642e-09,4.642e-09,0.0
24457063.0,4995000000.0,5000000.0,5.0,0.0,0.0487,0.0487,0.0487,0.0487,21.428,0.032142,0.00021428,0.032142,21.428,3.0739e-06,0.00021428,3.0739e-06,0.0,0.0,0.0,0.0,4.642e-05,0.0,0.0,0.0,2.154e-10,0.0,0.0,0.0,0.0,2.154e-10,4.642e-05,0.0
24459605.0,4995000000.0,5000000.0,5.0,0.0,0.0487,0.0487,0.0487,0.0487,21.428,0.11571,0.00021428,0.11571,21.428,0.009685,0.00021428,0.009685,0.0,0.0,0.0,0.0,2.154e-06,0.0,0.0,0.0,4.642e-09,0.0,0.0,0.0,0.0,4.642e-09,2.154e-06,0.0
24450849.0,4995000000.0,5000000.0,5.0,0.0,0.0487,0.0487,0.0487,0.0487,2.2307,0.60541,0.019407,0.60541,2.2307,6.0541e-06,0.019407,6.0541e-06,0.0,0.0,0.0,0.0,0.001,0.0,0.0,0.0,1e-07,0.0,0.0,0.0,0.0,1e-07,0.001,0.0
24450101.0,4995000000.0,5000000.0,5.0,0.0,0.0487,0.0487,0.0487,0.0487,2.2307,0.60541,0.00021333,0.60541,2.2307,0.0,0.00021333,0.0,0.0,0.0,0.0,0.0,2.154e-06,0.0,0.0,0.0,2.154e-06,0.0,0.0,0.0,0.0,2.154e-06,2.154e-06,0.0
24456841.0,4995000000.0,5000000.0,5.0,0.0,0.0487,0.0487,0.0487,0.0487,21.428,0.032142,0.0,0.032142,21.428,0.0026903,0.0,0.0026903,0.0,0.0,0.0,0.0,2.154e-10,0.0,0.0,0.0,1e-07,0.0,0.0,0.0,0.0,1e-07,2.154e-10,0.0
24457806.0,4995000000.0,5000000.0,5.0,0.0,0.0487,0.0487,0.0487,0.0487,21.428,0.032142,0.019598,0.032142,21.428,2.9397e-05,0.019598,2.9397e-05,0.0,0.0,0.0,0.0,0.001,0.0,0.0,0.0,4.642e-09,0.0,0.0,0.0,0.0,4.642e-09,0.001,0.0
24452280.0,4995000000.0,5000000.0,5.0,0.0,0.0487,0.0487,0.0487,0.0487,2.2307,2.2307,2.2307e-05,2.2307,2.2307,0.0020402,2.2307e-05,0.0020402,0.0,0.0,0.0,0.0,1e-11,0.0,0.0,0.0,0.001,0.0,0.0,0.0,0.0,0.001,1e-11,0.0
24457750.0,4995000000.0,5000000.0,5.0,0.0,0.0487,0.0487,0.0487,0.0487,21.428,0.032142,0.019598,0.032142,21.428,3.0739e-06,0.019598,3.0739e-06,0.0,0.0,0.0,0.0,4.642e-05,0.0,0.0,0.0,4.642e-09,0.0,0.0,0.0,0.0,4.642e-09,4.642e-05,0.0
24457606.0,4995000000.0,5000000.0,5.0,0.0,0.0487,0.0487,0.0487,0.0487,21.428,0.032142,0.0020493,0.032142,21.428,0.025714,0.0020493,0.025714,0.0,0.0,0.0,0.0,4.642e-05,0.0,0.0,0.0,4.642e-05,0.0,0.0,0.0,0.0,4.642e-05,4.642e-05,0.0
24456587.0,4995000000.0,5000000.0,5.0,0.0,0.0487,0.0487,0.0487,0.0487,21.428,0.032142,0.0,0.032142,21.428,0.0,0.0,0.0,0.0,0.0,0.0,0.0,1e-11,0.0,0.0,0.0,2.154e-10,0.0,0.0,0.0,0.0,2.154e-10,1e-11,0.0
24457652.0,4995000000.0,5000000.0,5.0,0.0,0.0487,0.0487,0.0487,0.0487,21.428,0.032142,0.019598,0.032142,21.428,0.0,0.019598,0.0,0.0,0.0,0.0,0.0,4.642e-05,0.0,0.0,0.0,4.642e-09,0.0,0.0,0.0,0.0,4.642e-09,4.642e-05,0.0
24459255.0,4995000000.0,5000000.0,5.0,0.0,0.0487,0.0487,0.0487,0.0487,21.428,0.11571,0.0,0.11571,21.428,0.009685,0.0,0.009685,0.0,0.0,0.0,0.0,1e-07,0.0,0.0,0.0,4.642e-09,0.0,0.0,0.0,0.0,4.642e-09,1e-07,0.0
24450103.0,4995000000.0,5000000.0,5.0,0.0,0.0487,0.0487,0.0487,0.0487,2.2307,0.60541,0.00021333,0.60541,2.2307,0.0,0.00021333,0.0,0.0,0.0,0.0,0.0,2.154e-06,0.0,0.0,0.0,0.001,0.0,0.0,0.0,0.0,0.001,2.154e-06,0.0
24457868.0,4995000000.0,5000000.0,5.0,0.0,0.0487,0.0487,0.0487,0.0487,21.428,0.032142,0.019598,0.032142,21.428,0.0026903,0.019598,0.0026903,0.0,0.0,0.0,0.0,2.154e-10,0.0,0.0,0.0,2.154e-10,0.0,0.0,0.0,0.0,2.154e-10,2.154e-10,0.0
24450509.0,4995000000.0,5000000.0,5.0,0.0,0.0487,0.0487,0.0487,0.0487,2.2307,0.60541,0.0020402,0.60541,2.2307,6.0541e-06,0.0020402,6.0541e-06,0.0,0.0,0.0,0.0,0.001,0.0,0.0,0.0,0.001,0.0,0.0,0.0,0.0,0.001,0.001,0.0
24457143.0,4995000000.0,5000000.0,5.0,0.0,0.0487,0.0487,0.0487,0.0487,21.428,0.032142,0.00021428,0.032142,21.428,0.00027964,0.00021428,0.00027964,0.0,0.0,0.0,0.0,4.642e-09,0.0,0.0,0.0,2.154e-06,0.0,0.0,0.0,0.0,2.154e-06,4.642e-09,0.0
24457181.0,4995000000.0,5000000.0,5.0,0.0,0.0487,0.0487,0.0487,0.0487,21.428,0.032142,0.00021428,0.032142,21.428,0.0026903,0.00021428,0.0026903,0.0,0.0,0.0,0.0,2.154e-10,0.0,0.0,0.0,1e-11,0.0,0.0,0.0,0.0,1e-11,2.154e-10,0.0
24450870.0,4995000000.0,5000000.0,5.0,0.0,0.0487,0.0487,0.0487,0.0487,2.2307,0.60541,0.019407,0.60541,2.2307,5.7898e-05,0.019407,5.7898e-05,0.0,0.0,0.0,0.0,4.642e-09,0.0,0.0,0.0,1e-07,0.0,0.0,0.0,0.0,1e-07,4.642e-09,0.0
24450942.0,4995000000.0,5000000.0,5.0,0.0,0.0487,0.0487,0.0487,0.0487,2.2307,0.60541,0.019407,0.60541,2.2307,0.00055371,0.019407,0.00055371,0.0,0.0,0.0,0.0,4.642e-05,0.0,0.0,0.0,4.642e-05,0.0,0.0,0.0,0.0,4.642e-05,4.642e-05,0.0
24457388.0,4995000000.0,5000000.0,5.0,0.0,0.0487,0.0487,0.0487,0.0487,21.428,0.032142,0.0020493,0.032142,21.428,3.0739e-06,0.0020493,3.0739e-06,0.0,0.0,0.0,0.0,4.642e-09,0.0,0.0,0.0,2.154e-06,0.0,0.0,0.0,0.0,2.154e-06,4.642e-09,0.0
24457006.0,4995000000.0,5000000.0,5.0,0.0,0.0487,0.0487,0.0487,0.0487,21.428,0.032142,0.00021428,0.032142,21.428,3.2142e-07,0.00021428,3.2142e-07,0.0,0.0,0.0,0.0,2.154e-06,0.0,0.0,0.0,1e-11,0.0,0.0,0.0,0.0,1e-11,2.154e-06,0.0
24456648.0,4995000000.0,5000000.0,5.0,0.0,0.0487,0.0487,0.0487,0.0487,21.428,0.032142,0.0,0.032142,21.428,3.2142e-07,0.0,3.2142e-07,0.0,0.0,0.0,0.0,2.154e-10,0.0,0.0,0.0,0.001,0.0,0.0,0.0,0.0,0.001,2.154e-10,0.0
24457625.0,4995000000.0,5000000.0,5.0,0.0,0.0487,0.0487,0.0487,0.0487,21.428,0.032142,0.019598,0.032142,21.428,0.0,0.019598,0.0,0.0,0.0,0.0,0.0,2.154e-10,0.0,0.0,0.0,1e-07,0.0,0.0,0.0,0.0,1e-07,2.154e-10,0.0
24453049.0,4995000000.0,5000000.0,5.0,0.0,0.0487,0.0487,0.0487,0.0487,2.2307,2.2307,0.0020402,2.2307,2.2307,0.019407,0.0020402,0.019407,0.0,0.0,0.0,0.0,4.642e-05,0.0,0.0,0.0,4.642e-05,0.0,0.0,0.0,0.0,4.642e-05,4.642e-05,0.0
24457226.0,4995000000.0,5000000.0,5.0,0.0,0.0487,0.0487,0.0487,0.0487,21.428,0.032142,0.00021428,0.032142,21.428,0.025714,0.00021428,0.025714,0.0,0.0,0.0,0.0,1e-11,0.0,0.0,0.0,1e-07,0.0,0.0,0.0,0.0,1e-07,1e-11,0.0
24459049.0,4995000000.0,5000000.0,5.0,0.0,0.0487,0.0487,0.0487,0.0487,21.428,0.11571,0.0,0.11571,21.428,1.1571e-06,0.0,1.1571e-06,0.0,0.0,0.0,0.0,2.154e-10,0.0,0.0,0.0,0.001,0.0,0.0,0.0,0.0,0.001,2.154e-10,0.0
24457782.0,4995000000.0,5000000.0,5.0,0.0,0.0487,0.0487,0.0487,0.0487,21.428,0.032142,0.019598,0.032142,21.428,2.9397e-05,0.019598,2.9397e-05,0.0,0.0,0.0,0.0,4.642e-09,0.0,0.0,0.0,0.001,0.0,0.0,0.0,0.0,0.001,4.642e-09,0.0
24459042.0,4995000000.0,5000000.0,5.0,0.0,0.0487,0.0487,0.0487,0.0487,21.428,0.11571,0.0,0.11571,21.428,1.1571e-06,0.0,1.1571e-06,0.0,0.0,0.0,0.0,1e-11,0.0,0.0,0.0,0.001,0.0,0.0,0.0,0.0,0.001,1e-11,0.0
24459906.0,4995000000.0,5000000.0,5.0,0.0,0.0487,0.0487,0.0487,0.0487,21.428,0.11571,0.0020493,0.11571,21.428,0.0010067,0.0020493,0.0010067,0.0,0.0,0.0,0.0,4.642e-05,0.0,0.0,0.0,4.642e-09,0.0,0.0,0.0,0.0,4.642e-09,4.642e-05,0.0
24459376.0,4995000000.0,5000000.0,5.0,0.0,0.0487,0.0487,0.0487,0.0487,21.428,0.11571,0.00021428,0.11571,21.428,0.0,0.00021428,0.0,0.0,0.0,0.0,0.0,0.001,0.0,0.0,0.0,2.154e-06,0.0,0.0,0.0,0.0,2.154e-06,0.001,0.0
24459514.0,4995000000.0,5000000.0,5.0,0.0,0.0487,0.0487,0.0487,0.0487,21.428,0.11571,0.00021428,0.11571,21.428,0.00010583,0.00021428,0.00010583,0.0,0.0,0.0,0.0,4.642e-05,0.0,0.0,0.0,4.642e-09,0.0,0.0,0.0,0.0,4.642e-09,4.642e-05,0.0
24457077.0,4995000000.0,5000000.0,5.0,0.0,0.0487,0.0487,0.0487,0.0487,21.428,0.032142,0.00021428,0.032142,21.428,2.9397e-05,0.00021428,2.9397e-05,0.0,0.0,0.0,0.0,1e-11,0.0,0.0,0.0,2.154e-10,0.0,0.0,0.0,0.0,2.154e-10,1e-11,0.0
24457095.0,4995000000.0,5000000.0,5.0,0.0,0.0487,0.0487,0.0487,0.0487,21.428,0.032142,0.00021428,0.032142,21.428,2.9397e-05,0.00021428,2.9397e-05,0.0,0.0,0.0,0.0,4.642e-09,0.0,0.0,0.0,4.642e-05,0.0,0.0,0.0,0.0,4.642e-05,4.642e-09,0.0
24456598.0,4995000000.0,5000000.0,5.0,0.0,0.0487,0.0487,0.0487,0.0487,21.428,0.032142,0.0,0.032142,21.428,0.0,0.0,0.0,0.0,0.0,0.0,0.0,2.154e-10,0.0,0.0,0.0,4.642e-05,0.0,0.0,0.0,0.0,4.642e-05,2.154e-10,0.0
24451915.0,4995000000.0,5000000.0,5.0,0.0,0.0487,0.0487,0.0487,0.0487,2.2307,2.2307,0.0,2.2307,2.2307,0.00021333,0.0,0.00021333,0.0,0.0,0.0,0.0,2.154e-06,0.0,0.0,0.0,4.642e-05,0.0,0.0,0.0,0.0,4.642e-05,2.154e-06,0.0
24457354.0,4995000000.0,5000000.0,5.0,0.0,0.0487,0.0487,0.0487,0.0487,21.428,0.032142,0.0020493,0.032142,21.428,3.2142e-07,0.0020493,3.2142e-07,0.0,0.0,0.0,0.0,2.154e-06,0.0,0.0,0.0,4.642e-05,0.0,0.0,0.0,0.0,4.642e-05,2.154e-06,0.0
24459383.0,4995000000.0,5000000.0,5.0,0.0,0.0487,0.0487,0.0487,0.0487,21.428,0.11571,0.00021428,0.11571,21.428,1.1571e-06,0.00021428,1.1571e-06,0.0,0.0,0.0,0.0,1e-11,0.0,0.0,0.0,2.154e-06,0.0,0.0,0.0,0.0,2.154e-06,1e-11,0.0
24452476.0,4995000000.0,5000000.0,5.0,0.0,0.0487,0.0487,0.0487,0.0487,2.2307,2.2307,0.00021333,2.2307,2.2307,0.0,0.00021333,0.0,0.0,0.0,0.0,0.0,1e-11,0.0,0.0,0.0,0.001,0.0,0.0,0.0,0.0,0.001,1e-11,0.0
24457128.0,4995000000.0,5000000.0,5.0,0.0,0.0487,0.0487,0.0487,0.0487,21.428,0.032142,0.00021428,0.032142,21.428,0.00027964,0.00021428,0.00027964,0.0,0.0,0.0,0.0,1e-11,0.0,0.0,0.0,1e-07,0.0,0.0,0.0,0.0,1e-07,1e-11,0.0
24457317.0,4995000000.0,5000000.0,5.0,0.0,0.0487,0.0487,0.0487,0.0487,21.428,0.032142,0.0020493,0.032142,21.428,0.0,0.0020493,0.0,0.0,0.0,0.0,0.0,0.001,0.0,0.0,0.0,1e-07,0.0,0.0,0.0,0.0,1e-07,0.001,0.0
24459724.0,4995000000.0,5000000.0,5.0,0.0,0.0487,0.0487,0.0487,0.0487,21.428,0.11571,0.0020493,0.11571,21.428,1.1571e-06,0.0020493,1.1571e-06,0.0,0.0,0.0,0.0,1e-11,0.0,0.0,0.0,4.642e-09,0.0,0.0,0.0,0.0,4.642e-09,1e-11,0.0
24459405.0,4995000000.0,5000000.0,5.0,0.0,0.0487,0.0487,0.0487,0.0487,21.428,0.11571,0.00021428,0.11571,21.428,1.1571e-06,0.00021428,1.1571e-06,0.0,0.0,0.0,0.0,1e-07,0.0,0.0,0.0,4.642e-05,0.0,0.0,0.0,0.0,4.642e-05,1e-07,0.0
24453348.0,4995000000.0,5000000.0,5.0,0.0,0.0487,0.0487,0.0487,0.0487,2.2307,2.2307,0.019407,2.2307,2.2307,0.0020402,0.019407,0.0020402,0.0,0.0,0.0,0.0,0.001,0.0,0.0,0.0,1e-07,0.0,0.0,0.0,0.0,1e-07,0.001,0.0
24459469.0,4995000000.0,5000000.0,5.0,0.0,0.0487,0.0487,0.0487,0.0487,21.428,0.11571,0.00021428,0.11571,21.428,1.1066e-05,0.00021428,1.1066e-05,0.0,0.0,0.0,0.0,4.642e-05,0.0,0.0,0.0,0.001,0.0,0.0,0.0,0.0,0.001,4.642e-05,0.0
24456724.0,4995000000.0,5000000.0,5.0,0.0,0.0487,0.0487,0.0487,0.0487,21.428,0.032142,0.0,0.032142,21.428,3.0739e-06,0.0,3.0739e-06,0.0,0.0,0.0,0.0,4.642e-05,0.0,0.0,0.0,4.642e-05,0.0,0.0,0.0,0.0,4.642e-05,4.642e-05,0.0
24450260.0,4995000000.0,5000000.0,5.0,0.0,0.0487,0.0487,0.0487,0.0487,2.2307,0.60541,0.00021333,0.60541,2.2307,0.00055371,0.00021333,0.00055371,0.0,0.0,0.0,0.0,0.001,0.0,0.0,0.0,4.642e-09,0.0,0.0,0.0,0.0,4.642e-09,0.001,0.0
24456711.0,4995000000.0,5000000.0,5.0,0.0,0.0487,0.0487,0.0487,0.0487,21.428,0.032142,0.0,0.032142,21.428,3.0739e-06,0.0,3.0739e-06,0.0,0.0,0.0,0.0,1e-07,0.0,0.0,0.0,0.001,0.0,0.0,0.0,0.0,0.001,1e-07,0.0
24456612.0,4995000000.0,5000000.0,5.0,0.0,0.0487,0.0487,0.0487,0.0487,21.428,0.032142,0.0,0.032142,21.428,0.0,0.0,0.0,0.0,0.0,0.0,0.0,1e-07,0.0,0.0,0.0,4.642e-05,0.0,0.0,0.0,0.0,4.642e-05,1e-07,0.0
24457361.0,4995000000.0,5000000.0,5.0,0.0,0.0487,0.0487,0.0487,0.0487,21.428,0.032142,0.0020493,0.032142,21.428,3.2142e-07,0.0020493,3.2142e-07,0.0,0.0,0.0,0.0,4.642e-05,0.0,0.0,0.0,4.642e-05,0.0,0.0,0.0,0.0,4.642e-05,4.642e-05,0.0
24457883.0,4995000000.0,5000000.0,5.0,0.0,0.0487,0.0487,0.0487,0.0487,21.428,0.032142,0.019598,0.032142,21.428,0.0026903,0.019598,0.0026903,0.0,0.0,0.0,0.0,1e-07,0.0,0.0,0.0,4.642e-09,0.0,0.0,0.0,0.0,4.642e-09,1e-07,0.0
24456700.0,4995000000.0,5000000.0,5.0,0.0,0.0487,0.0487,0.0487,0.0487,21.428,0.032142,0.0,0.032142,21.428,3.0739e-06,0.0,3.0739e-06,0.0,0.0,0.0,0.0,4.642e-09,0.0,0.0,0.0,4.642e-09,0.0,0.0,0.0,0.0,4.642e-09,4.642e-09,0.0
24457626.0,4995000000.0,5000000.0,5.0,0.0,0.0487,0.0487,0.0487,0.0487,21.428,0.032142,0.019598,0.032142,21.428,0.0,0.019598,0.0,0.0,0.0,0.0,0.0,2.154e-10,0.0,0.0,0.0,2.154e-06,0.0,0.0,0.0,0.0,2.154e-06,2.154e-10,0.0
24457150.0,4995000000.0,5000000.0,5.0,0.0,0.0487,0.0487,0.0487,0.0487,21.428,0.032142,0.00021428,0.032142,21.428,0.00027964,0.00021428,0.00027964,0.0,0.0,0.0,0.0,1e-07,0.0,0.0,0.0,2.154e-06,0.0,0.0,0.0,0.0,2.154e-06,1e-07,0.0
24450884.0,4995000000.0,5000000.0,5.0,0.0,0.0487,0.0487,0.0487,0.0487,2.2307,0.60541,0.019407,0.60541,2.2307,5.7898e-05,0.019407,5.7898e-05,0.0,0.0,0.0,0.0,2.154e-06,0.0,0.0,0.0,1e-07,0.0,0.0,0.0,0.0,1e-07,2.154e-06,0.0
24450821.0,4995000000.0,5000000.0,5.0,0.0,0.0487,0.0487,0.0487,0.0487,2.2307,0.60541,0.019407,0.60541,2.2307,6.0541e-06,0.019407,6.0541e-06,0.0,0.0,0.0,0.0,4.642e-09,0.0,0.0,0.0,1e-07,0.0,0.0,0.0,0.0,1e-07,4.642e-09,0.0
24459048.0,4995000000.0,5000000.0,5.0,0.0,0.0487,0.0487,0.0487,0.0487,21.428,0.11571,0.0,0.11571,21.428,1.1571e-06,0.0,1.1571e-06,0.0,0.0,0.0,0.0,2.154e-10,0.0,0.0,0.0,4.642e-05,0.0,0.0,0.0,0.0,4.642e-05,2.154e-10,0.0
24452531.0,4995000000.0,5000000.0,5.0,0.0,0.0487,0.0487,0.0487,0.0487,2.2307,2.2307,0.00021333,2.2307,2.2307,2.2307e-05,0.00021333,2.2307e-05,0.0,0.0,0.0,0.0,2.154e-10,0.0,0.0,0.0,4.642e-05,0.0,0.0,0.0,0.0,4.642e-05,2.154e-10,0.0
24456755.0,4995000000.0,5000000.0,5.0,0.0,0.0487,0.0487,0.0487,0.0487,21.428,0.032142,0.0,0.032142,21.428,2.9397e-05,0.0,2.9397e-05,0.0,0.0,0.0,0.0,1e-07,0.0,0.0,0.0,2.154e-10,0.0,0.0,0.0,0.0,2.154e-10,1e-07,0.0
24450445.0,4995000000.0,5000000.0,5.0,0.0,0.0487,0.0487,0.0487,0.0487,2.2307,0.60541,0.0020402,0.60541,2.2307,0.0,0.0020402,0.0,0.0,0.0,0.0,0.0,2.154e-06,0.0,0.0,0.0,4.642e-05,0.0,0.0,0.0,0.0,4.642e-05,2.154e-06,0.0
24456721.0,4995000000.0,5000000.0,5.0,0.0,0.0487,0.0487,0.0487,0.0487,21.428,0.032142,0.0,0.032142,21.428,3.0739e-06,0.0,3.0739e-06,0.0,0.0,0.0,0.0,4.642e-05,0.0,0.0,0.0,4.642e-09,0.0,0.0,0.0,0.0,4.642e-09,4.642e-05,0.0
24459944.0,4995000000.0,5000000.0,5.0,0.0,0.0487,0.0487,0.0487,0.0487,21.428,0.11571,0.0020493,0.11571,21.428,0.009685,0.0020493,0.009685,0.0,0.0,0.0,0.0,1e-07,0.0,0.0,0.0,4.642e-05,0.0,0.0,0.0,0.0,4.642e-05,1e-07,0.0
24450148.0,4995000000.0,5000000.0,5.0,0.0,0.0487,0.0487,0.0487,0.0487,2.2307,0.60541,0.00021333,0.60541,2.2307,6.0541e-06,0.00021333,6.0541e-06,0.0,0.0,0.0,0.0,2.154e-06,0.0,0.0,0.0,4.642e-09,0.0,0.0,0.0,0.0,4.642e-09,2.154e-06,0.0
24453007.0,4995000000.0,5000000.0,5.0,0.0,0.0487,0.0487,0.0487,0.0487,2.2307,2.2307,0.0020402,2.2307,2.2307,0.0020402,0.0020402,0.0020402,0.0,0.0,0.0,0.0,0.001,0.0,0.0,0.0,4.642e-05,0.0,0.0,0.0,0.0,4.642e-05,0.001,0.0
24459609.0,4995000000.0,5000000.0,5.0,0.0,0.0487,0.0487,0.0487,0.0487,21.428,0.11571,0.00021428,0.11571,21.428,0.009685,0.00021428,0.009685,0.0,0.0,0.0,0.0,2.154e-06,0.0,0.0,0.0,0.001,0.0,0.0,0.0,0.0,0.001,2.154e-06,0.0
24450439.0,4995000000.0,5000000.0,5.0,0.0,0.0487,0.0487,0.0487,0.0487,2.2307,0.60541,0.0020402,0.60541,2.2307,0.0,0.0020402,0.0,0.0,0.0,0.0,0.0,1e-07,0.0,0.0,0.0,0.001,0.0,0.0,0.0,0.0,0.001,1e-07,0.0
24456940.0,4995000000.0,5000000.0,5.0,0.0,0.0487,0.0487,0.0487,0.0487,21.428,0.032142,0.00021428,0.032142,21.428,0.0,0.00021428,0.0,0.0,0.0,0.0,0.0,2.154e-10,0.0,0.0,0.0,2.154e-06,0.0,0.0,0.0,0.0,2.154e-06,2.154e-10,0.0
24456914.0,4995000000.0,5000000.0,5.0,0.0,0.0487,0.0487,0.0487,0.0487,21.428,0.032142,0.0,0.032142,21.428,0.025714,0.0,0.025714,0.0,0.0,0.0,0.0,2.154e-06,0.0,0.0,0.0,0.001,0.0,0.0,0.0,0.0,0.001,2.154e-06,0.0
24450267.0,4995000000.0,5000000.0,5.0,0.0,0.0487,0.0487,0.0487,0.0487,2.2307,0.60541,0.00021333,0.60541,2.2307,0.005267,0.00021333,0.005267,0.0,0.0,0.0,0.0,1e-11,0.0,0.0,0.0,4.642e-09,0.0,0.0,0.0,0.0,4.642e-09,1e-11,0.0
24456935.0,4995000000.0,5000000.0,5.0,0.0,0.0487,0.0487,0.0487,0.0487,21.428,0.032142,0.00021428,0.032142,21.428,0.0,0.00021428,0.0,0.0,0.0,0.0,0.0,1e-11,0.0,0.0,0.0,0.001,0.0,0.0,0.0,0.0,0.001,1e-11,0.0
24456737.0,4995000000.0,5000000.0,5.0,0.0,0.0487,0.0487,0.0487,0.0487,21.428,0.032142,0.0,0.032142,21.428,2.9397e-05,0.0,2.9397e-05,0.0,0.0,0.0,0.0,1e-11,0.0,0.0,0.0,2.154e-06,0.0,0.0,0.0,0.0,2.154e-06,1e-11,0.0
24457766.0,4995000000.0,5000000.0,5.0,0.0,0.0487,0.0487,0.0487,0.0487,21.428,0.032142,0.019598,0.032142,21.428,2.9397e-05,0.019598,2.9397e-05,0.0,0.0,0.0,0.0,1e-11,0.0,0.0,0.0,2.154e-06,0.0,0.0,0.0,0.0,2.154e-06,1e-11,0.0
24457266.0,4995000000.0,5000000.0,5.0,0.0,0.0487,0.0487,0.0487,0.0487,21.428,0.032142,0.00021428,0.032142,21.428,0.025714,0.00021428,0.025714,0.0,0.0,0.0,0.0,0.001,0.0,0.0,0.0,2.154e-10,0.0,0.0,0.0,0.0,2.154e-10,0.001,0.0
24456684.0,4995000000.0,5000000.0,5.0,0.0,0.0487,0.0487,0.0487,0.0487,21.428,0.032142,0.0,0.032142,21.428,3.0739e-06,0.0,3.0739e-06,0.0,0.0,0.0,0.0,1e-11,0.0,0.0,0.0,1e-11,0.0,0.0,0.0,0.0,1e-11,1e-11,0.0
24457175.0,4995000000.0,5000000.0,5.0,0.0,0.0487,0.0487,0.0487,0.0487,21.428,0.032142,0.00021428,0.032142,21.428,0.0026903,0.00021428,0.0026903,0.0,0.0,0.0,0.0,1e-11,0.0,0.0,0.0,2.154e-10,0.0,0.0,0.0,0.0,2.154e-10,1e-11,0.0
24457902.0,4995000000.0,5000000.0,5.0,0.0,0.0487,0.0487,0.0487,0.0487,21.428,0.032142,0.019598,0.032142,21.428,0.0026903,0.019598,0.0026903,0.0,0.0,0.0,0.0,0.001,0.0,0.0,0.0,1e-11,0.0,0.0,0.0,0.0,1e-11,0.001,0.0
24452957.0,4995000000.0,5000000.0,5.0,0.0,0.0487,0.0487,0.0487,0.0487,2.2307,2.2307,0.0020402,2.2307,2.2307,0.00021333,0.0020402,0.00021333,0.0,0.0,0.0,0.0,0.001,0.0,0.0,0.0,2.154e-06,0.0,0.0,0.0,0.0,2.154e-06,0.001,0.0
24457611.0,4995000000.0,5000000.0,5.0,0.0,0.0487,0.0487,0.0487,0.0487,21.428,0.032142,0.0020493,0.032142,21.428,0.025714,0.0020493,0.025714,0.0,0.0,0.0,0.0,0.001,0.0,0.0,0.0,1e-07,0.0,0.0,0.0,0.0,1e-07,0.001,0.0
24456595.0,4995000000.0,5000000.0,5.0,0.0,0.0487,0.0487,0.0487,0.0487,21.428,0.032142,0.0,0.032142,21.428,0.0,0.0,0.0,0.0,0.0,0.0,0.0,2.154e-10,0.0,0.0,0.0,4.642e-09,0.0,0.0,0.0,0.0,4.642e-09,2.154e-10,0.0
24459727.0,4995000000.0,5000000.0,5.0,0.0,0.0487,0.0487,0.0487,0.0487,21.428,0.11571,0.0020493,0.11571,21.428,1.1571e-06,0.0020493,1.1571e-06,0.0,0.0,0.0,0.0,1e-11,0.0,0.0,0.0,4.642e-05,0.0,0.0,0.0,0.0,4.642e-05,1e-11,0.0
24453351.0,4995000000.0,5000000.0,5.0,0.0,0.0487,0.0487,0.0487,0.0487,2.2307,2.2307,0.019407,2.2307,2.2307,0.0020402,0.019407,0.0020402,0.0,0.0,0.0,0.0,0.001,0.0,0.0,0.0,0.001,0.0,0.0,0.0,0.0,0.001,0.001,0.0
24451879.0,4995000000.0,5000000.0,5.0,0.0,0.0487,0.0487,0.0487,0.0487,2.2307,2.2307,0.0,2.2307,2.2307,2.2307e-05,0.0,2.2307e-05,0.0,0.0,0.0,0.0,0.001,0.0,0.0,0.0,2.154e-06,0.0,0.0,0.0,0.0,2.154e-06,0.001,0.0
24457353.0,4995000000.0,5000000.0,5.0,0.0,0.0487,0.0487,0.0487,0.0487,21.428,0.032142,0.0020493,0.032142,21.428,3.2142e-07,0.0020493,3.2142e-07,0.0,0.0,0.0,0.0,2.154e-06,0.0,0.0,0.0,2.154e-06,0.0,0.0,0.0,0.0,2.154e-06,2.154e-06,0.0
24452328.0,4995000000.0,5000000.0,5.0,0.0,0.0487,0.0487,0.0487,0.0487,2.2307,2.2307,2.2307e-05,2.2307,2.2307,0.019407,2.2307e-05,0.019407,0.0,0.0,0.0,0.0,1e-11,0.0,0.0,0.0,4.642e-05,0.0,0.0,0.0,0.0,4.642e-05,1e-11,0.0
24452868.0,4995000000.0,5000000.0,5.0,0.0,0.0487,0.0487,0.0487,0.0487,2.2307,2.2307,0.0020402,2.2307,2.2307,2.2307e-05,0.0020402,2.2307e-05,0.0,0.0,0.0,0.0,1e-11,0.0,0.0,0.0,0.001,0.0,0.0,0.0,0.0,0.001,1e-11,0.0
24459795.0,4995000000.0,5000000.0,5.0,0.0,0.0487,0.0487,0.0487,0.0487,21.428,0.11571,0.0020493,0.11571,21.428,1.1066e-05,0.0020493,1.1066e-05,0.0,0.0,0.0,0.0,1e-07,0.0,0.0,0.0,1e-07,0.0,0.0,0.0,0.0,1e-07,1e-07,0.0
24456610.0,4995000000.0,5000000.0,5.0,0.0,0.0487,0.0487,0.0487,0.0487,21.428,0.032142,0.0,0.032142,21.428,0.0,0.0,0.0,0.0,0.0,0.0,0.0,1e-07,0.0,0.0,0.0,1e-07,0.0,0.0,0.0,0.0,1e-07,1e-07,0.0
24459908.0,4995000000.0,5000000.0,5.0,0.0,0.0487,0.0487,0.0487,0.0487,21.428,0.11571,0.0020493,0.11571,21.428,0.0010067,0.0020493,0.0010067,0.0,0.0,0.0,0.0,4.642e-05,0.0,0.0,0.0,2.154e-06,0.0,0.0,0.0,0.0,2.154e-06,4.642e-05,0.0
24457721.0,4995000000.0,5000000.0,5.0,0.0,0.0487,0.0487,0.0487,0.0487,21.428,0.032142,0.019598,0.032142,21.428,3.0739e-06,0.019598,3.0739e-06,0.0,0.0,0.0,0.0,2.154e-10,0.0,0.0,0.0,2.154e-10,0.0,0.0,0.0,0.0,2.154e-10,2.154e-10,0.0
24451803.0,4995000000.0,5000000.0,5.0,0.0,0.0487,0.0487,0.0487,0.0487,2.2307,2.2307,0.0,2.2307,2.2307,0.0,0.0,0.0,0.0,0.0,0.0,0.0,4.642e-09,0.0,0.0,0.0,4.642e-05,0.0,0.0,0.0,0.0,4.642e-05,4.642e-09,0.0
24457640.0,4995000000.0,5000000.0,5.0,0.0,0.0487,0.0487,0.0487,0.0487,21.428,0.032142,0.019598,0.032142,21.428,0.0,0.019598,0.0,0.0,0.0,0.0,0.0,1e-07,0.0,0.0,0.0,2.154e-06,0.0,0.0,0.0,0.0,2.154e-06,1e-07,0.0
24457953.0,4995000000.0,5000000.0,5.0,0.0,0.0487,0.0487,0.0487,0.0487,21.428,0.032142,0.019598,0.032142,21.428,0.025714,0.019598,0.025714,0.0,0.0,0.0,0.0,0.001,0.0,0.0,0.0,4.642e-09,0.0,0.0,0.0,0.0,4.642e-09,0.001,0.0
24459153.0,4995000000.0,5000000.0,5.0,0.0,0.0487,0.0487,0.0487,0.0487,21.428,0.11571,0.0,0.11571,21.428,0.00010583,0.0,0.00010583,0.0,0.0,0.0,0.0,4.642e-09,0.0,0.0,0.0,4.642e-05,0.0,0.0,0.0,0.0,4.642e-05,4.642e-09,0.0
24457903.0,4995000000.0,5000000.0,5.0,0.0,0.0487,0.0487,0.0487,0.0487,21.428,0.032142,0.019598,0.032142,21.428,0.0026903,0.019598,0.0026903,0.0,0.0,0.0,0.0,0.001,0.0,0.0,0.0,2.154e-10,0.0,0.0,0.0,0.0,2.154e-10,0.001,0.0
24457518.0,4995000000.0,5000000.0,5.0,0.0,0.0487,0.0487,0.0487,0.0487,21.428,0.032142,0.0020493,0.032142,21.428,0.0026903,0.0020493,0.0026903,0.0,0.0,0.0,0.0,1e-11,0.0,0.0,0.0,2.154e-10,0.0,0.0,0.0,0.0,2.154e-10,1e-11,0.0
24456828.0,4995000000.0,5000000.0,5.0,0.0,0.0487,0.0487,0.0487,0.0487,21.428,0.032142,0.0,0.032142,21.428,0.00027964,0.0,0.00027964,0.0,0.0,0.0,0.0,0.001,0.0,0.0,0.0,2.154e-06,0.0,0.0,0.0,0.0,2.154e-06,0.001,0.0
24452907.0,4995000000.0,5000000.0,5.0,0.0,0.0487,0.0487,0.0487,0.0487,2.2307,2.2307,0.0020402,2.2307,2.2307,2.2307e-05,0.0020402,2.2307e-05,0.0,0.0,0.0,0.0,0.001,0.0,0.0,0.0,1e-07,0.0,0.0,0.0,0.0,1e-07,0.001,0.0
24459455.0,4995000000.0,5000000.0,5.0,0.0,0.0487,0.0487,0.0487,0.0487,21.428,0.11571,0.00021428,0.11571,21.428,1.1066e-05,0.00021428,1.1066e-05,0.0,0.0,0.0,0.0,1e-07,0.0,0.0,0.0,0.001,0.0,0.0,0.0,0.0,0.001,1e-07,0.0
24457894.0,4995000000.0,5000000.0,5.0,0.0,0.0487,0.0487,0.0487,0.0487,21.428,0.032142,0.019598,0.032142,21.428,0.0026903,0.019598,0.0026903,0.0,0.0,0.0,0.0,2.154e-06,0.0,0.0,0.0,0.001,0.0,0.0,0.0,0.0,0.001,2.154e-06,0.0
24457131.0,4995000000.0,5000000.0,5.0,0.0,0.0487,0.0487,0.0487,0.0487,21.428,0.032142,0.00021428,0.032142,21.428,0.00027964,0.00021428,0.00027964,0.0,0.0,0.0,0.0,1e-11,0.0,0.0,0.0,0.001,0.0,0.0,0.0,0.0,0.001,1e-11,0.0
24450807.0,4995000000.0,5000000.0,5.0,0.0,0.0487,0.0487,0.0487,0.0487,2.2307,0.60541,0.019407,0.60541,2.2307,6.0541e-06,0.019407,6.0541e-06,0.0,0.0,0.0,0.0,1e-11,0.0,0.0,0.0,1e-07,0.0,0.0,0.0,0.0,1e-07,1e-11,0.0
24450297.0,4995000000.0,5000000.0,5.0,0.0,0.0487,0.0487,0.0487,0.0487,2.2307,0.60541,0.00021333,0.60541,2.2307,0.005267,0.00021333,0.005267,0.0,0.0,0.0,0.0,2.154e-06,0.0,0.0,0.0,2.154e-06,0.0,0.0,0.0,0.0,2.154e-06,2.154e-06,0.0
24450541.0,4995000000.0,5000000.0,5.0,0.0,0.0487,0.0487,0.0487,0.0487,2.2307,0.60541,0.0020402,0.60541,2.2307,5.7898e-05,0.0020402,5.7898e-05,0.0,0.0,0.0,0.0,2.154e-06,0.0,0.0,0.0,1e-07,0.0,0.0,0.0,0.0,1e-07,2.154e-06,0.0
24459343.0,4995000000.0,5000000.0,5.0,0.0,0.0487,0.0487,0.0487,0.0487,21.428,0.11571,0.00021428,0.11571,21.428,0.0,0.00021428,0.0,0.0,0.0,0.0,0.0,2.154e-10,0.0,0.0,0.0,0.001,0.0,0.0,0.0,0.0,0.001,2.154e-10,0.0
24459921.0,4995000000.0,5000000.0,5.0,0.0,0.0487,0.0487,0.0487,0.0487,21.428,0.11571,0.0020493,0.11571,21.428,0.009685,0.0020493,0.009685,0.0,0.0,0.0,0.0,1e-11,0.0,0.0,0.0,1e-07,0.0,0.0,0.0,0.0,1e-07,1e-11,0.0
24451887.0,4995000000.0,5000000.0,5.0,0.0,0.0487,0.0487,0.0487,0.0487,2.2307,2.2307,0.0,2.2307,2.2307,0.00021333,0.0,0.00021333,0.0,0.0,0.0,0.0,1e-11,0.0,0.0,0.0,4.642e-05,0.0,0.0,0.0,0.0,4.642e-05,1e-11,0.0
24456956.0,4995000000.0,5000000.0,5.0,0.0,0.0487,0.0487,0.0487,0.0487,21.428,0.032142,0.00021428,0.032142,21.428,0.0,0.00021428,0.0,0.0,0.0,0.0,0.0,1e-07,0.0,0.0,0.0,0.001,0.0,0.0,0.0,0.0,0.001,1e-07,0.0
24457798.0,4995000000.0,5000000.0,5.0,0.0,0.0487,0.0487,0.0487,0.0487,21.428,0.032142,0.019598,0.032142,21.428,2.9397e-05,0.019598,2.9397e-05,0.0,0.0,0.0,0.0,4.642e-05,0.0,0.0,0.0,2.154e-10,0.0,0.0,0.0,0.0,2.154e-10,4.642e-05,0.0
24459019.0,4995000000.0,5000000.0,5.0,0.0,0.0487,0.0487,0.0487,0.0487,21.428,0.11571,0.0,0.11571,21.428,0.0,0.0,0.0,0.0,0.0,0.0,0.0,2.154e-06,0.0,0.0,0.0,2.154e-06,0.0,0.0,0.0,0.0,2.154e-06,2.154e-06,0.0
24459410.0,4995000000.0,5000000.0,5.0,0.0,0.0487,0.0487,0.0487,0.0487,21.428,0.11571,0.00021428,0.11571,21.428,1.1571e-06,0.00021428,1.1571e-06,0.0,0.0,0.0,0.0,2.154e-06,0.0,0.0,0.0,1e-07,0.0,0.0,0.0,0.0,1e-07,2.154e-06,0.0
24459053.0,4995000000.0,5000000.0,5.0,0.0,0.0487,0.0487,0.0487,0.0487,21.428,0.11571,0.0,0.11571,21.428,1.1571e-06,0.0,1.1571e-06,0.0,0.0,0.0,0.0,4.642e-09,0.0,0.0,0.0,1e-07,0.0,0.0,0.0,0.0,1e-07,4.642e-09,0.0
24456812.0,4995000000.0,5000000.0,5.0,0.0,0.0487,0.0487,0.0487,0.0487,21.428,0.032142,0.0,0.032142,21.428,0.00027964,0.0,0.00027964,0.0,0.0,0.0,0.0,2.154e-06,0.0,0.0,0.0,4.642e-09,0.0,0.0,0.0,0.0,4.642e-09,2.154e-06,0.0
24457075.0,4995000000.0,5000000.0,5.0,0.0,0.0487,0.0487,0.0487,0.0487,21.428,0.032142,0.00021428,0.032142,21.428,3.0739e-06,0.00021428,3.0739e-06,0.0,0.0,0.0,0.0,0.001,0.0,0.0,0.0,0.001,0.0,0.0,0.0,0.0,0.001,0.001,0.0
24450772.0,4995000000.0,5000000.0,5.0,0.0,0.0487,0.0487,0.0487,0.0487,2.2307,0.60541,0.019407,0.60541,2.2307,0.0,0.019407,0.0,0.0,0.0,0.0,0.0,4.642e-09,0.0,0.0,0.0,1e-07,0.0,0.0,0.0,0.0,1e-07,4.642e-09,0.0
24456881.0,4995000000.0,5000000.0,5.0,0.0,0.0487,0.0487,0.0487,0.0487,21.428,0.032142,0.0,0.032142,21.428,0.025714,0.0,0.025714,0.0,0.0,0.0,0.0,1e-11,0.0,0.0,0.0,2.154e-10,0.0,0.0,0.0,0.0,2.154e-10,1e-11,0.0
24452672.0,4995000000.0,5000000.0,5.0,0.0,0.0487,0.0487,0.0487,0.0487,2.2307,2.2307,0.00021333,2.2307,2.2307,0.019407,0.00021333,0.019407,0.0,0.0,0.0,0.0,1e-11,0.0,0.0,0.0,0.001,0.0,0.0,0.0,0.0,0.001,1e-11,0.0
24459411.0,4995000000.0,5000000.0,5.0,0.0,0.0487,0.0487,0.0487,0.0487,21.428,0.11571,0.00021428,0.11571,21.428,1.1571e-06,0.00021428,1.1571e-06,0.0,0.0,0.0,0.0,2.154e-06,0.0,0.0,0.0,2.154e-06,0.0,0.0,0.0,0.0,2.154e-06,2.154e-06,0.0
24457178.0,4995000000.0,5000000.0,5.0,0.0,0.0487,0.0487,0.0487,0.0487,21.428,0.032142,0.00021428,0.032142,21.428,0.0026903,0.00021428,0.0026903,0.0,0.0,0.0,0.0,1e-11,0.0,0.0,0.0,2.154e-06,0.0,0.0,0.0,0.0,2.154e-06,1e-11,0.0
24456615.0,4995000000.0,5000000.0,5.0,0.0,0.0487,0.0487,0.0487,0.0487,21.428,0.032142,0.0,0.032142,21.428,0.0,0.0,0.0,0.0,0.0,0.0,0.0,2.154e-06,0.0,0.0,0.0,2.154e-10,0.0,0.0,0.0,0.0,2.154e-10,2.154e-06,0.0
24459194.0,4995000000.0,5000000.0,5.0,0.0,0.0487,0.0487,0.0487,0.0487,21.428,0.11571,0.0,0.11571,21.428,0.0010067,0.0,0.0010067,0.0,0.0,0.0,0.0,2.154e-10,0.0,0.0,0.0,2.154e-06,0.0,0.0,0.0,0.0,2.154e-06,2.154e-10,0.0
24450831.0,4995000000.0,5000000.0,5.0,0.0,0.0487,0.0487,0.0487,0.0487,2.2307,0.60541,0.019407,0.60541,2.2307,6.0541e-06,0.019407,6.0541e-06,0.0,0.0,0.0,0.0,1e-07,0.0,0.0,0.0,0.001,0.0,0.0,0.0,0.0,0.001,1e-07,0.0
24452895.0,4995000000.0,5000000.0,5.0,0.0,0.0487,0.0487,0.0487,0.0487,2.2307,2.2307,0.0020402,2.2307,2.2307,2.2307e-05,0.0020402,2.2307e-05,0.0,0.0,0.0,0.0,2.154e-06,0.0,0.0,0.0,4.642e-05,0.0,0.0,0.0,0.0,4.642e-05,2.154e-06,0.0
24457467.0,4995000000.0,5000000.0,5.0,0.0,0.0487,0.0487,0.0487,0.0487,21.428,0.032142,0.0020493,0.032142,21.428,2.9397e-05,0.0020493,2.9397e-05,0.0,0.0,0.0,0.0,0.001,0.0,0.0,0.0,0.001,0.0,0.0,0.0,0.0,0.001,0.001,0.0
24450165.0,4995000000.0,5000000.0,5.0,0.0,0.0487,0.0487,0.0487,0.0487,2.2307,0.60541,0.00021333,0.60541,2.2307,6.0541e-06,0.00021333,6.0541e-06,0.0,0.0,0.0,0.0,0.001,0.0,0.0,0.0,4.642e-05,0.0,0.0,0.0,0.0,4.642e-05,0.001,0.0
24452264.0,4995000000.0,5000000.0,5.0,0.0,0.0487,0.0487,0.0487,0.0487,2.2307,2.2307,2.2307e-05,2.2307,2.2307,0.00021333,2.2307e-05,0.00021333,0.0,0.0,0.0,0.0,4.642e-05,0.0,0.0,0.0,2.154e-06,0.0,0.0,0.0,0.0,2.154e-06,4.642e-05,0.0
24456697.0,4995000000.0,5000000.0,5.0,0.0,0.0487,0.0487,0.0487,0.0487,21.428,0.032142,0.0,0.032142,21.428,3.0739e-06,0.0,3.0739e-06,0.0,0.0,0.0,0.0,2.154e-10,0.0,0.0,0.0,0.001,0.0,0.0,0.0,0.0,0.001,2.154e-10,0.0
24450565.0,4995000000.0,5000000.0,5.0,0.0,0.0487,0.0487,0.0487,0.0487,2.2307,0.60541,0.0020402,0.60541,2.2307,0.00055371,0.0020402,0.00055371,0.0,0.0,0.0,0.0,1e-11,0.0,0.0,0.0,0.001,0.0,0.0,0.0,0.0,0.001,1e-11,0.0
24456883.0,4995000000.0,5000000.0,5.0,0.0,0.0487,0.0487,0.0487,0.0487,21.428,0.032142,0.0,0.032142,21.428,0.025714,0.0,0.025714,0.0,0.0,0.0,0.0,1e-11,0.0,0.0,0.0,1e-07,0.0,0.0,0.0,0.0,1e-07,1e-11,0.0
24457911.0,4995000000.0,5000000.0,5.0,0.0,0.0487,0.0487,0.0487,0.0487,21.428,0.032142,0.019598,0.032142,21.428,0.025714,0.019598,0.025714,0.0,0.0,0.0,0.0,1e-11,0.0,0.0,0.0,4.642e-09,0.0,0.0,0.0,0.0,4.642e-09,1e-11,0.0
24450102.0,4995000000.0,5000000.0,5.0,0.0,0.0487,0.0487,0.0487,0.0487,2.2307,0.60541,0.00021333,0.60541,2.2307,0.0,0.00021333,0.0,0.0,0.0,0.0,0.0,2.154e-06,0.0,0.0,0.0,4.642e-05,0.0,0.0,0.0,0.0,4.642e-05,2.154e-06,0.0
24457673.0,4995000000.0,5000000.0,5.0,0.0,0.0487,0.0487,0.0487,0.0487,21.428,0.032142,0.019598,0.032142,21.428,3.2142e-07,0.019598,3.2142e-07,0.0,0.0,0.0,0.0,2.154e-10,0.0,0.0,0.0,4.642e-09,0.0,0.0,0.0,0.0,4.642e-09,2.154e-10,0.0
24456797.0,4995000000.0,5000000.0,5.0,0.0,0.0487,0.0487,0.0487,0.0487,21.428,0.032142,0.0,0.032142,21.428,0.00027964,0.0,0.00027964,0.0,0.0,0.0,0.0,4.642e-09,0.0,0.0,0.0,2.154e-10,0.0,0.0,0.0,0.0,2.154e-10,4.642e-09,0.0
24450632.0,4995000000.0,5000000.0,5.0,0.0,0.0487,0.0487,0.0487,0.0487,2.2307,0.60541,0.0020402,0.60541,2.2307,0.005267,0.0020402,0.005267,0.0,0.0,0.0,0.0,1e-07,0.0,0.0,0.0,1e-07,0.0,0.0,0.0,0.0,1e-07,1e-07,0.0
24452545.0,4995000000.0,5000000.0,5.0,0.0,0.0487,0.0487,0.0487,0.0487,2.2307,2.2307,0.00021333,2.2307,2.2307,2.2307e-05,0.00021333,2.2307e-05,0.0,0.0,0.0,0.0,1e-07,0.0,0.0,0.0,4.642e-05,0.0,0.0,0.0,0.0,4.642e-05,1e-07,0.0
24457951.0,4995000000.0,5000000.0,5.0,0.0,0.0487,0.0487,0.0487,0.0487,21.428,0.032142,0.019598,0.032142,21.428,0.025714,0.019598,0.025714,0.0,0.0,0.0,0.0,0.001,0.0,0.0,0.0,1e-11,0.0,0.0,0.0,0.0,1e-11,0.001,0.0
24457762.0,4995000000.0,5000000.0,5.0,0.0,0.0487,0.0487,0.0487,0.0487,21.428,0.032142,0.019598,0.032142,21.428,2.9397e-05,0.019598,2.9397e-05,0.0,0.0,0.0,0.0,1e-11,0.0,0.0,0.0,1e-11,0.0,0.0,0.0,0.0,1e-11,1e-11,0.0
24453232.0,4995000000.0,5000000.0,5.0,0.0,0.0487,0.0487,0.0487,0.0487,2.2307,2.2307,0.019407,2.2307,2.2307,2.2307e-05,0.019407,2.2307e-05,0.0,0.0,0.0,0.0,1e-07,0.0,0.0,0.0,0.001,0.0,0.0,0.0,0.0,0.001,1e-07,0.0
24450256.0,4995000000.0,5000000.0,5.0,0.0,0.0487,0.0487,0.0487,0.0487,2.2307,0.60541,0.00021333,0.60541,2.2307,0.00055371,0.00021333,0.00055371,0.0,0.0,0.0,0.0,4.642e-05,0.0,0.0,0.0,4.642e-05,0.0,0.0,0.0,0.0,4.642e-05,4.642e-05,0.0
24457338.0,4995000000.0,5000000.0,5.0,0.0,0.0487,0.0487,0.0487,0.0487,21.428,0.032142,0.0020493,0.032142,21.428,3.2142e-07,0.0020493,3.2142e-07,0.0,0.0,0.0,0.0,4.642e-09,0.0,0.0,0.0,1e-07,0.0,0.0,0.0,0.0,1e-07,4.642e-09,0.0
24457374.0,4995000000.0,5000000.0,5.0,0.0,0.0487,0.0487,0.0487,0.0487,21.428,0.032142,0.0020493,0.032142,21.428,3.0739e-06,0.0020493,3.0739e-06,0.0,0.0,0.0,0.0,1e-11,0.0,0.0,0.0,2.154e-06,0.0,0.0,0.0,0.0,2.154e-06,1e-11,0.0
24457772.0,4995000000.0,5000000.0,5.0,0.0,0.0487,0.0487,0.0487,0.0487,21.428,0.032142,0.019598,0.032142,21.428,2.9397e-05,0.019598,2.9397e-05,0.0,0.0,0.0,0.0,2.154e-10,0.0,0.0,0.0,1e-07,0.0,0.0,0.0,0.0,1e-07,2.154e-10,0.0
24457739.0,4995000000.0,5000000.0,5.0,0.0,0.0487,0.0487,0.0487,0.0487,21.428,0.032142,0.019598,0.032142,21.428,3.0739e-06,0.019598,3.0739e-06,0.0,0.0,0.0,0.0,1e-07,0.0,0.0,0.0,4.642e-05,0.0,0.0,0.0,0.0,4.642e-05,1e-07,0.0
24457554.0,4995000000.0,5000000.0,5.0,0.0,0.0487,0.0487,0.0487,0.0487,21.428,0.032142,0.0020493,0.032142,21.428,0.0026903,0.0020493,0.0026903,0.0,0.0,0.0,0.0,4.642e-05,0.0,0.0,0.0,4.642e-09,0.0,0.0,0.0,0.0,4.642e-09,4.642e-05,0.0
24459507.0,4995000000.0,5000000.0,5.0,0.0,0.0487,0.0487,0.0487,0.0487,21.428,0.11571,0.00021428,0.11571,21.428,0.00010583,0.00021428,0.00010583,0.0,0.0,0.0,0.0,2.154e-06,0.0,0.0,0.0,4.642e-09,0.0,0.0,0.0,0.0,4.642e-09,2.154e-06,0.0
24457399.0,4995000000.0,5000000.0,5.0,0.0,0.0487,0.0487,0.0487,0.0487,21.428,0.032142,0.0020493,0.032142,21.428,3.0739e-06,0.0020493,3.0739e-06,0.0,0.0,0.0,0.0,2.154e-06,0.0,0.0,0.0,2.154e-10,0.0,0.0,0.0,0.0,2.154e-10,2.154e-06,0.0
24456887.0,4995000000.0,5000000.0,5.0,0.0,0.0487,0.0487,0.0487,0.0487,21.428,0.032142,0.0,0.032142,21.428,0.025714,0.0,0.025714,0.0,0.0,0.0,0.0,2.154e-10,0.0,0.0,0.0,1e-11,0.0,0.0,0.0,0.0,1e-11,2.154e-10,0.0
24459257.0,4995000000.0,5000000.0,5.0,0.0,0.0487,0.0487,0.0487,0.0487,21.428,0.11571,0.0,0.11571,21.428,0.009685,0.0,0.009685,0.0,0.0,0.0,0.0,1e-07,0.0,0.0,0.0,2.154e-06,0.0,0.0,0.0,0.0,2.154e-06,1e-07,0.0
24450655.0,4995000000.0,5000000.0,5.0,0.0,0.0487,0.0487,0.0487,0.0487,2.2307,0.60541,0.0020402,0.60541,2.2307,0.005267,0.0020402,0.005267,0.0,0.0,0.0,0.0,0.001,0.0,0.0,0.0,4.642e-05,0.0,0.0,0.0,0.0,4.642e-05,0.001,0.0
24450082.0,4995000000.0,5000000.0,5.0,0.0,0.0487,0.0487,0.0487,0.0487,2.2307,0.60541,0.00021333,0.60541,2.2307,0.0,0.00021333,0.0,0.0,0.0,0.0,0.0,2.154e-10,0.0,0.0,0.0,0.001,0.0,0.0,0.0,0.0,0.001,2.154e-10,0.0
24459032.0,4995000000.0,5000000.0,5.0,0.0,0.0487,0.0487,0.0487,0.0487,21.428,0.11571,0.0,0.11571,21.428,0.0,0.0,0.0,0.0,0.0,0.0,0.0,0.001,0.0,0.0,0.0,1e-07,0.0,0.0,0.0,0.0,1e-07,0.001,0.0
24456604.0,4995000000.0,5000000.0,5.0,0.0,0.0487,0.0487,0.0487,0.0487,21.428,0.032142,0.0,0.032142,21.428,0.0,0.0,0.0,0.0,0.0,0.0,0.0,4.642e-09,0.0,0.0,0.0,2.154e-06,0.0,0.0,0.0,0.0,2.154e-06,4.642e-09,0.0
24457166.0,4995000000.0,5000000.0,5.0,0.0,0.0487,0.0487,0.0487,0.0487,21.428,0.032142,0.00021428,0.032142,21.428,0.00027964,0.00021428,0.00027964,0.0,0.0,0.0,0.0,4.642e-05,0.0,0.0,0.0,0.001,0.0,0.0,0.0,0.0,0.001,4.642e-05,0.0
24457043.0,4995000000.0,5000000.0,5.0,0.0,0.0487,0.0487,0.0487,0.0487,21.428,0.032142,0.00021428,0.032142,21.428,3.0739e-06,0.00021428,3.0739e-06,0.0,0.0,0.0,0.0,4.642e-09,0.0,0.0,0.0,4.642e-09,0.0,0.0,0.0,0.0,4.642e-09,4.642e-09,0.0
24450505.0,4995000000.0,5000000.0,5.0,0.0,0.0487,0.0487,0.0487,0.0487,2.2307,0.60541,0.0020402,0.60541,2.2307,6.0541e-06,0.0020402,6.0541e-06,0.0,0.0,0.0,0.0,0.001,0.0,0.0,0.0,4.642e-09,0.0,0.0,0.0,0.0,4.642e-09,0.001,0.0
24457540.0,4995000000.0,5000000.0,5.0,0.0,0.0487,0.0487,0.0487,0.0487,21.428,0.032142,0.0020493,0.032142,21.428,0.0026903,0.0020493,0.0026903,0.0,0.0,0.0,0.0,1e-07,0.0,0.0,0.0,4.642e-09,0.0,0.0,0.0,0.0,4.642e-09,1e-07,0.0
24457728.0,4995000000.0,5000000.0,5.0,0.0,0.0487,0.0487,0.0487,0.0487,21.428,0.032142,0.019598,0.032142,21.428,3.0739e-06,0.019598,3.0739e-06,0.0,0.0,0.0,0.0,4.642e-09,0.0,0.0,0.0,2.154e-10,0.0,0.0,0.0,0.0,2.154e-10,4.642e-09,0.0
24450191.0,4995000000.0,5000000.0,5.0,0.0,0.0487,0.0487,0.0487,0.0487,2.2307,0.60541,0.00021333,0.60541,2.2307,5.7898e-05,0.00021333,5.7898e-05,0.0,0.0,0.0,0.0,1e-07,0.0,0.0,0.0,1e-07,0.0,0.0,0.0,0.0,1e-07,1e-07,0.0
24459361.0,4995000000.0,5000000.0,5.0,0.0,0.0487,0.0487,0.0487,0.0487,21.428,0.11571,0.00021428,0.11571,21.428,0.0,0.00021428,0.0,0.0,0.0,0.0,0.0,2.154e-06,0.0,0.0,0.0,1e-07,0.0,0.0,0.0,0.0,1e-07,2.154e-06,0.0
24452511.0,4995000000.0,5000000.0,5.0,0.0,0.0487,0.0487,0.0487,0.0487,2.2307,2.2307,0.00021333,2.2307,2.2307,0.0,0.00021333,0.0,0.0,0.0,0.0,0.0,4.642e-05,0.0,0.0,0.0,0.001,0.0,0.0,0.0,0.0,0.001,4.642e-05,0.0
24457543.0,4995000000.0,5000000.0,5.0,0.0,0.0487,0.0487,0.0487,0.0487,21.428,0.032142,0.0020493,0.032142,21.428,0.0026903,0.0020493,0.0026903,0.0,0.0,0.0,0.0,1e-07,0.0,0.0,0.0,4.642e-05,0.0,0.0,0.0,0.0,4.642e-05,1e-07,0.0
24457453.0,4995000000.0,5000000.0,5.0,0.0,0.0487,0.0487,0.0487,0.0487,21.428,0.032142,0.0020493,0.032142,21.428,2.9397e-05,0.0020493,2.9397e-05,0.0,0.0,0.0,0.0,2.154e-06,0.0,0.0,0.0,0.001,0.0,0.0,0.0,0.0,0.001,2.154e-06,0.0
24450246.0,4995000000.0,5000000.0,5.0,0.0,0.0487,0.0487,0.0487,0.0487,2.2307,0.60541,0.00021333,0.60541,2.2307,0.00055371,0.00021333,0.00055371,0.0,0.0,0.0,0.0,2.154e-06,0.0,0.0,0.0,4.642e-09,0.0,0.0,0.0,0.0,4.642e-09,2.154e-06,0.0
24459461.0,4995000000.0,5000000.0,5.0,0.0,0.0487,0.0487,0.0487,0.0487,21.428,0.11571,0.00021428,0.11571,21.428,1.1066e-05,0.00021428,1.1066e-05,0.0,0.0,0.0,0.0,2.154e-06,0.0,0.0,0.0,4.642e-05,0.0,0.0,0.0,0.0,4.642e-05,2.154e-06,0.0
24457796.0,4995000000.0,5000000.0,5.0,0.0,0.0487,0.0487,0.0487,0.0487,21.428,0.032142,0.019598,0.032142,21.428,2.9397e-05,0.019598,2.9397e-05,0.0,0.0,0.0,0.0,2.154e-06,0.0,0.0,0.0,0.001,0.0,0.0,0.0,0.0,0.001,2.154e-06,0.0
24457638.0,4995000000.0,5000000.0,5.0,0.0,0.0487,0.0487,0.0487,0.0487,21.428,0.032142,0.019598,0.032142,21.428,0.0,0.019598,0.0,0.0,0.0,0.0,0.0,1e-07,0.0,0.0,0.0,4.642e-09,0.0,0.0,0.0,0.0,4.642e-09,1e-07,0.0
24453329.0,4995000000.0,5000000.0,5.0,0.0,0.0487,0.0487,0.0487,0.0487,2.2307,2.2307,0.019407,2.2307,2.2307,0.0020402,0.019407,0.0020402,0.0,0.0,0.0,0.0,1e-07,0.0,0.0,0.0,4.642e-05,0.0,0.0,0.0,0.0,4.642e-05,1e-07,0.0
24450527.0,4995000000.0,5000000.0,5.0,0.0,0.0487,0.0487,0.0487,0.0487,2.2307,0.60541,0.0020402,0.60541,2.2307,5.7898e-05,0.0020402,5.7898e-05,0.0,0.0,0.0,0.0,4.642e-09,0.0,0.0,0.0,1e-07,0.0,0.0,0.0,0.0,1e-07,4.642e-09,0.0
24450078.0,4995000000.0,5000000.0,5.0,0.0,0.0487,0.0487,0.0487,0.0487,2.2307,0.60541,0.00021333,0.60541,2.2307,0.0,0.00021333,0.0,0.0,0.0,0.0,0.0,2.154e-10,0.0,0.0,0.0,4.642e-09,0.0,0.0,0.0,0.0,4.642e-09,2.154e-10,0.0
24450914.0,4995000000.0,5000000.0,5.0,0.0,0.0487,0.0487,0.0487,0.0487,2.2307,0.60541,0.019407,0.60541,2.2307,0.00055371,0.019407,0.00055371,0.0,0.0,0.0,0.0,2.154e-10,0.0,0.0,0.0,4.642e-05,0.0,0.0,0.0,0.0,4.642e-05,2.154e-10,0.0
24457537.0,4995000000.0,5000000.0,5.0,0.0,0.0487,0.0487,0.0487,0.0487,21.428,0.032142,0.0020493,0.032142,21.428,0.0026903,0.0020493,0.0026903,0.0,0.0,0.0,0.0,4.642e-09,0.0,0.0,0.0,0.001,0.0,0.0,0.0,0.0,0.001,4.642e-09,0.0
24450627.0,4995000000.0,5000000.0,5.0,0.0,0.0487,0.0487,0.0487,0.0487,2.2307,0.60541,0.0020402,0.60541,2.2307,0.005267,0.0020402,0.005267,0.0,0.0,0.0,0.0,4.642e-09,0.0,0.0,0.0,4.642e-05,0.0,0.0,0.0,0.0,4.642e-05,4.642e-09,0.0
24457456.0,4995000000.0,5000000.0,5.0,0.0,0.0487,0.0487,0.0487,0.0487,21.428,0.032142,0.0020493,0.032142,21.428,2.9397e-05,0.0020493,2.9397e-05,0.0,0.0,0.0,0.0,4.642e-05,0.0,0.0,0.0,4.642e-09,0.0,0.0,0.0,0.0,4.642e-09,4.642e-05,0.0
24457942.0,4995000000.0,5000000.0,5.0,0.0,0.0487,0.0487,0.0487,0.0487,21.428,0.032142,0.019598,0.032142,21.428,0.025714,0.019598,0.025714,0.0,0.0,0.0,0.0,2.154e-06,0.0,0.0,0.0,4.642e-05,0.0,0.0,0.0,0.0,4.642e-05,2.154e-06,0.0
24459083.0,4995000000.0,5000000.0,5.0,0.0,0.0487,0.0487,0.0487,0.0487,21.428,0.11571,0.0,0.11571,21.428,1.1571e-06,0.0,1.1571e-06,0.0,0.0,0.0,0.0,0.001,0.0,0.0,0.0,4.642e-05,0.0,0.0,0.0,0.0,4.642e-05,0.001,0.0
24452930.0,4995000000.0,5000000.0,5.0,0.0,0.0487,0.0487,0.0487,0.0487,2.2307,2.2307,0.0020402,2.2307,2.2307,0.00021333,0.0020402,0.00021333,0.0,0.0,0.0,0.0,4.642e-09,0.0,0.0,0.0,4.642e-05,0.0,0.0,0.0,0.0,4.642e-05,4.642e-09,0.0
24456669.0,4995000000.0,5000000.0,5.0,0.0,0.0487,0.0487,0.0487,0.0487,21.428,0.032142,0.0,0.032142,21.428,3.2142e-07,0.0,3.2142e-07,0.0,0.0,0.0,0.0,2.154e-06,0.0,0.0,0.0,0.001,0.0,0.0,0.0,0.0,0.001,2.154e-06,0.0
24450253.0,4995000000.0,5000000.0,5.0,0.0,0.0487,0.0487,0.0487,0.0487,2.2307,0.60541,0.00021333,0.60541,2.2307,0.00055371,0.00021333,0.00055371,0.0,0.0,0.0,0.0,4.642e-05,0.0,0.0,0.0,4.642e-09,0.0,0.0,0.0,0.0,4.642e-09,4.642e-05,0.0
24452699.0,4995000000.0,5000000.0,5.0,0.0,0.0487,0.0487,0.0487,0.0487,2.2307,2.2307,0.00021333,2.2307,2.2307,0.019407,0.00021333,0.019407,0.0,0.0,0.0,0.0,2.154e-06,0.0,0.0,0.0,4.642e-05,0.0,0.0,0.0,0.0,4.642e-05,2.154e-06,0.0
24450117.0,4995000000.0,5000000.0,5.0,0.0,0.0487,0.0487,0.0487,0.0487,2.2307,0.60541,0.00021333,0.60541,2.2307,0.0,0.00021333,0.0,0.0,0.0,0.0,0.0,0.001,0.0,0.0,0.0,0.001,0.0,0.0,0.0,0.0,0.001,0.001,0.0
24456884.0,4995000000.0,5000000.0,5.0,0.0,0.0487,0.0487,0.0487,0.0487,21.428,0.032142,0.0,0.032142,21.428,0.025714,0.0,0.025714,0.0,0.0,0.0,0.0,1e-11,0.0,0.0,0.0,2.154e-06,0.0,0.0,0.0,0.0,2.154e-06,1e-11,0.0
24457623.0,4995000000.0,5000000.0,5.0,0.0,0.0487,0.0487,0.0487,0.0487,21.428,0.032142,0.019598,0.032142,21.428,0.0,0.019598,0.0,0.0,0.0,0.0,0.0,2.154e-10,0.0,0.0,0.0,2.154e-10,0.0,0.0,0.0,0.0,2.154e-10,2.154e-10,0.0
24451958.0,4995000000.0,5000000.0,5.0,0.0,0.0487,0.0487,0.0487,0.0487,2.2307,2.2307,0.0,2.2307,2.2307,0.0020402,0.0,0.0020402,0.0,0.0,0.0,0.0,1e-07,0.0,0.0,0.0,0.001,0.0,0.0,0.0,0.0,0.001,1e-07,0.0
24456722.0,4995000000.0,5000000.0,5.0,0.0,0.0487,0.0487,0.0487,0.0487,21.428,0.032142,0.0,0.032142,21.428,3.0739e-06,0.0,3.0739e-06,0.0,0.0,0.0,0.0,4.642e-05,0.0,0.0,0.0,1e-07,0.0,0.0,0.0,0.0,1e-07,4.642e-05,0.0
24456984.0,4995000000.0,5000000.0,5.0,0.0,0.0487,0.0487,0.0487,0.0487,21.428,0.032142,0.00021428,0.032142,21.428,3.2142e-07,0.00021428,3.2142e-07,0.0,0.0,0.0,0.0,1e-11,0.0,0.0,0.0,0.001,0.0,0.0,0.0,0.0,0.001,1e-11,0.0
24457663.0,4995000000.0,5000000.0,5.0,0.0,0.0487,0.0487,0.0487,0.0487,21.428,0.032142,0.019598,0.032142,21.428,0.0,0.019598,0.0,0.0,0.0,0.0,0.0,0.001,0.0,0.0,0.0,0.001,0.0,0.0,0.0,0.0,0.001,0.001,0.0
24459447.0,4995000000.0,5000000.0,5.0,0.0,0.0487,0.0487,0.0487,0.0487,21.428,0.11571,0.00021428,0.11571,21.428,1.1066e-05,0.00021428,1.1066e-05,0.0,0.0,0.0,0.0,4.642e-09,0.0,0.0,0.0,4.642e-05,0.0,0.0,0.0,0.0,4.642e-05,4.642e-09,0.0
24459221.0,4995000000.0,5000000.0,5.0,0.0,0.0487,0.0487,0.0487,0.0487,21.428,0.11571,0.0,0.11571,21.428,0.0010067,0.0,0.0010067,0.0,0.0,0.0,0.0,4.642e-05,0.0,0.0,0.0,1e-07,0.0,0.0,0.0,0.0,1e-07,4.642e-05,0.0
24452630.0,4995000000.0,5000000.0,5.0,0.0,0.0487,0.0487,0.0487,0.0487,2.2307,2.2307,0.00021333,2.2307,2.2307,0.0020402,0.00021333,0.0020402,0.0,0.0,0.0,0.0,2.154e-10,0.0,0.0,0.0,0.001,0.0,0.0,0.0,0.0,0.001,2.154e-10,0.0
24457837.0,4995000000.0,5000000.0,5.0,0.0,0.0487,0.0487,0.0487,0.0487,21.428,0.032142,0.019598,0.032142,21.428,0.00027964,0.019598,0.00027964,0.0,0.0,0.0,0.0,1e-07,0.0,0.0,0.0,4.642e-05,0.0,0.0,0.0,0.0,4.642e-05,1e-07,0.0
24450940.0,4995000000.0,5000000.0,5.0,0.0,0.0487,0.0487,0.0487,0.0487,2.2307,0.60541,0.019407,0.60541,2.2307,0.00055371,0.019407,0.00055371,0.0,0.0,0.0,0.0,4.642e-05,0.0,0.0,0.0,1e-07,0.0,0.0,0.0,0.0,1e-07,4.642e-05,0.0
24456852.0,4995000000.0,5000000.0,5.0,0.0,0.0487,0.0487,0.0487,0.0487,21.428,0.032142,0.0,0.032142,21.428,0.0026903,0.0,0.0026903,0.0,0.0,0.0,0.0,1e-07,0.0,0.0,0.0,1e-11,0.0,0.0,0.0,0.0,1e-11,1e-07,0.0
24459481.0,4995000000.0,5000000.0,5.0,0.0,0.0487,0.0487,0.0487,0.0487,21.428,0.11571,0.00021428,0.11571,21.428,0.00010583,0.00021428,0.00010583,0.0,0.0,0.0,0.0,1e-11,0.0,0.0,0.0,2.154e-06,0.0,0.0,0.0,0.0,2.154e-06,1e-11,0.0
24459949.0,4995000000.0,5000000.0,5.0,0.0,0.0487,0.0487,0.0487,0.0487,21.428,0.11571,0.0020493,0.11571,21.428,0.009685,0.0020493,0.009685,0.0,0.0,0.0,0.0,2.154e-06,0.0,0.0,0.0,1e-07,0.0,0.0,0.0,0.0,1e-07,2.154e-06,0.0
24459920.0,4995000000.0,5000000.0,5.0,0.0,0.0487,0.0487,0.0487,0.0487,21.428,0.11571,0.0020493,0.11571,21.428,0.009685,0.0020493,0.009685,0.0,0.0,0.0,0.0,1e-11,0.0,0.0,0.0,4.642e-09,0.0,0.0,0.0,0.0,4.642e-09,1e-11,0.0
24456639.0,4995000000.0,5000000.0,5.0,0.0,0.0487,0.0487,0.0487,0.0487,21.428,0.032142,0.0,0.032142,21.428,3.2142e-07,0.0,3.2142e-07,0.0,0.0,0.0,0.0,1e-11,0.0,0.0,0.0,2.154e-06,0.0,0.0,0.0,0.0,2.154e-06,1e-11,0.0
24452173.0,4995000000.0,5000000.0,5.0,0.0,0.0487,0.0487,0.0487,0.0487,2.2307,2.2307,2.2307e-05,2.2307,2.2307,0.0,2.2307e-05,0.0,0.0,0.0,0.0,0.0,0.001,0.0,0.0,0.0,2.154e-06,0.0,0.0,0.0,0.0,2.154e-06,0.001,0.0
24457344.0,4995000000.0,5000000.0,5.0,0.0,0.0487,0.0487,0.0487,0.0487,21.428,0.032142,0.0020493,0.032142,21.428,3.2142e-07,0.0020493,3.2142e-07,0.0,0.0,0.0,0.0,1e-07,0.0,0.0,0.0,4.642e-09,0.0,0.0,0.0,0.0,4.642e-09,1e-07,0.0
24450227.0,4995000000.0,5000000.0,5.0,0.0,0.0487,0.0487,0.0487,0.0487,2.2307,0.60541,0.00021333,0.60541,2.2307,0.00055371,0.00021333,0.00055371,0.0,0.0,0.0,0.0,2.154e-10,0.0,0.0,0.0,2.154e-06,0.0,0.0,0.0,0.0,2.154e-06,2.154e-10,0.0
24456816.0,4995000000.0,5000000.0,5.0,0.0,0.0487,0.0487,0.0487,0.0487,21.428,0.032142,0.0,0.032142,21.428,0.00027964,0.0,0.00027964,0.0,0.0,0.0,0.0,2.154e-06,0.0,0.0,0.0,0.001,0.0,0.0,0.0,0.0,0.001,2.154e-06,0.0
24456681.0,4995000000.0,5000000.0,5.0,0.0,0.0487,0.0487,0.0487,0.0487,21.428,0.032142,0.0,0.032142,21.428,3.2142e-07,0.0,3.2142e-07,0.0,0.0,0.0,0.0,0.001,0.0,0.0,0.0,2.154e-06,0.0,0.0,0.0,0.0,2.154e-06,0.001,0.0
24459710.0,4995000000.0,5000000.0,5.0,0.0,0.0487,0.0487,0.0487,0.0487,21.428,0.11571,0.0020493,0.11571,21.428,0.0,0.0020493,0.0,0.0,0.0,0.0,0.0,4.642e-05,0.0,0.0,0.0,4.642e-09,0.0,0.0,0.0,0.0,4.642e-09,4.642e-05,0.0
24457936.0,4995000000.0,5000000.0,5.0,0.0,0.0487,0.0487,0.0487,0.0487,21.428,0.032142,0.019598,0.032142,21.428,0.025714,0.019598,0.025714,0.0,0.0,0.0,0.0,1e-07,0.0,0.0,0.0,0.001,0.0,0.0,0.0,0.0,0.001,1e-07,0.0
24456656.0,4995000000.0,5000000.0,5.0,0.0,0.0487,0.0487,0.0487,0.0487,21.428,0.032142,0.0,0.032142,21.428,3.2142e-07,0.0,3.2142e-07,0.0,0.0,0.0,0.0,1e-07,0.0,0.0,0.0,1e-11,0.0,0.0,0.0,0.0,1e-11,1e-07,0.0
24457236.0,4995000000.0,5000000.0,5.0,0.0,0.0487,0.0487,0.0487,0.0487,21.428,0.032142,0.00021428,0.032142,21.428,0.025714,0.00021428,0.025714,0.0,0.0,0.0,0.0,2.154e-10,0.0,0.0,0.0,0.001,0.0,0.0,0.0,0.0,0.001,2.154e-10,0.0
24459235.0,4995000000.0,5000000.0,5.0,0.0,0.0487,0.0487,0.0487,0.0487,21.428,0.11571,0.0,0.11571,21.428,0.009685,0.0,0.009685,0.0,0.0,0.0,0.0,1e-11,0.0,0.0,0.0,1e-07,0.0,0.0,0.0,0.0,1e-07,1e-11,0.0
24450935.0,4995000000.0,5000000.0,5.0,0.0,0.0487,0.0487,0.0487,0.0487,2.2307,0.60541,0.019407,0.60541,2.2307,0.00055371,0.019407,0.00055371,0.0,0.0,0.0,0.0,2.154e-06,0.0,0.0,0.0,4.642e-05,0.0,0.0,0.0,0.0,4.642e-05,2.154e-06,0.0
24450155.0,4995000000.0,5000000.0,5.0,0.0,0.0487,0.0487,0.0487,0.0487,2.2307,0.60541,0.00021333,0.60541,2.2307,6.0541e-06,0.00021333,6.0541e-06,0.0,0.0,0.0,0.0,4.642e-05,0.0,0.0,0.0,4.642e-09,0.0,0.0,0.0,0.0,4.642e-09,4.642e-05,0.0
24459608.0,4995000000.0,5000000.0,5.0,0.0,0.0487,0.0487,0.0487,0.0487,21.428,0.11571,0.00021428,0.11571,21.428,0.009685,0.00021428,0.009685,0.0,0.0,0.0,0.0,2.154e-06,0.0,0.0,0.0,4.642e-05,0.0,0.0,0.0,0.0,4.642e-05,2.154e-06,0.0
24459754.0,4995000000.0,5000000.0,5.0,0.0,0.0487,0.0487,0.0487,0.0487,21.428,0.11571,0.0020493,0.11571,21.428,1.1571e-06,0.0020493,1.1571e-06,0.0,0.0,0.0,0.0,2.154e-06,0.0,0.0,0.0,2.154e-06,0.0,0.0,0.0,0.0,2.154e-06,2.154e-06,0.0
24459242.0,4995000000.0,5000000.0,5.0,0.0,0.0487,0.0487,0.0487,0.0487,21.428,0.11571,0.0,0.11571,21.428,0.009685,0.0,0.009685,0.0,0.0,0.0,0.0,2.154e-10,0.0,0.0,0.0,1e-07,0.0,0.0,0.0,0.0,1e-07,2.154e-10,0.0
24450549.0,4995000000.0,5000000.0,5.0,0.0,0.0487,0.0487,0.0487,0.0487,2.2307,0.60541,0.0020402,0.60541,2.2307,5.7898e-05,0.0020402,5.7898e-05,0.0,0.0,0.0,0.0,4.642e-05,0.0,0.0,0.0,2.154e-06,0.0,0.0,0.0,0.0,2.154e-06,4.642e-05,0.0
24457857.0,4995000000.0,5000000.0,5.0,0.0,0.0487,0.0487,0.0487,0.0487,21.428,0.032142,0.019598,0.032142,21.428,0.00027964,0.019598,0.00027964,0.0,0.0,0.0,0.0,0.001,0.0,0.0,0.0,2.154e-06,0.0,0.0,0.0,0.0,2.154e-06,0.001,0.0
24457113.0,4995000000.0,5000000.0,5.0,0.0,0.0487,0.0487,0.0487,0.0487,21.428,0.032142,0.00021428,0.032142,21.428,2.9397e-05,0.00021428,2.9397e-05,0.0,0.0,0.0,0.0,4.642e-05,0.0,0.0,0.0,4.642e-09,0.0,0.0,0.0,0.0,4.642e-09,4.642e-05,0.0
24459222.0,4995000000.0,5000000.0,5.0,0.0,0.0487,0.0487,0.0487,0.0487,21.428,0.11571,0.0,0.11571,21.428,0.0010067,0.0,0.0010067,0.0,0.0,0.0,0.0,4.642e-05,0.0,0.0,0.0,2.154e-06,0.0,0.0,0.0,0.0,2.154e-06,4.642e-05,0.0
24459773.0,4995000000.0,5000000.0,5.0,0.0,0.0487,0.0487,0.0487,0.0487,21.428,0.11571,0.0020493,0.11571,21.428,1.1066e-05,0.0020493,1.1066e-05,0.0,0.0,0.0,0.0,1e-11,0.0,0.0,0.0,4.642e-09,0.0,0.0,0.0,0.0,4.642e-09,1e-11,0.0
24457503.0,4995000000.0,5000000.0,5.0,0.0,0.0487,0.0487,0.0487,0.0487,21.428,0.032142,0.0020493,0.032142,21.428,0.00027964,0.0020493,0.00027964,0.0,0.0,0.0,0.0,4.642e-05,0.0,0.0,0.0,1e-11,0.0,0.0,0.0,0.0,1e-11,4.642e-05,0.0
24457123.0,4995000000.0,5000000.0,5.0,0.0,0.0487,0.0487,0.0487,0.0487,21.428,0.032142,0.00021428,0.032142,21.428,2.9397e-05,0.00021428,2.9397e-05,0.0,0.0,0.0,0.0,0.001,0.0,0.0,0.0,4.642e-05,0.0,0.0,0.0,0.0,4.642e-05,0.001,0.0
24457564.0,4995000000.0,5000000.0,5.0,0.0,0.0487,0.0487,0.0487,0.0487,21.428,0.032142,0.0020493,0.032142,21.428,0.0026903,0.0020493,0.0026903,0.0,0.0,0.0,0.0,0.001,0.0,0.0,0.0,4.642e-05,0.0,0.0,0.0,0.0,4.642e-05,0.001,0.0
24457048.0,4995000000.0,5000000.0,5.0,0.0,0.0487,0.0487,0.0487,0.0487,21.428,0.032142,0.00021428,0.032142,21.428,3.0739e-06,0.00021428,3.0739e-06,0.0,0.0,0.0,0.0,1e-07,0.0,0.0,0.0,1e-11,0.0,0.0,0.0,0.0,1e-11,1e-07,0.0
24459004.0,4995000000.0,5000000.0,5.0,0.0,0.0487,0.0487,0.0487,0.0487,21.428,0.11571,0.0,0.11571,21.428,0.0,0.0,0.0,0.0,0.0,0.0,0.0,4.642e-09,0.0,0.0,0.0,1e-07,0.0,0.0,0.0,0.0,1e-07,4.642e-09,0.0
24457348.0,4995000000.0,5000000.0,5.0,0.0,0.0487,0.0487,0.0487,0.0487,21.428,0.032142,0.0020493,0.032142,21.428,3.2142e-07,0.0020493,3.2142e-07,0.0,0.0,0.0,0.0,1e-07,0.0,0.0,0.0,0.001,0.0,0.0,0.0,0.0,0.001,1e-07,0.0
24456898.0,4995000000.0,5000000.0,5.0,0.0,0.0487,0.0487,0.0487,0.0487,21.428,0.032142,0.0,0.032142,21.428,0.025714,0.0,0.025714,0.0,0.0,0.0,0.0,4.642e-09,0.0,0.0,0.0,2.154e-06,0.0,0.0,0.0,0.0,2.154e-06,4.642e-09,0.0
24458993.0,4995000000.0,5000000.0,5.0,0.0,0.0487,0.0487,0.0487,0.0487,21.428,0.11571,0.0,0.11571,21.428,0.0,0.0,0.0,0.0,0.0,0.0,0.0,1e-11,0.0,0.0,0.0,0.001,0.0,0.0,0.0,0.0,0.001,1e-11,0.0
24456886.0,4995000000.0,5000000.0,5.0,0.0,0.0487,0.0487,0.0487,0.0487,21.428,0.032142,0.0,0.032142,21.428,0.025714,0.0,0.025714,0.0,0.0,0.0,0.0,1e-11,0.0,0.0,0.0,0.001,0.0,0.0,0.0,0.0,0.001,1e-11,0.0
24453196.0,4995000000.0,5000000.0,5.0,0.0,0.0487,0.0487,0.0487,0.0487,2.2307,2.2307,0.019407,2.2307,2.2307,0.0,0.019407,0.0,0.0,0.0,0.0,0.0,4.642e-05,0.0,0.0,0.0,4.642e-05,0.0,0.0,0.0,0.0,4.642e-05,4.642e-05,0.0
24456890.0,4995000000.0,5000000.0,5.0,0.0,0.0487,0.0487,0.0487,0.0487,21.428,0.032142,0.0,0.032142,21.428,0.025714,0.0,0.025714,0.0,0.0,0.0,0.0,2.154e-10,0.0,0.0,0.0,1e-07,0.0,0.0,0.0,0.0,1e-07,2.154e-10,0.0
24457332.0,4995000000.0,5000000.0,5.0,0.0,0.0487,0.0487,0.0487,0.0487,21.428,0.032142,0.0020493,0.032142,21.428,3.2142e-07,0.0020493,3.2142e-07,0.0,0.0,0.0,0.0,2.154e-10,0.0,0.0,0.0,2.154e-06,0.0,0.0,0.0,0.0,2.154e-06,2.154e-10,0.0
24452364.0,4995000000.0,5000000.0,5.0,0.0,0.0487,0.0487,0.0487,0.0487,2.2307,2.2307,2.2307e-05,2.2307,2.2307,0.019407,2.2307e-05,0.019407,0.0,0.0,0.0,0.0,4.642e-05,0.0,0.0,0.0,0.001,0.0,0.0,0.0,0.0,0.001,4.642e-05,0.0
24457243.0,4995000000.0,5000000.0,5.0,0.0,0.0487,0.0487,0.0487,0.0487,21.428,0.032142,0.00021428,0.032142,21.428,0.025714,0.00021428,0.025714,0.0,0.0,0.0,0.0,4.642e-09,0.0,0.0,0.0,0.001,0.0,0.0,0.0,0.0,0.001,4.642e-09,0.0
24451830.0,4995000000.0,5000000.0,5.0,0.0,0.0487,0.0487,0.0487,0.0487,2.2307,2.2307,0.0,2.2307,2.2307,0.0,0.0,0.0,0.0,0.0,0.0,0.0,0.001,0.0,0.0,0.0,2.154e-06,0.0,0.0,0.0,0.0,2.154e-06,0.001,0.0
24453217.0,4995000000.0,5000000.0,5.0,0.0,0.0487,0.0487,0.0487,0.0487,2.2307,2.2307,0.019407,2.2307,2.2307,2.2307e-05,0.019407,2.2307e-05,0.0,0.0,0.0,0.0,2.154e-10,0.0,0.0,0.0,4.642e-05,0.0,0.0,0.0,0.0,4.642e-05,2.154e-10,0.0
24456617.0,4995000000.0,5000000.0,5.0,0.0,0.0487,0.0487,0.0487,0.0487,21.428,0.032142,0.0,0.032142,21.428,0.0,0.0,0.0,0.0,0.0,0.0,0.0,2.154e-06,0.0,0.0,0.0,1e-07,0.0,0.0,0.0,0.0,1e-07,2.154e-06,0.0
24457324.0,4995000000.0,5000000.0,5.0,0.0,0.0487,0.0487,0.0487,0.0487,21.428,0.032142,0.0020493,0.032142,21.428,3.2142e-07,0.0020493,3.2142e-07,0.0,0.0,0.0,0.0,1e-11,0.0,0.0,0.0,1e-07,0.0,0.0,0.0,0.0,1e-07,1e-11,0.0
24457208.0,4995000000.0,5000000.0,5.0,0.0,0.0487,0.0487,0.0487,0.0487,21.428,0.032142,0.00021428,0.032142,21.428,0.0026903,0.00021428,0.0026903,0.0,0.0,0.0,0.0,2.154e-06,0.0,0.0,0.0,0.001,0.0,0.0,0.0,0.0,0.001,2.154e-06,0.0
24450166.0,4995000000.0,5000000.0,5.0,0.0,0.0487,0.0487,0.0487,0.0487,2.2307,0.60541,0.00021333,0.60541,2.2307,6.0541e-06,0.00021333,6.0541e-06,0.0,0.0,0.0,0.0,0.001,0.0,0.0,0.0,0.001,0.0,0.0,0.0,0.0,0.001,0.001,0.0
24459431.0,4995000000.0,5000000.0,5.0,0.0,0.0487,0.0487,0.0487,0.0487,21.428,0.11571,0.00021428,0.11571,21.428,1.1066e-05,0.00021428,1.1066e-05,0.0,0.0,0.0,0.0,1e-11,0.0,0.0,0.0,1e-07,0.0,0.0,0.0,0.0,1e-07,1e-11,0.0
24450589.0,4995000000.0,5000000.0,5.0,0.0,0.0487,0.0487,0.0487,0.0487,2.2307,0.60541,0.0020402,0.60541,2.2307,0.00055371,0.0020402,0.00055371,0.0,0.0,0.0,0.0,2.154e-06,0.0,0.0,0.0,4.642e-09,0.0,0.0,0.0,0.0,4.642e-09,2.154e-06,0.0
24459957.0,4995000000.0,5000000.0,5.0,0.0,0.0487,0.0487,0.0487,0.0487,21.428,0.11571,0.0020493,0.11571,21.428,0.009685,0.0020493,0.009685,0.0,0.0,0.0,0.0,4.642e-05,0.0,0.0,0.0,2.154e-06,0.0,0.0,0.0,0.0,2.154e-06,4.642e-05,0.0
24459493.0,4995000000.0,5000000.0,5.0,0.0,0.0487,0.0487,0.0487,0.0487,21.428,0.11571,0.00021428,0.11571,21.428,0.00010583,0.00021428,0.00010583,0.0,0.0,0.0,0.0,4.642e-09,0.0,0.0,0.0,4.642e-09,0.0,0.0,0.0,0.0,4.642e-09,4.642e-09,0.0
24459847.0,4995000000.0,5000000.0,5.0,0.0,0.0487,0.0487,0.0487,0.0487,21.428,0.11571,0.0020493,0.11571,21.428,0.00010583,0.0020493,0.00010583,0.0,0.0,0.0,0.0,1e-07,0.0,0.0,0.0,0.001,0.0,0.0,0.0,0.0,0.001,1e-07,0.0
24457744.0,4995000000.0,5000000.0,5.0,0.0,0.0487,0.0487,0.0487,0.0487,21.428,0.032142,0.019598,0.032142,21.428,3.0739e-06,0.019598,3.0739e-06,0.0,0.0,0.0,0.0,2.154e-06,0.0,0.0,0.0,1e-07,0.0,0.0,0.0,0.0,1e-07,2.154e-06,0.0
24456965.0,4995000000.0,5000000.0,5.0,0.0,0.0487,0.0487,0.0487,0.0487,21.428,0.032142,0.00021428,0.032142,21.428,0.0,0.00021428,0.0,0.0,0.0,0.0,0.0,4.642e-05,0.0,0.0,0.0,2.154e-10,0.0,0.0,0.0,0.0,2.154e-10,4.642e-05,0.0
24451909.0,4995000000.0,5000000.0,5.0,0.0,0.0487,0.0487,0.0487,0.0487,2.2307,2.2307,0.0,2.2307,2.2307,0.00021333,0.0,0.00021333,0.0,0.0,0.0,0.0,1e-07,0.0,0.0,0.0,0.001,0.0,0.0,0.0,0.0,0.001,1e-07,0.0
24457268.0,4995000000.0,5000000.0,5.0,0.0,0.0487,0.0487,0.0487,0.0487,21.428,0.032142,0.00021428,0.032142,21.428,0.025714,0.00021428,0.025714,0.0,0.0,0.0,0.0,0.001,0.0,0.0,0.0,1e-07,0.0,0.0,0.0,0.0,1e-07,0.001,0.0
24459474.0,4995000000.0,5000000.0,5.0,0.0,0.0487,0.0487,0.0487,0.0487,21.428,0.11571,0.00021428,0.11571,21.428,1.1066e-05,0.00021428,1.1066e-05,0.0,0.0,0.0,0.0,0.001,0.0,0.0,0.0,2.154e-06,0.0,0.0,0.0,0.0,2.154e-06,0.001,0.0
24453400.0,4995000000.0,5000000.0,5.0,0.0,0.0487,0.0487,0.0487,0.0487,2.2307,2.2307,0.019407,2.2307,2.2307,0.019407,0.019407,0.019407,0.0,0.0,0.0,0.0,0.001,0.0,0.0,0.0,0.001,0.0,0.0,0.0,0.0,0.001,0.001,0.0
24457093.0,4995000000.0,5000000.0,5.0,0.0,0.0487,0.0487,0.0487,0.0487,21.428,0.032142,0.00021428,0.032142,21.428,2.9397e-05,0.00021428,2.9397e-05,0.0,0.0,0.0,0.0,4.642e-09,0.0,0.0,0.0,1e-07,0.0,0.0,0.0,0.0,1e-07,4.642e-09,0.0
24450872.0,4995000000.0,5000000.0,5.0,0.0,0.0487,0.0487,0.0487,0.0487,2.2307,0.60541,0.019407,0.60541,2.2307,5.7898e-05,0.019407,5.7898e-05,0.0,0.0,0.0,0.0,4.642e-09,0.0,0.0,0.0,4.642e-05,0.0,0.0,0.0,0.0,4.642e-05,4.642e-09,0.0
24459595.0,4995000000.0,5000000.0,5.0,0.0,0.0487,0.0487,0.0487,0.0487,21.428,0.11571,0.00021428,0.11571,21.428,0.009685,0.00021428,0.009685,0.0,0.0,0.0,0.0,4.642e-09,0.0,0.0,0.0,0.001,0.0,0.0,0.0,0.0,0.001,4.642e-09,0.0
24452195.0,4995000000.0,5000000.0,5.0,0.0,0.0487,0.0487,0.0487,0.0487,2.2307,2.2307,2.2307e-05,2.2307,2.2307,2.2307e-05,2.2307e-05,2.2307e-05,0.0,0.0,0.0,0.0,4.642e-09,0.0,0.0,0.0,4.642e-05,0.0,0.0,0.0,0.0,4.642e-05,4.642e-09,0.0
24457869.0,4995000000.0,5000000.0,5.0,0.0,0.0487,0.0487,0.0487,0.0487,21.428,0.032142,0.019598,0.032142,21.428,0.0026903,0.019598,0.0026903,0.0,0.0,0.0,0.0,2.154e-10,0.0,0.0,0.0,4.642e-09,0.0,0.0,0.0,0.0,4.642e-09,2.154e-10,0.0
24456702.0,4995000000.0,5000000.0,5.0,0.0,0.0487,0.0487,0.0487,0.0487,21.428,0.032142,0.0,0.032142,21.428,3.0739e-06,0.0,3.0739e-06,0.0,0.0,0.0,0.0,4.642e-09,0.0,0.0,0.0,2.154e-06,0.0,0.0,0.0,0.0,2.154e-06,4.642e-09,0.0
24456780.0,4995000000.0,5000000.0,5.0,0.0,0.0487,0.0487,0.0487,0.0487,21.428,0.032142,0.0,0.032142,21.428,2.9397e-05,0.0,2.9397e-05,0.0,0.0,0.0,0.0,0.001,0.0,0.0,0.0,4.642e-05,0.0,0.0,0.0,0.0,4.642e-05,0.001,0.0
24457446.0,4995000000.0,5000000.0,5.0,0.0,0.0487,0.0487,0.0487,0.0487,21.428,0.032142,0.0020493,0.032142,21.428,2.9397e-05,0.0020493,2.9397e-05,0.0,0.0,0.0,0.0,1e-07,0.0,0.0,0.0,0.001,0.0,0.0,0.0,0.0,0.001,1e-07,0.0
24457571.0,4995000000.0,5000000.0,5.0,0.0,0.0487,0.0487,0.0487,0.0487,21.428,0.032142,0.0020493,0.032142,21.428,0.025714,0.0020493,0.025714,0.0,0.0,0.0,0.0,1e-11,0.0,0.0,0.0,4.642e-05,0.0,0.0,0.0,0.0,4.642e-05,1e-11,0.0
24452643.0,4995000000.0,5000000.0,5.0,0.0,0.0487,0.0487,0.0487,0.0487,2.2307,2.2307,0.00021333,2.2307,2.2307,0.0020402,0.00021333,0.0020402,0.0,0.0,0.0,0.0,1e-07,0.0,0.0,0.0,4.642e-05,0.0,0.0,0.0,0.0,4.642e-05,1e-07,0.0
24459398.0,4995000000.0,5000000.0,5.0,0.0,0.0487,0.0487,0.0487,0.0487,21.428,0.11571,0.00021428,0.11571,21.428,1.1571e-06,0.00021428,1.1571e-06,0.0,0.0,0.0,0.0,4.642e-09,0.0,0.0,0.0,4.642e-05,0.0,0.0,0.0,0.0,4.642e-05,4.642e-09,0.0
24450775.0,4995000000.0,5000000.0,5.0,0.0,0.0487,0.0487,0.0487,0.0487,2.2307,0.60541,0.019407,0.60541,2.2307,0.0,0.019407,0.0,0.0,0.0,0.0,0.0,4.642e-09,0.0,0.0,0.0,0.001,0.0,0.0,0.0,0.0,0.001,4.642e-09,0.0
24459887.0,4995000000.0,5000000.0,5.0,0.0,0.0487,0.0487,0.0487,0.0487,21.428,0.11571,0.0020493,0.11571,21.428,0.0010067,0.0020493,0.0010067,0.0,0.0,0.0,0.0,4.642e-09,0.0,0.0,0.0,2.154e-06,0.0,0.0,0.0,0.0,2.154e-06,4.642e-09,0.0
24457807.0,4995000000.0,5000000.0,5.0,0.0,0.0487,0.0487,0.0487,0.0487,21.428,0.032142,0.019598,0.032142,21.428,2.9397e-05,0.019598,2.9397e-05,0.0,0.0,0.0,0.0,0.001,0.0,0.0,0.0,1e-07,0.0,0.0,0.0,0.0,1e-07,0.001,0.0
24456624.0,4995000000.0,5000000.0,5.0,0.0,0.0487,0.0487,0.0487,0.0487,21.428,0.032142,0.0,0.032142,21.428,0.0,0.0,0.0,0.0,0.0,0.0,0.0,4.642e-05,0.0,0.0,0.0,1e-07,0.0,0.0,0.0,0.0,1e-07,4.642e-05,0.0
24457330.0,4995000000.0,5000000.0,5.0,0.0,0.0487,0.0487,0.0487,0.0487,21.428,0.032142,0.0020493,0.032142,21.428,3.2142e-07,0.0020493,3.2142e-07,0.0,0.0,0.0,0.0,2.154e-10,0.0,0.0,0.0,4.642e-09,0.0,0.0,0.0,0.0,4.642e-09,2.154e-10,0.0
24457281.0,4995000000.0,5000000.0,5.0,0.0,0.0487,0.0487,0.0487,0.0487,21.428,0.032142,0.0020493,0.032142,21.428,0.0,0.0020493,0.0,0.0,0.0,0.0,0.0,2.154e-10,0.0,0.0,0.0,4.642e-09,0.0,0.0,0.0,0.0,4.642e-09,2.154e-10,0.0
24452483.0,4995000000.0,5000000.0,5.0,0.0,0.0487,0.0487,0.0487,0.0487,2.2307,2.2307,0.00021333,2.2307,2.2307,0.0,0.00021333,0.0,0.0,0.0,0.0,0.0,2.154e-10,0.0,0.0,0.0,0.001,0.0,0.0,0.0,0.0,0.001,2.154e-10,0.0
24457034.0,4995000000.0,5000000.0,5.0,0.0,0.0487,0.0487,0.0487,0.0487,21.428,0.032142,0.00021428,0.032142,21.428,3.0739e-06,0.00021428,3.0739e-06,0.0,0.0,0.0,0.0,2.154e-10,0.0,0.0,0.0,1e-11,0.0,0.0,0.0,0.0,1e-11,2.154e-10,0.0
24457275.0,4995000000.0,5000000.0,5.0,0.0,0.0487,0.0487,0.0487,0.0487,21.428,0.032142,0.0020493,0.032142,21.428,0.0,0.0020493,0.0,0.0,0.0,0.0,0.0,1e-11,0.0,0.0,0.0,1e-07,0.0,0.0,0.0,0.0,1e-07,1e-11,0.0
24459397.0,4995000000.0,5000000.0,5.0,0.0,0.0487,0.0487,0.0487,0.0487,21.428,0.11571,0.00021428,0.11571,21.428,1.1571e-06,0.00021428,1.1571e-06,0.0,0.0,0.0,0.0,4.642e-09,0.0,0.0,0.0,2.154e-06,0.0,0.0,0.0,0.0,2.154e-06,4.642e-09,0.0
24451845.0,4995000000.0,5000000.0,5.0,0.0,0.0487,0.0487,0.0487,0.0487,2.2307,2.2307,0.0,2.2307,2.2307,2.2307e-05,0.0,2.2307e-05,0.0,0.0,0.0,0.0,2.154e-10,0.0,0.0,0.0,4.642e-05,0.0,0.0,0.0,0.0,4.642e-05,2.154e-10,0.0
24452329.0,4995000000.0,5000000.0,5.0,0.0,0.0487,0.0487,0.0487,0.0487,2.2307,2.2307,2.2307e-05,2.2307,2.2307,0.019407,2.2307e-05,0.019407,0.0,0.0,0.0,0.0,1e-11,0.0,0.0,0.0,0.001,0.0,0.0,0.0,0.0,0.001,1e-11,0.0
24459679.0,4995000000.0,5000000.0,5.0,0.0,0.0487,0.0487,0.0487,0.0487,21.428,0.11571,0.0020493,0.11571,21.428,0.0,0.0020493,0.0,0.0,0.0,0.0,0.0,1e-11,0.0,0.0,0.0,0.001,0.0,0.0,0.0,0.0,0.001,1e-11,0.0
24452007.0,4995000000.0,5000000.0,5.0,0.0,0.0487,0.0487,0.0487,0.0487,2.2307,2.2307,0.0,2.2307,2.2307,0.019407,0.0,0.019407,0.0,0.0,0.0,0.0,1e-07,0.0,0.0,0.0,0.001,0.0,0.0,0.0,0.0,0.001,1e-07,0.0
24459586.0,4995000000.0,5000000.0,5.0,0.0,0.0487,0.0487,0.0487,0.0487,21.428,0.11571,0.00021428,0.11571,21.428,0.009685,0.00021428,0.009685,0.0,0.0,0.0,0.0,2.154e-10,0.0,0.0,0.0,2.154e-06,0.0,0.0,0.0,0.0,2.154e-06,2.154e-10,0.0
24452560.0,4995000000.0,5000000.0,5.0,0.0,0.0487,0.0487,0.0487,0.0487,2.2307,2.2307,0.00021333,2.2307,2.2307,2.2307e-05,0.00021333,2.2307e-05,0.0,0.0,0.0,0.0,4.642e-05,0.0,0.0,0.0,0.001,0.0,0.0,0.0,0.0,0.001,4.642e-05,0.0
24453392.0,4995000000.0,5000000.0,5.0,0.0,0.0487,0.0487,0.0487,0.0487,2.2307,2.2307,0.019407,2.2307,2.2307,0.019407,0.019407,0.019407,0.0,0.0,0.0,0.0,4.642e-05,0.0,0.0,0.0,4.642e-05,0.0,0.0,0.0,0.0,4.642e-05,4.642e-05,0.0
24450610.0,4995000000.0,5000000.0,5.0,0.0,0.0487,0.0487,0.0487,0.0487,2.2307,0.60541,0.0020402,0.60541,2.2307,0.005267,0.0020402,0.005267,0.0,0.0,0.0,0.0,1e-11,0.0,0.0,0.0,4.642e-09,0.0,0.0,0.0,0.0,4.642e-09,1e-11,0.0
24451846.0,4995000000.0,5000000.0,5.0,0.0,0.0487,0.0487,0.0487,0.0487,2.2307,2.2307,0.0,2.2307,2.2307,2.2307e-05,0.0,2.2307e-05,0.0,0.0,0.0,0.0,2.154e-10,0.0,0.0,0.0,0.001,0.0,0.0,0.0,0.0,0.001,2.154e-10,0.0
24459922.0,4995000000.0,5000000.0,5.0,0.0,0.0487,0.0487,0.0487,0.0487,21.428,0.11571,0.0020493,0.11571,21.428,0.009685,0.0020493,0.009685,0.0,0.0,0.0,0.0,1e-11,0.0,0.0,0.0,2.154e-06,0.0,0.0,0.0,0.0,2.154e-06,1e-11,0.0
24457010.0,4995000000.0,5000000.0,5.0,0.0,0.0487,0.0487,0.0487,0.0487,21.428,0.032142,0.00021428,0.032142,21.428,3.2142e-07,0.00021428,3.2142e-07,0.0,0.0,0.0,0.0,2.154e-06,0.0,0.0,0.0,2.154e-06,0.0,0.0,0.0,0.0,2.154e-06,2.154e-06,0.0
24450436.0,4995000000.0,5000000.0,5.0,0.0,0.0487,0.0487,0.0487,0.0487,2.2307,0.60541,0.0020402,0.60541,2.2307,0.0,0.0020402,0.0,0.0,0.0,0.0,0.0,1e-07,0.0,0.0,0.0,1e-07,0.0,0.0,0.0,0.0,1e-07,1e-07,0.0
24457116.0,4995000000.0,5000000.0,5.0,0.0,0.0487,0.0487,0.0487,0.0487,21.428,0.032142,0.00021428,0.032142,21.428,2.9397e-05,0.00021428,2.9397e-05,0.0,0.0,0.0,0.0,4.642e-05,0.0,0.0,0.0,4.642e-05,0.0,0.0,0.0,0.0,4.642e-05,4.642e-05,0.0
24456859.0,4995000000.0,5000000.0,5.0,0.0,0.0487,0.0487,0.0487,0.0487,21.428,0.032142,0.0,0.032142,21.428,0.0026903,0.0,0.0026903,0.0,0.0,0.0,0.0,2.154e-06,0.0,0.0,0.0,1e-11,0.0,0.0,0.0,0.0,1e-11,2.154e-06,0.0
24453162.0,4995000000.0,5000000.0,5.0,0.0,0.0487,0.0487,0.0487,0.0487,2.2307,2.2307,0.019407,2.2307,2.2307,0.0,0.019407,0.0,0.0,0.0,0.0,0.0,1e-11,0.0,0.0,0.0,0.001,0.0,0.0,0.0,0.0,0.001,1e-11,0.0
24450900.0,4995000000.0,5000000.0,5.0,0.0,0.0487,0.0487,0.0487,0.0487,2.2307,0.60541,0.019407,0.60541,2.2307,5.7898e-05,0.019407,5.7898e-05,0.0,0.0,0.0,0.0,0.001,0.0,0.0,0.0,4.642e-05,0.0,0.0,0.0,0.0,4.642e-05,0.001,0.0
24457551.0,4995000000.0,5000000.0,5.0,0.0,0.0487,0.0487,0.0487,0.0487,21.428,0.032142,0.0020493,0.032142,21.428,0.0026903,0.0020493,0.0026903,0.0,0.0,0.0,0.0,2.154e-06,0.0,0.0,0.0,0.001,0.0,0.0,0.0,0.0,0.001,2.154e-06,0.0
24450814.0,4995000000.0,5000000.0,5.0,0.0,0.0487,0.0487,0.0487,0.0487,2.2307,0.60541,0.019407,0.60541,2.2307,6.0541e-06,0.019407,6.0541e-06,0.0,0.0,0.0,0.0,2.154e-10,0.0,0.0,0.0,1e-07,0.0,0.0,0.0,0.0,1e-07,2.154e-10,0.0
24459537.0,4995000000.0,5000000.0,5.0,0.0,0.0487,0.0487,0.0487,0.0487,21.428,0.11571,0.00021428,0.11571,21.428,0.0010067,0.00021428,0.0010067,0.0,0.0,0.0,0.0,2.154e-10,0.0,0.0,0.0,2.154e-06,0.0,0.0,0.0,0.0,2.154e-06,2.154e-10,0.0
24456838.0,4995000000.0,5000000.0,5.0,0.0,0.0487,0.0487,0.0487,0.0487,21.428,0.032142,0.0,0.032142,21.428,0.0026903,0.0,0.0026903,0.0,0.0,0.0,0.0,2.154e-10,0.0,0.0,0.0,1e-11,0.0,0.0,0.0,0.0,1e-11,2.154e-10,0.0
24459199.0,4995000000.0,5000000.0,5.0,0.0,0.0487,0.0487,0.0487,0.0487,21.428,0.11571,0.0,0.11571,21.428,0.0010067,0.0,0.0010067,0.0,0.0,0.0,0.0,4.642e-09,0.0,0.0,0.0,4.642e-09,0.0,0.0,0.0,0.0,4.642e-09,4.642e-09,0.0
24459096.0,4995000000.0,5000000.0,5.0,0.0,0.0487,0.0487,0.0487,0.0487,21.428,0.11571,0.0,0.11571,21.428,1.1066e-05,0.0,1.1066e-05,0.0,0.0,0.0,0.0,2.154e-10,0.0,0.0,0.0,2.154e-06,0.0,0.0,0.0,0.0,2.154e-06,2.154e-10,0.0
24457136.0,4995000000.0,5000000.0,5.0,0.0,0.0487,0.0487,0.0487,0.0487,21.428,0.032142,0.00021428,0.032142,21.428,0.00027964,0.00021428,0.00027964,0.0,0.0,0.0,0.0,2.154e-10,0.0,0.0,0.0,2.154e-06,0.0,0.0,0.0,0.0,2.154e-06,2.154e-10,0.0
24459124.0,4995000000.0,5000000.0,5.0,0.0,0.0487,0.0487,0.0487,0.0487,21.428,0.11571,0.0,0.11571,21.428,1.1066e-05,0.0,1.1066e-05,0.0,0.0,0.0,0.0,4.642e-05,0.0,0.0,0.0,2.154e-06,0.0,0.0,0.0,0.0,2.154e-06,4.642e-05,0.0
24459103.0,4995000000.0,5000000.0,5.0,0.0,0.0487,0.0487,0.0487,0.0487,21.428,0.11571,0.0,0.11571,21.428,1.1066e-05,0.0,1.1066e-05,0.0,0.0,0.0,0.0,4.642e-09,0.0,0.0,0.0,2.154e-06,0.0,0.0,0.0,0.0,2.154e-06,4.642e-09,0.0
24459028.0,4995000000.0,5000000.0,5.0,0.0,0.0487,0.0487,0.0487,0.0487,21.428,0.11571,0.0,0.11571,21.428,0.0,0.0,0.0,0.0,0.0,0.0,0.0,4.642e-05,0.0,0.0,0.0,0.001,0.0,0.0,0.0,0.0,0.001,4.642e-05,0.0
24452237.0,4995000000.0,5000000.0,5.0,0.0,0.0487,0.0487,0.0487,0.0487,2.2307,2.2307,2.2307e-05,2.2307,2.2307,0.00021333,2.2307e-05,0.00021333,0.0,0.0,0.0,0.0,2.154e-10,0.0,0.0,0.0,4.642e-05,0.0,0.0,0.0,0.0,4.642e-05,2.154e-10,0.0
24450929.0,4995000000.0,5000000.0,5.0,0.0,0.0487,0.0487,0.0487,0.0487,2.2307,0.60541,0.019407,0.60541,2.2307,0.00055371,0.019407,0.00055371,0.0,0.0,0.0,0.0,1e-07,0.0,0.0,0.0,0.001,0.0,0.0,0.0,0.0,0.001,1e-07,0.0
24450107.0,4995000000.0,5000000.0,5.0,0.0,0.0487,0.0487,0.0487,0.0487,2.2307,0.60541,0.00021333,0.60541,2.2307,0.0,0.00021333,0.0,0.0,0.0,0.0,0.0,4.642e-05,0.0,0.0,0.0,1e-07,0.0,0.0,0.0,0.0,1e-07,4.642e-05,0.0
24457563.0,4995000000.0,5000000.0,5.0,0.0,0.0487,0.0487,0.0487,0.0487,21.428,0.032142,0.0020493,0.032142,21.428,0.0026903,0.0020493,0.0026903,0.0,0.0,0.0,0.0,0.001,0.0,0.0,0.0,2.154e-06,0.0,0.0,0.0,0.0,2.154e-06,0.001,0.0
24459000.0,4995000000.0,5000000.0,5.0,0.0,0.0487,0.0487,0.0487,0.0487,21.428,0.11571,0.0,0.11571,21.428,0.0,0.0,0.0,0.0,0.0,0.0,0.0,2.154e-10,0.0,0.0,0.0,0.001,0.0,0.0,0.0,0.0,0.001,2.154e-10,0.0
24457876.0,4995000000.0,5000000.0,5.0,0.0,0.0487,0.0487,0.0487,0.0487,21.428,0.032142,0.019598,0.032142,21.428,0.0026903,0.019598,0.0026903,0.0,0.0,0.0,0.0,4.642e-09,0.0,0.0,0.0,4.642e-09,0.0,0.0,0.0,0.0,4.642e-09,4.642e-09,0.0
24457254.0,4995000000.0,5000000.0,5.0,0.0,0.0487,0.0487,0.0487,0.0487,21.428,0.032142,0.00021428,0.032142,21.428,0.025714,0.00021428,0.025714,0.0,0.0,0.0,0.0,2.154e-06,0.0,0.0,0.0,1e-07,0.0,0.0,0.0,0.0,1e-07,2.154e-06,0.0
24457138.0,4995000000.0,5000000.0,5.0,0.0,0.0487,0.0487,0.0487,0.0487,21.428,0.032142,0.00021428,0.032142,21.428,0.00027964,0.00021428,0.00027964,0.0,0.0,0.0,0.0,2.154e-10,0.0,0.0,0.0,0.001,0.0,0.0,0.0,0.0,0.001,2.154e-10,0.0
24450094.0,4995000000.0,5000000.0,5.0,0.0,0.0487,0.0487,0.0487,0.0487,2.2307,0.60541,0.00021333,0.60541,2.2307,0.0,0.00021333,0.0,0.0,0.0,0.0,0.0,1e-07,0.0,0.0,0.0,2.154e-06,0.0,0.0,0.0,0.0,2.154e-06,1e-07,0.0
24457935.0,4995000000.0,5000000.0,5.0,0.0,0.0487,0.0487,0.0487,0.0487,21.428,0.032142,0.019598,0.032142,21.428,0.025714,0.019598,0.025714,0.0,0.0,0.0,0.0,1e-07,0.0,0.0,0.0,4.642e-05,0.0,0.0,0.0,0.0,4.642e-05,1e-07,0.0
24457897.0,4995000000.0,5000000.0,5.0,0.0,0.0487,0.0487,0.0487,0.0487,21.428,0.032142,0.019598,0.032142,21.428,0.0026903,0.019598,0.0026903,0.0,0.0,0.0,0.0,4.642e-05,0.0,0.0,0.0,4.642e-09,0.0,0.0,0.0,0.0,4.642e-09,4.642e-05,0.0
24459567.0,4995000000.0,5000000.0,5.0,0.0,0.0487,0.0487,0.0487,0.0487,21.428,0.11571,0.00021428,0.11571,21.428,0.0010067,0.00021428,0.0010067,0.0,0.0,0.0,0.0,4.642e-05,0.0,0.0,0.0,0.001,0.0,0.0,0.0,0.0,0.001,4.642e-05,0.0
24456968.0,4995000000.0,5000000.0,5.0,0.0,0.0487,0.0487,0.0487,0.0487,21.428,0.032142,0.00021428,0.032142,21.428,0.0,0.00021428,0.0,0.0,0.0,0.0,0.0,4.642e-05,0.0,0.0,0.0,2.154e-06,0.0,0.0,0.0,0.0,2.154e-06,4.642e-05,0.0
24459371.0,4995000000.0,5000000.0,5.0,0.0,0.0487,0.0487,0.0487,0.0487,21.428,0.11571,0.00021428,0.11571,21.428,0.0,0.00021428,0.0,0.0,0.0,0.0,0.0,4.642e-05,0.0,0.0,0.0,0.001,0.0,0.0,0.0,0.0,0.001,4.642e-05,0.0
24457313.0,4995000000.0,5000000.0,5.0,0.0,0.0487,0.0487,0.0487,0.0487,21.428,0.032142,0.0020493,0.032142,21.428,0.0,0.0020493,0.0,0.0,0.0,0.0,0.0,4.642e-05,0.0,0.0,0.0,0.001,0.0,0.0,0.0,0.0,0.001,4.642e-05,0.0
24456753.0,4995000000.0,5000000.0,5.0,0.0,0.0487,0.0487,0.0487,0.0487,21.428,0.032142,0.0,0.032142,21.428,2.9397e-05,0.0,2.9397e-05,0.0,0.0,0.0,0.0,4.642e-09,0.0,0.0,0.0,0.001,0.0,0.0,0.0,0.0,0.001,4.642e-09,0.0
24452216.0,4995000000.0,5000000.0,5.0,0.0,0.0487,0.0487,0.0487,0.0487,2.2307,2.2307,2.2307e-05,2.2307,2.2307,2.2307e-05,2.2307e-05,2.2307e-05,0.0,0.0,0.0,0.0,4.642e-05,0.0,0.0,0.0,4.642e-05,0.0,0.0,0.0,0.0,4.642e-05,4.642e-05,0.0
24459802.0,4995000000.0,5000000.0,5.0,0.0,0.0487,0.0487,0.0487,0.0487,21.428,0.11571,0.0020493,0.11571,21.428,1.1066e-05,0.0020493,1.1066e-05,0.0,0.0,0.0,0.0,2.154e-06,0.0,0.0,0.0,1e-07,0.0,0.0,0.0,0.0,1e-07,2.154e-06,0.0
24457541.0,4995000000.0,5000000.0,5.0,0.0,0.0487,0.0487,0.0487,0.0487,21.428,0.032142,0.0020493,0.032142,21.428,0.0026903,0.0020493,0.0026903,0.0,0.0,0.0,0.0,1e-07,0.0,0.0,0.0,1e-07,0.0,0.0,0.0,0.0,1e-07,1e-07,0.0
24457286.0,4995000000.0,5000000.0,5.0,0.0,0.0487,0.0487,0.0487,0.0487,21.428,0.032142,0.0020493,0.032142,21.428,0.0,0.0020493,0.0,0.0,0.0,0.0,0.0,4.642e-09,0.0,0.0,0.0,1e-11,0.0,0.0,0.0,0.0,1e-11,4.642e-09,0.0
24459038.0,4995000000.0,5000000.0,5.0,0.0,0.0487,0.0487,0.0487,0.0487,21.428,0.11571,0.0,0.11571,21.428,1.1571e-06,0.0,1.1571e-06,0.0,0.0,0.0,0.0,1e-11,0.0,0.0,0.0,4.642e-09,0.0,0.0,0.0,0.0,4.642e-09,1e-11,0.0
24456866.0,4995000000.0,5000000.0,5.0,0.0,0.0487,0.0487,0.0487,0.0487,21.428,0.032142,0.0,0.032142,21.428,0.0026903,0.0,0.0026903,0.0,0.0,0.0,0.0,4.642e-05,0.0,0.0,0.0,1e-11,0.0,0.0,0.0,0.0,1e-11,4.642e-05,0.0
24450515.0,4995000000.0,5000000.0,5.0,0.0,0.0487,0.0487,0.0487,0.0487,2.2307,0.60541,0.0020402,0.60541,2.2307,5.7898e-05,0.0020402,5.7898e-05,0.0,0.0,0.0,0.0,1e-11,0.0,0.0,0.0,4.642e-05,0.0,0.0,0.0,0.0,4.642e-05,1e-11,0.0
24457759.0,4995000000.0,5000000.0,5.0,0.0,0.0487,0.0487,0.0487,0.0487,21.428,0.032142,0.019598,0.032142,21.428,3.0739e-06,0.019598,3.0739e-06,0.0,0.0,0.0,0.0,0.001,0.0,0.0,0.0,2.154e-06,0.0,0.0,0.0,0.0,2.154e-06,0.001,0.0
24451881.0,4995000000.0,5000000.0,5.0,0.0,0.0487,0.0487,0.0487,0.0487,2.2307,2.2307,0.0,2.2307,2.2307,2.2307e-05,0.0,2.2307e-05,0.0,0.0,0.0,0.0,0.001,0.0,0.0,0.0,0.001,0.0,0.0,0.0,0.0,0.001,0.001,0.0
24452614.0,4995000000.0,5000000.0,5.0,0.0,0.0487,0.0487,0.0487,0.0487,2.2307,2.2307,0.00021333,2.2307,2.2307,0.00021333,0.00021333,0.00021333,0.0,0.0,0.0,0.0,0.001,0.0,0.0,0.0,2.154e-06,0.0,0.0,0.0,0.0,2.154e-06,0.001,0.0
24452713.0,4995000000.0,5000000.0,5.0,0.0,0.0487,0.0487,0.0487,0.0487,2.2307,2.2307,0.00021333,2.2307,2.2307,0.019407,0.00021333,0.019407,0.0,0.0,0.0,0.0,0.001,0.0,0.0,0.0,4.642e-05,0.0,0.0,0.0,0.0,4.642e-05,0.001,0.0
24456975.0,4995000000.0,5000000.0,5.0,0.0,0.0487,0.0487,0.0487,0.0487,21.428,0.032142,0.00021428,0.032142,21.428,0.0,0.00021428,0.0,0.0,0.0,0.0,0.0,0.001,0.0,0.0,0.0,2.154e-06,0.0,0.0,0.0,0.0,2.154e-06,0.001,0.0
24457297.0,4995000000.0,5000000.0,5.0,0.0,0.0487,0.0487,0.0487,0.0487,21.428,0.032142,0.0020493,0.032142,21.428,0.0,0.0020493,0.0,0.0,0.0,0.0,0.0,1e-07,0.0,0.0,0.0,2.154e-06,0.0,0.0,0.0,0.0,2.154e-06,1e-07,0.0
24450547.0,4995000000.0,5000000.0,5.0,0.0,0.0487,0.0487,0.0487,0.0487,2.2307,0.60541,0.0020402,0.60541,2.2307,5.7898e-05,0.0020402,5.7898e-05,0.0,0.0,0.0,0.0,4.642e-05,0.0,0.0,0.0,4.642e-09,0.0,0.0,0.0,0.0,4.642e-09,4.642e-05,0.0
24457802.0,4995000000.0,5000000.0,5.0,0.0,0.0487,0.0487,0.0487,0.0487,21.428,0.032142,0.019598,0.032142,21.428,2.9397e-05,0.019598,2.9397e-05,0.0,0.0,0.0,0.0,4.642e-05,0.0,0.0,0.0,4.642e-05,0.0,0.0,0.0,0.0,4.642e-05,4.642e-05,0.0
24450774.0,4995000000.0,5000000.0,5.0,0.0,0.0487,0.0487,0.0487,0.0487,2.2307,0.60541,0.019407,0.60541,2.2307,0.0,0.019407,0.0,0.0,0.0,0.0,0.0,4.642e-09,0.0,0.0,0.0,4.642e-05,0.0,0.0,0.0,0.0,4.642e-05,4.642e-09,0.0
24457367.0,4995000000.0,5000000.0,5.0,0.0,0.0487,0.0487,0.0487,0.0487,21.428,0.032142,0.0020493,0.032142,21.428,3.2142e-07,0.0020493,3.2142e-07,0.0,0.0,0.0,0.0,0.001,0.0,0.0,0.0,2.154e-06,0.0,0.0,0.0,0.0,2.154e-06,0.001,0.0
24450557.0,4995000000.0,5000000.0,5.0,0.0,0.0487,0.0487,0.0487,0.0487,2.2307,0.60541,0.0020402,0.60541,2.2307,5.7898e-05,0.0020402,5.7898e-05,0.0,0.0,0.0,0.0,0.001,0.0,0.0,0.0,4.642e-05,0.0,0.0,0.0,0.0,4.642e-05,0.001,0.0
24457880.0,4995000000.0,5000000.0,5.0,0.0,0.0487,0.0487,0.0487,0.0487,21.428,0.032142,0.019598,0.032142,21.428,0.0026903,0.019598,0.0026903,0.0,0.0,0.0,0.0,4.642e-09,0.0,0.0,0.0,0.001,0.0,0.0,0.0,0.0,0.001,4.642e-09,0.0
24456853.0,4995000000.0,5000000.0,5.0,0.0,0.0487,0.0487,0.0487,0.0487,21.428,0.032142,0.0,0.032142,21.428,0.0026903,0.0,0.0026903,0.0,0.0,0.0,0.0,1e-07,0.0,0.0,0.0,2.154e-10,0.0,0.0,0.0,0.0,2.154e-10,1e-07,0.0
24456647.0,4995000000.0,5000000.0,5.0,0.0,0.0487,0.0487,0.0487,0.0487,21.428,0.032142,0.0,0.032142,21.428,3.2142e-07,0.0,3.2142e-07,0.0,0.0,0.0,0.0,2.154e-10,0.0,0.0,0.0,4.642e-05,0.0,0.0,0.0,0.0,4.642e-05,2.154e-10,0.0
24457787.0,4995000000.0,5000000.0,5.0,0.0,0.0487,0.0487,0.0487,0.0487,21.428,0.032142,0.019598,0.032142,21.428,2.9397e-05,0.019598,2.9397e-05,0.0,0.0,0.0,0.0,1e-07,0.0,0.0,0.0,2.154e-06,0.0,0.0,0.0,0.0,2.154e-06,1e-07,0.0
24456938.0,4995000000.0,5000000.0,5.0,0.0,0.0487,0.0487,0.0487,0.0487,21.428,0.032142,0.00021428,0.032142,21.428,0.0,0.00021428,0.0,0.0,0.0,0.0,0.0,2.154e-10,0.0,0.0,0.0,4.642e-09,0.0,0.0,0.0,0.0,4.642e-09,2.154e-10,0.0
24459623.0,4995000000.0,5000000.0,5.0,0.0,0.0487,0.0487,0.0487,0.0487,21.428,0.11571,0.00021428,0.11571,21.428,0.009685,0.00021428,0.009685,0.0,0.0,0.0,0.0,0.001,0.0,0.0,0.0,0.001,0.0,0.0,0.0,0.0,0.001,0.001,0.0
24457089.0,4995000000.0,5000000.0,5.0,0.0,0.0487,0.0487,0.0487,0.0487,21.428,0.032142,0.00021428,0.032142,21.428,2.9397e-05,0.00021428,2.9397e-05,0.0,0.0,0.0,0.0,2.154e-10,0.0,0.0,0.0,0.001,0.0,0.0,0.0,0.0,0.001,2.154e-10,0.0
24457636.0,4995000000.0,5000000.0,5.0,0.0,0.0487,0.0487,0.0487,0.0487,21.428,0.032142,0.019598,0.032142,21.428,0.0,0.019598,0.0,0.0,0.0,0.0,0.0,1e-07,0.0,0.0,0.0,1e-11,0.0,0.0,0.0,0.0,1e-11,1e-07,0.0
24457448.0,4995000000.0,5000000.0,5.0,0.0,0.0487,0.0487,0.0487,0.0487,21.428,0.032142,0.0020493,0.032142,21.428,2.9397e-05,0.0020493,2.9397e-05,0.0,0.0,0.0,0.0,2.154e-06,0.0,0.0,0.0,2.154e-10,0.0,0.0,0.0,0.0,2.154e-10,2.154e-06,0.0
24456955.0,4995000000.0,5000000.0,5.0,0.0,0.0487,0.0487,0.0487,0.0487,21.428,0.032142,0.00021428,0.032142,21.428,0.0,0.00021428,0.0,0.0,0.0,0.0,0.0,1e-07,0.0,0.0,0.0,4.642e-05,0.0,0.0,0.0,0.0,4.642e-05,1e-07,0.0
24459024.0,4995000000.0,5000000.0,5.0,0.0,0.0487,0.0487,0.0487,0.0487,21.428,0.11571,0.0,0.11571,21.428,0.0,0.0,0.0,0.0,0.0,0.0,0.0,4.642e-05,0.0,0.0,0.0,4.642e-09,0.0,0.0,0.0,0.0,4.642e-09,4.642e-05,0.0
24457295.0,4995000000.0,5000000.0,5.0,0.0,0.0487,0.0487,0.0487,0.0487,21.428,0.032142,0.0020493,0.032142,21.428,0.0,0.0020493,0.0,0.0,0.0,0.0,0.0,1e-07,0.0,0.0,0.0,4.642e-09,0.0,0.0,0.0,0.0,4.642e-09,1e-07,0.0
24457707.0,4995000000.0,5000000.0,5.0,0.0,0.0487,0.0487,0.0487,0.0487,21.428,0.032142,0.019598,0.032142,21.428,3.2142e-07,0.019598,3.2142e-07,0.0,0.0,0.0,0.0,0.001,0.0,0.0,0.0,2.154e-10,0.0,0.0,0.0,0.0,2.154e-10,0.001,0.0
24459280.0,4995000000.0,5000000.0,5.0,0.0,0.0487,0.0487,0.0487,0.0487,21.428,0.11571,0.0,0.11571,21.428,0.009685,0.0,0.009685,0.0,0.0,0.0,0.0,0.001,0.0,0.0,0.0,0.001,0.0,0.0,0.0,0.0,0.001,0.001,0.0
24457544.0,4995000000.0,5000000.0,5.0,0.0,0.0487,0.0487,0.0487,0.0487,21.428,0.032142,0.0020493,0.032142,21.428,0.0026903,0.0020493,0.0026903,0.0,0.0,0.0,0.0,1e-07,0.0,0.0,0.0,0.001,0.0,0.0,0.0,0.0,0.001,1e-07,0.0
24456920.0,4995000000.0,5000000.0,5.0,0.0,0.0487,0.0487,0.0487,0.0487,21.428,0.032142,0.0,0.032142,21.428,0.025714,0.0,0.025714,0.0,0.0,0.0,0.0,4.642e-05,0.0,0.0,0.0,4.642e-05,0.0,0.0,0.0,0.0,4.642e-05,4.642e-05,0.0
24456931.0,4995000000.0,5000000.0,5.0,0.0,0.0487,0.0487,0.0487,0.0487,21.428,0.032142,0.00021428,0.032142,21.428,0.0,0.00021428,0.0,0.0,0.0,0.0,0.0,1e-11,0.0,0.0,0.0,4.642e-09,0.0,0.0,0.0,0.0,4.642e-09,1e-11,0.0
24452209.0,4995000000.0,5000000.0,5.0,0.0,0.0487,0.0487,0.0487,0.0487,2.2307,2.2307,2.2307e-05,2.2307,2.2307,2.2307e-05,2.2307e-05,2.2307e-05,0.0,0.0,0.0,0.0,2.154e-06,0.0,0.0,0.0,4.642e-05,0.0,0.0,0.0,0.0,4.642e-05,2.154e-06,0.0
24457445.0,4995000000.0,5000000.0,5.0,0.0,0.0487,0.0487,0.0487,0.0487,21.428,0.032142,0.0020493,0.032142,21.428,2.9397e-05,0.0020493,2.9397e-05,0.0,0.0,0.0,0.0,1e-07,0.0,0.0,0.0,4.642e-05,0.0,0.0,0.0,0.0,4.642e-05,1e-07,0.0
24453358.0,4995000000.0,5000000.0,5.0,0.0,0.0487,0.0487,0.0487,0.0487,2.2307,2.2307,0.019407,2.2307,2.2307,0.019407,0.019407,0.019407,0.0,0.0,0.0,0.0,1e-11,0.0,0.0,0.0,0.001,0.0,0.0,0.0,0.0,0.001,1e-11,0.0
24450997.0,4995000000.0,5000000.0,5.0,0.0,0.0487,0.0487,0.0487,0.0487,2.2307,0.60541,0.019407,0.60541,2.2307,0.005267,0.019407,0.005267,0.0,0.0,0.0,0.0,0.001,0.0,0.0,0.0,2.154e-06,0.0,0.0,0.0,0.0,2.154e-06,0.001,0.0
24457189.0,4995000000.0,5000000.0,5.0,0.0,0.0487,0.0487,0.0487,0.0487,21.428,0.032142,0.00021428,0.032142,21.428,0.0026903,0.00021428,0.0026903,0.0,0.0,0.0,0.0,4.642e-09,0.0,0.0,0.0,2.154e-10,0.0,0.0,0.0,0.0,2.154e-10,4.642e-09,0.0
24456969.0,4995000000.0,5000000.0,5.0,0.0,0.0487,0.0487,0.0487,0.0487,21.428,0.032142,0.00021428,0.032142,21.428,0.0,0.00021428,0.0,0.0,0.0,0.0,0.0,4.642e-05,0.0,0.0,0.0,4.642e-05,0.0,0.0,0.0,0.0,4.642e-05,4.642e-05,0.0
24451922.0,4995000000.0,5000000.0,5.0,0.0,0.0487,0.0487,0.0487,0.0487,2.2307,2.2307,0.0,2.2307,2.2307,0.00021333,0.0,0.00021333,0.0,0.0,0.0,0.0,4.642e-05,0.0,0.0,0.0,4.642e-05,0.0,0.0,0.0,0.0,4.642e-05,4.642e-05,0.0
24457310.0,4995000000.0,5000000.0,5.0,0.0,0.0487,0.0487,0.0487,0.0487,21.428,0.032142,0.0020493,0.032142,21.428,0.0,0.0020493,0.0,0.0,0.0,0.0,0.0,4.642e-05,0.0,0.0,0.0,1e-07,0.0,0.0,0.0,0.0,1e-07,4.642e-05,0.0
24456947.0,4995000000.0,5000000.0,5.0,0.0,0.0487,0.0487,0.0487,0.0487,21.428,0.032142,0.00021428,0.032142,21.428,0.0,0.00021428,0.0,0.0,0.0,0.0,0.0,4.642e-09,0.0,0.0,0.0,2.154e-06,0.0,0.0,0.0,0.0,2.154e-06,4.642e-09,0.0
24457698.0,4995000000.0,5000000.0,5.0,0.0,0.0487,0.0487,0.0487,0.0487,21.428,0.032142,0.019598,0.032142,21.428,3.2142e-07,0.019598,3.2142e-07,0.0,0.0,0.0,0.0,2.154e-06,0.0,0.0,0.0,0.001,0.0,0.0,0.0,0.0,0.001,2.154e-06,0.0
24456892.0,4995000000.0,5000000.0,5.0,0.0,0.0487,0.0487,0.0487,0.0487,21.428,0.032142,0.0,0.032142,21.428,0.025714,0.0,0.025714,0.0,0.0,0.0,0.0,2.154e-10,0.0,0.0,0.0,4.642e-05,0.0,0.0,0.0,0.0,4.642e-05,2.154e-10,0.0
24450506.0,4995000000.0,5000000.0,5.0,0.0,0.0487,0.0487,0.0487,0.0487,2.2307,0.60541,0.0020402,0.60541,2.2307,6.0541e-06,0.0020402,6.0541e-06,0.0,0.0,0.0,0.0,0.001,0.0,0.0,0.0,1e-07,0.0,0.0,0.0,0.0,1e-07,0.001,0.0
24450926.0,4995000000.0,5000000.0,5.0,0.0,0.0487,0.0487,0.0487,0.0487,2.2307,0.60541,0.019407,0.60541,2.2307,0.00055371,0.019407,0.00055371,0.0,0.0,0.0,0.0,1e-07,0.0,0.0,0.0,1e-07,0.0,0.0,0.0,0.0,1e-07,1e-07,0.0
24459458.0,4995000000.0,5000000.0,5.0,0.0,0.0487,0.0487,0.0487,0.0487,21.428,0.11571,0.00021428,0.11571,21.428,1.1066e-05,0.00021428,1.1066e-05,0.0,0.0,0.0,0.0,2.154e-06,0.0,0.0,0.0,4.642e-09,0.0,0.0,0.0,0.0,4.642e-09,2.154e-06,0.0
24456626.0,4995000000.0,5000000.0,5.0,0.0,0.0487,0.0487,0.0487,0.0487,21.428,0.032142,0.0,0.032142,21.428,0.0,0.0,0.0,0.0,0.0,0.0,0.0,4.642e-05,0.0,0.0,0.0,4.642e-05,0.0,0.0,0.0,0.0,4.642e-05,4.642e-05,0.0
24450523.0,4995000000.0,5000000.0,5.0,0.0,0.0487,0.0487,0.0487,0.0487,2.2307,0.60541,0.0020402,0.60541,2.2307,5.7898e-05,0.0020402,5.7898e-05,0.0,0.0,0.0,0.0,2.154e-10,0.0,0.0,0.0,0.001,0.0,0.0,0.0,0.0,0.001,2.154e-10,0.0
24459542.0,4995000000.0,5000000.0,5.0,0.0,0.0487,0.0487,0.0487,0.0487,21.428,0.11571,0.00021428,0.11571,21.428,0.0010067,0.00021428,0.0010067,0.0,0.0,0.0,0.0,4.642e-09,0.0,0.0,0.0,4.642e-09,0.0,0.0,0.0,0.0,4.642e-09,4.642e-09,0.0
24450941.0,4995000000.0,5000000.0,5.0,0.0,0.0487,0.0487,0.0487,0.0487,2.2307,0.60541,0.019407,0.60541,2.2307,0.00055371,0.019407,0.00055371,0.0,0.0,0.0,0.0,4.642e-05,0.0,0.0,0.0,2.154e-06,0.0,0.0,0.0,0.0,2.154e-06,4.642e-05,0.0
24457008.0,4995000000.0,5000000.0,5.0,0.0,0.0487,0.0487,0.0487,0.0487,21.428,0.032142,0.00021428,0.032142,21.428,3.2142e-07,0.00021428,3.2142e-07,0.0,0.0,0.0,0.0,2.154e-06,0.0,0.0,0.0,4.642e-09,0.0,0.0,0.0,0.0,4.642e-09,2.154e-06,0.0
24459136.0,4995000000.0,5000000.0,5.0,0.0,0.0487,0.0487,0.0487,0.0487,21.428,0.11571,0.0,0.11571,21.428,0.00010583,0.0,0.00010583,0.0,0.0,0.0,0.0,1e-11,0.0,0.0,0.0,4.642e-09,0.0,0.0,0.0,0.0,4.642e-09,1e-11,0.0
24457368.0,4995000000.0,5000000.0,5.0,0.0,0.0487,0.0487,0.0487,0.0487,21.428,0.032142,0.0020493,0.032142,21.428,3.2142e-07,0.0020493,3.2142e-07,0.0,0.0,0.0,0.0,0.001,0.0,0.0,0.0,4.642e-05,0.0,0.0,0.0,0.0,4.642e-05,0.001,0.0
24457660.0,4995000000.0,5000000.0,5.0,0.0,0.0487,0.0487,0.0487,0.0487,21.428,0.032142,0.019598,0.032142,21.428,0.0,0.019598,0.0,0.0,0.0,0.0,0.0,0.001,0.0,0.0,0.0,1e-07,0.0,0.0,0.0,0.0,1e-07,0.001,0.0
24450494.0,4995000000.0,5000000.0,5.0,0.0,0.0487,0.0487,0.0487,0.0487,2.2307,0.60541,0.0020402,0.60541,2.2307,6.0541e-06,0.0020402,6.0541e-06,0.0,0.0,0.0,0.0,2.154e-06,0.0,0.0,0.0,4.642e-05,0.0,0.0,0.0,0.0,4.642e-05,2.154e-06,0.0
24456609.0,4995000000.0,5000000.0,5.0,0.0,0.0487,0.0487,0.0487,0.0487,21.428,0.032142,0.0,0.032142,21.428,0.0,0.0,0.0,0.0,0.0,0.0,0.0,1e-07,0.0,0.0,0.0,4.642e-09,0.0,0.0,0.0,0.0,4.642e-09,1e-07,0.0
24456606.0,4995000000.0,5000000.0,5.0,0.0,0.0487,0.0487,0.0487,0.0487,21.428,0.032142,0.0,0.032142,21.428,0.0,0.0,0.0,0.0,0.0,0.0,0.0,4.642e-09,0.0,0.0,0.0,0.001,0.0,0.0,0.0,0.0,0.001,4.642e-09,0.0
24457618.0,4995000000.0,5000000.0,5.0,0.0,0.0487,0.0487,0.0487,0.0487,21.428,0.032142,0.019598,0.032142,21.428,0.0,0.019598,0.0,0.0,0.0,0.0,0.0,1e-11,0.0,0.0,0.0,1e-07,0.0,0.0,0.0,0.0,1e-07,1e-11,0.0
24457763.0,4995000000.0,5000000.0,5.0,0.0,0.0487,0.0487,0.0487,0.0487,21.428,0.032142,0.019598,0.032142,21.428,2.9397e-05,0.019598,2.9397e-05,0.0,0.0,0.0,0.0,1e-11,0.0,0.0,0.0,2.154e-10,0.0,0.0,0.0,0.0,2.154e-10,1e-11,0.0
24451888.0,4995000000.0,5000000.0,5.0,0.0,0.0487,0.0487,0.0487,0.0487,2.2307,2.2307,0.0,2.2307,2.2307,0.00021333,0.0,0.00021333,0.0,0.0,0.0,0.0,1e-11,0.0,0.0,0.0,0.001,0.0,0.0,0.0,0.0,0.001,1e-11,0.0
24459201.0,4995000000.0,5000000.0,5.0,0.0,0.0487,0.0487,0.0487,0.0487,21.428,0.11571,0.0,0.11571,21.428,0.0010067,0.0,0.0010067,0.0,0.0,0.0,0.0,4.642e-09,0.0,0.0,0.0,2.154e-06,0.0,0.0,0.0,0.0,2.154e-06,4.642e-09,0.0
24450200.0,4995000000.0,5000000.0,5.0,0.0,0.0487,0.0487,0.0487,0.0487,2.2307,0.60541,0.00021333,0.60541,2.2307,5.7898e-05,0.00021333,5.7898e-05,0.0,0.0,0.0,0.0,2.154e-06,0.0,0.0,0.0,4.642e-05,0.0,0.0,0.0,0.0,4.642e-05,2.154e-06,0.0
24456845.0,4995000000.0,5000000.0,5.0,0.0,0.0487,0.0487,0.0487,0.0487,21.428,0.032142,0.0,0.032142,21.428,0.0026903,0.0,0.0026903,0.0,0.0,0.0,0.0,4.642e-09,0.0,0.0,0.0,1e-11,0.0,0.0,0.0,0.0,1e-11,4.642e-09,0.0
24452881.0,4995000000.0,5000000.0,5.0,0.0,0.0487,0.0487,0.0487,0.0487,2.2307,2.2307,0.0020402,2.2307,2.2307,2.2307e-05,0.0020402,2.2307e-05,0.0,0.0,0.0,0.0,4.642e-09,0.0,0.0,0.0,4.642e-05,0.0,0.0,0.0,0.0,4.642e-05,4.642e-09,0.0
24452587.0,4995000000.0,5000000.0,5.0,0.0,0.0487,0.0487,0.0487,0.0487,2.2307,2.2307,0.00021333,2.2307,2.2307,0.00021333,0.00021333,0.00021333,0.0,0.0,0.0,0.0,4.642e-09,0.0,0.0,0.0,4.642e-05,0.0,0.0,0.0,0.0,4.642e-05,4.642e-09,0.0
24450171.0,4995000000.0,5000000.0,5.0,0.0,0.0487,0.0487,0.0487,0.0487,2.2307,0.60541,0.00021333,0.60541,2.2307,5.7898e-05,0.00021333,5.7898e-05,0.0,0.0,0.0,0.0,1e-11,0.0,0.0,0.0,2.154e-06,0.0,0.0,0.0,0.0,2.154e-06,1e-11,0.0
24450901.0,4995000000.0,5000000.0,5.0,0.0,0.0487,0.0487,0.0487,0.0487,2.2307,0.60541,0.019407,0.60541,2.2307,5.7898e-05,0.019407,5.7898e-05,0.0,0.0,0.0,0.0,0.001,0.0,0.0,0.0,0.001,0.0,0.0,0.0,0.0,0.001,0.001,0.0
24450964.0,4995000000.0,5000000.0,5.0,0.0,0.0487,0.0487,0.0487,0.0487,2.2307,0.60541,0.019407,0.60541,2.2307,0.005267,0.019407,0.005267,0.0,0.0,0.0,0.0,2.154e-10,0.0,0.0,0.0,0.001,0.0,0.0,0.0,0.0,0.001,2.154e-10,0.0
24459824.0,4995000000.0,5000000.0,5.0,0.0,0.0487,0.0487,0.0487,0.0487,21.428,0.11571,0.0020493,0.11571,21.428,0.00010583,0.0020493,0.00010583,0.0,0.0,0.0,0.0,1e-11,0.0,0.0,0.0,2.154e-06,0.0,0.0,0.0,0.0,2.154e-06,1e-11,0.0
24457431.0,4995000000.0,5000000.0,5.0,0.0,0.0487,0.0487,0.0487,0.0487,21.428,0.032142,0.0020493,0.032142,21.428,2.9397e-05,0.0020493,2.9397e-05,0.0,0.0,0.0,0.0,2.154e-10,0.0,0.0,0.0,4.642e-05,0.0,0.0,0.0,0.0,4.642e-05,2.154e-10,0.0
24453253.0,4995000000.0,5000000.0,5.0,0.0,0.0487,0.0487,0.0487,0.0487,2.2307,2.2307,0.019407,2.2307,2.2307,2.2307e-05,0.019407,2.2307e-05,0.0,0.0,0.0,0.0,0.001,0.0,0.0,0.0,0.001,0.0,0.0,0.0,0.0,0.001,0.001,0.0
24457601.0,4995000000.0,5000000.0,5.0,0.0,0.0487,0.0487,0.0487,0.0487,21.428,0.032142,0.0020493,0.032142,21.428,0.025714,0.0020493,0.025714,0.0,0.0,0.0,0.0,4.642e-05,0.0,0.0,0.0,1e-11,0.0,0.0,0.0,0.0,1e-11,4.642e-05,0.0
24457397.0,4995000000.0,5000000.0,5.0,0.0,0.0487,0.0487,0.0487,0.0487,21.428,0.032142,0.0020493,0.032142,21.428,3.0739e-06,0.0020493,3.0739e-06,0.0,0.0,0.0,0.0,1e-07,0.0,0.0,0.0,0.001,0.0,0.0,0.0,0.0,0.001,1e-07,0.0
24457899.0,4995000000.0,5000000.0,5.0,0.0,0.0487,0.0487,0.0487,0.0487,21.428,0.032142,0.019598,0.032142,21.428,0.0026903,0.019598,0.0026903,0.0,0.0,0.0,0.0,4.642e-05,0.0,0.0,0.0,2.154e-06,0.0,0.0,0.0,0.0,2.154e-06,4.642e-05,0.0
24457950.0,4995000000.0,5000000.0,5.0,0.0,0.0487,0.0487,0.0487,0.0487,21.428,0.032142,0.019598,0.032142,21.428,0.025714,0.019598,0.025714,0.0,0.0,0.0,0.0,4.642e-05,0.0,0.0,0.0,0.001,0.0,0.0,0.0,0.0,0.001,4.642e-05,0.0
24457920.0,4995000000.0,5000000.0,5.0,0.0,0.0487,0.0487,0.0487,0.0487,21.428,0.032142,0.019598,0.032142,21.428,0.025714,0.019598,0.025714,0.0,0.0,0.0,0.0,2.154e-10,0.0,0.0,0.0,2.154e-06,0.0,0.0,0.0,0.0,2.154e-06,2.154e-10,0.0
24450977.0,4995000000.0,5000000.0,5.0,0.0,0.0487,0.0487,0.0487,0.0487,2.2307,0.60541,0.019407,0.60541,2.2307,0.005267,0.019407,0.005267,0.0,0.0,0.0,0.0,1e-07,0.0,0.0,0.0,4.642e-05,0.0,0.0,0.0,0.0,4.642e-05,1e-07,0.0
24451880.0,4995000000.0,5000000.0,5.0,0.0,0.0487,0.0487,0.0487,0.0487,2.2307,2.2307,0.0,2.2307,2.2307,2.2307e-05,0.0,2.2307e-05,0.0,0.0,0.0,0.0,0.001,0.0,0.0,0.0,4.642e-05,0.0,0.0,0.0,0.0,4.642e-05,0.001,0.0
24457300.0,4995000000.0,5000000.0,5.0,0.0,0.0487,0.0487,0.0487,0.0487,21.428,0.032142,0.0020493,0.032142,21.428,0.0,0.0020493,0.0,0.0,0.0,0.0,0.0,2.154e-06,0.0,0.0,0.0,1e-11,0.0,0.0,0.0,0.0,1e-11,2.154e-06,0.0
24450612.0,4995000000.0,5000000.0,5.0,0.0,0.0487,0.0487,0.0487,0.0487,2.2307,0.60541,0.0020402,0.60541,2.2307,0.005267,0.0020402,0.005267,0.0,0.0,0.0,0.0,1e-11,0.0,0.0,0.0,2.154e-06,0.0,0.0,0.0,0.0,2.154e-06,1e-11,0.0
24457609.0,4995000000.0,5000000.0,5.0,0.0,0.0487,0.0487,0.0487,0.0487,21.428,0.032142,0.0020493,0.032142,21.428,0.025714,0.0020493,0.025714,0.0,0.0,0.0,0.0,0.001,0.0,0.0,0.0,2.154e-10,0.0,0.0,0.0,0.0,2.154e-10,0.001,0.0
24457477.0,4995000000.0,5000000.0,5.0,0.0,0.0487,0.0487,0.0487,0.0487,21.428,0.032142,0.0020493,0.032142,21.428,0.00027964,0.0020493,0.00027964,0.0,0.0,0.0,0.0,2.154e-10,0.0,0.0,0.0,4.642e-09,0.0,0.0,0.0,0.0,4.642e-09,2.154e-10,0.0
24456815.0,4995000000.0,5000000.0,5.0,0.0,0.0487,0.0487,0.0487,0.0487,21.428,0.032142,0.0,0.032142,21.428,0.00027964,0.0,0.00027964,0.0,0.0,0.0,0.0,2.154e-06,0.0,0.0,0.0,4.642e-05,0.0,0.0,0.0,0.0,4.642e-05,2.154e-06,0.0
24451874.0,4995000000.0,5000000.0,5.0,0.0,0.0487,0.0487,0.0487,0.0487,2.2307,2.2307,0.0,2.2307,2.2307,2.2307e-05,0.0,2.2307e-05,0.0,0.0,0.0,0.0,4.642e-05,0.0,0.0,0.0,0.001,0.0,0.0,0.0,0.0,0.001,4.642e-05,0.0
24456664.0,4995000000.0,5000000.0,5.0,0.0,0.0487,0.0487,0.0487,0.0487,21.428,0.032142,0.0,0.032142,21.428,3.2142e-07,0.0,3.2142e-07,0.0,0.0,0.0,0.0,2.154e-06,0.0,0.0,0.0,2.154e-10,0.0,0.0,0.0,0.0,2.154e-10,2.154e-06,0.0
24459703.0,4995000000.0,5000000.0,5.0,0.0,0.0487,0.0487,0.0487,0.0487,21.428,0.11571,0.0020493,0.11571,21.428,0.0,0.0020493,0.0,0.0,0.0,0.0,0.0,2.154e-06,0.0,0.0,0.0,4.642e-09,0.0,0.0,0.0,0.0,4.642e-09,2.154e-06,0.0
24459742.0,4995000000.0,5000000.0,5.0,0.0,0.0487,0.0487,0.0487,0.0487,21.428,0.11571,0.0020493,0.11571,21.428,1.1571e-06,0.0020493,1.1571e-06,0.0,0.0,0.0,0.0,4.642e-09,0.0,0.0,0.0,0.001,0.0,0.0,0.0,0.0,0.001,4.642e-09,0.0
24457316.0,4995000000.0,5000000.0,5.0,0.0,0.0487,0.0487,0.0487,0.0487,21.428,0.032142,0.0020493,0.032142,21.428,0.0,0.0020493,0.0,0.0,0.0,0.0,0.0,0.001,0.0,0.0,0.0,4.642e-09,0.0,0.0,0.0,0.0,4.642e-09,0.001,0.0
24450085.0,4995000000.0,5000000.0,5.0,0.0,0.0487,0.0487,0.0487,0.0487,2.2307,0.60541,0.00021333,0.60541,2.2307,0.0,0.00021333,0.0,0.0,0.0,0.0,0.0,4.642e-09,0.0,0.0,0.0,4.642e-09,0.0,0.0,0.0,0.0,4.642e-09,4.642e-09,0.0
24459123.0,4995000000.0,5000000.0,5.0,0.0,0.0487,0.0487,0.0487,0.0487,21.428,0.11571,0.0,0.11571,21.428,1.1066e-05,0.0,1.1066e-05,0.0,0.0,0.0,0.0,4.642e-05,0.0,0.0,0.0,1e-07,0.0,0.0,0.0,0.0,1e-07,4.642e-05,0.0
24450908.0,4995000000.0,5000000.0,5.0,0.0,0.0487,0.0487,0.0487,0.0487,2.2307,0.60541,0.019407,0.60541,2.2307,0.00055371,0.019407,0.00055371,0.0,0.0,0.0,0.0,1e-11,0.0,0.0,0.0,0.001,0.0,0.0,0.0,0.0,0.001,1e-11,0.0
24451937.0,4995000000.0,5000000.0,5.0,0.0,0.0487,0.0487,0.0487,0.0487,2.2307,2.2307,0.0,2.2307,2.2307,0.0020402,0.0,0.0020402,0.0,0.0,0.0,0.0,1e-11,0.0,0.0,0.0,0.001,0.0,0.0,0.0,0.0,0.001,1e-11,0.0
24450418.0,4995000000.0,5000000.0,5.0,0.0,0.0487,0.0487,0.0487,0.0487,2.2307,0.60541,0.0020402,0.60541,2.2307,0.0,0.0020402,0.0,0.0,0.0,0.0,0.0,1e-11,0.0,0.0,0.0,0.001,0.0,0.0,0.0,0.0,0.001,1e-11,0.0
24452826.0,4995000000.0,5000000.0,5.0,0.0,0.0487,0.0487,0.0487,0.0487,2.2307,2.2307,0.0020402,2.2307,2.2307,0.0,0.0020402,0.0,0.0,0.0,0.0,0.0,2.154e-10,0.0,0.0,0.0,0.001,0.0,0.0,0.0,0.0,0.001,2.154e-10,0.0
24456850.0,4995000000.0,5000000.0,5.0,0.0,0.0487,0.0487,0.0487,0.0487,21.428,0.032142,0.0,0.032142,21.428,0.0026903,0.0,0.0026903,0.0,0.0,0.0,0.0,4.642e-09,0.0,0.0,0.0,4.642e-05,0.0,0.0,0.0,0.0,4.642e-05,4.642e-09,0.0
24450877.0,4995000000.0,5000000.0,5.0,0.0,0.0487,0.0487,0.0487,0.0487,2.2307,0.60541,0.019407,0.60541,2.2307,5.7898e-05,0.019407,5.7898e-05,0.0,0.0,0.0,0.0,1e-07,0.0,0.0,0.0,1e-07,0.0,0.0,0.0,0.0,1e-07,1e-07,0.0
24457747.0,4995000000.0,5000000.0,5.0,0.0,0.0487,0.0487,0.0487,0.0487,21.428,0.032142,0.019598,0.032142,21.428,3.0739e-06,0.019598,3.0739e-06,0.0,0.0,0.0,0.0,2.154e-06,0.0,0.0,0.0,0.001,0.0,0.0,0.0,0.0,0.001,2.154e-06,0.0
24453246.0,4995000000.0,5000000.0,5.0,0.0,0.0487,0.0487,0.0487,0.0487,2.2307,2.2307,0.019407,2.2307,2.2307,2.2307e-05,0.019407,2.2307e-05,0.0,0.0,0.0,0.0,4.642e-05,0.0,0.0,0.0,0.001,0.0,0.0,0.0,0.0,0.001,4.642e-05,0.0
24452271.0,4995000000.0,5000000.0,5.0,0.0,0.0487,0.0487,0.0487,0.0487,2.2307,2.2307,2.2307e-05,2.2307,2.2307,0.00021333,2.2307e-05,0.00021333,0.0,0.0,0.0,0.0,0.001,0.0,0.0,0.0,2.154e-06,0.0,0.0,0.0,0.0,2.154e-06,0.001,0.0
24456709.0,4995000000.0,5000000.0,5.0,0.0,0.0487,0.0487,0.0487,0.0487,21.428,0.032142,0.0,0.032142,21.428,3.0739e-06,0.0,3.0739e-06,0.0,0.0,0.0,0.0,1e-07,0.0,0.0,0.0,2.154e-06,0.0,0.0,0.0,0.0,2.154e-06,1e-07,0.0
24450415.0,4995000000.0,5000000.0,5.0,0.0,0.0487,0.0487,0.0487,0.0487,2.2307,0.60541,0.0020402,0.60541,2.2307,0.0,0.0020402,0.0,0.0,0.0,0.0,0.0,1e-11,0.0,0.0,0.0,1e-07,0.0,0.0,0.0,0.0,1e-07,1e-11,0.0
24457447.0,4995000000.0,5000000.0,5.0,0.0,0.0487,0.0487,0.0487,0.0487,21.428,0.032142,0.0020493,0.032142,21.428,2.9397e-05,0.0020493,2.9397e-05,0.0,0.0,0.0,0.0,2.154e-06,0.0,0.0,0.0,1e-11,0.0,0.0,0.0,0.0,1e-11,2.154e-06,0.0
24457793.0,4995000000.0,5000000.0,5.0,0.0,0.0487,0.0487,0.0487,0.0487,21.428,0.032142,0.019598,0.032142,21.428,2.9397e-05,0.019598,2.9397e-05,0.0,0.0,0.0,0.0,2.154e-06,0.0,0.0,0.0,1e-07,0.0,0.0,0.0,0.0,1e-07,2.154e-06,0.0
24456751.0,4995000000.0,5000000.0,5.0,0.0,0.0487,0.0487,0.0487,0.0487,21.428,0.032142,0.0,0.032142,21.428,2.9397e-05,0.0,2.9397e-05,0.0,0.0,0.0,0.0,4.642e-09,0.0,0.0,0.0,2.154e-06,0.0,0.0,0.0,0.0,2.154e-06,4.642e-09,0.0
24457723.0,4995000000.0,5000000.0,5.0,0.0,0.0487,0.0487,0.0487,0.0487,21.428,0.032142,0.019598,0.032142,21.428,3.0739e-06,0.019598,3.0739e-06,0.0,0.0,0.0,0.0,2.154e-10,0.0,0.0,0.0,1e-07,0.0,0.0,0.0,0.0,1e-07,2.154e-10,0.0
24457702.0,4995000000.0,5000000.0,5.0,0.0,0.0487,0.0487,0.0487,0.0487,21.428,0.032142,0.019598,0.032142,21.428,3.2142e-07,0.019598,3.2142e-07,0.0,0.0,0.0,0.0,4.642e-05,0.0,0.0,0.0,1e-07,0.0,0.0,0.0,0.0,1e-07,4.642e-05,0.0
24457930.0,4995000000.0,5000000.0,5.0,0.0,0.0487,0.0487,0.0487,0.0487,21.428,0.032142,0.019598,0.032142,21.428,0.025714,0.019598,0.025714,0.0,0.0,0.0,0.0,1e-07,0.0,0.0,0.0,1e-11,0.0,0.0,0.0,0.0,1e-11,1e-07,0.0
24457797.0,4995000000.0,5000000.0,5.0,0.0,0.0487,0.0487,0.0487,0.0487,21.428,0.032142,0.019598,0.032142,21.428,2.9397e-05,0.019598,2.9397e-05,0.0,0.0,0.0,0.0,4.642e-05,0.0,0.0,0.0,1e-11,0.0,0.0,0.0,0.0,1e-11,4.642e-05,0.0
24450817.0,4995000000.0,5000000.0,5.0,0.0,0.0487,0.0487,0.0487,0.0487,2.2307,0.60541,0.019407,0.60541,2.2307,6.0541e-06,0.019407,6.0541e-06,0.0,0.0,0.0,0.0,2.154e-10,0.0,0.0,0.0,0.001,0.0,0.0,0.0,0.0,0.001,2.154e-10,0.0
24459735.0,4995000000.0,5000000.0,5.0,0.0,0.0487,0.0487,0.0487,0.0487,21.428,0.11571,0.0020493,0.11571,21.428,1.1571e-06,0.0020493,1.1571e-06,0.0,0.0,0.0,0.0,2.154e-10,0.0,0.0,0.0,0.001,0.0,0.0,0.0,0.0,0.001,2.154e-10,0.0
24457060.0,4995000000.0,5000000.0,5.0,0.0,0.0487,0.0487,0.0487,0.0487,21.428,0.032142,0.00021428,0.032142,21.428,3.0739e-06,0.00021428,3.0739e-06,0.0,0.0,0.0,0.0,2.154e-06,0.0,0.0,0.0,4.642e-05,0.0,0.0,0.0,0.0,4.642e-05,2.154e-06,0.0
24450121.0,4995000000.0,5000000.0,5.0,0.0,0.0487,0.0487,0.0487,0.0487,2.2307,0.60541,0.00021333,0.60541,2.2307,6.0541e-06,0.00021333,6.0541e-06,0.0,0.0,0.0,0.0,1e-11,0.0,0.0,0.0,1e-07,0.0,0.0,0.0,0.0,1e-07,1e-11,0.0
24459150.0,4995000000.0,5000000.0,5.0,0.0,0.0487,0.0487,0.0487,0.0487,21.428,0.11571,0.0,0.11571,21.428,0.00010583,0.0,0.00010583,0.0,0.0,0.0,0.0,4.642e-09,0.0,0.0,0.0,4.642e-09,0.0,0.0,0.0,0.0,4.642e-09,4.642e-09,0.0
24452139.0,4995000000.0,5000000.0,5.0,0.0,0.0487,0.0487,0.0487,0.0487,2.2307,2.2307,2.2307e-05,2.2307,2.2307,0.0,2.2307e-05,0.0,0.0,0.0,0.0,0.0,2.154e-10,0.0,0.0,0.0,4.642e-05,0.0,0.0,0.0,0.0,4.642e-05,2.154e-10,0.0
24452321.0,4995000000.0,5000000.0,5.0,0.0,0.0487,0.0487,0.0487,0.0487,2.2307,2.2307,2.2307e-05,2.2307,2.2307,0.0020402,2.2307e-05,0.0020402,0.0,0.0,0.0,0.0,0.001,0.0,0.0,0.0,4.642e-05,0.0,0.0,0.0,0.0,4.642e-05,0.001,0.0
24451916.0,4995000000.0,5000000.0,5.0,0.0,0.0487,0.0487,0.0487,0.0487,2.2307,2.2307,0.0,2.2307,2.2307,0.00021333,0.0,0.00021333,0.0,0.0,0.0,0.0,2.154e-06,0.0,0.0,0.0,0.001,0.0,0.0,0.0,0.0,0.001,2.154e-06,0.0
24457326.0,4995000000.0,5000000.0,5.0,0.0,0.0487,0.0487,0.0487,0.0487,21.428,0.032142,0.0020493,0.032142,21.428,3.2142e-07,0.0020493,3.2142e-07,0.0,0.0,0.0,0.0,1e-11,0.0,0.0,0.0,4.642e-05,0.0,0.0,0.0,0.0,4.642e-05,1e-11,0.0
24459579.0,4995000000.0,5000000.0,5.0,0.0,0.0487,0.0487,0.0487,0.0487,21.428,0.11571,0.00021428,0.11571,21.428,0.009685,0.00021428,0.009685,0.0,0.0,0.0,0.0,1e-11,0.0,0.0,0.0,2.154e-06,0.0,0.0,0.0,0.0,2.154e-06,1e-11,0.0
24450248.0,4995000000.0,5000000.0,5.0,0.0,0.0487,0.0487,0.0487,0.0487,2.2307,0.60541,0.00021333,0.60541,2.2307,0.00055371,0.00021333,0.00055371,0.0,0.0,0.0,0.0,2.154e-06,0.0,0.0,0.0,2.154e-06,0.0,0.0,0.0,0.0,2.154e-06,2.154e-06,0.0
24459892.0,4995000000.0,5000000.0,5.0,0.0,0.0487,0.0487,0.0487,0.0487,21.428,0.11571,0.0020493,0.11571,21.428,0.0010067,0.0020493,0.0010067,0.0,0.0,0.0,0.0,1e-07,0.0,0.0,0.0,4.642e-09,0.0,0.0,0.0,0.0,4.642e-09,1e-07,0.0
24456961.0,4995000000.0,5000000.0,5.0,0.0,0.0487,0.0487,0.0487,0.0487,21.428,0.032142,0.00021428,0.032142,21.428,0.0,0.00021428,0.0,0.0,0.0,0.0,0.0,2.154e-06,0.0,0.0,0.0,2.154e-06,0.0,0.0,0.0,0.0,2.154e-06,2.154e-06,0.0
24450828.0,4995000000.0,5000000.0,5.0,0.0,0.0487,0.0487,0.0487,0.0487,2.2307,0.60541,0.019407,0.60541,2.2307,6.0541e-06,0.019407,6.0541e-06,0.0,0.0,0.0,0.0,1e-07,0.0,0.0,0.0,1e-07,0.0,0.0,0.0,0.0,1e-07,1e-07,0.0
24450880.0,4995000000.0,5000000.0,5.0,0.0,0.0487,0.0487,0.0487,0.0487,2.2307,0.60541,0.019407,0.60541,2.2307,5.7898e-05,0.019407,5.7898e-05,0.0,0.0,0.0,0.0,1e-07,0.0,0.0,0.0,0.001,0.0,0.0,0.0,0.0,0.001,1e-07,0.0
24457852.0,4995000000.0,5000000.0,5.0,0.0,0.0487,0.0487,0.0487,0.0487,21.428,0.032142,0.019598,0.032142,21.428,0.00027964,0.019598,0.00027964,0.0,0.0,0.0,0.0,4.642e-05,0.0,0.0,0.0,0.001,0.0,0.0,0.0,0.0,0.001,4.642e-05,0.0
24457799.0,4995000000.0,5000000.0,5.0,0.0,0.0487,0.0487,0.0487,0.0487,21.428,0.032142,0.019598,0.032142,21.428,2.9397e-05,0.019598,2.9397e-05,0.0,0.0,0.0,0.0,4.642e-05,0.0,0.0,0.0,4.642e-09,0.0,0.0,0.0,0.0,4.642e-09,4.642e-05,0.0
24459571.0,4995000000.0,5000000.0,5.0,0.0,0.0487,0.0487,0.0487,0.0487,21.428,0.11571,0.00021428,0.11571,21.428,0.0010067,0.00021428,0.0010067,0.0,0.0,0.0,0.0,0.001,0.0,0.0,0.0,1e-07,0.0,0.0,0.0,0.0,1e-07,0.001,0.0
24457017.0,4995000000.0,5000000.0,5.0,0.0,0.0487,0.0487,0.0487,0.0487,21.428,0.032142,0.00021428,0.032142,21.428,3.2142e-07,0.00021428,3.2142e-07,0.0,0.0,0.0,0.0,4.642e-05,0.0,0.0,0.0,2.154e-06,0.0,0.0,0.0,0.0,2.154e-06,4.642e-05,0.0
24450208.0,4995000000.0,5000000.0,5.0,0.0,0.0487,0.0487,0.0487,0.0487,2.2307,0.60541,0.00021333,0.60541,2.2307,5.7898e-05,0.00021333,5.7898e-05,0.0,0.0,0.0,0.0,4.642e-05,0.0,0.0,0.0,0.001,0.0,0.0,0.0,0.0,0.001,4.642e-05,0.0
24459867.0,4995000000.0,5000000.0,5.0,0.0,0.0487,0.0487,0.0487,0.0487,21.428,0.11571,0.0020493,0.11571,21.428,0.00010583,0.0020493,0.00010583,0.0,0.0,0.0,0.0,0.001,0.0,0.0,0.0,4.642e-05,0.0,0.0,0.0,0.0,4.642e-05,0.001,0.0
24457455.0,4995000000.0,5000000.0,5.0,0.0,0.0487,0.0487,0.0487,0.0487,21.428,0.032142,0.0020493,0.032142,21.428,2.9397e-05,0.0020493,2.9397e-05,0.0,0.0,0.0,0.0,4.642e-05,0.0,0.0,0.0,2.154e-10,0.0,0.0,0.0,0.0,2.154e-10,4.642e-05,0.0
24457084.0,4995000000.0,5000000.0,5.0,0.0,0.0487,0.0487,0.0487,0.0487,21.428,0.032142,0.00021428,0.032142,21.428,2.9397e-05,0.00021428,2.9397e-05,0.0,0.0,0.0,0.0,2.154e-10,0.0,0.0,0.0,2.154e-10,0.0,0.0,0.0,0.0,2.154e-10,2.154e-10,0.0
24459203.0,4995000000.0,5000000.0,5.0,0.0,0.0487,0.0487,0.0487,0.0487,21.428,0.11571,0.0,0.11571,21.428,0.0010067,0.0,0.0010067,0.0,0.0,0.0,0.0,4.642e-09,0.0,0.0,0.0,0.001,0.0,0.0,0.0,0.0,0.001,4.642e-09,0.0
24457039.0,4995000000.0,5000000.0,5.0,0.0,0.0487,0.0487,0.0487,0.0487,21.428,0.032142,0.00021428,0.032142,21.428,3.0739e-06,0.00021428,3.0739e-06,0.0,0.0,0.0,0.0,2.154e-10,0.0,0.0,0.0,4.642e-05,0.0,0.0,0.0,0.0,4.642e-05,2.154e-10,0.0
24456994.0,4995000000.0,5000000.0,5.0,0.0,0.0487,0.0487,0.0487,0.0487,21.428,0.032142,0.00021428,0.032142,21.428,3.2142e-07,0.00021428,3.2142e-07,0.0,0.0,0.0,0.0,4.642e-09,0.0,0.0,0.0,4.642e-09,0.0,0.0,0.0,0.0,4.642e-09,4.642e-09,0.0
24457164.0,4995000000.0,5000000.0,5.0,0.0,0.0487,0.0487,0.0487,0.0487,21.428,0.032142,0.00021428,0.032142,21.428,0.00027964,0.00021428,0.00027964,0.0,0.0,0.0,0.0,4.642e-05,0.0,0.0,0.0,2.154e-06,0.0,0.0,0.0,0.0,2.154e-06,4.642e-05,0.0
24457853.0,4995000000.0,5000000.0,5.0,0.0,0.0487,0.0487,0.0487,0.0487,21.428,0.032142,0.019598,0.032142,21.428,0.00027964,0.019598,0.00027964,0.0,0.0,0.0,0.0,0.001,0.0,0.0,0.0,1e-11,0.0,0.0,0.0,0.0,1e-11,0.001,0.0
24459224.0,4995000000.0,5000000.0,5.0,0.0,0.0487,0.0487,0.0487,0.0487,21.428,0.11571,0.0,0.11571,21.428,0.0010067,0.0,0.0010067,0.0,0.0,0.0,0.0,4.642e-05,0.0,0.0,0.0,0.001,0.0,0.0,0.0,0.0,0.001,4.642e-05,0.0
24453252.0,4995000000.0,5000000.0,5.0,0.0,0.0487,0.0487,0.0487,0.0487,2.2307,2.2307,0.019407,2.2307,2.2307,2.2307e-05,0.019407,2.2307e-05,0.0,0.0,0.0,0.0,0.001,0.0,0.0,0.0,4.642e-05,0.0,0.0,0.0,0.0,4.642e-05,0.001,0.0
24459416.0,4995000000.0,5000000.0,5.0,0.0,0.0487,0.0487,0.0487,0.0487,21.428,0.11571,0.00021428,0.11571,21.428,1.1571e-06,0.00021428,1.1571e-06,0.0,0.0,0.0,0.0,4.642e-05,0.0,0.0,0.0,4.642e-09,0.0,0.0,0.0,0.0,4.642e-09,4.642e-05,0.0
24457817.0,4995000000.0,5000000.0,5.0,0.0,0.0487,0.0487,0.0487,0.0487,21.428,0.032142,0.019598,0.032142,21.428,0.00027964,0.019598,0.00027964,0.0,0.0,0.0,0.0,1e-11,0.0,0.0,0.0,0.001,0.0,0.0,0.0,0.0,0.001,1e-11,0.0
24450962.0,4995000000.0,5000000.0,5.0,0.0,0.0487,0.0487,0.0487,0.0487,2.2307,0.60541,0.019407,0.60541,2.2307,0.005267,0.019407,0.005267,0.0,0.0,0.0,0.0,2.154e-10,0.0,0.0,0.0,2.154e-06,0.0,0.0,0.0,0.0,2.154e-06,2.154e-10,0.0
24452515.0,4995000000.0,5000000.0,5.0,0.0,0.0487,0.0487,0.0487,0.0487,2.2307,2.2307,0.00021333,2.2307,2.2307,0.0,0.00021333,0.0,0.0,0.0,0.0,0.0,0.001,0.0,0.0,0.0,1e-07,0.0,0.0,0.0,0.0,1e-07,0.001,0.0
24459601.0,4995000000.0,5000000.0,5.0,0.0,0.0487,0.0487,0.0487,0.0487,21.428,0.11571,0.00021428,0.11571,21.428,0.009685,0.00021428,0.009685,0.0,0.0,0.0,0.0,1e-07,0.0,0.0,0.0,4.642e-05,0.0,0.0,0.0,0.0,4.642e-05,1e-07,0.0
24456860.0,4995000000.0,5000000.0,5.0,0.0,0.0487,0.0487,0.0487,0.0487,21.428,0.032142,0.0,0.032142,21.428,0.0026903,0.0,0.0026903,0.0,0.0,0.0,0.0,2.154e-06,0.0,0.0,0.0,2.154e-10,0.0,0.0,0.0,0.0,2.154e-10,2.154e-06,0.0
24457595.0,4995000000.0,5000000.0,5.0,0.0,0.0487,0.0487,0.0487,0.0487,21.428,0.032142,0.0020493,0.032142,21.428,0.025714,0.0020493,0.025714,0.0,0.0,0.0,0.0,2.154e-06,0.0,0.0,0.0,2.154e-10,0.0,0.0,0.0,0.0,2.154e-10,2.154e-06,0.0
24450479.0,4995000000.0,5000000.0,5.0,0.0,0.0487,0.0487,0.0487,0.0487,2.2307,0.60541,0.0020402,0.60541,2.2307,6.0541e-06,0.0020402,6.0541e-06,0.0,0.0,0.0,0.0,4.642e-09,0.0,0.0,0.0,2.154e-06,0.0,0.0,0.0,0.0,2.154e-06,4.642e-09,0.0
24452987.0,4995000000.0,5000000.0,5.0,0.0,0.0487,0.0487,0.0487,0.0487,2.2307,2.2307,0.0020402,2.2307,2.2307,0.0020402,0.0020402,0.0020402,0.0,0.0,0.0,0.0,1e-07,0.0,0.0,0.0,0.001,0.0,0.0,0.0,0.0,0.001,1e-07,0.0
24457741.0,4995000000.0,5000000.0,5.0,0.0,0.0487,0.0487,0.0487,0.0487,21.428,0.032142,0.019598,0.032142,21.428,3.0739e-06,0.019598,3.0739e-06,0.0,0.0,0.0,0.0,2.154e-06,0.0,0.0,0.0,1e-11,0.0,0.0,0.0,0.0,1e-11,2.154e-06,0.0
24456823.0,4995000000.0,5000000.0,5.0,0.0,0.0487,0.0487,0.0487,0.0487,21.428,0.032142,0.0,0.032142,21.428,0.00027964,0.0,0.00027964,0.0,0.0,0.0,0.0,4.642e-05,0.0,0.0,0.0,0.001,0.0,0.0,0.0,0.0,0.001,4.642e-05,0.0
24450228.0,4995000000.0,5000000.0,5.0,0.0,0.0487,0.0487,0.0487,0.0487,2.2307,0.60541,0.00021333,0.60541,2.2307,0.00055371,0.00021333,0.00055371,0.0,0.0,0.0,0.0,2.154e-10,0.0,0.0,0.0,4.642e-05,0.0,0.0,0.0,0.0,4.642e-05,2.154e-10,0.0
24457768.0,4995000000.0,5000000.0,5.0,0.0,0.0487,0.0487,0.0487,0.0487,21.428,0.032142,0.019598,0.032142,21.428,2.9397e-05,0.019598,2.9397e-05,0.0,0.0,0.0,0.0,1e-11,0.0,0.0,0.0,0.001,0.0,0.0,0.0,0.0,0.001,1e-11,0.0
24450863.0,4995000000.0,5000000.0,5.0,0.0,0.0487,0.0487,0.0487,0.0487,2.2307,0.60541,0.019407,0.60541,2.2307,5.7898e-05,0.019407,5.7898e-05,0.0,0.0,0.0,0.0,2.154e-10,0.0,0.0,0.0,1e-07,0.0,0.0,0.0,0.0,1e-07,2.154e-10,0.0
24450873.0,4995000000.0,5000000.0,5.0,0.0,0.0487,0.0487,0.0487,0.0487,2.2307,0.60541,0.019407,0.60541,2.2307,5.7898e-05,0.019407,5.7898e-05,0.0,0.0,0.0,0.0,4.642e-09,0.0,0.0,0.0,0.001,0.0,0.0,0.0,0.0,0.001,4.642e-09,0.0
24456844.0,4995000000.0,5000000.0,5.0,0.0,0.0487,0.0487,0.0487,0.0487,21.428,0.032142,0.0,0.032142,21.428,0.0026903,0.0,0.0026903,0.0,0.0,0.0,0.0,2.154e-10,0.0,0.0,0.0,0.001,0.0,0.0,0.0,0.0,0.001,2.154e-10,0.0
24457718.0,4995000000.0,5000000.0,5.0,0.0,0.0487,0.0487,0.0487,0.0487,21.428,0.032142,0.019598,0.032142,21.428,3.0739e-06,0.019598,3.0739e-06,0.0,0.0,0.0,0.0,1e-11,0.0,0.0,0.0,4.642e-05,0.0,0.0,0.0,0.0,4.642e-05,1e-11,0.0
24459622.0,4995000000.0,5000000.0,5.0,0.0,0.0487,0.0487,0.0487,0.0487,21.428,0.11571,0.00021428,0.11571,21.428,0.009685,0.00021428,0.009685,0.0,0.0,0.0,0.0,0.001,0.0,0.0,0.0,4.642e-05,0.0,0.0,0.0,0.0,4.642e-05,0.001,0.0
24450540.0,4995000000.0,5000000.0,5.0,0.0,0.0487,0.0487,0.0487,0.0487,2.2307,0.60541,0.0020402,0.60541,2.2307,5.7898e-05,0.0020402,5.7898e-05,0.0,0.0,0.0,0.0,2.154e-06,0.0,0.0,0.0,4.642e-09,0.0,0.0,0.0,0.0,4.642e-09,2.154e-06,0.0
24457760.0,4995000000.0,5000000.0,5.0,0.0,0.0487,0.0487,0.0487,0.0487,21.428,0.032142,0.019598,0.032142,21.428,3.0739e-06,0.019598,3.0739e-06,0.0,0.0,0.0,0.0,0.001,0.0,0.0,0.0,4.642e-05,0.0,0.0,0.0,0.0,4.642e-05,0.001,0.0
24457692.0,4995000000.0,5000000.0,5.0,0.0,0.0487,0.0487,0.0487,0.0487,21.428,0.032142,0.019598,0.032142,21.428,3.2142e-07,0.019598,3.2142e-07,0.0,0.0,0.0,0.0,2.154e-06,0.0,0.0,0.0,1e-11,0.0,0.0,0.0,0.0,1e-11,2.154e-06,0.0
24457149.0,4995000000.0,5000000.0,5.0,0.0,0.0487,0.0487,0.0487,0.0487,21.428,0.032142,0.00021428,0.032142,21.428,0.00027964,0.00021428,0.00027964,0.0,0.0,0.0,0.0,1e-07,0.0,0.0,0.0,1e-07,0.0,0.0,0.0,0.0,1e-07,1e-07,0.0
24452909.0,4995000000.0,5000000.0,5.0,0.0,0.0487,0.0487,0.0487,0.0487,2.2307,2.2307,0.0020402,2.2307,2.2307,2.2307e-05,0.0020402,2.2307e-05,0.0,0.0,0.0,0.0,0.001,0.0,0.0,0.0,4.642e-05,0.0,0.0,0.0,0.0,4.642e-05,0.001,0.0
24459620.0,4995000000.0,5000000.0,5.0,0.0,0.0487,0.0487,0.0487,0.0487,21.428,0.11571,0.00021428,0.11571,21.428,0.009685,0.00021428,0.009685,0.0,0.0,0.0,0.0,0.001,0.0,0.0,0.0,1e-07,0.0,0.0,0.0,0.0,1e-07,0.001,0.0
24459965.0,4995000000.0,5000000.0,5.0,0.0,0.0487,0.0487,0.0487,0.0487,21.428,0.11571,0.0020493,0.11571,21.428,0.009685,0.0020493,0.009685,0.0,0.0,0.0,0.0,0.001,0.0,0.0,0.0,4.642e-05,0.0,0.0,0.0,0.0,4.642e-05,0.001,0.0
24453344.0,4995000000.0,5000000.0,5.0,0.0,0.0487,0.0487,0.0487,0.0487,2.2307,2.2307,0.019407,2.2307,2.2307,0.0020402,0.019407,0.0020402,0.0,0.0,0.0,0.0,4.642e-05,0.0,0.0,0.0,0.001,0.0,0.0,0.0,0.0,0.001,4.642e-05,0.0
24459210.0,4995000000.0,5000000.0,5.0,0.0,0.0487,0.0487,0.0487,0.0487,21.428,0.11571,0.0,0.11571,21.428,0.0010067,0.0,0.0010067,0.0,0.0,0.0,0.0,1e-07,0.0,0.0,0.0,0.001,0.0,0.0,0.0,0.0,0.001,1e-07,0.0
24457845.0,4995000000.0,5000000.0,5.0,0.0,0.0487,0.0487,0.0487,0.0487,21.428,0.032142,0.019598,0.032142,21.428,0.00027964,0.019598,0.00027964,0.0,0.0,0.0,0.0,2.154e-06,0.0,0.0,0.0,0.001,0.0,0.0,0.0,0.0,0.001,2.154e-06,0.0
24450470.0,4995000000.0,5000000.0,5.0,0.0,0.0487,0.0487,0.0487,0.0487,2.2307,0.60541,0.0020402,0.60541,2.2307,6.0541e-06,0.0020402,6.0541e-06,0.0,0.0,0.0,0.0,2.154e-10,0.0,0.0,0.0,4.642e-09,0.0,0.0,0.0,0.0,4.642e-09,2.154e-10,0.0
24457879.0,4995000000.0,5000000.0,5.0,0.0,0.0487,0.0487,0.0487,0.0487,21.428,0.032142,0.019598,0.032142,21.428,0.0026903,0.019598,0.0026903,0.0,0.0,0.0,0.0,4.642e-09,0.0,0.0,0.0,4.642e-05,0.0,0.0,0.0,0.0,4.642e-05,4.642e-09,0.0
24456666.0,4995000000.0,5000000.0,5.0,0.0,0.0487,0.0487,0.0487,0.0487,21.428,0.032142,0.0,0.032142,21.428,3.2142e-07,0.0,3.2142e-07,0.0,0.0,0.0,0.0,2.154e-06,0.0,0.0,0.0,1e-07,0.0,0.0,0.0,0.0,1e-07,2.154e-06,0.0
24452613.0,4995000000.0,5000000.0,5.0,0.0,0.0487,0.0487,0.0487,0.0487,2.2307,2.2307,0.00021333,2.2307,2.2307,0.00021333,0.00021333,0.00021333,0.0,0.0,0.0,0.0,0.001,0.0,0.0,0.0,1e-07,0.0,0.0,0.0,0.0,1e-07,0.001,0.0
24450801.0,4995000000.0,5000000.0,5.0,0.0,0.0487,0.0487,0.0487,0.0487,2.2307,0.60541,0.019407,0.60541,2.2307,0.0,0.019407,0.0,0.0,0.0,0.0,0.0,0.001,0.0,0.0,0.0,2.154e-06,0.0,0.0,0.0,0.0,2.154e-06,0.001,0.0
24452644.0,4995000000.0,5000000.0,5.0,0.0,0.0487,0.0487,0.0487,0.0487,2.2307,2.2307,0.00021333,2.2307,2.2307,0.0020402,0.00021333,0.0020402,0.0,0.0,0.0,0.0,1e-07,0.0,0.0,0.0,0.001,0.0,0.0,0.0,0.0,0.001,1e-07,0.0
24459496.0,4995000000.0,5000000.0,5.0,0.0,0.0487,0.0487,0.0487,0.0487,21.428,0.11571,0.00021428,0.11571,21.428,0.00010583,0.00021428,0.00010583,0.0,0.0,0.0,0.0,4.642e-09,0.0,0.0,0.0,4.642e-05,0.0,0.0,0.0,0.0,4.642e-05,4.642e-09,0.0
24453001.0,4995000000.0,5000000.0,5.0,0.0,0.0487,0.0487,0.0487,0.0487,2.2307,2.2307,0.0020402,2.2307,2.2307,0.0020402,0.0020402,0.0020402,0.0,0.0,0.0,0.0,4.642e-05,0.0,0.0,0.0,0.001,0.0,0.0,0.0,0.0,0.001,4.642e-05,0.0
24450512.0,4995000000.0,5000000.0,5.0,0.0,0.0487,0.0487,0.0487,0.0487,2.2307,0.60541,0.0020402,0.60541,2.2307,5.7898e-05,0.0020402,5.7898e-05,0.0,0.0,0.0,0.0,1e-11,0.0,0.0,0.0,4.642e-09,0.0,0.0,0.0,0.0,4.642e-09,1e-11,0.0
24457589.0,4995000000.0,5000000.0,5.0,0.0,0.0487,0.0487,0.0487,0.0487,21.428,0.032142,0.0020493,0.032142,21.428,0.025714,0.0020493,0.025714,0.0,0.0,0.0,0.0,1e-07,0.0,0.0,0.0,4.642e-09,0.0,0.0,0.0,0.0,4.642e-09,1e-07,0.0
24459881.0,4995000000.0,5000000.0,5.0,0.0,0.0487,0.0487,0.0487,0.0487,21.428,0.11571,0.0020493,0.11571,21.428,0.0010067,0.0020493,0.0010067,0.0,0.0,0.0,0.0,2.154e-10,0.0,0.0,0.0,4.642e-05,0.0,0.0,0.0,0.0,4.642e-05,2.154e-10,0.0
24450444.0,4995000000.0,5000000.0,5.0,0.0,0.0487,0.0487,0.0487,0.0487,2.2307,0.60541,0.0020402,0.60541,2.2307,0.0,0.0020402,0.0,0.0,0.0,0.0,0.0,2.154e-06,0.0,0.0,0.0,2.154e-06,0.0,0.0,0.0,0.0,2.154e-06,2.154e-06,0.0
24457147.0,4995000000.0,5000000.0,5.0,0.0,0.0487,0.0487,0.0487,0.0487,21.428,0.032142,0.00021428,0.032142,21.428,0.00027964,0.00021428,0.00027964,0.0,0.0,0.0,0.0,1e-07,0.0,0.0,0.0,2.154e-10,0.0,0.0,0.0,0.0,2.154e-10,1e-07,0.0
24453006.0,4995000000.0,5000000.0,5.0,0.0,0.0487,0.0487,0.0487,0.0487,2.2307,2.2307,0.0020402,2.2307,2.2307,0.0020402,0.0020402,0.0020402,0.0,0.0,0.0,0.0,0.001,0.0,0.0,0.0,2.154e-06,0.0,0.0,0.0,0.0,2.154e-06,0.001,0.0
24451921.0,4995000000.0,5000000.0,5.0,0.0,0.0487,0.0487,0.0487,0.0487,2.2307,2.2307,0.0,2.2307,2.2307,0.00021333,0.0,0.00021333,0.0,0.0,0.0,0.0,4.642e-05,0.0,0.0,0.0,2.154e-06,0.0,0.0,0.0,0.0,2.154e-06,4.642e-05,0.0
24459955.0,4995000000.0,5000000.0,5.0,0.0,0.0487,0.0487,0.0487,0.0487,21.428,0.11571,0.0020493,0.11571,21.428,0.009685,0.0020493,0.009685,0.0,0.0,0.0,0.0,4.642e-05,0.0,0.0,0.0,4.642e-09,0.0,0.0,0.0,0.0,4.642e-09,4.642e-05,0.0
24453175.0,4995000000.0,5000000.0,5.0,0.0,0.0487,0.0487,0.0487,0.0487,2.2307,2.2307,0.019407,2.2307,2.2307,0.0,0.019407,0.0,0.0,0.0,0.0,0.0,4.642e-09,0.0,0.0,0.0,4.642e-05,0.0,0.0,0.0,0.0,4.642e-05,4.642e-09,0.0
24459901.0,4995000000.0,5000000.0,5.0,0.0,0.0487,0.0487,0.0487,0.0487,21.428,0.11571,0.0020493,0.11571,21.428,0.0010067,0.0020493,0.0010067,0.0,0.0,0.0,0.0,2.154e-06,0.0,0.0,0.0,2.154e-06,0.0,0.0,0.0,0.0,2.154e-06,2.154e-06,0.0
24456590.0,4995000000.0,5000000.0,5.0,0.0,0.0487,0.0487,0.0487,0.0487,21.428,0.032142,0.0,0.032142,21.428,0.0,0.0,0.0,0.0,0.0,0.0,0.0,1e-11,0.0,0.0,0.0,2.154e-06,0.0,0.0,0.0,0.0,2.154e-06,1e-11,0.0
24457465.0,4995000000.0,5000000.0,5.0,0.0,0.0487,0.0487,0.0487,0.0487,21.428,0.032142,0.0020493,0.032142,21.428,2.9397e-05,0.0020493,2.9397e-05,0.0,0.0,0.0,0.0,0.001,0.0,0.0,0.0,2.154e-06,0.0,0.0,0.0,0.0,2.154e-06,0.001,0.0
24456592.0,4995000000.0,5000000.0,5.0,0.0,0.0487,0.0487,0.0487,0.0487,21.428,0.032142,0.0,0.032142,21.428,0.0,0.0,0.0,0.0,0.0,0.0,0.0,1e-11,0.0,0.0,0.0,0.001,0.0,0.0,0.0,0.0,0.001,1e-11,0.0
24452896.0,4995000000.0,5000000.0,5.0,0.0,0.0487,0.0487,0.0487,0.0487,2.2307,2.2307,0.0020402,2.2307,2.2307,2.2307e-05,0.0020402,2.2307e-05,0.0,0.0,0.0,0.0,2.154e-06,0.0,0.0,0.0,0.001,0.0,0.0,0.0,0.0,0.001,2.154e-06,0.0
24450787.0,4995000000.0,5000000.0,5.0,0.0,0.0487,0.0487,0.0487,0.0487,2.2307,0.60541,0.019407,0.60541,2.2307,0.0,0.019407,0.0,0.0,0.0,0.0,0.0,2.154e-06,0.0,0.0,0.0,2.154e-06,0.0,0.0,0.0,0.0,2.154e-06,2.154e-06,0.0
24457051.0,4995000000.0,5000000.0,5.0,0.0,0.0487,0.0487,0.0487,0.0487,21.428,0.032142,0.00021428,0.032142,21.428,3.0739e-06,0.00021428,3.0739e-06,0.0,0.0,0.0,0.0,1e-07,0.0,0.0,0.0,1e-07,0.0,0.0,0.0,0.0,1e-07,1e-07,0.0
24459487.0,4995000000.0,5000000.0,5.0,0.0,0.0487,0.0487,0.0487,0.0487,21.428,0.11571,0.00021428,0.11571,21.428,0.00010583,0.00021428,0.00010583,0.0,0.0,0.0,0.0,2.154e-10,0.0,0.0,0.0,1e-07,0.0,0.0,0.0,0.0,1e-07,2.154e-10,0.0
24459265.0,4995000000.0,5000000.0,5.0,0.0,0.0487,0.0487,0.0487,0.0487,21.428,0.11571,0.0,0.11571,21.428,0.009685,0.0,0.009685,0.0,0.0,0.0,0.0,2.154e-06,0.0,0.0,0.0,4.642e-05,0.0,0.0,0.0,0.0,4.642e-05,2.154e-06,0.0
24457407.0,4995000000.0,5000000.0,5.0,0.0,0.0487,0.0487,0.0487,0.0487,21.428,0.032142,0.0020493,0.032142,21.428,3.0739e-06,0.0020493,3.0739e-06,0.0,0.0,0.0,0.0,4.642e-05,0.0,0.0,0.0,4.642e-09,0.0,0.0,0.0,0.0,4.642e-09,4.642e-05,0.0
24451943.0,4995000000.0,5000000.0,5.0,0.0,0.0487,0.0487,0.0487,0.0487,2.2307,2.2307,0.0,2.2307,2.2307,0.0020402,0.0,0.0020402,0.0,0.0,0.0,0.0,2.154e-10,0.0,0.0,0.0,4.642e-05,0.0,0.0,0.0,0.0,4.642e-05,2.154e-10,0.0
24452482.0,4995000000.0,5000000.0,5.0,0.0,0.0487,0.0487,0.0487,0.0487,2.2307,2.2307,0.00021333,2.2307,2.2307,0.0,0.00021333,0.0,0.0,0.0,0.0,0.0,2.154e-10,0.0,0.0,0.0,4.642e-05,0.0,0.0,0.0,0.0,4.642e-05,2.154e-10,0.0
24459223.0,4995000000.0,5000000.0,5.0,0.0,0.0487,0.0487,0.0487,0.0487,21.428,0.11571,0.0,0.11571,21.428,0.0010067,0.0,0.0010067,0.0,0.0,0.0,0.0,4.642e-05,0.0,0.0,0.0,4.642e-05,0.0,0.0,0.0,0.0,4.642e-05,4.642e-05,0.0
24457659.0,4995000000.0,5000000.0,5.0,0.0,0.0487,0.0487,0.0487,0.0487,21.428,0.032142,0.019598,0.032142,21.428,0.0,0.019598,0.0,0.0,0.0,0.0,0.0,0.001,0.0,0.0,0.0,4.642e-09,0.0,0.0,0.0,0.0,4.642e-09,0.001,0.0
24452956.0,4995000000.0,5000000.0,5.0,0.0,0.0487,0.0487,0.0487,0.0487,2.2307,2.2307,0.0020402,2.2307,2.2307,0.00021333,0.0020402,0.00021333,0.0,0.0,0.0,0.0,0.001,0.0,0.0,0.0,1e-07,0.0,0.0,0.0,0.0,1e-07,0.001,0.0
24456599.0,4995000000.0,5000000.0,5.0,0.0,0.0487,0.0487,0.0487,0.0487,21.428,0.032142,0.0,0.032142,21.428,0.0,0.0,0.0,0.0,0.0,0.0,0.0,2.154e-10,0.0,0.0,0.0,0.001,0.0,0.0,0.0,0.0,0.001,2.154e-10,0.0
24457704.0,4995000000.0,5000000.0,5.0,0.0,0.0487,0.0487,0.0487,0.0487,21.428,0.032142,0.019598,0.032142,21.428,3.2142e-07,0.019598,3.2142e-07,0.0,0.0,0.0,0.0,4.642e-05,0.0,0.0,0.0,4.642e-05,0.0,0.0,0.0,0.0,4.642e-05,4.642e-05,0.0
24459250.0,4995000000.0,5000000.0,5.0,0.0,0.0487,0.0487,0.0487,0.0487,21.428,0.11571,0.0,0.11571,21.428,0.009685,0.0,0.009685,0.0,0.0,0.0,0.0,4.642e-09,0.0,0.0,0.0,2.154e-06,0.0,0.0,0.0,0.0,2.154e-06,4.642e-09,0.0
24459546.0,4995000000.0,5000000.0,5.0,0.0,0.0487,0.0487,0.0487,0.0487,21.428,0.11571,0.00021428,0.11571,21.428,0.0010067,0.00021428,0.0010067,0.0,0.0,0.0,0.0,4.642e-09,0.0,0.0,0.0,0.001,0.0,0.0,0.0,0.0,0.001,4.642e-09,0.0
24459061.0,4995000000.0,5000000.0,5.0,0.0,0.0487,0.0487,0.0487,0.0487,21.428,0.11571,0.0,0.11571,21.428,1.1571e-06,0.0,1.1571e-06,0.0,0.0,0.0,0.0,1e-07,0.0,0.0,0.0,2.154e-06,0.0,0.0,0.0,0.0,2.154e-06,1e-07,0.0
24457658.0,4995000000.0,5000000.0,5.0,0.0,0.0487,0.0487,0.0487,0.0487,21.428,0.032142,0.019598,0.032142,21.428,0.0,0.019598,0.0,0.0,0.0,0.0,0.0,0.001,0.0,0.0,0.0,2.154e-10,0.0,0.0,0.0,0.0,2.154e-10,0.001,0.0
24456739.0,4995000000.0,5000000.0,5.0,0.0,0.0487,0.0487,0.0487,0.0487,21.428,0.032142,0.0,0.032142,21.428,2.9397e-05,0.0,2.9397e-05,0.0,0.0,0.0,0.0,1e-11,0.0,0.0,0.0,0.001,0.0,0.0,0.0,0.0,0.001,1e-11,0.0
24459476.0,4995000000.0,5000000.0,5.0,0.0,0.0487,0.0487,0.0487,0.0487,21.428,0.11571,0.00021428,0.11571,21.428,1.1066e-05,0.00021428,1.1066e-05,0.0,0.0,0.0,0.0,0.001,0.0,0.0,0.0,0.001,0.0,0.0,0.0,0.0,0.001,0.001,0.0
24459342.0,4995000000.0,5000000.0,5.0,0.0,0.0487,0.0487,0.0487,0.0487,21.428,0.11571,0.00021428,0.11571,21.428,0.0,0.00021428,0.0,0.0,0.0,0.0,0.0,2.154e-10,0.0,0.0,0.0,4.642e-05,0.0,0.0,0.0,0.0,4.642e-05,2.154e-10,0.0
24457641.0,4995000000.0,5000000.0,5.0,0.0,0.0487,0.0487,0.0487,0.0487,21.428,0.032142,0.019598,0.032142,21.428,0.0,0.019598,0.0,0.0,0.0,0.0,0.0,1e-07,0.0,0.0,0.0,4.642e-05,0.0,0.0,0.0,0.0,4.642e-05,1e-07,0.0
24450600.0,4995000000.0,5000000.0,5.0,0.0,0.0487,0.0487,0.0487,0.0487,2.2307,0.60541,0.0020402,0.60541,2.2307,0.00055371,0.0020402,0.00055371,0.0,0.0,0.0,0.0,4.642e-05,0.0,0.0,0.0,0.001,0.0,0.0,0.0,0.0,0.001,4.642e-05,0.0
24452937.0,4995000000.0,5000000.0,5.0,0.0,0.0487,0.0487,0.0487,0.0487,2.2307,2.2307,0.0020402,2.2307,2.2307,0.00021333,0.0020402,0.00021333,0.0,0.0,0.0,0.0,1e-07,0.0,0.0,0.0,4.642e-05,0.0,0.0,0.0,0.0,4.642e-05,1e-07,0.0
24453309.0,4995000000.0,5000000.0,5.0,0.0,0.0487,0.0487,0.0487,0.0487,2.2307,2.2307,0.019407,2.2307,2.2307,0.0020402,0.019407,0.0020402,0.0,0.0,0.0,0.0,1e-11,0.0,0.0,0.0,0.001,0.0,0.0,0.0,0.0,0.001,1e-11,0.0
24457148.0,4995000000.0,5000000.0,5.0,0.0,0.0487,0.0487,0.0487,0.0487,21.428,0.032142,0.00021428,0.032142,21.428,0.00027964,0.00021428,0.00027964,0.0,0.0,0.0,0.0,1e-07,0.0,0.0,0.0,4.642e-09,0.0,0.0,0.0,0.0,4.642e-09,1e-07,0.0
24451859.0,4995000000.0,5000000.0,5.0,0.0,0.0487,0.0487,0.0487,0.0487,2.2307,2.2307,0.0,2.2307,2.2307,2.2307e-05,0.0,2.2307e-05,0.0,0.0,0.0,0.0,1e-07,0.0,0.0,0.0,4.642e-05,0.0,0.0,0.0,0.0,4.642e-05,1e-07,0.0
24457419.0,4995000000.0,5000000.0,5.0,0.0,0.0487,0.0487,0.0487,0.0487,21.428,0.032142,0.0020493,0.032142,21.428,2.9397e-05,0.0020493,2.9397e-05,0.0,0.0,0.0,0.0,1e-11,0.0,0.0,0.0,1e-11,0.0,0.0,0.0,0.0,1e-11,1e-11,0.0
24459010.0,4995000000.0,5000000.0,5.0,0.0,0.0487,0.0487,0.0487,0.0487,21.428,0.11571,0.0,0.11571,21.428,0.0,0.0,0.0,0.0,0.0,0.0,0.0,1e-07,0.0,0.0,0.0,4.642e-09,0.0,0.0,0.0,0.0,4.642e-09,1e-07,0.0
24457464.0,4995000000.0,5000000.0,5.0,0.0,0.0487,0.0487,0.0487,0.0487,21.428,0.032142,0.0020493,0.032142,21.428,2.9397e-05,0.0020493,2.9397e-05,0.0,0.0,0.0,0.0,0.001,0.0,0.0,0.0,1e-07,0.0,0.0,0.0,0.0,1e-07,0.001,0.0
24450075.0,4995000000.0,5000000.0,5.0,0.0,0.0487,0.0487,0.0487,0.0487,2.2307,0.60541,0.00021333,0.60541,2.2307,0.0,0.00021333,0.0,0.0,0.0,0.0,0.0,1e-11,0.0,0.0,0.0,0.001,0.0,0.0,0.0,0.0,0.001,1e-11,0.0
24450164.0,4995000000.0,5000000.0,5.0,0.0,0.0487,0.0487,0.0487,0.0487,2.2307,0.60541,0.00021333,0.60541,2.2307,6.0541e-06,0.00021333,6.0541e-06,0.0,0.0,0.0,0.0,0.001,0.0,0.0,0.0,2.154e-06,0.0,0.0,0.0,0.0,2.154e-06,0.001,0.0
24457886.0,4995000000.0,5000000.0,5.0,0.0,0.0487,0.0487,0.0487,0.0487,21.428,0.032142,0.019598,0.032142,21.428,0.0026903,0.019598,0.0026903,0.0,0.0,0.0,0.0,1e-07,0.0,0.0,0.0,4.642e-05,0.0,0.0,0.0,0.0,4.642e-05,1e-07,0.0
24459459.0,4995000000.0,5000000.0,5.0,0.0,0.0487,0.0487,0.0487,0.0487,21.428,0.11571,0.00021428,0.11571,21.428,1.1066e-05,0.00021428,1.1066e-05,0.0,0.0,0.0,0.0,2.154e-06,0.0,0.0,0.0,1e-07,0.0,0.0,0.0,0.0,1e-07,2.154e-06,0.0
24456665.0,4995000000.0,5000000.0,5.0,0.0,0.0487,0.0487,0.0487,0.0487,21.428,0.032142,0.0,0.032142,21.428,3.2142e-07,0.0,3.2142e-07,0.0,0.0,0.0,0.0,2.154e-06,0.0,0.0,0.0,4.642e-09,0.0,0.0,0.0,0.0,4.642e-09,2.154e-06,0.0
24452266.0,4995000000.0,5000000.0,5.0,0.0,0.0487,0.0487,0.0487,0.0487,2.2307,2.2307,2.2307e-05,2.2307,2.2307,0.00021333,2.2307e-05,0.00021333,0.0,0.0,0.0,0.0,4.642e-05,0.0,0.0,0.0,0.001,0.0,0.0,0.0,0.0,0.001,4.642e-05,0.0
24457355.0,4995000000.0,5000000.0,5.0,0.0,0.0487,0.0487,0.0487,0.0487,21.428,0.032142,0.0020493,0.032142,21.428,3.2142e-07,0.0020493,3.2142e-07,0.0,0.0,0.0,0.0,2.154e-06,0.0,0.0,0.0,0.001,0.0,0.0,0.0,0.0,0.001,2.154e-06,0.0
24450124.0,4995000000.0,5000000.0,5.0,0.0,0.0487,0.0487,0.0487,0.0487,2.2307,0.60541,0.00021333,0.60541,2.2307,6.0541e-06,0.00021333,6.0541e-06,0.0,0.0,0.0,0.0,1e-11,0.0,0.0,0.0,0.001,0.0,0.0,0.0,0.0,0.001,1e-11,0.0
24456915.0,4995000000.0,5000000.0,5.0,0.0,0.0487,0.0487,0.0487,0.0487,21.428,0.032142,0.0,0.032142,21.428,0.025714,0.0,0.025714,0.0,0.0,0.0,0.0,4.642e-05,0.0,0.0,0.0,1e-11,0.0,0.0,0.0,0.0,1e-11,4.642e-05,0.0
24450593.0,4995000000.0,5000000.0,5.0,0.0,0.0487,0.0487,0.0487,0.0487,2.2307,0.60541,0.0020402,0.60541,2.2307,0.00055371,0.0020402,0.00055371,0.0,0.0,0.0,0.0,2.154e-06,0.0,0.0,0.0,0.001,0.0,0.0,0.0,0.0,0.001,2.154e-06,0.0
24459532.0,4995000000.0,5000000.0,5.0,0.0,0.0487,0.0487,0.0487,0.0487,21.428,0.11571,0.00021428,0.11571,21.428,0.0010067,0.00021428,0.0010067,0.0,0.0,0.0,0.0,1e-11,0.0,0.0,0.0,0.001,0.0,0.0,0.0,0.0,0.001,1e-11,0.0
24450529.0,4995000000.0,5000000.0,5.0,0.0,0.0487,0.0487,0.0487,0.0487,2.2307,0.60541,0.0020402,0.60541,2.2307,5.7898e-05,0.0020402,5.7898e-05,0.0,0.0,0.0,0.0,4.642e-09,0.0,0.0,0.0,4.642e-05,0.0,0.0,0.0,0.0,4.642e-05,4.642e-09,0.0
24452343.0,4995000000.0,5000000.0,5.0,0.0,0.0487,0.0487,0.0487,0.0487,2.2307,2.2307,2.2307e-05,2.2307,2.2307,0.019407,2.2307e-05,0.019407,0.0,0.0,0.0,0.0,4.642e-09,0.0,0.0,0.0,0.001,0.0,0.0,0.0,0.0,0.001,4.642e-09,0.0
24457158.0,4995000000.0,5000000.0,5.0,0.0,0.0487,0.0487,0.0487,0.0487,21.428,0.032142,0.00021428,0.032142,21.428,0.00027964,0.00021428,0.00027964,0.0,0.0,0.0,0.0,2.154e-06,0.0,0.0,0.0,4.642e-05,0.0,0.0,0.0,0.0,4.642e-05,2.154e-06,0.0
24457349.0,4995000000.0,5000000.0,5.0,0.0,0.0487,0.0487,0.0487,0.0487,21.428,0.032142,0.0020493,0.032142,21.428,3.2142e-07,0.0020493,3.2142e-07,0.0,0.0,0.0,0.0,2.154e-06,0.0,0.0,0.0,1e-11,0.0,0.0,0.0,0.0,1e-11,2.154e-06,0.0
24456682.0,4995000000.0,5000000.0,5.0,0.0,0.0487,0.0487,0.0487,0.0487,21.428,0.032142,0.0,0.032142,21.428,3.2142e-07,0.0,3.2142e-07,0.0,0.0,0.0,0.0,0.001,0.0,0.0,0.0,4.642e-05,0.0,0.0,0.0,0.0,4.642e-05,0.001,0.0
24453218.0,4995000000.0,5000000.0,5.0,0.0,0.0487,0.0487,0.0487,0.0487,2.2307,2.2307,0.019407,2.2307,2.2307,2.2307e-05,0.019407,2.2307e-05,0.0,0.0,0.0,0.0,2.154e-10,0.0,0.0,0.0,0.001,0.0,0.0,0.0,0.0,0.001,2.154e-10,0.0
24457429.0,4995000000.0,5000000.0,5.0,0.0,0.0487,0.0487,0.0487,0.0487,21.428,0.032142,0.0020493,0.032142,21.428,2.9397e-05,0.0020493,2.9397e-05,0.0,0.0,0.0,0.0,2.154e-10,0.0,0.0,0.0,1e-07,0.0,0.0,0.0,0.0,1e-07,2.154e-10,0.0
24459012.0,4995000000.0,5000000.0,5.0,0.0,0.0487,0.0487,0.0487,0.0487,21.428,0.11571,0.0,0.11571,21.428,0.0,0.0,0.0,0.0,0.0,0.0,0.0,1e-07,0.0,0.0,0.0,2.154e-06,0.0,0.0,0.0,0.0,2.154e-06,1e-07,0.0
24457183.0,4995000000.0,5000000.0,5.0,0.0,0.0487,0.0487,0.0487,0.0487,21.428,0.032142,0.00021428,0.032142,21.428,0.0026903,0.00021428,0.0026903,0.0,0.0,0.0,0.0,2.154e-10,0.0,0.0,0.0,4.642e-09,0.0,0.0,0.0,0.0,4.642e-09,2.154e-10,0.0
24452518.0,4995000000.0,5000000.0,5.0,0.0,0.0487,0.0487,0.0487,0.0487,2.2307,2.2307,0.00021333,2.2307,2.2307,0.0,0.00021333,0.0,0.0,0.0,0.0,0.0,0.001,0.0,0.0,0.0,0.001,0.0,0.0,0.0,0.0,0.001,0.001,0.0
24456923.0,4995000000.0,5000000.0,5.0,0.0,0.0487,0.0487,0.0487,0.0487,21.428,0.032142,0.0,0.032142,21.428,0.025714,0.0,0.025714,0.0,0.0,0.0,0.0,0.001,0.0,0.0,0.0,2.154e-10,0.0,0.0,0.0,0.0,2.154e-10,0.001,0.0
24459220.0,4995000000.0,5000000.0,5.0,0.0,0.0487,0.0487,0.0487,0.0487,21.428,0.11571,0.0,0.11571,21.428,0.0010067,0.0,0.0010067,0.0,0.0,0.0,0.0,4.642e-05,0.0,0.0,0.0,4.642e-09,0.0,0.0,0.0,0.0,4.642e-09,4.642e-05,0.0
24457224.0,4995000000.0,5000000.0,5.0,0.0,0.0487,0.0487,0.0487,0.0487,21.428,0.032142,0.00021428,0.032142,21.428,0.025714,0.00021428,0.025714,0.0,0.0,0.0,0.0,1e-11,0.0,0.0,0.0,2.154e-10,0.0,0.0,0.0,0.0,2.154e-10,1e-11,0.0
24456875.0,4995000000.0,5000000.0,5.0,0.0,0.0487,0.0487,0.0487,0.0487,21.428,0.032142,0.0,0.032142,21.428,0.0026903,0.0,0.0026903,0.0,0.0,0.0,0.0,0.001,0.0,0.0,0.0,4.642e-09,0.0,0.0,0.0,0.0,4.642e-09,0.001,0.0
24459777.0,4995000000.0,5000000.0,5.0,0.0,0.0487,0.0487,0.0487,0.0487,21.428,0.11571,0.0020493,0.11571,21.428,1.1066e-05,0.0020493,1.1066e-05,0.0,0.0,0.0,0.0,1e-11,0.0,0.0,0.0,0.001,0.0,0.0,0.0,0.0,0.001,1e-11,0.0
24457492.0,4995000000.0,5000000.0,5.0,0.0,0.0487,0.0487,0.0487,0.0487,21.428,0.032142,0.0020493,0.032142,21.428,0.00027964,0.0020493,0.00027964,0.0,0.0,0.0,0.0,1e-07,0.0,0.0,0.0,1e-07,0.0,0.0,0.0,0.0,1e-07,1e-07,0.0
24456749.0,4995000000.0,5000000.0,5.0,0.0,0.0487,0.0487,0.0487,0.0487,21.428,0.032142,0.0,0.032142,21.428,2.9397e-05,0.0,2.9397e-05,0.0,0.0,0.0,0.0,4.642e-09,0.0,0.0,0.0,4.642e-09,0.0,0.0,0.0,0.0,4.642e-09,4.642e-09,0.0
24450533.0,4995000000.0,5000000.0,5.0,0.0,0.0487,0.0487,0.0487,0.0487,2.2307,0.60541,0.0020402,0.60541,2.2307,5.7898e-05,0.0020402,5.7898e-05,0.0,0.0,0.0,0.0,1e-07,0.0,0.0,0.0,4.642e-09,0.0,0.0,0.0,0.0,4.642e-09,1e-07,0.0
24456863.0,4995000000.0,5000000.0,5.0,0.0,0.0487,0.0487,0.0487,0.0487,21.428,0.032142,0.0,0.032142,21.428,0.0026903,0.0,0.0026903,0.0,0.0,0.0,0.0,2.154e-06,0.0,0.0,0.0,2.154e-06,0.0,0.0,0.0,0.0,2.154e-06,2.154e-06,0.0
24456758.0,4995000000.0,5000000.0,5.0,0.0,0.0487,0.0487,0.0487,0.0487,21.428,0.032142,0.0,0.032142,21.428,2.9397e-05,0.0,2.9397e-05,0.0,0.0,0.0,0.0,1e-07,0.0,0.0,0.0,2.154e-06,0.0,0.0,0.0,0.0,2.154e-06,1e-07,0.0
24459132.0,4995000000.0,5000000.0,5.0,0.0,0.0487,0.0487,0.0487,0.0487,21.428,0.11571,0.0,0.11571,21.428,1.1066e-05,0.0,1.1066e-05,0.0,0.0,0.0,0.0,0.001,0.0,0.0,0.0,4.642e-05,0.0,0.0,0.0,0.0,4.642e-05,0.001,0.0
24457552.0,4995000000.0,5000000.0,5.0,0.0,0.0487,0.0487,0.0487,0.0487,21.428,0.032142,0.0020493,0.032142,21.428,0.0026903,0.0020493,0.0026903,0.0,0.0,0.0,0.0,4.642e-05,0.0,0.0,0.0,1e-11,0.0,0.0,0.0,0.0,1e-11,4.642e-05,0.0
24450071.0,4995000000.0,5000000.0,5.0,0.0,0.0487,0.0487,0.0487,0.0487,2.2307,0.60541,0.00021333,0.60541,2.2307,0.0,0.00021333,0.0,0.0,0.0,0.0,0.0,1e-11,0.0,0.0,0.0,4.642e-09,0.0,0.0,0.0,0.0,4.642e-09,1e-11,0.0
24457867.0,4995000000.0,5000000.0,5.0,0.0,0.0487,0.0487,0.0487,0.0487,21.428,0.032142,0.019598,0.032142,21.428,0.0026903,0.019598,0.0026903,0.0,0.0,0.0,0.0,2.154e-10,0.0,0.0,0.0,1e-11,0.0,0.0,0.0,0.0,1e-11,2.154e-10,0.0
24456674.0,4995000000.0,5000000.0,5.0,0.0,0.0487,0.0487,0.0487,0.0487,21.428,0.032142,0.0,0.032142,21.428,3.2142e-07,0.0,3.2142e-07,0.0,0.0,0.0,0.0,4.642e-05,0.0,0.0,0.0,2.154e-06,0.0,0.0,0.0,0.0,2.154e-06,4.642e-05,0.0
24459600.0,4995000000.0,5000000.0,5.0,0.0,0.0487,0.0487,0.0487,0.0487,21.428,0.11571,0.00021428,0.11571,21.428,0.009685,0.00021428,0.009685,0.0,0.0,0.0,0.0,1e-07,0.0,0.0,0.0,2.154e-06,0.0,0.0,0.0,0.0,2.154e-06,1e-07,0.0
24457940.0,4995000000.0,5000000.0,5.0,0.0,0.0487,0.0487,0.0487,0.0487,21.428,0.032142,0.019598,0.032142,21.428,0.025714,0.019598,0.025714,0.0,0.0,0.0,0.0,2.154e-06,0.0,0.0,0.0,1e-07,0.0,0.0,0.0,0.0,1e-07,2.154e-06,0.0
24450544.0,4995000000.0,5000000.0,5.0,0.0,0.0487,0.0487,0.0487,0.0487,2.2307,0.60541,0.0020402,0.60541,2.2307,5.7898e-05,0.0020402,5.7898e-05,0.0,0.0,0.0,0.0,2.154e-06,0.0,0.0,0.0,0.001,0.0,0.0,0.0,0.0,0.001,2.154e-06,0.0
24450299.0,4995000000.0,5000000.0,5.0,0.0,0.0487,0.0487,0.0487,0.0487,2.2307,0.60541,0.00021333,0.60541,2.2307,0.005267,0.00021333,0.005267,0.0,0.0,0.0,0.0,2.154e-06,0.0,0.0,0.0,0.001,0.0,0.0,0.0,0.0,0.001,2.154e-06,0.0
24450465.0,4995000000.0,5000000.0,5.0,0.0,0.0487,0.0487,0.0487,0.0487,2.2307,0.60541,0.0020402,0.60541,2.2307,6.0541e-06,0.0020402,6.0541e-06,0.0,0.0,0.0,0.0,1e-11,0.0,0.0,0.0,2.154e-06,0.0,0.0,0.0,0.0,2.154e-06,1e-11,0.0
24457757.0,4995000000.0,5000000.0,5.0,0.0,0.0487,0.0487,0.0487,0.0487,21.428,0.032142,0.019598,0.032142,21.428,3.0739e-06,0.019598,3.0739e-06,0.0,0.0,0.0,0.0,0.001,0.0,0.0,0.0,4.642e-09,0.0,0.0,0.0,0.0,4.642e-09,0.001,0.0
24457169.0,4995000000.0,5000000.0,5.0,0.0,0.0487,0.0487,0.0487,0.0487,21.428,0.032142,0.00021428,0.032142,21.428,0.00027964,0.00021428,0.00027964,0.0,0.0,0.0,0.0,0.001,0.0,0.0,0.0,4.642e-09,0.0,0.0,0.0,0.0,4.642e-09,0.001,0.0
24456719.0,4995000000.0,5000000.0,5.0,0.0,0.0487,0.0487,0.0487,0.0487,21.428,0.032142,0.0,0.032142,21.428,3.0739e-06,0.0,3.0739e-06,0.0,0.0,0.0,0.0,4.642e-05,0.0,0.0,0.0,1e-11,0.0,0.0,0.0,0.0,1e-11,4.642e-05,0.0
24452140.0,4995000000.0,5000000.0,5.0,0.0,0.0487,0.0487,0.0487,0.0487,2.2307,2.2307,2.2307e-05,2.2307,2.2307,0.0,2.2307e-05,0.0,0.0,0.0,0.0,0.0,2.154e-10,0.0,0.0,0.0,0.001,0.0,0.0,0.0,0.0,0.001,2.154e-10,0.0
24459441.0,4995000000.0,5000000.0,5.0,0.0,0.0487,0.0487,0.0487,0.0487,21.428,0.11571,0.00021428,0.11571,21.428,1.1066e-05,0.00021428,1.1066e-05,0.0,0.0,0.0,0.0,2.154e-10,0.0,0.0,0.0,0.001,0.0,0.0,0.0,0.0,0.001,2.154e-10,0.0
24457107.0,4995000000.0,5000000.0,5.0,0.0,0.0487,0.0487,0.0487,0.0487,21.428,0.032142,0.00021428,0.032142,21.428,2.9397e-05,0.00021428,2.9397e-05,0.0,0.0,0.0,0.0,2.154e-06,0.0,0.0,0.0,1e-07,0.0,0.0,0.0,0.0,1e-07,2.154e-06,0.0
24457556.0,4995000000.0,5000000.0,5.0,0.0,0.0487,0.0487,0.0487,0.0487,21.428,0.032142,0.0020493,0.032142,21.428,0.0026903,0.0020493,0.0026903,0.0,0.0,0.0,0.0,4.642e-05,0.0,0.0,0.0,2.154e-06,0.0,0.0,0.0,0.0,2.154e-06,4.642e-05,0.0
24459445.0,4995000000.0,5000000.0,5.0,0.0,0.0487,0.0487,0.0487,0.0487,21.428,0.11571,0.00021428,0.11571,21.428,1.1066e-05,0.00021428,1.1066e-05,0.0,0.0,0.0,0.0,4.642e-09,0.0,0.0,0.0,1e-07,0.0,0.0,0.0,0.0,1e-07,4.642e-09,0.0
24459790.0,4995000000.0,5000000.0,5.0,0.0,0.0487,0.0487,0.0487,0.0487,21.428,0.11571,0.0020493,0.11571,21.428,1.1066e-05,0.0020493,1.1066e-05,0.0,0.0,0.0,0.0,4.642e-09,0.0,0.0,0.0,4.642e-05,0.0,0.0,0.0,0.0,4.642e-05,4.642e-09,0.0
24450176.0,4995000000.0,5000000.0,5.0,0.0,0.0487,0.0487,0.0487,0.0487,2.2307,0.60541,0.00021333,0.60541,2.2307,5.7898e-05,0.00021333,5.7898e-05,0.0,0.0,0.0,0.0,2.154e-10,0.0,0.0,0.0,4.642e-09,0.0,0.0,0.0,0.0,4.642e-09,2.154e-10,0.0
24450204.0,4995000000.0,5000000.0,5.0,0.0,0.0487,0.0487,0.0487,0.0487,2.2307,0.60541,0.00021333,0.60541,2.2307,5.7898e-05,0.00021333,5.7898e-05,0.0,0.0,0.0,0.0,4.642e-05,0.0,0.0,0.0,4.642e-09,0.0,0.0,0.0,0.0,4.642e-09,4.642e-05,0.0
24450844.0,4995000000.0,5000000.0,5.0,0.0,0.0487,0.0487,0.0487,0.0487,2.2307,0.60541,0.019407,0.60541,2.2307,6.0541e-06,0.019407,6.0541e-06,0.0,0.0,0.0,0.0,4.642e-05,0.0,0.0,0.0,4.642e-05,0.0,0.0,0.0,0.0,4.642e-05,4.642e-05,0.0
24459434.0,4995000000.0,5000000.0,5.0,0.0,0.0487,0.0487,0.0487,0.0487,21.428,0.11571,0.00021428,0.11571,21.428,1.1066e-05,0.00021428,1.1066e-05,0.0,0.0,0.0,0.0,1e-11,0.0,0.0,0.0,0.001,0.0,0.0,0.0,0.0,0.001,1e-11,0.0
24459714.0,4995000000.0,5000000.0,5.0,0.0,0.0487,0.0487,0.0487,0.0487,21.428,0.11571,0.0020493,0.11571,21.428,0.0,0.0020493,0.0,0.0,0.0,0.0,0.0,4.642e-05,0.0,0.0,0.0,0.001,0.0,0.0,0.0,0.0,0.001,4.642e-05,0.0
24459951.0,4995000000.0,5000000.0,5.0,0.0,0.0487,0.0487,0.0487,0.0487,21.428,0.11571,0.0020493,0.11571,21.428,0.009685,0.0020493,0.009685,0.0,0.0,0.0,0.0,2.154e-06,0.0,0.0,0.0,4.642e-05,0.0,0.0,0.0,0.0,4.642e-05,2.154e-06,0.0
24459335.0,4995000000.0,5000000.0,5.0,0.0,0.0487,0.0487,0.0487,0.0487,21.428,0.11571,0.00021428,0.11571,21.428,0.0,0.00021428,0.0,0.0,0.0,0.0,0.0,1e-11,0.0,0.0,0.0,4.642e-05,0.0,0.0,0.0,0.0,4.642e-05,1e-11,0.0
24456834.0,4995000000.0,5000000.0,5.0,0.0,0.0487,0.0487,0.0487,0.0487,21.428,0.032142,0.0,0.032142,21.428,0.0026903,0.0,0.0026903,0.0,0.0,0.0,0.0,1e-11,0.0,0.0,0.0,1e-07,0.0,0.0,0.0,0.0,1e-07,1e-11,0.0
24450263.0,4995000000.0,5000000.0,5.0,0.0,0.0487,0.0487,0.0487,0.0487,2.2307,0.60541,0.00021333,0.60541,2.2307,0.00055371,0.00021333,0.00055371,0.0,0.0,0.0,0.0,0.001,0.0,0.0,0.0,4.642e-05,0.0,0.0,0.0,0.0,4.642e-05,0.001,0.0
24459594.0,4995000000.0,5000000.0,5.0,0.0,0.0487,0.0487,0.0487,0.0487,21.428,0.11571,0.00021428,0.11571,21.428,0.009685,0.00021428,0.009685,0.0,0.0,0.0,0.0,4.642e-09,0.0,0.0,0.0,4.642e-05,0.0,0.0,0.0,0.0,4.642e-05,4.642e-09,0.0
24450991.0,4995000000.0,5000000.0,5.0,0.0,0.0487,0.0487,0.0487,0.0487,2.2307,0.60541,0.019407,0.60541,2.2307,0.005267,0.019407,0.005267,0.0,0.0,0.0,0.0,4.642e-05,0.0,0.0,0.0,4.642e-05,0.0,0.0,0.0,0.0,4.642e-05,4.642e-05,0.0
24453274.0,4995000000.0,5000000.0,5.0,0.0,0.0487,0.0487,0.0487,0.0487,2.2307,2.2307,0.019407,2.2307,2.2307,0.00021333,0.019407,0.00021333,0.0,0.0,0.0,0.0,4.642e-09,0.0,0.0,0.0,0.001,0.0,0.0,0.0,0.0,0.001,4.642e-09,0.0
24456992.0,4995000000.0,5000000.0,5.0,0.0,0.0487,0.0487,0.0487,0.0487,21.428,0.032142,0.00021428,0.032142,21.428,3.2142e-07,0.00021428,3.2142e-07,0.0,0.0,0.0,0.0,4.642e-09,0.0,0.0,0.0,1e-11,0.0,0.0,0.0,0.0,1e-11,4.642e-09,0.0
24457904.0,4995000000.0,5000000.0,5.0,0.0,0.0487,0.0487,0.0487,0.0487,21.428,0.032142,0.019598,0.032142,21.428,0.0026903,0.019598,0.0026903,0.0,0.0,0.0,0.0,0.001,0.0,0.0,0.0,4.642e-09,0.0,0.0,0.0,0.0,4.642e-09,0.001,0.0
24459152.0,4995000000.0,5000000.0,5.0,0.0,0.0487,0.0487,0.0487,0.0487,21.428,0.11571,0.0,0.11571,21.428,0.00010583,0.0,0.00010583,0.0,0.0,0.0,0.0,4.642e-09,0.0,0.0,0.0,2.154e-06,0.0,0.0,0.0,0.0,2.154e-06,4.642e-09,0.0
24456746.0,4995000000.0,5000000.0,5.0,0.0,0.0487,0.0487,0.0487,0.0487,21.428,0.032142,0.0,0.032142,21.428,2.9397e-05,0.0,2.9397e-05,0.0,0.0,0.0,0.0,2.154e-10,0.0,0.0,0.0,0.001,0.0,0.0,0.0,0.0,0.001,2.154e-10,0.0
24452875.0,4995000000.0,5000000.0,5.0,0.0,0.0487,0.0487,0.0487,0.0487,2.2307,2.2307,0.0020402,2.2307,2.2307,2.2307e-05,0.0020402,2.2307e-05,0.0,0.0,0.0,0.0,2.154e-10,0.0,0.0,0.0,0.001,0.0,0.0,0.0,0.0,0.001,2.154e-10,0.0
24456713.0,4995000000.0,5000000.0,5.0,0.0,0.0487,0.0487,0.0487,0.0487,21.428,0.032142,0.0,0.032142,21.428,3.0739e-06,0.0,3.0739e-06,0.0,0.0,0.0,0.0,2.154e-06,0.0,0.0,0.0,2.154e-10,0.0,0.0,0.0,0.0,2.154e-10,2.154e-06,0.0
24450836.0,4995000000.0,5000000.0,5.0,0.0,0.0487,0.0487,0.0487,0.0487,2.2307,0.60541,0.019407,0.60541,2.2307,6.0541e-06,0.019407,6.0541e-06,0.0,0.0,0.0,0.0,2.154e-06,0.0,0.0,0.0,2.154e-06,0.0,0.0,0.0,0.0,2.154e-06,2.154e-06,0.0
24457127.0,4995000000.0,5000000.0,5.0,0.0,0.0487,0.0487,0.0487,0.0487,21.428,0.032142,0.00021428,0.032142,21.428,0.00027964,0.00021428,0.00027964,0.0,0.0,0.0,0.0,1e-11,0.0,0.0,0.0,4.642e-09,0.0,0.0,0.0,0.0,4.642e-09,1e-11,0.0
24456826.0,4995000000.0,5000000.0,5.0,0.0,0.0487,0.0487,0.0487,0.0487,21.428,0.032142,0.0,0.032142,21.428,0.00027964,0.0,0.00027964,0.0,0.0,0.0,0.0,0.001,0.0,0.0,0.0,4.642e-09,0.0,0.0,0.0,0.0,4.642e-09,0.001,0.0
24459937.0,4995000000.0,5000000.0,5.0,0.0,0.0487,0.0487,0.0487,0.0487,21.428,0.11571,0.0020493,0.11571,21.428,0.009685,0.0020493,0.009685,0.0,0.0,0.0,0.0,4.642e-09,0.0,0.0,0.0,4.642e-05,0.0,0.0,0.0,0.0,4.642e-05,4.642e-09,0.0
24452245.0,4995000000.0,5000000.0,5.0,0.0,0.0487,0.0487,0.0487,0.0487,2.2307,2.2307,2.2307e-05,2.2307,2.2307,0.00021333,2.2307e-05,0.00021333,0.0,0.0,0.0,0.0,4.642e-09,0.0,0.0,0.0,0.001,0.0,0.0,0.0,0.0,0.001,4.642e-09,0.0
24457392.0,4995000000.0,5000000.0,5.0,0.0,0.0487,0.0487,0.0487,0.0487,21.428,0.032142,0.0020493,0.032142,21.428,3.0739e-06,0.0020493,3.0739e-06,0.0,0.0,0.0,0.0,1e-07,0.0,0.0,0.0,2.154e-10,0.0,0.0,0.0,0.0,2.154e-10,1e-07,0.0
24456676.0,4995000000.0,5000000.0,5.0,0.0,0.0487,0.0487,0.0487,0.0487,21.428,0.032142,0.0,0.032142,21.428,3.2142e-07,0.0,3.2142e-07,0.0,0.0,0.0,0.0,4.642e-05,0.0,0.0,0.0,0.001,0.0,0.0,0.0,0.0,0.001,4.642e-05,0.0
24456930.0,4995000000.0,5000000.0,5.0,0.0,0.0487,0.0487,0.0487,0.0487,21.428,0.032142,0.00021428,0.032142,21.428,0.0,0.00021428,0.0,0.0,0.0,0.0,0.0,1e-11,0.0,0.0,0.0,2.154e-10,0.0,0.0,0.0,0.0,2.154e-10,1e-11,0.0
24457731.0,4995000000.0,5000000.0,5.0,0.0,0.0487,0.0487,0.0487,0.0487,21.428,0.032142,0.019598,0.032142,21.428,3.0739e-06,0.019598,3.0739e-06,0.0,0.0,0.0,0.0,4.642e-09,0.0,0.0,0.0,2.154e-06,0.0,0.0,0.0,0.0,2.154e-06,4.642e-09,0.0
24457605.0,4995000000.0,5000000.0,5.0,0.0,0.0487,0.0487,0.0487,0.0487,21.428,0.032142,0.0020493,0.032142,21.428,0.025714,0.0020493,0.025714,0.0,0.0,0.0,0.0,4.642e-05,0.0,0.0,0.0,2.154e-06,0.0,0.0,0.0,0.0,2.154e-06,4.642e-05,0.0
24457580.0,4995000000.0,5000000.0,5.0,0.0,0.0487,0.0487,0.0487,0.0487,21.428,0.032142,0.0020493,0.032142,21.428,0.025714,0.0020493,0.025714,0.0,0.0,0.0,0.0,4.642e-09,0.0,0.0,0.0,1e-11,0.0,0.0,0.0,0.0,1e-11,4.642e-09,0.0
24450106.0,4995000000.0,5000000.0,5.0,0.0,0.0487,0.0487,0.0487,0.0487,2.2307,0.60541,0.00021333,0.60541,2.2307,0.0,0.00021333,0.0,0.0,0.0,0.0,0.0,4.642e-05,0.0,0.0,0.0,4.642e-09,0.0,0.0,0.0,0.0,4.642e-09,4.642e-05,0.0
24457161.0,4995000000.0,5000000.0,5.0,0.0,0.0487,0.0487,0.0487,0.0487,21.428,0.032142,0.00021428,0.032142,21.428,0.00027964,0.00021428,0.00027964,0.0,0.0,0.0,0.0,4.642e-05,0.0,0.0,0.0,2.154e-10,0.0,0.0,0.0,0.0,2.154e-10,4.642e-05,0.0
24452539.0,4995000000.0,5000000.0,5.0,0.0,0.0487,0.0487,0.0487,0.0487,2.2307,2.2307,0.00021333,2.2307,2.2307,2.2307e-05,0.00021333,2.2307e-05,0.0,0.0,0.0,0.0,4.642e-09,0.0,0.0,0.0,0.001,0.0,0.0,0.0,0.0,0.001,4.642e-09,0.0
24450590.0,4995000000.0,5000000.0,5.0,0.0,0.0487,0.0487,0.0487,0.0487,2.2307,0.60541,0.0020402,0.60541,2.2307,0.00055371,0.0020402,0.00055371,0.0,0.0,0.0,0.0,2.154e-06,0.0,0.0,0.0,1e-07,0.0,0.0,0.0,0.0,1e-07,2.154e-06,0.0
24459192.0,4995000000.0,5000000.0,5.0,0.0,0.0487,0.0487,0.0487,0.0487,21.428,0.11571,0.0,0.11571,21.428,0.0010067,0.0,0.0010067,0.0,0.0,0.0,0.0,2.154e-10,0.0,0.0,0.0,4.642e-09,0.0,0.0,0.0,0.0,4.642e-09,2.154e-10,0.0
24450656.0,4995000000.0,5000000.0,5.0,0.0,0.0487,0.0487,0.0487,0.0487,2.2307,0.60541,0.0020402,0.60541,2.2307,0.005267,0.0020402,0.005267,0.0,0.0,0.0,0.0,0.001,0.0,0.0,0.0,0.001,0.0,0.0,0.0,0.0,0.001,0.001,0.0
24457823.0,4995000000.0,5000000.0,5.0,0.0,0.0487,0.0487,0.0487,0.0487,21.428,0.032142,0.019598,0.032142,21.428,0.00027964,0.019598,0.00027964,0.0,0.0,0.0,0.0,2.154e-10,0.0,0.0,0.0,4.642e-05,0.0,0.0,0.0,0.0,4.642e-05,2.154e-10,0.0
24450414.0,4995000000.0,5000000.0,5.0,0.0,0.0487,0.0487,0.0487,0.0487,2.2307,0.60541,0.0020402,0.60541,2.2307,0.0,0.0020402,0.0,0.0,0.0,0.0,0.0,1e-11,0.0,0.0,0.0,4.642e-09,0.0,0.0,0.0,0.0,4.642e-09,1e-11,0.0
24456854.0,4995000000.0,5000000.0,5.0,0.0,0.0487,0.0487,0.0487,0.0487,21.428,0.032142,0.0,0.032142,21.428,0.0026903,0.0,0.0026903,0.0,0.0,0.0,0.0,1e-07,0.0,0.0,0.0,4.642e-09,0.0,0.0,0.0,0.0,4.642e-09,1e-07,0.0
24451789.0,4995000000.0,5000000.0,5.0,0.0,0.0487,0.0487,0.0487,0.0487,2.2307,2.2307,0.0,2.2307,2.2307,0.0,0.0,0.0,0.0,0.0,0.0,0.0,1e-11,0.0,0.0,0.0,4.642e-05,0.0,0.0,0.0,0.0,4.642e-05,1e-11,0.0
24459746.0,4995000000.0,5000000.0,5.0,0.0,0.0487,0.0487,0.0487,0.0487,21.428,0.11571,0.0020493,0.11571,21.428,1.1571e-06,0.0020493,1.1571e-06,0.0,0.0,0.0,0.0,1e-07,0.0,0.0,0.0,1e-07,0.0,0.0,0.0,0.0,1e-07,1e-07,0.0
24450110.0,4995000000.0,5000000.0,5.0,0.0,0.0487,0.0487,0.0487,0.0487,2.2307,0.60541,0.00021333,0.60541,2.2307,0.0,0.00021333,0.0,0.0,0.0,0.0,0.0,4.642e-05,0.0,0.0,0.0,0.001,0.0,0.0,0.0,0.0,0.001,4.642e-05,0.0
24459206.0,4995000000.0,5000000.0,5.0,0.0,0.0487,0.0487,0.0487,0.0487,21.428,0.11571,0.0,0.11571,21.428,0.0010067,0.0,0.0010067,0.0,0.0,0.0,0.0,1e-07,0.0,0.0,0.0,4.642e-09,0.0,0.0,0.0,0.0,4.642e-09,1e-07,0.0
24453302.0,4995000000.0,5000000.0,5.0,0.0,0.0487,0.0487,0.0487,0.0487,2.2307,2.2307,0.019407,2.2307,2.2307,0.00021333,0.019407,0.00021333,0.0,0.0,0.0,0.0,0.001,0.0,0.0,0.0,0.001,0.0,0.0,0.0,0.0,0.001,0.001,0.0
24453399.0,4995000000.0,5000000.0,5.0,0.0,0.0487,0.0487,0.0487,0.0487,2.2307,2.2307,0.019407,2.2307,2.2307,0.019407,0.019407,0.019407,0.0,0.0,0.0,0.0,0.001,0.0,0.0,0.0,4.642e-05,0.0,0.0,0.0,0.0,4.642e-05,0.001,0.0
24457151.0,4995000000.0,5000000.0,5.0,0.0,0.0487,0.0487,0.0487,0.0487,21.428,0.032142,0.00021428,0.032142,21.428,0.00027964,0.00021428,0.00027964,0.0,0.0,0.0,0.0,1e-07,0.0,0.0,0.0,4.642e-05,0.0,0.0,0.0,0.0,4.642e-05,1e-07,0.0
24457012.0,4995000000.0,5000000.0,5.0,0.0,0.0487,0.0487,0.0487,0.0487,21.428,0.032142,0.00021428,0.032142,21.428,3.2142e-07,0.00021428,3.2142e-07,0.0,0.0,0.0,0.0,2.154e-06,0.0,0.0,0.0,0.001,0.0,0.0,0.0,0.0,0.001,2.154e-06,0.0
24452938.0,4995000000.0,5000000.0,5.0,0.0,0.0487,0.0487,0.0487,0.0487,2.2307,2.2307,0.0020402,2.2307,2.2307,0.00021333,0.0020402,0.00021333,0.0,0.0,0.0,0.0,1e-07,0.0,0.0,0.0,0.001,0.0,0.0,0.0,0.0,0.001,1e-07,0.0
24459675.0,4995000000.0,5000000.0,5.0,0.0,0.0487,0.0487,0.0487,0.0487,21.428,0.11571,0.0020493,0.11571,21.428,0.0,0.0020493,0.0,0.0,0.0,0.0,0.0,1e-11,0.0,0.0,0.0,4.642e-09,0.0,0.0,0.0,0.0,4.642e-09,1e-11,0.0
24459563.0,4995000000.0,5000000.0,5.0,0.0,0.0487,0.0487,0.0487,0.0487,21.428,0.11571,0.00021428,0.11571,21.428,0.0010067,0.00021428,0.0010067,0.0,0.0,0.0,0.0,4.642e-05,0.0,0.0,0.0,4.642e-09,0.0,0.0,0.0,0.0,4.642e-09,4.642e-05,0.0
24459536.0,4995000000.0,5000000.0,5.0,0.0,0.0487,0.0487,0.0487,0.0487,21.428,0.11571,0.00021428,0.11571,21.428,0.0010067,0.00021428,0.0010067,0.0,0.0,0.0,0.0,2.154e-10,0.0,0.0,0.0,1e-07,0.0,0.0,0.0,0.0,1e-07,2.154e-10,0.0
24459278.0,4995000000.0,5000000.0,5.0,0.0,0.0487,0.0487,0.0487,0.0487,21.428,0.11571,0.0,0.11571,21.428,0.009685,0.0,0.009685,0.0,0.0,0.0,0.0,0.001,0.0,0.0,0.0,2.154e-06,0.0,0.0,0.0,0.0,2.154e-06,0.001,0.0
24457607.0,4995000000.0,5000000.0,5.0,0.0,0.0487,0.0487,0.0487,0.0487,21.428,0.032142,0.0020493,0.032142,21.428,0.025714,0.0020493,0.025714,0.0,0.0,0.0,0.0,4.642e-05,0.0,0.0,0.0,0.001,0.0,0.0,0.0,0.0,0.001,4.642e-05,0.0
24459147.0,4995000000.0,5000000.0,5.0,0.0,0.0487,0.0487,0.0487,0.0487,21.428,0.11571,0.0,0.11571,21.428,0.00010583,0.0,0.00010583,0.0,0.0,0.0,0.0,2.154e-10,0.0,0.0,0.0,0.001,0.0,0.0,0.0,0.0,0.001,2.154e-10,0.0
24452951.0,4995000000.0,5000000.0,5.0,0.0,0.0487,0.0487,0.0487,0.0487,2.2307,2.2307,0.0020402,2.2307,2.2307,0.00021333,0.0020402,0.00021333,0.0,0.0,0.0,0.0,4.642e-05,0.0,0.0,0.0,4.642e-05,0.0,0.0,0.0,0.0,4.642e-05,4.642e-05,0.0
24459168.0,4995000000.0,5000000.0,5.0,0.0,0.0487,0.0487,0.0487,0.0487,21.428,0.11571,0.0,0.11571,21.428,0.00010583,0.0,0.00010583,0.0,0.0,0.0,0.0,2.154e-06,0.0,0.0,0.0,0.001,0.0,0.0,0.0,0.0,0.001,2.154e-06,0.0
24452272.0,4995000000.0,5000000.0,5.0,0.0,0.0487,0.0487,0.0487,0.0487,2.2307,2.2307,2.2307e-05,2.2307,2.2307,0.00021333,2.2307e-05,0.00021333,0.0,0.0,0.0,0.0,0.001,0.0,0.0,0.0,4.642e-05,0.0,0.0,0.0,0.0,4.642e-05,0.001,0.0
24457661.0,4995000000.0,5000000.0,5.0,0.0,0.0487,0.0487,0.0487,0.0487,21.428,0.032142,0.019598,0.032142,21.428,0.0,0.019598,0.0,0.0,0.0,0.0,0.0,0.001,0.0,0.0,0.0,2.154e-06,0.0,0.0,0.0,0.0,2.154e-06,0.001,0.0
24457694.0,4995000000.0,5000000.0,5.0,0.0,0.0487,0.0487,0.0487,0.0487,21.428,0.032142,0.019598,0.032142,21.428,3.2142e-07,0.019598,3.2142e-07,0.0,0.0,0.0,0.0,2.154e-06,0.0,0.0,0.0,4.642e-09,0.0,0.0,0.0,0.0,4.642e-09,2.154e-06,0.0
24459784.0,4995000000.0,5000000.0,5.0,0.0,0.0487,0.0487,0.0487,0.0487,21.428,0.11571,0.0020493,0.11571,21.428,1.1066e-05,0.0020493,1.1066e-05,0.0,0.0,0.0,0.0,2.154e-10,0.0,0.0,0.0,0.001,0.0,0.0,0.0,0.0,0.001,2.154e-10,0.0
24452265.0,4995000000.0,5000000.0,5.0,0.0,0.0487,0.0487,0.0487,0.0487,2.2307,2.2307,2.2307e-05,2.2307,2.2307,0.00021333,2.2307e-05,0.00021333,0.0,0.0,0.0,0.0,4.642e-05,0.0,0.0,0.0,4.642e-05,0.0,0.0,0.0,0.0,4.642e-05,4.642e-05,0.0
24452692.0,4995000000.0,5000000.0,5.0,0.0,0.0487,0.0487,0.0487,0.0487,2.2307,2.2307,0.00021333,2.2307,2.2307,0.019407,0.00021333,0.019407,0.0,0.0,0.0,0.0,1e-07,0.0,0.0,0.0,4.642e-05,0.0,0.0,0.0,0.0,4.642e-05,1e-07,0.0
24457850.0,4995000000.0,5000000.0,5.0,0.0,0.0487,0.0487,0.0487,0.0487,21.428,0.032142,0.019598,0.032142,21.428,0.00027964,0.019598,0.00027964,0.0,0.0,0.0,0.0,4.642e-05,0.0,0.0,0.0,2.154e-06,0.0,0.0,0.0,0.0,2.154e-06,4.642e-05,0.0
24452172.0,4995000000.0,5000000.0,5.0,0.0,0.0487,0.0487,0.0487,0.0487,2.2307,2.2307,2.2307e-05,2.2307,2.2307,0.0,2.2307e-05,0.0,0.0,0.0,0.0,0.0,0.001,0.0,0.0,0.0,1e-07,0.0,0.0,0.0,0.0,1e-07,0.001,0.0
24457216.0,4995000000.0,5000000.0,5.0,0.0,0.0487,0.0487,0.0487,0.0487,21.428,0.032142,0.00021428,0.032142,21.428,0.0026903,0.00021428,0.0026903,0.0,0.0,0.0,0.0,0.001,0.0,0.0,0.0,1e-11,0.0,0.0,0.0,0.0,1e-11,0.001,0.0
24459140.0,4995000000.0,5000000.0,5.0,0.0,0.0487,0.0487,0.0487,0.0487,21.428,0.11571,0.0,0.11571,21.428,0.00010583,0.0,0.00010583,0.0,0.0,0.0,0.0,1e-11,0.0,0.0,0.0,0.001,0.0,0.0,0.0,0.0,0.001,1e-11,0.0
24453300.0,4995000000.0,5000000.0,5.0,0.0,0.0487,0.0487,0.0487,0.0487,2.2307,2.2307,0.019407,2.2307,2.2307,0.00021333,0.019407,0.00021333,0.0,0.0,0.0,0.0,0.001,0.0,0.0,0.0,2.154e-06,0.0,0.0,0.0,0.0,2.154e-06,0.001,0.0
24459355.0,4995000000.0,5000000.0,5.0,0.0,0.0487,0.0487,0.0487,0.0487,21.428,0.11571,0.00021428,0.11571,21.428,0.0,0.00021428,0.0,0.0,0.0,0.0,0.0,1e-07,0.0,0.0,0.0,2.154e-06,0.0,0.0,0.0,0.0,2.154e-06,1e-07,0.0
24450520.0,4995000000.0,5000000.0,5.0,0.0,0.0487,0.0487,0.0487,0.0487,2.2307,0.60541,0.0020402,0.60541,2.2307,5.7898e-05,0.0020402,5.7898e-05,0.0,0.0,0.0,0.0,2.154e-10,0.0,0.0,0.0,1e-07,0.0,0.0,0.0,0.0,1e-07,2.154e-10,0.0
24457844.0,4995000000.0,5000000.0,5.0,0.0,0.0487,0.0487,0.0487,0.0487,21.428,0.032142,0.019598,0.032142,21.428,0.00027964,0.019598,0.00027964,0.0,0.0,0.0,0.0,2.154e-06,0.0,0.0,0.0,4.642e-05,0.0,0.0,0.0,0.0,4.642e-05,2.154e-06,0.0
24457863.0,4995000000.0,5000000.0,5.0,0.0,0.0487,0.0487,0.0487,0.0487,21.428,0.032142,0.019598,0.032142,21.428,0.0026903,0.019598,0.0026903,0.0,0.0,0.0,0.0,1e-11,0.0,0.0,0.0,1e-07,0.0,0.0,0.0,0.0,1e-07,1e-11,0.0
24457085.0,4995000000.0,5000000.0,5.0,0.0,0.0487,0.0487,0.0487,0.0487,21.428,0.032142,0.00021428,0.032142,21.428,2.9397e-05,0.00021428,2.9397e-05,0.0,0.0,0.0,0.0,2.154e-10,0.0,0.0,0.0,4.642e-09,0.0,0.0,0.0,0.0,4.642e-09,2.154e-10,0.0
24456951.0,4995000000.0,5000000.0,5.0,0.0,0.0487,0.0487,0.0487,0.0487,21.428,0.032142,0.00021428,0.032142,21.428,0.0,0.00021428,0.0,0.0,0.0,0.0,0.0,1e-07,0.0,0.0,0.0,2.154e-10,0.0,0.0,0.0,0.0,2.154e-10,1e-07,0.0
24459929.0,4995000000.0,5000000.0,5.0,0.0,0.0487,0.0487,0.0487,0.0487,21.428,0.11571,0.0020493,0.11571,21.428,0.009685,0.0020493,0.009685,0.0,0.0,0.0,0.0,2.154e-10,0.0,0.0,0.0,2.154e-06,0.0,0.0,0.0,0.0,2.154e-06,2.154e-10,0.0
24456907.0,4995000000.0,5000000.0,5.0,0.0,0.0487,0.0487,0.0487,0.0487,21.428,0.032142,0.0,0.032142,21.428,0.025714,0.0,0.025714,0.0,0.0,0.0,0.0,1e-07,0.0,0.0,0.0,0.001,0.0,0.0,0.0,0.0,0.001,1e-07,0.0
24459409.0,4995000000.0,5000000.0,5.0,0.0,0.0487,0.0487,0.0487,0.0487,21.428,0.11571,0.00021428,0.11571,21.428,1.1571e-06,0.00021428,1.1571e-06,0.0,0.0,0.0,0.0,2.154e-06,0.0,0.0,0.0,4.642e-09,0.0,0.0,0.0,0.0,4.642e-09,2.154e-06,0.0
24450514.0,4995000000.0,5000000.0,5.0,0.0,0.0487,0.0487,0.0487,0.0487,2.2307,0.60541,0.0020402,0.60541,2.2307,5.7898e-05,0.0020402,5.7898e-05,0.0,0.0,0.0,0.0,1e-11,0.0,0.0,0.0,2.154e-06,0.0,0.0,0.0,0.0,2.154e-06,1e-11,0.0
24459444.0,4995000000.0,5000000.0,5.0,0.0,0.0487,0.0487,0.0487,0.0487,21.428,0.11571,0.00021428,0.11571,21.428,1.1066e-05,0.00021428,1.1066e-05,0.0,0.0,0.0,0.0,4.642e-09,0.0,0.0,0.0,4.642e-09,0.0,0.0,0.0,0.0,4.642e-09,4.642e-09,0.0
24456683.0,4995000000.0,5000000.0,5.0,0.0,0.0487,0.0487,0.0487,0.0487,21.428,0.032142,0.0,0.032142,21.428,3.2142e-07,0.0,3.2142e-07,0.0,0.0,0.0,0.0,0.001,0.0,0.0,0.0,0.001,0.0,0.0,0.0,0.0,0.001,0.001,0.0
24457831.0,4995000000.0,5000000.0,5.0,0.0,0.0487,0.0487,0.0487,0.0487,21.428,0.032142,0.019598,0.032142,21.428,0.00027964,0.019598,0.00027964,0.0,0.0,0.0,0.0,4.642e-09,0.0,0.0,0.0,0.001,0.0,0.0,0.0,0.0,0.001,4.642e-09,0.0
24457327.0,4995000000.0,5000000.0,5.0,0.0,0.0487,0.0487,0.0487,0.0487,21.428,0.032142,0.0020493,0.032142,21.428,3.2142e-07,0.0020493,3.2142e-07,0.0,0.0,0.0,0.0,1e-11,0.0,0.0,0.0,0.001,0.0,0.0,0.0,0.0,0.001,1e-11,0.0
24450463.0,4995000000.0,5000000.0,5.0,0.0,0.0487,0.0487,0.0487,0.0487,2.2307,0.60541,0.0020402,0.60541,2.2307,6.0541e-06,0.0020402,6.0541e-06,0.0,0.0,0.0,0.0,1e-11,0.0,0.0,0.0,4.642e-09,0.0,0.0,0.0,0.0,4.642e-09,1e-11,0.0
24456987.0,4995000000.0,5000000.0,5.0,0.0,0.0487,0.0487,0.0487,0.0487,21.428,0.032142,0.00021428,0.032142,21.428,3.2142e-07,0.00021428,3.2142e-07,0.0,0.0,0.0,0.0,2.154e-10,0.0,0.0,0.0,4.642e-09,0.0,0.0,0.0,0.0,4.642e-09,2.154e-10,0.0
24452308.0,4995000000.0,5000000.0,5.0,0.0,0.0487,0.0487,0.0487,0.0487,2.2307,2.2307,2.2307e-05,2.2307,2.2307,0.0020402,2.2307e-05,0.0020402,0.0,0.0,0.0,0.0,2.154e-06,0.0,0.0,0.0,0.001,0.0,0.0,0.0,0.0,0.001,2.154e-06,0.0
24457675.0,4995000000.0,5000000.0,5.0,0.0,0.0487,0.0487,0.0487,0.0487,21.428,0.032142,0.019598,0.032142,21.428,3.2142e-07,0.019598,3.2142e-07,0.0,0.0,0.0,0.0,2.154e-10,0.0,0.0,0.0,2.154e-06,0.0,0.0,0.0,0.0,2.154e-06,2.154e-10,0.0
24452858.0,4995000000.0,5000000.0,5.0,0.0,0.0487,0.0487,0.0487,0.0487,2.2307,2.2307,0.0020402,2.2307,2.2307,0.0,0.0020402,0.0,0.0,0.0,0.0,0.0,0.001,0.0,0.0,0.0,1e-07,0.0,0.0,0.0,0.0,1e-07,0.001,0.0
24456640.0,4995000000.0,5000000.0,5.0,0.0,0.0487,0.0487,0.0487,0.0487,21.428,0.032142,0.0,0.032142,21.428,3.2142e-07,0.0,3.2142e-07,0.0,0.0,0.0,0.0,1e-11,0.0,0.0,0.0,4.642e-05,0.0,0.0,0.0,0.0,4.642e-05,1e-11,0.0
24459718.0,4995000000.0,5000000.0,5.0,0.0,0.0487,0.0487,0.0487,0.0487,21.428,0.11571,0.0020493,0.11571,21.428,0.0,0.0020493,0.0,0.0,0.0,0.0,0.0,0.001,0.0,0.0,0.0,1e-07,0.0,0.0,0.0,0.0,1e-07,0.001,0.0
24451878.0,4995000000.0,5000000.0,5.0,0.0,0.0487,0.0487,0.0487,0.0487,2.2307,2.2307,0.0,2.2307,2.2307,2.2307e-05,0.0,2.2307e-05,0.0,0.0,0.0,0.0,0.001,0.0,0.0,0.0,1e-07,0.0,0.0,0.0,0.0,1e-07,0.001,0.0
24457550.0,4995000000.0,5000000.0,5.0,0.0,0.0487,0.0487,0.0487,0.0487,21.428,0.032142,0.0020493,0.032142,21.428,0.0026903,0.0020493,0.0026903,0.0,0.0,0.0,0.0,2.154e-06,0.0,0.0,0.0,4.642e-05,0.0,0.0,0.0,0.0,4.642e-05,2.154e-06,0.0
24459517.0,4995000000.0,5000000.0,5.0,0.0,0.0487,0.0487,0.0487,0.0487,21.428,0.11571,0.00021428,0.11571,21.428,0.00010583,0.00021428,0.00010583,0.0,0.0,0.0,0.0,4.642e-05,0.0,0.0,0.0,4.642e-05,0.0,0.0,0.0,0.0,4.642e-05,4.642e-05,0.0
24457555.0,4995000000.0,5000000.0,5.0,0.0,0.0487,0.0487,0.0487,0.0487,21.428,0.032142,0.0020493,0.032142,21.428,0.0026903,0.0020493,0.0026903,0.0,0.0,0.0,0.0,4.642e-05,0.0,0.0,0.0,1e-07,0.0,0.0,0.0,0.0,1e-07,4.642e-05,0.0
24452524.0,4995000000.0,5000000.0,5.0,0.0,0.0487,0.0487,0.0487,0.0487,2.2307,2.2307,0.00021333,2.2307,2.2307,2.2307e-05,0.00021333,2.2307e-05,0.0,0.0,0.0,0.0,1e-11,0.0,0.0,0.0,4.642e-05,0.0,0.0,0.0,0.0,4.642e-05,1e-11,0.0
24452497.0,4995000000.0,5000000.0,5.0,0.0,0.0487,0.0487,0.0487,0.0487,2.2307,2.2307,0.00021333,2.2307,2.2307,0.0,0.00021333,0.0,0.0,0.0,0.0,0.0,1e-07,0.0,0.0,0.0,0.001,0.0,0.0,0.0,0.0,0.001,1e-07,0.0
24457124.0,4995000000.0,5000000.0,5.0,0.0,0.0487,0.0487,0.0487,0.0487,21.428,0.032142,0.00021428,0.032142,21.428,2.9397e-05,0.00021428,2.9397e-05,0.0,0.0,0.0,0.0,0.001,0.0,0.0,0.0,0.001,0.0,0.0,0.0,0.0,0.001,0.001,0.0
24457156.0,4995000000.0,5000000.0,5.0,0.0,0.0487,0.0487,0.0487,0.0487,21.428,0.032142,0.00021428,0.032142,21.428,0.00027964,0.00021428,0.00027964,0.0,0.0,0.0,0.0,2.154e-06,0.0,0.0,0.0,1e-07,0.0,0.0,0.0,0.0,1e-07,2.154e-06,0.0
24451823.0,4995000000.0,5000000.0,5.0,0.0,0.0487,0.0487,0.0487,0.0487,2.2307,2.2307,0.0,2.2307,2.2307,0.0,0.0,0.0,0.0,0.0,0.0,0.0,4.642e-05,0.0,0.0,0.0,2.154e-06,0.0,0.0,0.0,0.0,2.154e-06,4.642e-05,0.0
24457246.0,4995000000.0,5000000.0,5.0,0.0,0.0487,0.0487,0.0487,0.0487,21.428,0.032142,0.00021428,0.032142,21.428,0.025714,0.00021428,0.025714,0.0,0.0,0.0,0.0,1e-07,0.0,0.0,0.0,4.642e-09,0.0,0.0,0.0,0.0,4.642e-09,1e-07,0.0
24456717.0,4995000000.0,5000000.0,5.0,0.0,0.0487,0.0487,0.0487,0.0487,21.428,0.032142,0.0,0.032142,21.428,3.0739e-06,0.0,3.0739e-06,0.0,0.0,0.0,0.0,2.154e-06,0.0,0.0,0.0,4.642e-05,0.0,0.0,0.0,0.0,4.642e-05,2.154e-06,0.0
24457677.0,4995000000.0,5000000.0,5.0,0.0,0.0487,0.0487,0.0487,0.0487,21.428,0.032142,0.019598,0.032142,21.428,3.2142e-07,0.019598,3.2142e-07,0.0,0.0,0.0,0.0,2.154e-10,0.0,0.0,0.0,0.001,0.0,0.0,0.0,0.0,0.001,2.154e-10,0.0
24456867.0,4995000000.0,5000000.0,5.0,0.0,0.0487,0.0487,0.0487,0.0487,21.428,0.032142,0.0,0.032142,21.428,0.0026903,0.0,0.0026903,0.0,0.0,0.0,0.0,4.642e-05,0.0,0.0,0.0,2.154e-10,0.0,0.0,0.0,0.0,2.154e-10,4.642e-05,0.0
24450507.0,4995000000.0,5000000.0,5.0,0.0,0.0487,0.0487,0.0487,0.0487,2.2307,0.60541,0.0020402,0.60541,2.2307,6.0541e-06,0.0020402,6.0541e-06,0.0,0.0,0.0,0.0,0.001,0.0,0.0,0.0,2.154e-06,0.0,0.0,0.0,0.0,2.154e-06,0.001,0.0
24459173.0,4995000000.0,5000000.0,5.0,0.0,0.0487,0.0487,0.0487,0.0487,21.428,0.11571,0.0,0.11571,21.428,0.00010583,0.0,0.00010583,0.0,0.0,0.0,0.0,4.642e-05,0.0,0.0,0.0,2.154e-06,0.0,0.0,0.0,0.0,2.154e-06,4.642e-05,0.0
24457581.0,4995000000.0,5000000.0,5.0,0.0,0.0487,0.0487,0.0487,0.0487,21.428,0.032142,0.0020493,0.032142,21.428,0.025714,0.0020493,0.025714,0.0,0.0,0.0,0.0,4.642e-09,0.0,0.0,0.0,2.154e-10,0.0,0.0,0.0,0.0,2.154e-10,4.642e-09,0.0
24456633.0,4995000000.0,5000000.0,5.0,0.0,0.0487,0.0487,0.0487,0.0487,21.428,0.032142,0.0,0.032142,21.428,0.0,0.0,0.0,0.0,0.0,0.0,0.0,0.001,0.0,0.0,0.0,4.642e-05,0.0,0.0,0.0,0.0,4.642e-05,0.001,0.0
24457410.0,4995000000.0,5000000.0,5.0,0.0,0.0487,0.0487,0.0487,0.0487,21.428,0.032142,0.0020493,0.032142,21.428,3.0739e-06,0.0020493,3.0739e-06,0.0,0.0,0.0,0.0,4.642e-05,0.0,0.0,0.0,4.642e-05,0.0,0.0,0.0,0.0,4.642e-05,4.642e-05,0.0
24450803.0,4995000000.0,5000000.0,5.0,0.0,0.0487,0.0487,0.0487,0.0487,2.2307,0.60541,0.019407,0.60541,2.2307,0.0,0.019407,0.0,0.0,0.0,0.0,0.0,0.001,0.0,0.0,0.0,0.001,0.0,0.0,0.0,0.0,0.001,0.001,0.0
24456785.0,4995000000.0,5000000.0,5.0,0.0,0.0487,0.0487,0.0487,0.0487,21.428,0.032142,0.0,0.032142,21.428,0.00027964,0.0,0.00027964,0.0,0.0,0.0,0.0,1e-11,0.0,0.0,0.0,1e-07,0.0,0.0,0.0,0.0,1e-07,1e-11,0.0
24456929.0,4995000000.0,5000000.0,5.0,0.0,0.0487,0.0487,0.0487,0.0487,21.428,0.032142,0.00021428,0.032142,21.428,0.0,0.00021428,0.0,0.0,0.0,0.0,0.0,1e-11,0.0,0.0,0.0,1e-11,0.0,0.0,0.0,0.0,1e-11,1e-11,0.0
24457021.0,4995000000.0,5000000.0,5.0,0.0,0.0487,0.0487,0.0487,0.0487,21.428,0.032142,0.00021428,0.032142,21.428,3.2142e-07,0.00021428,3.2142e-07,0.0,0.0,0.0,0.0,0.001,0.0,0.0,0.0,2.154e-10,0.0,0.0,0.0,0.0,2.154e-10,0.001,0.0
24456829.0,4995000000.0,5000000.0,5.0,0.0,0.0487,0.0487,0.0487,0.0487,21.428,0.032142,0.0,0.032142,21.428,0.00027964,0.0,0.00027964,0.0,0.0,0.0,0.0,0.001,0.0,0.0,0.0,4.642e-05,0.0,0.0,0.0,0.0,4.642e-05,0.001,0.0
24457896.0,4995000000.0,5000000.0,5.0,0.0,0.0487,0.0487,0.0487,0.0487,21.428,0.032142,0.019598,0.032142,21.428,0.0026903,0.019598,0.0026903,0.0,0.0,0.0,0.0,4.642e-05,0.0,0.0,0.0,2.154e-10,0.0,0.0,0.0,0.0,2.154e-10,4.642e-05,0.0
24450464.0,4995000000.0,5000000.0,5.0,0.0,0.0487,0.0487,0.0487,0.0487,2.2307,0.60541,0.0020402,0.60541,2.2307,6.0541e-06,0.0020402,6.0541e-06,0.0,0.0,0.0,0.0,1e-11,0.0,0.0,0.0,1e-07,0.0,0.0,0.0,0.0,1e-07,1e-11,0.0
24450522.0,4995000000.0,5000000.0,5.0,0.0,0.0487,0.0487,0.0487,0.0487,2.2307,0.60541,0.0020402,0.60541,2.2307,5.7898e-05,0.0020402,5.7898e-05,0.0,0.0,0.0,0.0,2.154e-10,0.0,0.0,0.0,4.642e-05,0.0,0.0,0.0,0.0,4.642e-05,2.154e-10,0.0
24457040.0,4995000000.0,5000000.0,5.0,0.0,0.0487,0.0487,0.0487,0.0487,21.428,0.032142,0.00021428,0.032142,21.428,3.0739e-06,0.00021428,3.0739e-06,0.0,0.0,0.0,0.0,2.154e-10,0.0,0.0,0.0,0.001,0.0,0.0,0.0,0.0,0.001,2.154e-10,0.0
24459362.0,4995000000.0,5000000.0,5.0,0.0,0.0487,0.0487,0.0487,0.0487,21.428,0.11571,0.00021428,0.11571,21.428,0.0,0.00021428,0.0,0.0,0.0,0.0,0.0,2.154e-06,0.0,0.0,0.0,2.154e-06,0.0,0.0,0.0,0.0,2.154e-06,2.154e-06,0.0
24453244.0,4995000000.0,5000000.0,5.0,0.0,0.0487,0.0487,0.0487,0.0487,2.2307,2.2307,0.019407,2.2307,2.2307,2.2307e-05,0.019407,2.2307e-05,0.0,0.0,0.0,0.0,4.642e-05,0.0,0.0,0.0,2.154e-06,0.0,0.0,0.0,0.0,2.154e-06,4.642e-05,0.0
24450654.0,4995000000.0,5000000.0,5.0,0.0,0.0487,0.0487,0.0487,0.0487,2.2307,0.60541,0.0020402,0.60541,2.2307,0.005267,0.0020402,0.005267,0.0,0.0,0.0,0.0,0.001,0.0,0.0,0.0,2.154e-06,0.0,0.0,0.0,0.0,2.154e-06,0.001,0.0
24459936.0,4995000000.0,5000000.0,5.0,0.0,0.0487,0.0487,0.0487,0.0487,21.428,0.11571,0.0020493,0.11571,21.428,0.009685,0.0020493,0.009685,0.0,0.0,0.0,0.0,4.642e-09,0.0,0.0,0.0,2.154e-06,0.0,0.0,0.0,0.0,2.154e-06,4.642e-09,0.0
24452181.0,4995000000.0,5000000.0,5.0,0.0,0.0487,0.0487,0.0487,0.0487,2.2307,2.2307,2.2307e-05,2.2307,2.2307,2.2307e-05,2.2307e-05,2.2307e-05,0.0,0.0,0.0,0.0,1e-11,0.0,0.0,0.0,4.642e-05,0.0,0.0,0.0,0.0,4.642e-05,1e-11,0.0
24456607.0,4995000000.0,5000000.0,5.0,0.0,0.0487,0.0487,0.0487,0.0487,21.428,0.032142,0.0,0.032142,21.428,0.0,0.0,0.0,0.0,0.0,0.0,0.0,1e-07,0.0,0.0,0.0,1e-11,0.0,0.0,0.0,0.0,1e-11,1e-07,0.0
24459389.0,4995000000.0,5000000.0,5.0,0.0,0.0487,0.0487,0.0487,0.0487,21.428,0.11571,0.00021428,0.11571,21.428,1.1571e-06,0.00021428,1.1571e-06,0.0,0.0,0.0,0.0,2.154e-10,0.0,0.0,0.0,1e-07,0.0,0.0,0.0,0.0,1e-07,2.154e-10,0.0
24456851.0,4995000000.0,5000000.0,5.0,0.0,0.0487,0.0487,0.0487,0.0487,21.428,0.032142,0.0,0.032142,21.428,0.0026903,0.0,0.0026903,0.0,0.0,0.0,0.0,4.642e-09,0.0,0.0,0.0,0.001,0.0,0.0,0.0,0.0,0.001,4.642e-09,0.0
24452861.0,4995000000.0,5000000.0,5.0,0.0,0.0487,0.0487,0.0487,0.0487,2.2307,2.2307,0.0020402,2.2307,2.2307,0.0,0.0020402,0.0,0.0,0.0,0.0,0.0,0.001,0.0,0.0,0.0,0.001,0.0,0.0,0.0,0.0,0.001,0.001,0.0
24457871.0,4995000000.0,5000000.0,5.0,0.0,0.0487,0.0487,0.0487,0.0487,21.428,0.032142,0.019598,0.032142,21.428,0.0026903,0.019598,0.0026903,0.0,0.0,0.0,0.0,2.154e-10,0.0,0.0,0.0,2.154e-06,0.0,0.0,0.0,0.0,2.154e-06,2.154e-10,0.0
24459357.0,4995000000.0,5000000.0,5.0,0.0,0.0487,0.0487,0.0487,0.0487,21.428,0.11571,0.00021428,0.11571,21.428,0.0,0.00021428,0.0,0.0,0.0,0.0,0.0,1e-07,0.0,0.0,0.0,0.001,0.0,0.0,0.0,0.0,0.001,1e-07,0.0
24453176.0,4995000000.0,5000000.0,5.0,0.0,0.0487,0.0487,0.0487,0.0487,2.2307,2.2307,0.019407,2.2307,2.2307,0.0,0.019407,0.0,0.0,0.0,0.0,0.0,4.642e-09,0.0,0.0,0.0,0.001,0.0,0.0,0.0,0.0,0.001,4.642e-09,0.0
24452224.0,4995000000.0,5000000.0,5.0,0.0,0.0487,0.0487,0.0487,0.0487,2.2307,2.2307,2.2307e-05,2.2307,2.2307,2.2307e-05,2.2307e-05,2.2307e-05,0.0,0.0,0.0,0.0,0.001,0.0,0.0,0.0,0.001,0.0,0.0,0.0,0.0,0.001,0.001,0.0
24450430.0,4995000000.0,5000000.0,5.0,0.0,0.0487,0.0487,0.0487,0.0487,2.2307,0.60541,0.0020402,0.60541,2.2307,0.0,0.0020402,0.0,0.0,0.0,0.0,0.0,4.642e-09,0.0,0.0,0.0,2.154e-06,0.0,0.0,0.0,0.0,2.154e-06,4.642e-09,0.0
24457015.0,4995000000.0,5000000.0,5.0,0.0,0.0487,0.0487,0.0487,0.0487,21.428,0.032142,0.00021428,0.032142,21.428,3.2142e-07,0.00021428,3.2142e-07,0.0,0.0,0.0,0.0,4.642e-05,0.0,0.0,0.0,4.642e-09,0.0,0.0,0.0,0.0,4.642e-09,4.642e-05,0.0
24456833.0,4995000000.0,5000000.0,5.0,0.0,0.0487,0.0487,0.0487,0.0487,21.428,0.032142,0.0,0.032142,21.428,0.0026903,0.0,0.0026903,0.0,0.0,0.0,0.0,1e-11,0.0,0.0,0.0,4.642e-09,0.0,0.0,0.0,0.0,4.642e-09,1e-11,0.0
24456715.0,4995000000.0,5000000.0,5.0,0.0,0.0487,0.0487,0.0487,0.0487,21.428,0.032142,0.0,0.032142,21.428,3.0739e-06,0.0,3.0739e-06,0.0,0.0,0.0,0.0,2.154e-06,0.0,0.0,0.0,1e-07,0.0,0.0,0.0,0.0,1e-07,2.154e-06,0.0
24459075.0,4995000000.0,5000000.0,5.0,0.0,0.0487,0.0487,0.0487,0.0487,21.428,0.11571,0.0,0.11571,21.428,1.1571e-06,0.0,1.1571e-06,0.0,0.0,0.0,0.0,4.642e-05,0.0,0.0,0.0,2.154e-06,0.0,0.0,0.0,0.0,2.154e-06,4.642e-05,0.0
24457415.0,4995000000.0,5000000.0,5.0,0.0,0.0487,0.0487,0.0487,0.0487,21.428,0.032142,0.0020493,0.032142,21.428,3.0739e-06,0.0020493,3.0739e-06,0.0,0.0,0.0,0.0,0.001,0.0,0.0,0.0,1e-07,0.0,0.0,0.0,0.0,1e-07,0.001,0.0
24456901.0,4995000000.0,5000000.0,5.0,0.0,0.0487,0.0487,0.0487,0.0487,21.428,0.032142,0.0,0.032142,21.428,0.025714,0.0,0.025714,0.0,0.0,0.0,0.0,1e-07,0.0,0.0,0.0,1e-11,0.0,0.0,0.0,0.0,1e-11,1e-07,0.0
24457406.0,4995000000.0,5000000.0,5.0,0.0,0.0487,0.0487,0.0487,0.0487,21.428,0.032142,0.0020493,0.032142,21.428,3.0739e-06,0.0020493,3.0739e-06,0.0,0.0,0.0,0.0,4.642e-05,0.0,0.0,0.0,2.154e-10,0.0,0.0,0.0,0.0,2.154e-10,4.642e-05,0.0
24456768.0,4995000000.0,5000000.0,5.0,0.0,0.0487,0.0487,0.0487,0.0487,21.428,0.032142,0.0,0.032142,21.428,2.9397e-05,0.0,2.9397e-05,0.0,0.0,0.0,0.0,4.642e-05,0.0,0.0,0.0,1e-11,0.0,0.0,0.0,0.0,1e-11,4.642e-05,0.0
24453365.0,4995000000.0,5000000.0,5.0,0.0,0.0487,0.0487,0.0487,0.0487,2.2307,2.2307,0.019407,2.2307,2.2307,0.019407,0.019407,0.019407,0.0,0.0,0.0,0.0,2.154e-10,0.0,0.0,0.0,0.001,0.0,0.0,0.0,0.0,0.001,2.154e-10,0.0
24457159.0,4995000000.0,5000000.0,5.0,0.0,0.0487,0.0487,0.0487,0.0487,21.428,0.032142,0.00021428,0.032142,21.428,0.00027964,0.00021428,0.00027964,0.0,0.0,0.0,0.0,2.154e-06,0.0,0.0,0.0,0.001,0.0,0.0,0.0,0.0,0.001,2.154e-06,0.0
24457190.0,4995000000.0,5000000.0,5.0,0.0,0.0487,0.0487,0.0487,0.0487,21.428,0.032142,0.00021428,0.032142,21.428,0.0026903,0.00021428,0.0026903,0.0,0.0,0.0,0.0,4.642e-09,0.0,0.0,0.0,4.642e-09,0.0,0.0,0.0,0.0,4.642e-09,4.642e-09,0.0
24457396.0,4995000000.0,5000000.0,5.0,0.0,0.0487,0.0487,0.0487,0.0487,21.428,0.032142,0.0020493,0.032142,21.428,3.0739e-06,0.0020493,3.0739e-06,0.0,0.0,0.0,0.0,1e-07,0.0,0.0,0.0,4.642e-05,0.0,0.0,0.0,0.0,4.642e-05,1e-07,0.0
24450794.0,4995000000.0,5000000.0,5.0,0.0,0.0487,0.0487,0.0487,0.0487,2.2307,0.60541,0.019407,0.60541,2.2307,0.0,0.019407,0.0,0.0,0.0,0.0,0.0,4.642e-05,0.0,0.0,0.0,2.154e-06,0.0,0.0,0.0,0.0,2.154e-06,4.642e-05,0.0
24457291.0,4995000000.0,5000000.0,5.0,0.0,0.0487,0.0487,0.0487,0.0487,21.428,0.032142,0.0020493,0.032142,21.428,0.0,0.0020493,0.0,0.0,0.0,0.0,0.0,4.642e-09,0.0,0.0,0.0,4.642e-05,0.0,0.0,0.0,0.0,4.642e-05,4.642e-09,0.0
24457185.0,4995000000.0,5000000.0,5.0,0.0,0.0487,0.0487,0.0487,0.0487,21.428,0.032142,0.00021428,0.032142,21.428,0.0026903,0.00021428,0.0026903,0.0,0.0,0.0,0.0,2.154e-10,0.0,0.0,0.0,2.154e-06,0.0,0.0,0.0,0.0,2.154e-06,2.154e-10,0.0
24457071.0,4995000000.0,5000000.0,5.0,0.0,0.0487,0.0487,0.0487,0.0487,21.428,0.032142,0.00021428,0.032142,21.428,3.0739e-06,0.00021428,3.0739e-06,0.0,0.0,0.0,0.0,0.001,0.0,0.0,0.0,4.642e-09,0.0,0.0,0.0,0.0,4.642e-09,0.001,0.0
24456954.0,4995000000.0,5000000.0,5.0,0.0,0.0487,0.0487,0.0487,0.0487,21.428,0.032142,0.00021428,0.032142,21.428,0.0,0.00021428,0.0,0.0,0.0,0.0,0.0,1e-07,0.0,0.0,0.0,2.154e-06,0.0,0.0,0.0,0.0,2.154e-06,1e-07,0.0
24457664.0,4995000000.0,5000000.0,5.0,0.0,0.0487,0.0487,0.0487,0.0487,21.428,0.032142,0.019598,0.032142,21.428,3.2142e-07,0.019598,3.2142e-07,0.0,0.0,0.0,0.0,1e-11,0.0,0.0,0.0,1e-11,0.0,0.0,0.0,0.0,1e-11,1e-11,0.0
24456967.0,4995000000.0,5000000.0,5.0,0.0,0.0487,0.0487,0.0487,0.0487,21.428,0.032142,0.00021428,0.032142,21.428,0.0,0.00021428,0.0,0.0,0.0,0.0,0.0,4.642e-05,0.0,0.0,0.0,1e-07,0.0,0.0,0.0,0.0,1e-07,4.642e-05,0.0
24459801.0,4995000000.0,5000000.0,5.0,0.0,0.0487,0.0487,0.0487,0.0487,21.428,0.11571,0.0020493,0.11571,21.428,1.1066e-05,0.0020493,1.1066e-05,0.0,0.0,0.0,0.0,2.154e-06,0.0,0.0,0.0,4.642e-09,0.0,0.0,0.0,0.0,4.642e-09,2.154e-06,0.0
24452665.0,4995000000.0,5000000.0,5.0,0.0,0.0487,0.0487,0.0487,0.0487,2.2307,2.2307,0.00021333,2.2307,2.2307,0.0020402,0.00021333,0.0020402,0.0,0.0,0.0,0.0,0.001,0.0,0.0,0.0,0.001,0.0,0.0,0.0,0.0,0.001,0.001,0.0
24457362.0,4995000000.0,5000000.0,5.0,0.0,0.0487,0.0487,0.0487,0.0487,21.428,0.032142,0.0020493,0.032142,21.428,3.2142e-07,0.0020493,3.2142e-07,0.0,0.0,0.0,0.0,4.642e-05,0.0,0.0,0.0,0.001,0.0,0.0,0.0,0.0,0.001,4.642e-05,0.0
24457569.0,4995000000.0,5000000.0,5.0,0.0,0.0487,0.0487,0.0487,0.0487,21.428,0.032142,0.0020493,0.032142,21.428,0.025714,0.0020493,0.025714,0.0,0.0,0.0,0.0,1e-11,0.0,0.0,0.0,1e-07,0.0,0.0,0.0,0.0,1e-07,1e-11,0.0
24452859.0,4995000000.0,5000000.0,5.0,0.0,0.0487,0.0487,0.0487,0.0487,2.2307,2.2307,0.0020402,2.2307,2.2307,0.0,0.0020402,0.0,0.0,0.0,0.0,0.0,0.001,0.0,0.0,0.0,2.154e-06,0.0,0.0,0.0,0.0,2.154e-06,0.001,0.0
24459041.0,4995000000.0,5000000.0,5.0,0.0,0.0487,0.0487,0.0487,0.0487,21.428,0.11571,0.0,0.11571,21.428,1.1571e-06,0.0,1.1571e-06,0.0,0.0,0.0,0.0,1e-11,0.0,0.0,0.0,4.642e-05,0.0,0.0,0.0,0.0,4.642e-05,1e-11,0.0
24459227.0,4995000000.0,5000000.0,5.0,0.0,0.0487,0.0487,0.0487,0.0487,21.428,0.11571,0.0,0.11571,21.428,0.0010067,0.0,0.0010067,0.0,0.0,0.0,0.0,0.001,0.0,0.0,0.0,4.642e-09,0.0,0.0,0.0,0.0,4.642e-09,0.001,0.0
24457099.0,4995000000.0,5000000.0,5.0,0.0,0.0487,0.0487,0.0487,0.0487,21.428,0.032142,0.00021428,0.032142,21.428,2.9397e-05,0.00021428,2.9397e-05,0.0,0.0,0.0,0.0,1e-07,0.0,0.0,0.0,4.642e-09,0.0,0.0,0.0,0.0,4.642e-09,1e-07,0.0
24457913.0,4995000000.0,5000000.0,5.0,0.0,0.0487,0.0487,0.0487,0.0487,21.428,0.032142,0.019598,0.032142,21.428,0.025714,0.019598,0.025714,0.0,0.0,0.0,0.0,1e-11,0.0,0.0,0.0,2.154e-06,0.0,0.0,0.0,0.0,2.154e-06,1e-11,0.0
24450270.0,4995000000.0,5000000.0,5.0,0.0,0.0487,0.0487,0.0487,0.0487,2.2307,0.60541,0.00021333,0.60541,2.2307,0.005267,0.00021333,0.005267,0.0,0.0,0.0,0.0,1e-11,0.0,0.0,0.0,4.642e-05,0.0,0.0,0.0,0.0,4.642e-05,1e-11,0.0
24456824.0,4995000000.0,5000000.0,5.0,0.0,0.0487,0.0487,0.0487,0.0487,21.428,0.032142,0.0,0.032142,21.428,0.00027964,0.0,0.00027964,0.0,0.0,0.0,0.0,0.001,0.0,0.0,0.0,1e-11,0.0,0.0,0.0,0.0,1e-11,0.001,0.0
24457379.0,4995000000.0,5000000.0,5.0,0.0,0.0487,0.0487,0.0487,0.0487,21.428,0.032142,0.0020493,0.032142,21.428,3.0739e-06,0.0020493,3.0739e-06,0.0,0.0,0.0,0.0,2.154e-10,0.0,0.0,0.0,4.642e-09,0.0,0.0,0.0,0.0,4.642e-09,2.154e-10,0.0
24456865.0,4995000000.0,5000000.0,5.0,0.0,0.0487,0.0487,0.0487,0.0487,21.428,0.032142,0.0,0.032142,21.428,0.0026903,0.0,0.0026903,0.0,0.0,0.0,0.0,2.154e-06,0.0,0.0,0.0,0.001,0.0,0.0,0.0,0.0,0.001,2.154e-06,0.0
24457549.0,4995000000.0,5000000.0,5.0,0.0,0.0487,0.0487,0.0487,0.0487,21.428,0.032142,0.0020493,0.032142,21.428,0.0026903,0.0020493,0.0026903,0.0,0.0,0.0,0.0,2.154e-06,0.0,0.0,0.0,2.154e-06,0.0,0.0,0.0,0.0,2.154e-06,2.154e-06,0.0
24452615.0,4995000000.0,5000000.0,5.0,0.0,0.0487,0.0487,0.0487,0.0487,2.2307,2.2307,0.00021333,2.2307,2.2307,0.00021333,0.00021333,0.00021333,0.0,0.0,0.0,0.0,0.001,0.0,0.0,0.0,4.642e-05,0.0,0.0,0.0,0.0,4.642e-05,0.001,0.0
24450241.0,4995000000.0,5000000.0,5.0,0.0,0.0487,0.0487,0.0487,0.0487,2.2307,0.60541,0.00021333,0.60541,2.2307,0.00055371,0.00021333,0.00055371,0.0,0.0,0.0,0.0,1e-07,0.0,0.0,0.0,2.154e-06,0.0,0.0,0.0,0.0,2.154e-06,1e-07,0.0
24457340.0,4995000000.0,5000000.0,5.0,0.0,0.0487,0.0487,0.0487,0.0487,21.428,0.032142,0.0020493,0.032142,21.428,3.2142e-07,0.0020493,3.2142e-07,0.0,0.0,0.0,0.0,4.642e-09,0.0,0.0,0.0,4.642e-05,0.0,0.0,0.0,0.0,4.642e-05,4.642e-09,0.0
24459179.0,4995000000.0,5000000.0,5.0,0.0,0.0487,0.0487,0.0487,0.0487,21.428,0.11571,0.0,0.11571,21.428,0.00010583,0.0,0.00010583,0.0,0.0,0.0,0.0,0.001,0.0,0.0,0.0,1e-07,0.0,0.0,0.0,0.0,1e-07,0.001,0.0
24457228.0,4995000000.0,5000000.0,5.0,0.0,0.0487,0.0487,0.0487,0.0487,21.428,0.032142,0.00021428,0.032142,21.428,0.025714,0.00021428,0.025714,0.0,0.0,0.0,0.0,1e-11,0.0,0.0,0.0,4.642e-05,0.0,0.0,0.0,0.0,4.642e-05,1e-11,0.0
24456822.0,4995000000.0,5000000.0,5.0,0.0,0.0487,0.0487,0.0487,0.0487,21.428,0.032142,0.0,0.032142,21.428,0.00027964,0.0,0.00027964,0.0,0.0,0.0,0.0,4.642e-05,0.0,0.0,0.0,4.642e-05,0.0,0.0,0.0,0.0,4.642e-05,4.642e-05,0.0
24459494.0,4995000000.0,5000000.0,5.0,0.0,0.0487,0.0487,0.0487,0.0487,21.428,0.11571,0.00021428,0.11571,21.428,0.00010583,0.00021428,0.00010583,0.0,0.0,0.0,0.0,4.642e-09,0.0,0.0,0.0,1e-07,0.0,0.0,0.0,0.0,1e-07,4.642e-09,0.0
24450477.0,4995000000.0,5000000.0,5.0,0.0,0.0487,0.0487,0.0487,0.0487,2.2307,0.60541,0.0020402,0.60541,2.2307,6.0541e-06,0.0020402,6.0541e-06,0.0,0.0,0.0,0.0,4.642e-09,0.0,0.0,0.0,4.642e-09,0.0,0.0,0.0,0.0,4.642e-09,4.642e-09,0.0
24450170.0,4995000000.0,5000000.0,5.0,0.0,0.0487,0.0487,0.0487,0.0487,2.2307,0.60541,0.00021333,0.60541,2.2307,5.7898e-05,0.00021333,5.7898e-05,0.0,0.0,0.0,0.0,1e-11,0.0,0.0,0.0,1e-07,0.0,0.0,0.0,0.0,1e-07,1e-11,0.0
24457094.0,4995000000.0,5000000.0,5.0,0.0,0.0487,0.0487,0.0487,0.0487,21.428,0.032142,0.00021428,0.032142,21.428,2.9397e-05,0.00021428,2.9397e-05,0.0,0.0,0.0,0.0,4.642e-09,0.0,0.0,0.0,2.154e-06,0.0,0.0,0.0,0.0,2.154e-06,4.642e-09,0.0
24451817.0,4995000000.0,5000000.0,5.0,0.0,0.0487,0.0487,0.0487,0.0487,2.2307,2.2307,0.0,2.2307,2.2307,0.0,0.0,0.0,0.0,0.0,0.0,0.0,2.154e-06,0.0,0.0,0.0,4.642e-05,0.0,0.0,0.0,0.0,4.642e-05,2.154e-06,0.0
24457079.0,4995000000.0,5000000.0,5.0,0.0,0.0487,0.0487,0.0487,0.0487,21.428,0.032142,0.00021428,0.032142,21.428,2.9397e-05,0.00021428,2.9397e-05,0.0,0.0,0.0,0.0,1e-11,0.0,0.0,0.0,1e-07,0.0,0.0,0.0,0.0,1e-07,1e-11,0.0
24452196.0,4995000000.0,5000000.0,5.0,0.0,0.0487,0.0487,0.0487,0.0487,2.2307,2.2307,2.2307e-05,2.2307,2.2307,2.2307e-05,2.2307e-05,2.2307e-05,0.0,0.0,0.0,0.0,4.642e-09,0.0,0.0,0.0,0.001,0.0,0.0,0.0,0.0,0.001,4.642e-09,0.0
24451797.0,4995000000.0,5000000.0,5.0,0.0,0.0487,0.0487,0.0487,0.0487,2.2307,2.2307,0.0,2.2307,2.2307,0.0,0.0,0.0,0.0,0.0,0.0,0.0,2.154e-10,0.0,0.0,0.0,0.001,0.0,0.0,0.0,0.0,0.001,2.154e-10,0.0
24457535.0,4995000000.0,5000000.0,5.0,0.0,0.0487,0.0487,0.0487,0.0487,21.428,0.032142,0.0020493,0.032142,21.428,0.0026903,0.0020493,0.0026903,0.0,0.0,0.0,0.0,4.642e-09,0.0,0.0,0.0,2.154e-06,0.0,0.0,0.0,0.0,2.154e-06,4.642e-09,0.0
24459336.0,4995000000.0,5000000.0,5.0,0.0,0.0487,0.0487,0.0487,0.0487,21.428,0.11571,0.00021428,0.11571,21.428,0.0,0.00021428,0.0,0.0,0.0,0.0,0.0,1e-11,0.0,0.0,0.0,0.001,0.0,0.0,0.0,0.0,0.001,1e-11,0.0
24459178.0,4995000000.0,5000000.0,5.0,0.0,0.0487,0.0487,0.0487,0.0487,21.428,0.11571,0.0,0.11571,21.428,0.00010583,0.0,0.00010583,0.0,0.0,0.0,0.0,0.001,0.0,0.0,0.0,4.642e-09,0.0,0.0,0.0,0.0,4.642e-09,0.001,0.0
24450116.0,4995000000.0,5000000.0,5.0,0.0,0.0487,0.0487,0.0487,0.0487,2.2307,0.60541,0.00021333,0.60541,2.2307,0.0,0.00021333,0.0,0.0,0.0,0.0,0.0,0.001,0.0,0.0,0.0,4.642e-05,0.0,0.0,0.0,0.0,4.642e-05,0.001,0.0
24459159.0,4995000000.0,5000000.0,5.0,0.0,0.0487,0.0487,0.0487,0.0487,21.428,0.11571,0.0,0.11571,21.428,0.00010583,0.0,0.00010583,0.0,0.0,0.0,0.0,1e-07,0.0,0.0,0.0,2.154e-06,0.0,0.0,0.0,0.0,2.154e-06,1e-07,0.0
24452202.0,4995000000.0,5000000.0,5.0,0.0,0.0487,0.0487,0.0487,0.0487,2.2307,2.2307,2.2307e-05,2.2307,2.2307,2.2307e-05,2.2307e-05,2.2307e-05,0.0,0.0,0.0,0.0,1e-07,0.0,0.0,0.0,4.642e-05,0.0,0.0,0.0,0.0,4.642e-05,1e-07,0.0
24459798.0,4995000000.0,5000000.0,5.0,0.0,0.0487,0.0487,0.0487,0.0487,21.428,0.11571,0.0020493,0.11571,21.428,1.1066e-05,0.0020493,1.1066e-05,0.0,0.0,0.0,0.0,1e-07,0.0,0.0,0.0,0.001,0.0,0.0,0.0,0.0,0.001,1e-07,0.0
24450142.0,4995000000.0,5000000.0,5.0,0.0,0.0487,0.0487,0.0487,0.0487,2.2307,0.60541,0.00021333,0.60541,2.2307,6.0541e-06,0.00021333,6.0541e-06,0.0,0.0,0.0,0.0,1e-07,0.0,0.0,0.0,1e-07,0.0,0.0,0.0,0.0,1e-07,1e-07,0.0
24450099.0,4995000000.0,5000000.0,5.0,0.0,0.0487,0.0487,0.0487,0.0487,2.2307,0.60541,0.00021333,0.60541,2.2307,0.0,0.00021333,0.0,0.0,0.0,0.0,0.0,2.154e-06,0.0,0.0,0.0,4.642e-09,0.0,0.0,0.0,0.0,4.642e-09,2.154e-06,0.0
24457801.0,4995000000.0,5000000.0,5.0,0.0,0.0487,0.0487,0.0487,0.0487,21.428,0.032142,0.019598,0.032142,21.428,2.9397e-05,0.019598,2.9397e-05,0.0,0.0,0.0,0.0,4.642e-05,0.0,0.0,0.0,2.154e-06,0.0,0.0,0.0,0.0,2.154e-06,4.642e-05,0.0
24456820.0,4995000000.0,5000000.0,5.0,0.0,0.0487,0.0487,0.0487,0.0487,21.428,0.032142,0.0,0.032142,21.428,0.00027964,0.0,0.00027964,0.0,0.0,0.0,0.0,4.642e-05,0.0,0.0,0.0,1e-07,0.0,0.0,0.0,0.0,1e-07,4.642e-05,0.0
24457215.0,4995000000.0,5000000.0,5.0,0.0,0.0487,0.0487,0.0487,0.0487,21.428,0.032142,0.00021428,0.032142,21.428,0.0026903,0.00021428,0.0026903,0.0,0.0,0.0,0.0,4.642e-05,0.0,0.0,0.0,0.001,0.0,0.0,0.0,0.0,0.001,4.642e-05,0.0
24457810.0,4995000000.0,5000000.0,5.0,0.0,0.0487,0.0487,0.0487,0.0487,21.428,0.032142,0.019598,0.032142,21.428,2.9397e-05,0.019598,2.9397e-05,0.0,0.0,0.0,0.0,0.001,0.0,0.0,0.0,0.001,0.0,0.0,0.0,0.0,0.001,0.001,0.0
24457819.0,4995000000.0,5000000.0,5.0,0.0,0.0487,0.0487,0.0487,0.0487,21.428,0.032142,0.019598,0.032142,21.428,0.00027964,0.019598,0.00027964,0.0,0.0,0.0,0.0,2.154e-10,0.0,0.0,0.0,2.154e-10,0.0,0.0,0.0,0.0,2.154e-10,2.154e-10,0.0
24450571.0,4995000000.0,5000000.0,5.0,0.0,0.0487,0.0487,0.0487,0.0487,2.2307,0.60541,0.0020402,0.60541,2.2307,0.00055371,0.0020402,0.00055371,0.0,0.0,0.0,0.0,2.154e-10,0.0,0.0,0.0,4.642e-05,0.0,0.0,0.0,0.0,4.642e-05,2.154e-10,0.0
24457711.0,4995000000.0,5000000.0,5.0,0.0,0.0487,0.0487,0.0487,0.0487,21.428,0.032142,0.019598,0.032142,21.428,3.2142e-07,0.019598,3.2142e-07,0.0,0.0,0.0,0.0,0.001,0.0,0.0,0.0,4.642e-05,0.0,0.0,0.0,0.0,4.642e-05,0.001,0.0
24450488.0,4995000000.0,5000000.0,5.0,0.0,0.0487,0.0487,0.0487,0.0487,2.2307,0.60541,0.0020402,0.60541,2.2307,6.0541e-06,0.0020402,6.0541e-06,0.0,0.0,0.0,0.0,1e-07,0.0,0.0,0.0,0.001,0.0,0.0,0.0,0.0,0.001,1e-07,0.0
24457050.0,4995000000.0,5000000.0,5.0,0.0,0.0487,0.0487,0.0487,0.0487,21.428,0.032142,0.00021428,0.032142,21.428,3.0739e-06,0.00021428,3.0739e-06,0.0,0.0,0.0,0.0,1e-07,0.0,0.0,0.0,4.642e-09,0.0,0.0,0.0,0.0,4.642e-09,1e-07,0.0
24452959.0,4995000000.0,5000000.0,5.0,0.0,0.0487,0.0487,0.0487,0.0487,2.2307,2.2307,0.0020402,2.2307,2.2307,0.00021333,0.0020402,0.00021333,0.0,0.0,0.0,0.0,0.001,0.0,0.0,0.0,0.001,0.0,0.0,0.0,0.0,0.001,0.001,0.0
24459895.0,4995000000.0,5000000.0,5.0,0.0,0.0487,0.0487,0.0487,0.0487,21.428,0.11571,0.0020493,0.11571,21.428,0.0010067,0.0020493,0.0010067,0.0,0.0,0.0,0.0,1e-07,0.0,0.0,0.0,4.642e-05,0.0,0.0,0.0,0.0,4.642e-05,1e-07,0.0
24459133.0,4995000000.0,5000000.0,5.0,0.0,0.0487,0.0487,0.0487,0.0487,21.428,0.11571,0.0,0.11571,21.428,1.1066e-05,0.0,1.1066e-05,0.0,0.0,0.0,0.0,0.001,0.0,0.0,0.0,0.001,0.0,0.0,0.0,0.0,0.001,0.001,0.0
24457182.0,4995000000.0,5000000.0,5.0,0.0,0.0487,0.0487,0.0487,0.0487,21.428,0.032142,0.00021428,0.032142,21.428,0.0026903,0.00021428,0.0026903,0.0,0.0,0.0,0.0,2.154e-10,0.0,0.0,0.0,2.154e-10,0.0,0.0,0.0,0.0,2.154e-10,2.154e-10,0.0
24459529.0,4995000000.0,5000000.0,5.0,0.0,0.0487,0.0487,0.0487,0.0487,21.428,0.11571,0.00021428,0.11571,21.428,0.0010067,0.00021428,0.0010067,0.0,0.0,0.0,0.0,1e-11,0.0,0.0,0.0,1e-07,0.0,0.0,0.0,0.0,1e-07,1e-11,0.0
24457409.0,4995000000.0,5000000.0,5.0,0.0,0.0487,0.0487,0.0487,0.0487,21.428,0.032142,0.0020493,0.032142,21.428,3.0739e-06,0.0020493,3.0739e-06,0.0,0.0,0.0,0.0,4.642e-05,0.0,0.0,0.0,2.154e-06,0.0,0.0,0.0,0.0,2.154e-06,4.642e-05,0.0
24456744.0,4995000000.0,5000000.0,5.0,0.0,0.0487,0.0487,0.0487,0.0487,21.428,0.032142,0.0,0.032142,21.428,2.9397e-05,0.0,2.9397e-05,0.0,0.0,0.0,0.0,2.154e-10,0.0,0.0,0.0,2.154e-06,0.0,0.0,0.0,0.0,2.154e-06,2.154e-10,0.0
24456613.0,4995000000.0,5000000.0,5.0,0.0,0.0487,0.0487,0.0487,0.0487,21.428,0.032142,0.0,0.032142,21.428,0.0,0.0,0.0,0.0,0.0,0.0,0.0,1e-07,0.0,0.0,0.0,0.001,0.0,0.0,0.0,0.0,0.001,1e-07,0.0
24459396.0,4995000000.0,5000000.0,5.0,0.0,0.0487,0.0487,0.0487,0.0487,21.428,0.11571,0.00021428,0.11571,21.428,1.1571e-06,0.00021428,1.1571e-06,0.0,0.0,0.0,0.0,4.642e-09,0.0,0.0,0.0,1e-07,0.0,0.0,0.0,0.0,1e-07,4.642e-09,0.0
24452999.0,4995000000.0,5000000.0,5.0,0.0,0.0487,0.0487,0.0487,0.0487,2.2307,2.2307,0.0020402,2.2307,2.2307,0.0020402,0.0020402,0.0020402,0.0,0.0,0.0,0.0,4.642e-05,0.0,0.0,0.0,2.154e-06,0.0,0.0,0.0,0.0,2.154e-06,4.642e-05,0.0
24459122.0,4995000000.0,5000000.0,5.0,0.0,0.0487,0.0487,0.0487,0.0487,21.428,0.11571,0.0,0.11571,21.428,1.1066e-05,0.0,1.1066e-05,0.0,0.0,0.0,0.0,4.642e-05,0.0,0.0,0.0,4.642e-09,0.0,0.0,0.0,0.0,4.642e-09,4.642e-05,0.0
24456618.0,4995000000.0,5000000.0,5.0,0.0,0.0487,0.0487,0.0487,0.0487,21.428,0.032142,0.0,0.032142,21.428,0.0,0.0,0.0,0.0,0.0,0.0,0.0,2.154e-06,0.0,0.0,0.0,2.154e-06,0.0,0.0,0.0,0.0,2.154e-06,2.154e-06,0.0
24457301.0,4995000000.0,5000000.0,5.0,0.0,0.0487,0.0487,0.0487,0.0487,21.428,0.032142,0.0020493,0.032142,21.428,0.0,0.0020493,0.0,0.0,0.0,0.0,0.0,2.154e-06,0.0,0.0,0.0,2.154e-10,0.0,0.0,0.0,0.0,2.154e-10,2.154e-06,0.0
24459003.0,4995000000.0,5000000.0,5.0,0.0,0.0487,0.0487,0.0487,0.0487,21.428,0.11571,0.0,0.11571,21.428,0.0,0.0,0.0,0.0,0.0,0.0,0.0,4.642e-09,0.0,0.0,0.0,4.642e-09,0.0,0.0,0.0,0.0,4.642e-09,4.642e-09,0.0
24453210.0,4995000000.0,5000000.0,5.0,0.0,0.0487,0.0487,0.0487,0.0487,2.2307,2.2307,0.019407,2.2307,2.2307,2.2307e-05,0.019407,2.2307e-05,0.0,0.0,0.0,0.0,1e-11,0.0,0.0,0.0,4.642e-05,0.0,0.0,0.0,0.0,4.642e-05,1e-11,0.0
24451999.0,4995000000.0,5000000.0,5.0,0.0,0.0487,0.0487,0.0487,0.0487,2.2307,2.2307,0.0,2.2307,2.2307,0.019407,0.0,0.019407,0.0,0.0,0.0,0.0,4.642e-09,0.0,0.0,0.0,4.642e-05,0.0,0.0,0.0,0.0,4.642e-05,4.642e-09,0.0
24452833.0,4995000000.0,5000000.0,5.0,0.0,0.0487,0.0487,0.0487,0.0487,2.2307,2.2307,0.0020402,2.2307,2.2307,0.0,0.0020402,0.0,0.0,0.0,0.0,0.0,4.642e-09,0.0,0.0,0.0,0.001,0.0,0.0,0.0,0.0,0.001,4.642e-09,0.0
24459509.0,4995000000.0,5000000.0,5.0,0.0,0.0487,0.0487,0.0487,0.0487,21.428,0.11571,0.00021428,0.11571,21.428,0.00010583,0.00021428,0.00010583,0.0,0.0,0.0,0.0,2.154e-06,0.0,0.0,0.0,2.154e-06,0.0,0.0,0.0,0.0,2.154e-06,2.154e-06,0.0
24456839.0,4995000000.0,5000000.0,5.0,0.0,0.0487,0.0487,0.0487,0.0487,21.428,0.032142,0.0,0.032142,21.428,0.0026903,0.0,0.0026903,0.0,0.0,0.0,0.0,2.154e-10,0.0,0.0,0.0,2.154e-10,0.0,0.0,0.0,0.0,2.154e-10,2.154e-10,0.0
24456712.0,4995000000.0,5000000.0,5.0,0.0,0.0487,0.0487,0.0487,0.0487,21.428,0.032142,0.0,0.032142,21.428,3.0739e-06,0.0,3.0739e-06,0.0,0.0,0.0,0.0,2.154e-06,0.0,0.0,0.0,1e-11,0.0,0.0,0.0,0.0,1e-11,2.154e-06,0.0
24457872.0,4995000000.0,5000000.0,5.0,0.0,0.0487,0.0487,0.0487,0.0487,21.428,0.032142,0.019598,0.032142,21.428,0.0026903,0.019598,0.0026903,0.0,0.0,0.0,0.0,2.154e-10,0.0,0.0,0.0,4.642e-05,0.0,0.0,0.0,0.0,4.642e-05,2.154e-10,0.0
24457668.0,4995000000.0,5000000.0,5.0,0.0,0.0487,0.0487,0.0487,0.0487,21.428,0.032142,0.019598,0.032142,21.428,3.2142e-07,0.019598,3.2142e-07,0.0,0.0,0.0,0.0,1e-11,0.0,0.0,0.0,2.154e-06,0.0,0.0,0.0,0.0,2.154e-06,1e-11,0.0
24457451.0,4995000000.0,5000000.0,5.0,0.0,0.0487,0.0487,0.0487,0.0487,21.428,0.032142,0.0020493,0.032142,21.428,2.9397e-05,0.0020493,2.9397e-05,0.0,0.0,0.0,0.0,2.154e-06,0.0,0.0,0.0,2.154e-06,0.0,0.0,0.0,0.0,2.154e-06,2.154e-06,0.0
24457222.0,4995000000.0,5000000.0,5.0,0.0,0.0487,0.0487,0.0487,0.0487,21.428,0.032142,0.00021428,0.032142,21.428,0.0026903,0.00021428,0.0026903,0.0,0.0,0.0,0.0,0.001,0.0,0.0,0.0,0.001,0.0,0.0,0.0,0.0,0.001,0.001,0.0
24457635.0,4995000000.0,5000000.0,5.0,0.0,0.0487,0.0487,0.0487,0.0487,21.428,0.032142,0.019598,0.032142,21.428,0.0,0.019598,0.0,0.0,0.0,0.0,0.0,4.642e-09,0.0,0.0,0.0,0.001,0.0,0.0,0.0,0.0,0.001,4.642e-09,0.0
24459717.0,4995000000.0,5000000.0,5.0,0.0,0.0487,0.0487,0.0487,0.0487,21.428,0.11571,0.0020493,0.11571,21.428,0.0,0.0020493,0.0,0.0,0.0,0.0,0.0,0.001,0.0,0.0,0.0,4.642e-09,0.0,0.0,0.0,0.0,4.642e-09,0.001,0.0
24459613.0,4995000000.0,5000000.0,5.0,0.0,0.0487,0.0487,0.0487,0.0487,21.428,0.11571,0.00021428,0.11571,21.428,0.009685,0.00021428,0.009685,0.0,0.0,0.0,0.0,4.642e-05,0.0,0.0,0.0,1e-07,0.0,0.0,0.0,0.0,1e-07,4.642e-05,0.0
24459882.0,4995000000.0,5000000.0,5.0,0.0,0.0487,0.0487,0.0487,0.0487,21.428,0.11571,0.0020493,0.11571,21.428,0.0010067,0.0020493,0.0010067,0.0,0.0,0.0,0.0,2.154e-10,0.0,0.0,0.0,0.001,0.0,0.0,0.0,0.0,0.001,2.154e-10,0.0
24450302.0,4995000000.0,5000000.0,5.0,0.0,0.0487,0.0487,0.0487,0.0487,2.2307,0.60541,0.00021333,0.60541,2.2307,0.005267,0.00021333,0.005267,0.0,0.0,0.0,0.0,4.642e-05,0.0,0.0,0.0,4.642e-09,0.0,0.0,0.0,0.0,4.642e-09,4.642e-05,0.0
24457022.0,4995000000.0,5000000.0,5.0,0.0,0.0487,0.0487,0.0487,0.0487,21.428,0.032142,0.00021428,0.032142,21.428,3.2142e-07,0.00021428,3.2142e-07,0.0,0.0,0.0,0.0,0.001,0.0,0.0,0.0,4.642e-09,0.0,0.0,0.0,0.0,4.642e-09,0.001,0.0
24457271.0,4995000000.0,5000000.0,5.0,0.0,0.0487,0.0487,0.0487,0.0487,21.428,0.032142,0.00021428,0.032142,21.428,0.025714,0.00021428,0.025714,0.0,0.0,0.0,0.0,0.001,0.0,0.0,0.0,0.001,0.0,0.0,0.0,0.0,0.001,0.001,0.0
24457654.0,4995000000.0,5000000.0,5.0,0.0,0.0487,0.0487,0.0487,0.0487,21.428,0.032142,0.019598,0.032142,21.428,0.0,0.019598,0.0,0.0,0.0,0.0,0.0,4.642e-05,0.0,0.0,0.0,2.154e-06,0.0,0.0,0.0,0.0,2.154e-06,4.642e-05,0.0
24457900.0,4995000000.0,5000000.0,5.0,0.0,0.0487,0.0487,0.0487,0.0487,21.428,0.032142,0.019598,0.032142,21.428,0.0026903,0.019598,0.0026903,0.0,0.0,0.0,0.0,4.642e-05,0.0,0.0,0.0,4.642e-05,0.0,0.0,0.0,0.0,4.642e-05,4.642e-05,0.0
24450215.0,4995000000.0,5000000.0,5.0,0.0,0.0487,0.0487,0.0487,0.0487,2.2307,0.60541,0.00021333,0.60541,2.2307,5.7898e-05,0.00021333,5.7898e-05,0.0,0.0,0.0,0.0,0.001,0.0,0.0,0.0,0.001,0.0,0.0,0.0,0.0,0.001,0.001,0.0
24457838.0,4995000000.0,5000000.0,5.0,0.0,0.0487,0.0487,0.0487,0.0487,21.428,0.032142,0.019598,0.032142,21.428,0.00027964,0.019598,0.00027964,0.0,0.0,0.0,0.0,1e-07,0.0,0.0,0.0,0.001,0.0,0.0,0.0,0.0,0.001,1e-07,0.0
24459098.0,4995000000.0,5000000.0,5.0,0.0,0.0487,0.0487,0.0487,0.0487,21.428,0.11571,0.0,0.11571,21.428,1.1066e-05,0.0,1.1066e-05,0.0,0.0,0.0,0.0,2.154e-10,0.0,0.0,0.0,0.001,0.0,0.0,0.0,0.0,0.001,2.154e-10,0.0
24457298.0,4995000000.0,5000000.0,5.0,0.0,0.0487,0.0487,0.0487,0.0487,21.428,0.032142,0.0020493,0.032142,21.428,0.0,0.0020493,0.0,0.0,0.0,0.0,0.0,1e-07,0.0,0.0,0.0,4.642e-05,0.0,0.0,0.0,0.0,4.642e-05,1e-07,0.0
24456970.0,4995000000.0,5000000.0,5.0,0.0,0.0487,0.0487,0.0487,0.0487,21.428,0.032142,0.00021428,0.032142,21.428,0.0,0.00021428,0.0,0.0,0.0,0.0,0.0,4.642e-05,0.0,0.0,0.0,0.001,0.0,0.0,0.0,0.0,0.001,4.642e-05,0.0
24450303.0,4995000000.0,5000000.0,5.0,0.0,0.0487,0.0487,0.0487,0.0487,2.2307,0.60541,0.00021333,0.60541,2.2307,0.005267,0.00021333,0.005267,0.0,0.0,0.0,0.0,4.642e-05,0.0,0.0,0.0,1e-07,0.0,0.0,0.0,0.0,1e-07,4.642e-05,0.0
24457557.0,4995000000.0,5000000.0,5.0,0.0,0.0487,0.0487,0.0487,0.0487,21.428,0.032142,0.0020493,0.032142,21.428,0.0026903,0.0020493,0.0026903,0.0,0.0,0.0,0.0,4.642e-05,0.0,0.0,0.0,4.642e-05,0.0,0.0,0.0,0.0,4.642e-05,4.642e-05,0.0
24459830.0,4995000000.0,5000000.0,5.0,0.0,0.0487,0.0487,0.0487,0.0487,21.428,0.11571,0.0020493,0.11571,21.428,0.00010583,0.0020493,0.00010583,0.0,0.0,0.0,0.0,2.154e-10,0.0,0.0,0.0,1e-07,0.0,0.0,0.0,0.0,1e-07,2.154e-10,0.0
24457583.0,4995000000.0,5000000.0,5.0,0.0,0.0487,0.0487,0.0487,0.0487,21.428,0.032142,0.0020493,0.032142,21.428,0.025714,0.0020493,0.025714,0.0,0.0,0.0,0.0,4.642e-09,0.0,0.0,0.0,1e-07,0.0,0.0,0.0,0.0,1e-07,4.642e-09,0.0
24451873.0,4995000000.0,5000000.0,5.0,0.0,0.0487,0.0487,0.0487,0.0487,2.2307,2.2307,0.0,2.2307,2.2307,2.2307e-05,0.0,2.2307e-05,0.0,0.0,0.0,0.0,4.642e-05,0.0,0.0,0.0,4.642e-05,0.0,0.0,0.0,0.0,4.642e-05,4.642e-05,0.0
24451810.0,4995000000.0,5000000.0,5.0,0.0,0.0487,0.0487,0.0487,0.0487,2.2307,2.2307,0.0,2.2307,2.2307,0.0,0.0,0.0,0.0,0.0,0.0,0.0,1e-07,0.0,0.0,0.0,4.642e-05,0.0,0.0,0.0,0.0,4.642e-05,1e-07,0.0
24457693.0,4995000000.0,5000000.0,5.0,0.0,0.0487,0.0487,0.0487,0.0487,21.428,0.032142,0.019598,0.032142,21.428,3.2142e-07,0.019598,3.2142e-07,0.0,0.0,0.0,0.0,2.154e-06,0.0,0.0,0.0,2.154e-10,0.0,0.0,0.0,0.0,2.154e-10,2.154e-06,0.0
24456895.0,4995000000.0,5000000.0,5.0,0.0,0.0487,0.0487,0.0487,0.0487,21.428,0.032142,0.0,0.032142,21.428,0.025714,0.0,0.025714,0.0,0.0,0.0,0.0,4.642e-09,0.0,0.0,0.0,2.154e-10,0.0,0.0,0.0,0.0,2.154e-10,4.642e-09,0.0
24457162.0,4995000000.0,5000000.0,5.0,0.0,0.0487,0.0487,0.0487,0.0487,21.428,0.032142,0.00021428,0.032142,21.428,0.00027964,0.00021428,0.00027964,0.0,0.0,0.0,0.0,4.642e-05,0.0,0.0,0.0,4.642e-09,0.0,0.0,0.0,0.0,4.642e-09,4.642e-05,0.0
24456694.0,4995000000.0,5000000.0,5.0,0.0,0.0487,0.0487,0.0487,0.0487,21.428,0.032142,0.0,0.032142,21.428,3.0739e-06,0.0,3.0739e-06,0.0,0.0,0.0,0.0,2.154e-10,0.0,0.0,0.0,1e-07,0.0,0.0,0.0,0.0,1e-07,2.154e-10,0.0
24453267.0,4995000000.0,5000000.0,5.0,0.0,0.0487,0.0487,0.0487,0.0487,2.2307,2.2307,0.019407,2.2307,2.2307,0.00021333,0.019407,0.00021333,0.0,0.0,0.0,0.0,2.154e-10,0.0,0.0,0.0,0.001,0.0,0.0,0.0,0.0,0.001,2.154e-10,0.0
24456763.0,4995000000.0,5000000.0,5.0,0.0,0.0487,0.0487,0.0487,0.0487,21.428,0.032142,0.0,0.032142,21.428,2.9397e-05,0.0,2.9397e-05,0.0,0.0,0.0,0.0,2.154e-06,0.0,0.0,0.0,4.642e-09,0.0,0.0,0.0,0.0,4.642e-09,2.154e-06,0.0
24452028.0,4995000000.0,5000000.0,5.0,0.0,0.0487,0.0487,0.0487,0.0487,2.2307,2.2307,0.0,2.2307,2.2307,0.019407,0.0,0.019407,0.0,0.0,0.0,0.0,0.001,0.0,0.0,0.0,0.001,0.0,0.0,0.0,0.0,0.001,0.001,0.0
24456879.0,4995000000.0,5000000.0,5.0,0.0,0.0487,0.0487,0.0487,0.0487,21.428,0.032142,0.0,0.032142,21.428,0.0026903,0.0,0.0026903,0.0,0.0,0.0,0.0,0.001,0.0,0.0,0.0,0.001,0.0,0.0,0.0,0.0,0.001,0.001,0.0
24452223.0,4995000000.0,5000000.0,5.0,0.0,0.0487,0.0487,0.0487,0.0487,2.2307,2.2307,2.2307e-05,2.2307,2.2307,2.2307e-05,2.2307e-05,2.2307e-05,0.0,0.0,0.0,0.0,0.001,0.0,0.0,0.0,4.642e-05,0.0,0.0,0.0,0.0,4.642e-05,0.001,0.0
24459612.0,4995000000.0,5000000.0,5.0,0.0,0.0487,0.0487,0.0487,0.0487,21.428,0.11571,0.00021428,0.11571,21.428,0.009685,0.00021428,0.009685,0.0,0.0,0.0,0.0,4.642e-05,0.0,0.0,0.0,4.642e-09,0.0,0.0,0.0,0.0,4.642e-09,4.642e-05,0.0
24457915.0,4995000000.0,5000000.0,5.0,0.0,0.0487,0.0487,0.0487,0.0487,21.428,0.032142,0.019598,0.032142,21.428,0.025714,0.019598,0.025714,0.0,0.0,0.0,0.0,1e-11,0.0,0.0,0.0,0.001,0.0,0.0,0.0,0.0,0.001,1e-11,0.0
24457529.0,4995000000.0,5000000.0,5.0,0.0,0.0487,0.0487,0.0487,0.0487,21.428,0.032142,0.0020493,0.032142,21.428,0.0026903,0.0020493,0.0026903,0.0,0.0,0.0,0.0,2.154e-10,0.0,0.0,0.0,4.642e-05,0.0,0.0,0.0,0.0,4.642e-05,2.154e-10,0.0
24457274.0,4995000000.0,5000000.0,5.0,0.0,0.0487,0.0487,0.0487,0.0487,21.428,0.032142,0.0020493,0.032142,21.428,0.0,0.0020493,0.0,0.0,0.0,0.0,0.0,1e-11,0.0,0.0,0.0,4.642e-09,0.0,0.0,0.0,0.0,4.642e-09,1e-11,0.0
24459860.0,4995000000.0,5000000.0,5.0,0.0,0.0487,0.0487,0.0487,0.0487,21.428,0.11571,0.0020493,0.11571,21.428,0.00010583,0.0020493,0.00010583,0.0,0.0,0.0,0.0,4.642e-05,0.0,0.0,0.0,4.642e-05,0.0,0.0,0.0,0.0,4.642e-05,4.642e-05,0.0
24457225.0,4995000000.0,5000000.0,5.0,0.0,0.0487,0.0487,0.0487,0.0487,21.428,0.032142,0.00021428,0.032142,21.428,0.025714,0.00021428,0.025714,0.0,0.0,0.0,0.0,1e-11,0.0,0.0,0.0,4.642e-09,0.0,0.0,0.0,0.0,4.642e-09,1e-11,0.0
24452286.0,4995000000.0,5000000.0,5.0,0.0,0.0487,0.0487,0.0487,0.0487,2.2307,2.2307,2.2307e-05,2.2307,2.2307,0.0020402,2.2307e-05,0.0020402,0.0,0.0,0.0,0.0,2.154e-10,0.0,0.0,0.0,4.642e-05,0.0,0.0,0.0,0.0,4.642e-05,2.154e-10,0.0
24457786.0,4995000000.0,5000000.0,5.0,0.0,0.0487,0.0487,0.0487,0.0487,21.428,0.032142,0.019598,0.032142,21.428,2.9397e-05,0.019598,2.9397e-05,0.0,0.0,0.0,0.0,1e-07,0.0,0.0,0.0,1e-07,0.0,0.0,0.0,0.0,1e-07,1e-07,0.0
24451992.0,4995000000.0,5000000.0,5.0,0.0,0.0487,0.0487,0.0487,0.0487,2.2307,2.2307,0.0,2.2307,2.2307,0.019407,0.0,0.019407,0.0,0.0,0.0,0.0,2.154e-10,0.0,0.0,0.0,4.642e-05,0.0,0.0,0.0,0.0,4.642e-05,2.154e-10,0.0
24450978.0,4995000000.0,5000000.0,5.0,0.0,0.0487,0.0487,0.0487,0.0487,2.2307,0.60541,0.019407,0.60541,2.2307,0.005267,0.019407,0.005267,0.0,0.0,0.0,0.0,1e-07,0.0,0.0,0.0,0.001,0.0,0.0,0.0,0.0,0.001,1e-07,0.0
24457765.0,4995000000.0,5000000.0,5.0,0.0,0.0487,0.0487,0.0487,0.0487,21.428,0.032142,0.019598,0.032142,21.428,2.9397e-05,0.019598,2.9397e-05,0.0,0.0,0.0,0.0,1e-11,0.0,0.0,0.0,1e-07,0.0,0.0,0.0,0.0,1e-07,1e-11,0.0
24459104.0,4995000000.0,5000000.0,5.0,0.0,0.0487,0.0487,0.0487,0.0487,21.428,0.11571,0.0,0.11571,21.428,1.1066e-05,0.0,1.1066e-05,0.0,0.0,0.0,0.0,4.642e-09,0.0,0.0,0.0,4.642e-05,0.0,0.0,0.0,0.0,4.642e-05,4.642e-09,0.0
24457165.0,4995000000.0,5000000.0,5.0,0.0,0.0487,0.0487,0.0487,0.0487,21.428,0.032142,0.00021428,0.032142,21.428,0.00027964,0.00021428,0.00027964,0.0,0.0,0.0,0.0,4.642e-05,0.0,0.0,0.0,4.642e-05,0.0,0.0,0.0,0.0,4.642e-05,4.642e-05,0.0
24457593.0,4995000000.0,5000000.0,5.0,0.0,0.0487,0.0487,0.0487,0.0487,21.428,0.032142,0.0020493,0.032142,21.428,0.025714,0.0020493,0.025714,0.0,0.0,0.0,0.0,1e-07,0.0,0.0,0.0,0.001,0.0,0.0,0.0,0.0,0.001,1e-07,0.0
24450984.0,4995000000.0,5000000.0,5.0,0.0,0.0487,0.0487,0.0487,0.0487,2.2307,0.60541,0.019407,0.60541,2.2307,0.005267,0.019407,0.005267,0.0,0.0,0.0,0.0,2.154e-06,0.0,0.0,0.0,4.642e-05,0.0,0.0,0.0,0.0,4.642e-05,2.154e-06,0.0
24452980.0,4995000000.0,5000000.0,5.0,0.0,0.0487,0.0487,0.0487,0.0487,2.2307,2.2307,0.0020402,2.2307,2.2307,0.0020402,0.0020402,0.0020402,0.0,0.0,0.0,0.0,4.642e-09,0.0,0.0,0.0,0.001,0.0,0.0,0.0,0.0,0.001,4.642e-09,0.0
24452623.0,4995000000.0,5000000.0,5.0,0.0,0.0487,0.0487,0.0487,0.0487,2.2307,2.2307,0.00021333,2.2307,2.2307,0.0020402,0.00021333,0.0020402,0.0,0.0,0.0,0.0,1e-11,0.0,0.0,0.0,0.001,0.0,0.0,0.0,0.0,0.001,1e-11,0.0
24459836.0,4995000000.0,5000000.0,5.0,0.0,0.0487,0.0487,0.0487,0.0487,21.428,0.11571,0.0020493,0.11571,21.428,0.00010583,0.0020493,0.00010583,0.0,0.0,0.0,0.0,4.642e-09,0.0,0.0,0.0,4.642e-09,0.0,0.0,0.0,0.0,4.642e-09,4.642e-09,0.0
24457491.0,4995000000.0,5000000.0,5.0,0.0,0.0487,0.0487,0.0487,0.0487,21.428,0.032142,0.0020493,0.032142,21.428,0.00027964,0.0020493,0.00027964,0.0,0.0,0.0,0.0,1e-07,0.0,0.0,0.0,4.642e-09,0.0,0.0,0.0,0.0,4.642e-09,1e-07,0.0
24457579.0,4995000000.0,5000000.0,5.0,0.0,0.0487,0.0487,0.0487,0.0487,21.428,0.032142,0.0020493,0.032142,21.428,0.025714,0.0020493,0.025714,0.0,0.0,0.0,0.0,2.154e-10,0.0,0.0,0.0,0.001,0.0,0.0,0.0,0.0,0.001,2.154e-10,0.0
24456808.0,4995000000.0,5000000.0,5.0,0.0,0.0487,0.0487,0.0487,0.0487,21.428,0.032142,0.0,0.032142,21.428,0.00027964,0.0,0.00027964,0.0,0.0,0.0,0.0,1e-07,0.0,0.0,0.0,4.642e-05,0.0,0.0,0.0,0.0,4.642e-05,1e-07,0.0
24450842.0,4995000000.0,5000000.0,5.0,0.0,0.0487,0.0487,0.0487,0.0487,2.2307,0.60541,0.019407,0.60541,2.2307,6.0541e-06,0.019407,6.0541e-06,0.0,0.0,0.0,0.0,4.642e-05,0.0,0.0,0.0,1e-07,0.0,0.0,0.0,0.0,1e-07,4.642e-05,0.0
24457269.0,4995000000.0,5000000.0,5.0,0.0,0.0487,0.0487,0.0487,0.0487,21.428,0.032142,0.00021428,0.032142,21.428,0.025714,0.00021428,0.025714,0.0,0.0,0.0,0.0,0.001,0.0,0.0,0.0,2.154e-06,0.0,0.0,0.0,0.0,2.154e-06,0.001,0.0
24456742.0,4995000000.0,5000000.0,5.0,0.0,0.0487,0.0487,0.0487,0.0487,21.428,0.032142,0.0,0.032142,21.428,2.9397e-05,0.0,2.9397e-05,0.0,0.0,0.0,0.0,2.154e-10,0.0,0.0,0.0,4.642e-09,0.0,0.0,0.0,0.0,4.642e-09,2.154e-10,0.0
24450906.0,4995000000.0,5000000.0,5.0,0.0,0.0487,0.0487,0.0487,0.0487,2.2307,0.60541,0.019407,0.60541,2.2307,0.00055371,0.019407,0.00055371,0.0,0.0,0.0,0.0,1e-11,0.0,0.0,0.0,2.154e-06,0.0,0.0,0.0,0.0,2.154e-06,1e-11,0.0
24457859.0,4995000000.0,5000000.0,5.0,0.0,0.0487,0.0487,0.0487,0.0487,21.428,0.032142,0.019598,0.032142,21.428,0.00027964,0.019598,0.00027964,0.0,0.0,0.0,0.0,0.001,0.0,0.0,0.0,0.001,0.0,0.0,0.0,0.0,0.001,0.001,0.0
24453316.0,4995000000.0,5000000.0,5.0,0.0,0.0487,0.0487,0.0487,0.0487,2.2307,2.2307,0.019407,2.2307,2.2307,0.0020402,0.019407,0.0020402,0.0,0.0,0.0,0.0,2.154e-10,0.0,0.0,0.0,0.001,0.0,0.0,0.0,0.0,0.001,2.154e-10,0.0
24452854.0,4995000000.0,5000000.0,5.0,0.0,0.0487,0.0487,0.0487,0.0487,2.2307,2.2307,0.0020402,2.2307,2.2307,0.0,0.0020402,0.0,0.0,0.0,0.0,0.0,4.642e-05,0.0,0.0,0.0,0.001,0.0,0.0,0.0,0.0,0.001,4.642e-05,0.0
24450859.0,4995000000.0,5000000.0,5.0,0.0,0.0487,0.0487,0.0487,0.0487,2.2307,0.60541,0.019407,0.60541,2.2307,5.7898e-05,0.019407,5.7898e-05,0.0,0.0,0.0,0.0,1e-11,0.0,0.0,0.0,0.001,0.0,0.0,0.0,0.0,0.001,1e-11,0.0
24457366.0,4995000000.0,5000000.0,5.0,0.0,0.0487,0.0487,0.0487,0.0487,21.428,0.032142,0.0020493,0.032142,21.428,3.2142e-07,0.0020493,3.2142e-07,0.0,0.0,0.0,0.0,0.001,0.0,0.0,0.0,1e-07,0.0,0.0,0.0,0.0,1e-07,0.001,0.0
24457616.0,4995000000.0,5000000.0,5.0,0.0,0.0487,0.0487,0.0487,0.0487,21.428,0.032142,0.019598,0.032142,21.428,0.0,0.019598,0.0,0.0,0.0,0.0,0.0,1e-11,0.0,0.0,0.0,2.154e-10,0.0,0.0,0.0,0.0,2.154e-10,1e-11,0.0
24450536.0,4995000000.0,5000000.0,5.0,0.0,0.0487,0.0487,0.0487,0.0487,2.2307,0.60541,0.0020402,0.60541,2.2307,5.7898e-05,0.0020402,5.7898e-05,0.0,0.0,0.0,0.0,1e-07,0.0,0.0,0.0,4.642e-05,0.0,0.0,0.0,0.0,4.642e-05,1e-07,0.0
24459745.0,4995000000.0,5000000.0,5.0,0.0,0.0487,0.0487,0.0487,0.0487,21.428,0.11571,0.0020493,0.11571,21.428,1.1571e-06,0.0020493,1.1571e-06,0.0,0.0,0.0,0.0,1e-07,0.0,0.0,0.0,4.642e-09,0.0,0.0,0.0,0.0,4.642e-09,1e-07,0.0
24457855.0,4995000000.0,5000000.0,5.0,0.0,0.0487,0.0487,0.0487,0.0487,21.428,0.032142,0.019598,0.032142,21.428,0.00027964,0.019598,0.00027964,0.0,0.0,0.0,0.0,0.001,0.0,0.0,0.0,4.642e-09,0.0,0.0,0.0,0.0,4.642e-09,0.001,0.0
24457755.0,4995000000.0,5000000.0,5.0,0.0,0.0487,0.0487,0.0487,0.0487,21.428,0.032142,0.019598,0.032142,21.428,3.0739e-06,0.019598,3.0739e-06,0.0,0.0,0.0,0.0,0.001,0.0,0.0,0.0,1e-11,0.0,0.0,0.0,0.0,1e-11,0.001,0.0
24459528.0,4995000000.0,5000000.0,5.0,0.0,0.0487,0.0487,0.0487,0.0487,21.428,0.11571,0.00021428,0.11571,21.428,0.0010067,0.00021428,0.0010067,0.0,0.0,0.0,0.0,1e-11,0.0,0.0,0.0,4.642e-09,0.0,0.0,0.0,0.0,4.642e-09,1e-11,0.0
24453169.0,4995000000.0,5000000.0,5.0,0.0,0.0487,0.0487,0.0487,0.0487,2.2307,2.2307,0.019407,2.2307,2.2307,0.0,0.019407,0.0,0.0,0.0,0.0,0.0,2.154e-10,0.0,0.0,0.0,0.001,0.0,0.0,0.0,0.0,0.001,2.154e-10,0.0
24456997.0,4995000000.0,5000000.0,5.0,0.0,0.0487,0.0487,0.0487,0.0487,21.428,0.032142,0.00021428,0.032142,21.428,3.2142e-07,0.00021428,3.2142e-07,0.0,0.0,0.0,0.0,4.642e-09,0.0,0.0,0.0,4.642e-05,0.0,0.0,0.0,0.0,4.642e-05,4.642e-09,0.0
24459076.0,4995000000.0,5000000.0,5.0,0.0,0.0487,0.0487,0.0487,0.0487,21.428,0.11571,0.0,0.11571,21.428,1.1571e-06,0.0,1.1571e-06,0.0,0.0,0.0,0.0,4.642e-05,0.0,0.0,0.0,4.642e-05,0.0,0.0,0.0,0.0,4.642e-05,4.642e-05,0.0
24456847.0,4995000000.0,5000000.0,5.0,0.0,0.0487,0.0487,0.0487,0.0487,21.428,0.032142,0.0,0.032142,21.428,0.0026903,0.0,0.0026903,0.0,0.0,0.0,0.0,4.642e-09,0.0,0.0,0.0,4.642e-09,0.0,0.0,0.0,0.0,4.642e-09,4.642e-09,0.0
24457440.0,4995000000.0,5000000.0,5.0,0.0,0.0487,0.0487,0.0487,0.0487,21.428,0.032142,0.0020493,0.032142,21.428,2.9397e-05,0.0020493,2.9397e-05,0.0,0.0,0.0,0.0,1e-07,0.0,0.0,0.0,1e-11,0.0,0.0,0.0,0.0,1e-11,1e-07,0.0
24450562.0,4995000000.0,5000000.0,5.0,0.0,0.0487,0.0487,0.0487,0.0487,2.2307,0.60541,0.0020402,0.60541,2.2307,0.00055371,0.0020402,0.00055371,0.0,0.0,0.0,0.0,1e-11,0.0,0.0,0.0,1e-07,0.0,0.0,0.0,0.0,1e-07,1e-11,0.0
24457026.0,4995000000.0,5000000.0,5.0,0.0,0.0487,0.0487,0.0487,0.0487,21.428,0.032142,0.00021428,0.032142,21.428,3.2142e-07,0.00021428,3.2142e-07,0.0,0.0,0.0,0.0,0.001,0.0,0.0,0.0,0.001,0.0,0.0,0.0,0.0,0.001,0.001,0.0
24457408.0,4995000000.0,5000000.0,5.0,0.0,0.0487,0.0487,0.0487,0.0487,21.428,0.032142,0.0020493,0.032142,21.428,3.0739e-06,0.0020493,3.0739e-06,0.0,0.0,0.0,0.0,4.642e-05,0.0,0.0,0.0,1e-07,0.0,0.0,0.0,0.0,1e-07,4.642e-05,0.0
24450845.0,4995000000.0,5000000.0,5.0,0.0,0.0487,0.0487,0.0487,0.0487,2.2307,0.60541,0.019407,0.60541,2.2307,6.0541e-06,0.019407,6.0541e-06,0.0,0.0,0.0,0.0,4.642e-05,0.0,0.0,0.0,0.001,0.0,0.0,0.0,0.0,0.001,4.642e-05,0.0
24457053.0,4995000000.0,5000000.0,5.0,0.0,0.0487,0.0487,0.0487,0.0487,21.428,0.032142,0.00021428,0.032142,21.428,3.0739e-06,0.00021428,3.0739e-06,0.0,0.0,0.0,0.0,1e-07,0.0,0.0,0.0,4.642e-05,0.0,0.0,0.0,0.0,4.642e-05,1e-07,0.0
24450928.0,4995000000.0,5000000.0,5.0,0.0,0.0487,0.0487,0.0487,0.0487,2.2307,0.60541,0.019407,0.60541,2.2307,0.00055371,0.019407,0.00055371,0.0,0.0,0.0,0.0,1e-07,0.0,0.0,0.0,4.642e-05,0.0,0.0,0.0,0.0,4.642e-05,1e-07,0.0
24459564.0,4995000000.0,5000000.0,5.0,0.0,0.0487,0.0487,0.0487,0.0487,21.428,0.11571,0.00021428,0.11571,21.428,0.0010067,0.00021428,0.0010067,0.0,0.0,0.0,0.0,4.642e-05,0.0,0.0,0.0,1e-07,0.0,0.0,0.0,0.0,1e-07,4.642e-05,0.0
24457309.0,4995000000.0,5000000.0,5.0,0.0,0.0487,0.0487,0.0487,0.0487,21.428,0.032142,0.0020493,0.032142,21.428,0.0,0.0020493,0.0,0.0,0.0,0.0,0.0,4.642e-05,0.0,0.0,0.0,4.642e-09,0.0,0.0,0.0,0.0,4.642e-09,4.642e-05,0.0
24450796.0,4995000000.0,5000000.0,5.0,0.0,0.0487,0.0487,0.0487,0.0487,2.2307,0.60541,0.019407,0.60541,2.2307,0.0,0.019407,0.0,0.0,0.0,0.0,0.0,4.642e-05,0.0,0.0,0.0,0.001,0.0,0.0,0.0,0.0,0.001,4.642e-05,0.0
24450603.0,4995000000.0,5000000.0,5.0,0.0,0.0487,0.0487,0.0487,0.0487,2.2307,0.60541,0.0020402,0.60541,2.2307,0.00055371,0.0020402,0.00055371,0.0,0.0,0.0,0.0,0.001,0.0,0.0,0.0,4.642e-09,0.0,0.0,0.0,0.0,4.642e-09,0.001,0.0
24450458.0,4995000000.0,5000000.0,5.0,0.0,0.0487,0.0487,0.0487,0.0487,2.2307,0.60541,0.0020402,0.60541,2.2307,0.0,0.0020402,0.0,0.0,0.0,0.0,0.0,0.001,0.0,0.0,0.0,2.154e-06,0.0,0.0,0.0,0.0,2.154e-06,0.001,0.0
24452238.0,4995000000.0,5000000.0,5.0,0.0,0.0487,0.0487,0.0487,0.0487,2.2307,2.2307,2.2307e-05,2.2307,2.2307,0.00021333,2.2307e-05,0.00021333,0.0,0.0,0.0,0.0,2.154e-10,0.0,0.0,0.0,0.001,0.0,0.0,0.0,0.0,0.001,2.154e-10,0.0
24450481.0,4995000000.0,5000000.0,5.0,0.0,0.0487,0.0487,0.0487,0.0487,2.2307,0.60541,0.0020402,0.60541,2.2307,6.0541e-06,0.0020402,6.0541e-06,0.0,0.0,0.0,0.0,4.642e-09,0.0,0.0,0.0,0.001,0.0,0.0,0.0,0.0,0.001,4.642e-09,0.0
24459452.0,4995000000.0,5000000.0,5.0,0.0,0.0487,0.0487,0.0487,0.0487,21.428,0.11571,0.00021428,0.11571,21.428,1.1066e-05,0.00021428,1.1066e-05,0.0,0.0,0.0,0.0,1e-07,0.0,0.0,0.0,1e-07,0.0,0.0,0.0,0.0,1e-07,1e-07,0.0
24450858.0,4995000000.0,5000000.0,5.0,0.0,0.0487,0.0487,0.0487,0.0487,2.2307,0.60541,0.019407,0.60541,2.2307,5.7898e-05,0.019407,5.7898e-05,0.0,0.0,0.0,0.0,1e-11,0.0,0.0,0.0,4.642e-05,0.0,0.0,0.0,0.0,4.642e-05,1e-11,0.0
24456655.0,4995000000.0,5000000.0,5.0,0.0,0.0487,0.0487,0.0487,0.0487,21.428,0.032142,0.0,0.032142,21.428,3.2142e-07,0.0,3.2142e-07,0.0,0.0,0.0,0.0,4.642e-09,0.0,0.0,0.0,0.001,0.0,0.0,0.0,0.0,0.001,4.642e-09,0.0
24457736.0,4995000000.0,5000000.0,5.0,0.0,0.0487,0.0487,0.0487,0.0487,21.428,0.032142,0.019598,0.032142,21.428,3.0739e-06,0.019598,3.0739e-06,0.0,0.0,0.0,0.0,1e-07,0.0,0.0,0.0,4.642e-09,0.0,0.0,0.0,0.0,4.642e-09,1e-07,0.0
24459522.0,4995000000.0,5000000.0,5.0,0.0,0.0487,0.0487,0.0487,0.0487,21.428,0.11571,0.00021428,0.11571,21.428,0.00010583,0.00021428,0.00010583,0.0,0.0,0.0,0.0,0.001,0.0,0.0,0.0,1e-07,0.0,0.0,0.0,0.0,1e-07,0.001,0.0
24457478.0,4995000000.0,5000000.0,5.0,0.0,0.0487,0.0487,0.0487,0.0487,21.428,0.032142,0.0020493,0.032142,21.428,0.00027964,0.0020493,0.00027964,0.0,0.0,0.0,0.0,2.154e-10,0.0,0.0,0.0,1e-07,0.0,0.0,0.0,0.0,1e-07,2.154e-10,0.0
24459518.0,4995000000.0,5000000.0,5.0,0.0,0.0487,0.0487,0.0487,0.0487,21.428,0.11571,0.00021428,0.11571,21.428,0.00010583,0.00021428,0.00010583,0.0,0.0,0.0,0.0,4.642e-05,0.0,0.0,0.0,0.001,0.0,0.0,0.0,0.0,0.001,4.642e-05,0.0
24457242.0,4995000000.0,5000000.0,5.0,0.0,0.0487,0.0487,0.0487,0.0487,21.428,0.032142,0.00021428,0.032142,21.428,0.025714,0.00021428,0.025714,0.0,0.0,0.0,0.0,4.642e-09,0.0,0.0,0.0,4.642e-05,0.0,0.0,0.0,0.0,4.642e-05,4.642e-09,0.0
24459090.0,4995000000.0,5000000.0,5.0,0.0,0.0487,0.0487,0.0487,0.0487,21.428,0.11571,0.0,0.11571,21.428,1.1066e-05,0.0,1.1066e-05,0.0,0.0,0.0,0.0,1e-11,0.0,0.0,0.0,4.642e-05,0.0,0.0,0.0,0.0,4.642e-05,1e-11,0.0
24459013.0,4995000000.0,5000000.0,5.0,0.0,0.0487,0.0487,0.0487,0.0487,21.428,0.11571,0.0,0.11571,21.428,0.0,0.0,0.0,0.0,0.0,0.0,0.0,1e-07,0.0,0.0,0.0,4.642e-05,0.0,0.0,0.0,0.0,4.642e-05,1e-07,0.0
24456905.0,4995000000.0,5000000.0,5.0,0.0,0.0487,0.0487,0.0487,0.0487,21.428,0.032142,0.0,0.032142,21.428,0.025714,0.0,0.025714,0.0,0.0,0.0,0.0,1e-07,0.0,0.0,0.0,2.154e-06,0.0,0.0,0.0,0.0,2.154e-06,1e-07,0.0
24452231.0,4995000000.0,5000000.0,5.0,0.0,0.0487,0.0487,0.0487,0.0487,2.2307,2.2307,2.2307e-05,2.2307,2.2307,0.00021333,2.2307e-05,0.00021333,0.0,0.0,0.0,0.0,1e-11,0.0,0.0,0.0,0.001,0.0,0.0,0.0,0.0,0.001,1e-11,0.0
24459719.0,4995000000.0,5000000.0,5.0,0.0,0.0487,0.0487,0.0487,0.0487,21.428,0.11571,0.0020493,0.11571,21.428,0.0,0.0020493,0.0,0.0,0.0,0.0,0.0,0.001,0.0,0.0,0.0,2.154e-06,0.0,0.0,0.0,0.0,2.154e-06,0.001,0.0
24451972.0,4995000000.0,5000000.0,5.0,0.0,0.0487,0.0487,0.0487,0.0487,2.2307,2.2307,0.0,2.2307,2.2307,0.0020402,0.0,0.0020402,0.0,0.0,0.0,0.0,4.642e-05,0.0,0.0,0.0,0.001,0.0,0.0,0.0,0.0,0.001,4.642e-05,0.0
24457865.0,4995000000.0,5000000.0,5.0,0.0,0.0487,0.0487,0.0487,0.0487,21.428,0.032142,0.019598,0.032142,21.428,0.0026903,0.019598,0.0026903,0.0,0.0,0.0,0.0,1e-11,0.0,0.0,0.0,4.642e-05,0.0,0.0,0.0,0.0,4.642e-05,1e-11,0.0
24450648.0,4995000000.0,5000000.0,5.0,0.0,0.0487,0.0487,0.0487,0.0487,2.2307,0.60541,0.0020402,0.60541,2.2307,0.005267,0.0020402,0.005267,0.0,0.0,0.0,0.0,4.642e-05,0.0,0.0,0.0,4.642e-05,0.0,0.0,0.0,0.0,4.642e-05,4.642e-05,0.0
24456625.0,4995000000.0,5000000.0,5.0,0.0,0.0487,0.0487,0.0487,0.0487,21.428,0.032142,0.0,0.032142,21.428,0.0,0.0,0.0,0.0,0.0,0.0,0.0,4.642e-05,0.0,0.0,0.0,2.154e-06,0.0,0.0,0.0,0.0,2.154e-06,4.642e-05,0.0
24456999.0,4995000000.0,5000000.0,5.0,0.0,0.0487,0.0487,0.0487,0.0487,21.428,0.032142,0.00021428,0.032142,21.428,3.2142e-07,0.00021428,3.2142e-07,0.0,0.0,0.0,0.0,1e-07,0.0,0.0,0.0,1e-11,0.0,0.0,0.0,0.0,1e-11,1e-07,0.0
24450852.0,4995000000.0,5000000.0,5.0,0.0,0.0487,0.0487,0.0487,0.0487,2.2307,0.60541,0.019407,0.60541,2.2307,6.0541e-06,0.019407,6.0541e-06,0.0,0.0,0.0,0.0,0.001,0.0,0.0,0.0,0.001,0.0,0.0,0.0,0.0,0.001,0.001,0.0
24457604.0,4995000000.0,5000000.0,5.0,0.0,0.0487,0.0487,0.0487,0.0487,21.428,0.032142,0.0020493,0.032142,21.428,0.025714,0.0020493,0.025714,0.0,0.0,0.0,0.0,4.642e-05,0.0,0.0,0.0,1e-07,0.0,0.0,0.0,0.0,1e-07,4.642e-05,0.0
24457342.0,4995000000.0,5000000.0,5.0,0.0,0.0487,0.0487,0.0487,0.0487,21.428,0.032142,0.0020493,0.032142,21.428,3.2142e-07,0.0020493,3.2142e-07,0.0,0.0,0.0,0.0,1e-07,0.0,0.0,0.0,1e-11,0.0,0.0,0.0,0.0,1e-11,1e-07,0.0
24456706.0,4995000000.0,5000000.0,5.0,0.0,0.0487,0.0487,0.0487,0.0487,21.428,0.032142,0.0,0.032142,21.428,3.0739e-06,0.0,3.0739e-06,0.0,0.0,0.0,0.0,1e-07,0.0,0.0,0.0,2.154e-10,0.0,0.0,0.0,0.0,2.154e-10,1e-07,0.0
24457888.0,4995000000.0,5000000.0,5.0,0.0,0.0487,0.0487,0.0487,0.0487,21.428,0.032142,0.019598,0.032142,21.428,0.0026903,0.019598,0.0026903,0.0,0.0,0.0,0.0,2.154e-06,0.0,0.0,0.0,1e-11,0.0,0.0,0.0,0.0,1e-11,2.154e-06,0.0
24457328.0,4995000000.0,5000000.0,5.0,0.0,0.0487,0.0487,0.0487,0.0487,21.428,0.032142,0.0020493,0.032142,21.428,3.2142e-07,0.0020493,3.2142e-07,0.0,0.0,0.0,0.0,2.154e-10,0.0,0.0,0.0,1e-11,0.0,0.0,0.0,0.0,1e-11,2.154e-10,0.0
24459515.0,4995000000.0,5000000.0,5.0,0.0,0.0487,0.0487,0.0487,0.0487,21.428,0.11571,0.00021428,0.11571,21.428,0.00010583,0.00021428,0.00010583,0.0,0.0,0.0,0.0,4.642e-05,0.0,0.0,0.0,1e-07,0.0,0.0,0.0,0.0,1e-07,4.642e-05,0.0
24451818.0,4995000000.0,5000000.0,5.0,0.0,0.0487,0.0487,0.0487,0.0487,2.2307,2.2307,0.0,2.2307,2.2307,0.0,0.0,0.0,0.0,0.0,0.0,0.0,2.154e-06,0.0,0.0,0.0,0.001,0.0,0.0,0.0,0.0,0.001,2.154e-06,0.0
24450183.0,4995000000.0,5000000.0,5.0,0.0,0.0487,0.0487,0.0487,0.0487,2.2307,0.60541,0.00021333,0.60541,2.2307,5.7898e-05,0.00021333,5.7898e-05,0.0,0.0,0.0,0.0,4.642e-09,0.0,0.0,0.0,4.642e-09,0.0,0.0,0.0,0.0,4.642e-09,4.642e-09,0.0
24457938.0,4995000000.0,5000000.0,5.0,0.0,0.0487,0.0487,0.0487,0.0487,21.428,0.032142,0.019598,0.032142,21.428,0.025714,0.019598,0.025714,0.0,0.0,0.0,0.0,2.154e-06,0.0,0.0,0.0,2.154e-10,0.0,0.0,0.0,0.0,2.154e-10,2.154e-06,0.0
24450499.0,4995000000.0,5000000.0,5.0,0.0,0.0487,0.0487,0.0487,0.0487,2.2307,0.60541,0.0020402,0.60541,2.2307,6.0541e-06,0.0020402,6.0541e-06,0.0,0.0,0.0,0.0,4.642e-05,0.0,0.0,0.0,1e-07,0.0,0.0,0.0,0.0,1e-07,4.642e-05,0.0
24459924.0,4995000000.0,5000000.0,5.0,0.0,0.0487,0.0487,0.0487,0.0487,21.428,0.11571,0.0020493,0.11571,21.428,0.009685,0.0020493,0.009685,0.0,0.0,0.0,0.0,1e-11,0.0,0.0,0.0,0.001,0.0,0.0,0.0,0.0,0.001,1e-11,0.0
24456772.0,4995000000.0,5000000.0,5.0,0.0,0.0487,0.0487,0.0487,0.0487,21.428,0.032142,0.0,0.032142,21.428,2.9397e-05,0.0,2.9397e-05,0.0,0.0,0.0,0.0,4.642e-05,0.0,0.0,0.0,2.154e-06,0.0,0.0,0.0,0.0,2.154e-06,4.642e-05,0.0
24452714.0,4995000000.0,5000000.0,5.0,0.0,0.0487,0.0487,0.0487,0.0487,2.2307,2.2307,0.00021333,2.2307,2.2307,0.019407,0.00021333,0.019407,0.0,0.0,0.0,0.0,0.001,0.0,0.0,0.0,0.001,0.0,0.0,0.0,0.0,0.001,0.001,0.0
24453372.0,4995000000.0,5000000.0,5.0,0.0,0.0487,0.0487,0.0487,0.0487,2.2307,2.2307,0.019407,2.2307,2.2307,0.019407,0.019407,0.019407,0.0,0.0,0.0,0.0,4.642e-09,0.0,0.0,0.0,0.001,0.0,0.0,0.0,0.0,0.001,4.642e-09,0.0
24450431.0,4995000000.0,5000000.0,5.0,0.0,0.0487,0.0487,0.0487,0.0487,2.2307,0.60541,0.0020402,0.60541,2.2307,0.0,0.0020402,0.0,0.0,0.0,0.0,0.0,4.642e-09,0.0,0.0,0.0,4.642e-05,0.0,0.0,0.0,0.0,4.642e-05,4.642e-09,0.0
24457598.0,4995000000.0,5000000.0,5.0,0.0,0.0487,0.0487,0.0487,0.0487,21.428,0.032142,0.0020493,0.032142,21.428,0.025714,0.0020493,0.025714,0.0,0.0,0.0,0.0,2.154e-06,0.0,0.0,0.0,2.154e-06,0.0,0.0,0.0,0.0,2.154e-06,2.154e-06,0.0
24450313.0,4995000000.0,5000000.0,5.0,0.0,0.0487,0.0487,0.0487,0.0487,2.2307,0.60541,0.00021333,0.60541,2.2307,0.005267,0.00021333,0.005267,0.0,0.0,0.0,0.0,0.001,0.0,0.0,0.0,0.001,0.0,0.0,0.0,0.0,0.001,0.001,0.0
24450970.0,4995000000.0,5000000.0,5.0,0.0,0.0487,0.0487,0.0487,0.0487,2.2307,0.60541,0.019407,0.60541,2.2307,0.005267,0.019407,0.005267,0.0,0.0,0.0,0.0,4.642e-09,0.0,0.0,0.0,4.642e-05,0.0,0.0,0.0,0.0,4.642e-05,4.642e-09,0.0
24457689.0,4995000000.0,5000000.0,5.0,0.0,0.0487,0.0487,0.0487,0.0487,21.428,0.032142,0.019598,0.032142,21.428,3.2142e-07,0.019598,3.2142e-07,0.0,0.0,0.0,0.0,1e-07,0.0,0.0,0.0,2.154e-06,0.0,0.0,0.0,0.0,2.154e-06,1e-07,0.0
24451944.0,4995000000.0,5000000.0,5.0,0.0,0.0487,0.0487,0.0487,0.0487,2.2307,2.2307,0.0,2.2307,2.2307,0.0020402,0.0,0.0020402,0.0,0.0,0.0,0.0,2.154e-10,0.0,0.0,0.0,0.001,0.0,0.0,0.0,0.0,0.001,2.154e-10,0.0
24457101.0,4995000000.0,5000000.0,5.0,0.0,0.0487,0.0487,0.0487,0.0487,21.428,0.032142,0.00021428,0.032142,21.428,2.9397e-05,0.00021428,2.9397e-05,0.0,0.0,0.0,0.0,1e-07,0.0,0.0,0.0,2.154e-06,0.0,0.0,0.0,0.0,2.154e-06,1e-07,0.0
24459187.0,4995000000.0,5000000.0,5.0,0.0,0.0487,0.0487,0.0487,0.0487,21.428,0.11571,0.0,0.11571,21.428,0.0010067,0.0,0.0010067,0.0,0.0,0.0,0.0,1e-11,0.0,0.0,0.0,2.154e-06,0.0,0.0,0.0,0.0,2.154e-06,1e-11,0.0
24459747.0,4995000000.0,5000000.0,5.0,0.0,0.0487,0.0487,0.0487,0.0487,21.428,0.11571,0.0020493,0.11571,21.428,1.1571e-06,0.0020493,1.1571e-06,0.0,0.0,0.0,0.0,1e-07,0.0,0.0,0.0,2.154e-06,0.0,0.0,0.0,0.0,2.154e-06,1e-07,0.0
24456732.0,4995000000.0,5000000.0,5.0,0.0,0.0487,0.0487,0.0487,0.0487,21.428,0.032142,0.0,0.032142,21.428,3.0739e-06,0.0,3.0739e-06,0.0,0.0,0.0,0.0,0.001,0.0,0.0,0.0,0.001,0.0,0.0,0.0,0.0,0.001,0.001,0.0
24450442.0,4995000000.0,5000000.0,5.0,0.0,0.0487,0.0487,0.0487,0.0487,2.2307,0.60541,0.0020402,0.60541,2.2307,0.0,0.0020402,0.0,0.0,0.0,0.0,0.0,2.154e-06,0.0,0.0,0.0,4.642e-09,0.0,0.0,0.0,0.0,4.642e-09,2.154e-06,0.0
24457515.0,4995000000.0,5000000.0,5.0,0.0,0.0487,0.0487,0.0487,0.0487,21.428,0.032142,0.0020493,0.032142,21.428,0.00027964,0.0020493,0.00027964,0.0,0.0,0.0,0.0,0.001,0.0,0.0,0.0,4.642e-05,0.0,0.0,0.0,0.0,4.642e-05,0.001,0.0
24457679.0,4995000000.0,5000000.0,5.0,0.0,0.0487,0.0487,0.0487,0.0487,21.428,0.032142,0.019598,0.032142,21.428,3.2142e-07,0.019598,3.2142e-07,0.0,0.0,0.0,0.0,4.642e-09,0.0,0.0,0.0,2.154e-10,0.0,0.0,0.0,0.0,2.154e-10,4.642e-09,0.0
24450096.0,4995000000.0,5000000.0,5.0,0.0,0.0487,0.0487,0.0487,0.0487,2.2307,0.60541,0.00021333,0.60541,2.2307,0.0,0.00021333,0.0,0.0,0.0,0.0,0.0,1e-07,0.0,0.0,0.0,0.001,0.0,0.0,0.0,0.0,0.001,1e-07,0.0
24456775.0,4995000000.0,5000000.0,5.0,0.0,0.0487,0.0487,0.0487,0.0487,21.428,0.032142,0.0,0.032142,21.428,2.9397e-05,0.0,2.9397e-05,0.0,0.0,0.0,0.0,0.001,0.0,0.0,0.0,1e-11,0.0,0.0,0.0,0.0,1e-11,0.001,0.0
24456977.0,4995000000.0,5000000.0,5.0,0.0,0.0487,0.0487,0.0487,0.0487,21.428,0.032142,0.00021428,0.032142,21.428,0.0,0.00021428,0.0,0.0,0.0,0.0,0.0,0.001,0.0,0.0,0.0,0.001,0.0,0.0,0.0,0.0,0.001,0.001,0.0
24457343.0,4995000000.0,5000000.0,5.0,0.0,0.0487,0.0487,0.0487,0.0487,21.428,0.032142,0.0020493,0.032142,21.428,3.2142e-07,0.0020493,3.2142e-07,0.0,0.0,0.0,0.0,1e-07,0.0,0.0,0.0,2.154e-10,0.0,0.0,0.0,0.0,2.154e-10,1e-07,0.0
24459804.0,4995000000.0,5000000.0,5.0,0.0,0.0487,0.0487,0.0487,0.0487,21.428,0.11571,0.0020493,0.11571,21.428,1.1066e-05,0.0020493,1.1066e-05,0.0,0.0,0.0,0.0,2.154e-06,0.0,0.0,0.0,4.642e-05,0.0,0.0,0.0,0.0,4.642e-05,2.154e-06,0.0
24457617.0,4995000000.0,5000000.0,5.0,0.0,0.0487,0.0487,0.0487,0.0487,21.428,0.032142,0.019598,0.032142,21.428,0.0,0.019598,0.0,0.0,0.0,0.0,0.0,1e-11,0.0,0.0,0.0,4.642e-09,0.0,0.0,0.0,0.0,4.642e-09,1e-11,0.0
24457803.0,4995000000.0,5000000.0,5.0,0.0,0.0487,0.0487,0.0487,0.0487,21.428,0.032142,0.019598,0.032142,21.428,2.9397e-05,0.019598,2.9397e-05,0.0,0.0,0.0,0.0,4.642e-05,0.0,0.0,0.0,0.001,0.0,0.0,0.0,0.0,0.001,4.642e-05,0.0
24457177.0,4995000000.0,5000000.0,5.0,0.0,0.0487,0.0487,0.0487,0.0487,21.428,0.032142,0.00021428,0.032142,21.428,0.0026903,0.00021428,0.0026903,0.0,0.0,0.0,0.0,1e-11,0.0,0.0,0.0,1e-07,0.0,0.0,0.0,0.0,1e-07,1e-11,0.0
24457824.0,4995000000.0,5000000.0,5.0,0.0,0.0487,0.0487,0.0487,0.0487,21.428,0.032142,0.019598,0.032142,21.428,0.00027964,0.019598,0.00027964,0.0,0.0,0.0,0.0,2.154e-10,0.0,0.0,0.0,0.001,0.0,0.0,0.0,0.0,0.001,2.154e-10,0.0
24459917.0,4995000000.0,5000000.0,5.0,0.0,0.0487,0.0487,0.0487,0.0487,21.428,0.11571,0.0020493,0.11571,21.428,0.0010067,0.0020493,0.0010067,0.0,0.0,0.0,0.0,0.001,0.0,0.0,0.0,0.001,0.0,0.0,0.0,0.0,0.001,0.001,0.0
24452244.0,4995000000.0,5000000.0,5.0,0.0,0.0487,0.0487,0.0487,0.0487,2.2307,2.2307,2.2307e-05,2.2307,2.2307,0.00021333,2.2307e-05,0.00021333,0.0,0.0,0.0,0.0,4.642e-09,0.0,0.0,0.0,4.642e-05,0.0,0.0,0.0,0.0,4.642e-05,4.642e-09,0.0
24459018.0,4995000000.0,5000000.0,5.0,0.0,0.0487,0.0487,0.0487,0.0487,21.428,0.11571,0.0,0.11571,21.428,0.0,0.0,0.0,0.0,0.0,0.0,0.0,2.154e-06,0.0,0.0,0.0,1e-07,0.0,0.0,0.0,0.0,1e-07,2.154e-06,0.0
24450922.0,4995000000.0,5000000.0,5.0,0.0,0.0487,0.0487,0.0487,0.0487,2.2307,0.60541,0.019407,0.60541,2.2307,0.00055371,0.019407,0.00055371,0.0,0.0,0.0,0.0,4.642e-09,0.0,0.0,0.0,0.001,0.0,0.0,0.0,0.0,0.001,4.642e-09,0.0
24450617.0,4995000000.0,5000000.0,5.0,0.0,0.0487,0.0487,0.0487,0.0487,2.2307,0.60541,0.0020402,0.60541,2.2307,0.005267,0.0020402,0.005267,0.0,0.0,0.0,0.0,2.154e-10,0.0,0.0,0.0,4.642e-09,0.0,0.0,0.0,0.0,4.642e-09,2.154e-10,0.0
24459928.0,4995000000.0,5000000.0,5.0,0.0,0.0487,0.0487,0.0487,0.0487,21.428,0.11571,0.0020493,0.11571,21.428,0.009685,0.0020493,0.009685,0.0,0.0,0.0,0.0,2.154e-10,0.0,0.0,0.0,1e-07,0.0,0.0,0.0,0.0,1e-07,2.154e-10,0.0
24457387.0,4995000000.0,5000000.0,5.0,0.0,0.0487,0.0487,0.0487,0.0487,21.428,0.032142,0.0020493,0.032142,21.428,3.0739e-06,0.0020493,3.0739e-06,0.0,0.0,0.0,0.0,4.642e-09,0.0,0.0,0.0,1e-07,0.0,0.0,0.0,0.0,1e-07,4.642e-09,0.0
24456972.0,4995000000.0,5000000.0,5.0,0.0,0.0487,0.0487,0.0487,0.0487,21.428,0.032142,0.00021428,0.032142,21.428,0.0,0.00021428,0.0,0.0,0.0,0.0,0.0,0.001,0.0,0.0,0.0,2.154e-10,0.0,0.0,0.0,0.0,2.154e-10,0.001,0.0
24457331.0,4995000000.0,5000000.0,5.0,0.0,0.0487,0.0487,0.0487,0.0487,21.428,0.032142,0.0020493,0.032142,21.428,3.2142e-07,0.0020493,3.2142e-07,0.0,0.0,0.0,0.0,2.154e-10,0.0,0.0,0.0,1e-07,0.0,0.0,0.0,0.0,1e-07,2.154e-10,0.0
24457836.0,4995000000.0,5000000.0,5.0,0.0,0.0487,0.0487,0.0487,0.0487,21.428,0.032142,0.019598,0.032142,21.428,0.00027964,0.019598,0.00027964,0.0,0.0,0.0,0.0,1e-07,0.0,0.0,0.0,2.154e-06,0.0,0.0,0.0,0.0,2.154e-06,1e-07,0.0
24459229.0,4995000000.0,5000000.0,5.0,0.0,0.0487,0.0487,0.0487,0.0487,21.428,0.11571,0.0,0.11571,21.428,0.0010067,0.0,0.0010067,0.0,0.0,0.0,0.0,0.001,0.0,0.0,0.0,2.154e-06,0.0,0.0,0.0,0.0,2.154e-06,0.001,0.0
24457525.0,4995000000.0,5000000.0,5.0,0.0,0.0487,0.0487,0.0487,0.0487,21.428,0.032142,0.0020493,0.032142,21.428,0.0026903,0.0020493,0.0026903,0.0,0.0,0.0,0.0,2.154e-10,0.0,0.0,0.0,2.154e-10,0.0,0.0,0.0,0.0,2.154e-10,2.154e-10,0.0
24459711.0,4995000000.0,5000000.0,5.0,0.0,0.0487,0.0487,0.0487,0.0487,21.428,0.11571,0.0020493,0.11571,21.428,0.0,0.0020493,0.0,0.0,0.0,0.0,0.0,4.642e-05,0.0,0.0,0.0,1e-07,0.0,0.0,0.0,0.0,1e-07,4.642e-05,0.0
24457168.0,4995000000.0,5000000.0,5.0,0.0,0.0487,0.0487,0.0487,0.0487,21.428,0.032142,0.00021428,0.032142,21.428,0.00027964,0.00021428,0.00027964,0.0,0.0,0.0,0.0,0.001,0.0,0.0,0.0,2.154e-10,0.0,0.0,0.0,0.0,2.154e-10,0.001,0.0
24459704.0,4995000000.0,5000000.0,5.0,0.0,0.0487,0.0487,0.0487,0.0487,21.428,0.11571,0.0020493,0.11571,21.428,0.0,0.0020493,0.0,0.0,0.0,0.0,0.0,2.154e-06,0.0,0.0,0.0,1e-07,0.0,0.0,0.0,0.0,1e-07,2.154e-06,0.0
24459186.0,4995000000.0,5000000.0,5.0,0.0,0.0487,0.0487,0.0487,0.0487,21.428,0.11571,0.0,0.11571,21.428,0.0010067,0.0,0.0010067,0.0,0.0,0.0,0.0,1e-11,0.0,0.0,0.0,1e-07,0.0,0.0,0.0,0.0,1e-07,1e-11,0.0
24457517.0,4995000000.0,5000000.0,5.0,0.0,0.0487,0.0487,0.0487,0.0487,21.428,0.032142,0.0020493,0.032142,21.428,0.0026903,0.0020493,0.0026903,0.0,0.0,0.0,0.0,1e-11,0.0,0.0,0.0,1e-11,0.0,0.0,0.0,0.0,1e-11,1e-11,0.0
24450990.0,4995000000.0,5000000.0,5.0,0.0,0.0487,0.0487,0.0487,0.0487,2.2307,0.60541,0.019407,0.60541,2.2307,0.005267,0.019407,0.005267,0.0,0.0,0.0,0.0,4.642e-05,0.0,0.0,0.0,2.154e-06,0.0,0.0,0.0,0.0,2.154e-06,4.642e-05,0.0
24457585.0,4995000000.0,5000000.0,5.0,0.0,0.0487,0.0487,0.0487,0.0487,21.428,0.032142,0.0020493,0.032142,21.428,0.025714,0.0020493,0.025714,0.0,0.0,0.0,0.0,4.642e-09,0.0,0.0,0.0,4.642e-05,0.0,0.0,0.0,0.0,4.642e-05,4.642e-09,0.0
24453287.0,4995000000.0,5000000.0,5.0,0.0,0.0487,0.0487,0.0487,0.0487,2.2307,2.2307,0.019407,2.2307,2.2307,0.00021333,0.019407,0.00021333,0.0,0.0,0.0,0.0,2.154e-06,0.0,0.0,0.0,4.642e-05,0.0,0.0,0.0,0.0,4.642e-05,2.154e-06,0.0
24450242.0,4995000000.0,5000000.0,5.0,0.0,0.0487,0.0487,0.0487,0.0487,2.2307,0.60541,0.00021333,0.60541,2.2307,0.00055371,0.00021333,0.00055371,0.0,0.0,0.0,0.0,1e-07,0.0,0.0,0.0,4.642e-05,0.0,0.0,0.0,0.0,4.642e-05,1e-07,0.0
24456632.0,4995000000.0,5000000.0,5.0,0.0,0.0487,0.0487,0.0487,0.0487,21.428,0.032142,0.0,0.032142,21.428,0.0,0.0,0.0,0.0,0.0,0.0,0.0,0.001,0.0,0.0,0.0,2.154e-06,0.0,0.0,0.0,0.0,2.154e-06,0.001,0.0
24456976.0,4995000000.0,5000000.0,5.0,0.0,0.0487,0.0487,0.0487,0.0487,21.428,0.032142,0.00021428,0.032142,21.428,0.0,0.00021428,0.0,0.0,0.0,0.0,0.0,0.001,0.0,0.0,0.0,4.642e-05,0.0,0.0,0.0,0.0,4.642e-05,0.001,0.0
24457019.0,4995000000.0,5000000.0,5.0,0.0,0.0487,0.0487,0.0487,0.0487,21.428,0.032142,0.00021428,0.032142,21.428,3.2142e-07,0.00021428,3.2142e-07,0.0,0.0,0.0,0.0,4.642e-05,0.0,0.0,0.0,0.001,0.0,0.0,0.0,0.0,0.001,4.642e-05,0.0
24450169.0,4995000000.0,5000000.0,5.0,0.0,0.0487,0.0487,0.0487,0.0487,2.2307,0.60541,0.00021333,0.60541,2.2307,5.7898e-05,0.00021333,5.7898e-05,0.0,0.0,0.0,0.0,1e-11,0.0,0.0,0.0,4.642e-09,0.0,0.0,0.0,0.0,4.642e-09,1e-11,0.0
24457832.0,4995000000.0,5000000.0,5.0,0.0,0.0487,0.0487,0.0487,0.0487,21.428,0.032142,0.019598,0.032142,21.428,0.00027964,0.019598,0.00027964,0.0,0.0,0.0,0.0,1e-07,0.0,0.0,0.0,1e-11,0.0,0.0,0.0,0.0,1e-11,1e-07,0.0
24457463.0,4995000000.0,5000000.0,5.0,0.0,0.0487,0.0487,0.0487,0.0487,21.428,0.032142,0.0020493,0.032142,21.428,2.9397e-05,0.0020493,2.9397e-05,0.0,0.0,0.0,0.0,0.001,0.0,0.0,0.0,4.642e-09,0.0,0.0,0.0,0.0,4.642e-09,0.001,0.0
24450449.0,4995000000.0,5000000.0,5.0,0.0,0.0487,0.0487,0.0487,0.0487,2.2307,0.60541,0.0020402,0.60541,2.2307,0.0,0.0020402,0.0,0.0,0.0,0.0,0.0,4.642e-05,0.0,0.0,0.0,4.642e-09,0.0,0.0,0.0,0.0,4.642e-09,4.642e-05,0.0
24457434.0,4995000000.0,5000000.0,5.0,0.0,0.0487,0.0487,0.0487,0.0487,21.428,0.032142,0.0020493,0.032142,21.428,2.9397e-05,0.0020493,2.9397e-05,0.0,0.0,0.0,0.0,4.642e-09,0.0,0.0,0.0,2.154e-10,0.0,0.0,0.0,0.0,2.154e-10,4.642e-09,0.0
24456939.0,4995000000.0,5000000.0,5.0,0.0,0.0487,0.0487,0.0487,0.0487,21.428,0.032142,0.00021428,0.032142,21.428,0.0,0.00021428,0.0,0.0,0.0,0.0,0.0,2.154e-10,0.0,0.0,0.0,1e-07,0.0,0.0,0.0,0.0,1e-07,2.154e-10,0.0
24459566.0,4995000000.0,5000000.0,5.0,0.0,0.0487,0.0487,0.0487,0.0487,21.428,0.11571,0.00021428,0.11571,21.428,0.0010067,0.00021428,0.0010067,0.0,0.0,0.0,0.0,4.642e-05,0.0,0.0,0.0,4.642e-05,0.0,0.0,0.0,0.0,4.642e-05,4.642e-05,0.0
24453288.0,4995000000.0,5000000.0,5.0,0.0,0.0487,0.0487,0.0487,0.0487,2.2307,2.2307,0.019407,2.2307,2.2307,0.00021333,0.019407,0.00021333,0.0,0.0,0.0,0.0,2.154e-06,0.0,0.0,0.0,0.001,0.0,0.0,0.0,0.0,0.001,2.154e-06,0.0
24456614.0,4995000000.0,5000000.0,5.0,0.0,0.0487,0.0487,0.0487,0.0487,21.428,0.032142,0.0,0.032142,21.428,0.0,0.0,0.0,0.0,0.0,0.0,0.0,2.154e-06,0.0,0.0,0.0,1e-11,0.0,0.0,0.0,0.0,1e-11,2.154e-06,0.0
24451829.0,4995000000.0,5000000.0,5.0,0.0,0.0487,0.0487,0.0487,0.0487,2.2307,2.2307,0.0,2.2307,2.2307,0.0,0.0,0.0,0.0,0.0,0.0,0.0,0.001,0.0,0.0,0.0,1e-07,0.0,0.0,0.0,0.0,1e-07,0.001,0.0
24457688.0,4995000000.0,5000000.0,5.0,0.0,0.0487,0.0487,0.0487,0.0487,21.428,0.032142,0.019598,0.032142,21.428,3.2142e-07,0.019598,3.2142e-07,0.0,0.0,0.0,0.0,1e-07,0.0,0.0,0.0,1e-07,0.0,0.0,0.0,0.0,1e-07,1e-07,0.0
24459334.0,4995000000.0,5000000.0,5.0,0.0,0.0487,0.0487,0.0487,0.0487,21.428,0.11571,0.00021428,0.11571,21.428,0.0,0.00021428,0.0,0.0,0.0,0.0,0.0,1e-11,0.0,0.0,0.0,2.154e-06,0.0,0.0,0.0,0.0,2.154e-06,1e-11,0.0
24457622.0,4995000000.0,5000000.0,5.0,0.0,0.0487,0.0487,0.0487,0.0487,21.428,0.032142,0.019598,0.032142,21.428,0.0,0.019598,0.0,0.0,0.0,0.0,0.0,2.154e-10,0.0,0.0,0.0,1e-11,0.0,0.0,0.0,0.0,1e-11,2.154e-10,0.0
24459116.0,4995000000.0,5000000.0,5.0,0.0,0.0487,0.0487,0.0487,0.0487,21.428,0.11571,0.0,0.11571,21.428,1.1066e-05,0.0,1.1066e-05,0.0,0.0,0.0,0.0,2.154e-06,0.0,0.0,0.0,1e-07,0.0,0.0,0.0,0.0,1e-07,2.154e-06,0.0
24459956.0,4995000000.0,5000000.0,5.0,0.0,0.0487,0.0487,0.0487,0.0487,21.428,0.11571,0.0020493,0.11571,21.428,0.009685,0.0020493,0.009685,0.0,0.0,0.0,0.0,4.642e-05,0.0,0.0,0.0,1e-07,0.0,0.0,0.0,0.0,1e-07,4.642e-05,0.0
24453056.0,4995000000.0,5000000.0,5.0,0.0,0.0487,0.0487,0.0487,0.0487,2.2307,2.2307,0.0020402,2.2307,2.2307,0.019407,0.0020402,0.019407,0.0,0.0,0.0,0.0,0.001,0.0,0.0,0.0,4.642e-05,0.0,0.0,0.0,0.0,4.642e-05,0.001,0.0
24450561.0,4995000000.0,5000000.0,5.0,0.0,0.0487,0.0487,0.0487,0.0487,2.2307,0.60541,0.0020402,0.60541,2.2307,0.00055371,0.0020402,0.00055371,0.0,0.0,0.0,0.0,1e-11,0.0,0.0,0.0,4.642e-09,0.0,0.0,0.0,0.0,4.642e-09,1e-11,0.0
24459816.0,4995000000.0,5000000.0,5.0,0.0,0.0487,0.0487,0.0487,0.0487,21.428,0.11571,0.0020493,0.11571,21.428,1.1066e-05,0.0020493,1.1066e-05,0.0,0.0,0.0,0.0,0.001,0.0,0.0,0.0,1e-07,0.0,0.0,0.0,0.0,1e-07,0.001,0.0
24452014.0,4995000000.0,5000000.0,5.0,0.0,0.0487,0.0487,0.0487,0.0487,2.2307,2.2307,0.0,2.2307,2.2307,0.019407,0.0,0.019407,0.0,0.0,0.0,0.0,2.154e-06,0.0,0.0,0.0,0.001,0.0,0.0,0.0,0.0,0.001,2.154e-06,0.0
24456910.0,4995000000.0,5000000.0,5.0,0.0,0.0487,0.0487,0.0487,0.0487,21.428,0.032142,0.0,0.032142,21.428,0.025714,0.0,0.025714,0.0,0.0,0.0,0.0,2.154e-06,0.0,0.0,0.0,4.642e-09,0.0,0.0,0.0,0.0,4.642e-09,2.154e-06,0.0
24457720.0,4995000000.0,5000000.0,5.0,0.0,0.0487,0.0487,0.0487,0.0487,21.428,0.032142,0.019598,0.032142,21.428,3.0739e-06,0.019598,3.0739e-06,0.0,0.0,0.0,0.0,2.154e-10,0.0,0.0,0.0,1e-11,0.0,0.0,0.0,0.0,1e-11,2.154e-10,0.0
24459910.0,4995000000.0,5000000.0,5.0,0.0,0.0487,0.0487,0.0487,0.0487,21.428,0.11571,0.0020493,0.11571,21.428,0.0010067,0.0020493,0.0010067,0.0,0.0,0.0,0.0,4.642e-05,0.0,0.0,0.0,0.001,0.0,0.0,0.0,0.0,0.001,4.642e-05,0.0
24457370.0,4995000000.0,5000000.0,5.0,0.0,0.0487,0.0487,0.0487,0.0487,21.428,0.032142,0.0020493,0.032142,21.428,3.0739e-06,0.0020493,3.0739e-06,0.0,0.0,0.0,0.0,1e-11,0.0,0.0,0.0,1e-11,0.0,0.0,0.0,0.0,1e-11,1e-11,0.0
24457928.0,4995000000.0,5000000.0,5.0,0.0,0.0487,0.0487,0.0487,0.0487,21.428,0.032142,0.019598,0.032142,21.428,0.025714,0.019598,0.025714,0.0,0.0,0.0,0.0,4.642e-09,0.0,0.0,0.0,4.642e-05,0.0,0.0,0.0,0.0,4.642e-05,4.642e-09,0.0
24456900.0,4995000000.0,5000000.0,5.0,0.0,0.0487,0.0487,0.0487,0.0487,21.428,0.032142,0.0,0.032142,21.428,0.025714,0.0,0.025714,0.0,0.0,0.0,0.0,4.642e-09,0.0,0.0,0.0,0.001,0.0,0.0,0.0,0.0,0.001,4.642e-09,0.0
24450584.0,4995000000.0,5000000.0,5.0,0.0,0.0487,0.0487,0.0487,0.0487,2.2307,0.60541,0.0020402,0.60541,2.2307,0.00055371,0.0020402,0.00055371,0.0,0.0,0.0,0.0,1e-07,0.0,0.0,0.0,2.154e-06,0.0,0.0,0.0,0.0,2.154e-06,1e-07,0.0
24452279.0,4995000000.0,5000000.0,5.0,0.0,0.0487,0.0487,0.0487,0.0487,2.2307,2.2307,2.2307e-05,2.2307,2.2307,0.0020402,2.2307e-05,0.0020402,0.0,0.0,0.0,0.0,1e-11,0.0,0.0,0.0,4.642e-05,0.0,0.0,0.0,0.0,4.642e-05,1e-11,0.0
24456634.0,4995000000.0,5000000.0,5.0,0.0,0.0487,0.0487,0.0487,0.0487,21.428,0.032142,0.0,0.032142,21.428,0.0,0.0,0.0,0.0,0.0,0.0,0.0,0.001,0.0,0.0,0.0,0.001,0.0,0.0,0.0,0.0,0.001,0.001,0.0
24459482.0,4995000000.0,5000000.0,5.0,0.0,0.0487,0.0487,0.0487,0.0487,21.428,0.11571,0.00021428,0.11571,21.428,0.00010583,0.00021428,0.00010583,0.0,0.0,0.0,0.0,1e-11,0.0,0.0,0.0,4.642e-05,0.0,0.0,0.0,0.0,4.642e-05,1e-11,0.0
24457229.0,4995000000.0,5000000.0,5.0,0.0,0.0487,0.0487,0.0487,0.0487,21.428,0.032142,0.00021428,0.032142,21.428,0.025714,0.00021428,0.025714,0.0,0.0,0.0,0.0,1e-11,0.0,0.0,0.0,0.001,0.0,0.0,0.0,0.0,0.001,1e-11,0.0
24450205.0,4995000000.0,5000000.0,5.0,0.0,0.0487,0.0487,0.0487,0.0487,2.2307,0.60541,0.00021333,0.60541,2.2307,5.7898e-05,0.00021333,5.7898e-05,0.0,0.0,0.0,0.0,4.642e-05,0.0,0.0,0.0,1e-07,0.0,0.0,0.0,0.0,1e-07,4.642e-05,0.0
24457223.0,4995000000.0,5000000.0,5.0,0.0,0.0487,0.0487,0.0487,0.0487,21.428,0.032142,0.00021428,0.032142,21.428,0.025714,0.00021428,0.025714,0.0,0.0,0.0,0.0,1e-11,0.0,0.0,0.0,1e-11,0.0,0.0,0.0,0.0,1e-11,1e-11,0.0
24459616.0,4995000000.0,5000000.0,5.0,0.0,0.0487,0.0487,0.0487,0.0487,21.428,0.11571,0.00021428,0.11571,21.428,0.009685,0.00021428,0.009685,0.0,0.0,0.0,0.0,4.642e-05,0.0,0.0,0.0,0.001,0.0,0.0,0.0,0.0,0.001,4.642e-05,0.0
24459682.0,4995000000.0,5000000.0,5.0,0.0,0.0487,0.0487,0.0487,0.0487,21.428,0.11571,0.0020493,0.11571,21.428,0.0,0.0020493,0.0,0.0,0.0,0.0,0.0,2.154e-10,0.0,0.0,0.0,4.642e-09,0.0,0.0,0.0,0.0,4.642e-09,2.154e-10,0.0
24459941.0,4995000000.0,5000000.0,5.0,0.0,0.0487,0.0487,0.0487,0.0487,21.428,0.11571,0.0020493,0.11571,21.428,0.009685,0.0020493,0.009685,0.0,0.0,0.0,0.0,1e-07,0.0,0.0,0.0,4.642e-09,0.0,0.0,0.0,0.0,4.642e-09,1e-07,0.0
24457314.0,4995000000.0,5000000.0,5.0,0.0,0.0487,0.0487,0.0487,0.0487,21.428,0.032142,0.0020493,0.032142,21.428,0.0,0.0020493,0.0,0.0,0.0,0.0,0.0,0.001,0.0,0.0,0.0,1e-11,0.0,0.0,0.0,0.0,1e-11,0.001,0.0
24457483.0,4995000000.0,5000000.0,5.0,0.0,0.0487,0.0487,0.0487,0.0487,21.428,0.032142,0.0020493,0.032142,21.428,0.00027964,0.0020493,0.00027964,0.0,0.0,0.0,0.0,4.642e-09,0.0,0.0,0.0,2.154e-10,0.0,0.0,0.0,0.0,2.154e-10,4.642e-09,0.0
24457751.0,4995000000.0,5000000.0,5.0,0.0,0.0487,0.0487,0.0487,0.0487,21.428,0.032142,0.019598,0.032142,21.428,3.0739e-06,0.019598,3.0739e-06,0.0,0.0,0.0,0.0,4.642e-05,0.0,0.0,0.0,1e-07,0.0,0.0,0.0,0.0,1e-07,4.642e-05,0.0
24452517.0,4995000000.0,5000000.0,5.0,0.0,0.0487,0.0487,0.0487,0.0487,2.2307,2.2307,0.00021333,2.2307,2.2307,0.0,0.00021333,0.0,0.0,0.0,0.0,0.0,0.001,0.0,0.0,0.0,4.642e-05,0.0,0.0,0.0,0.0,4.642e-05,0.001,0.0
24450618.0,4995000000.0,5000000.0,5.0,0.0,0.0487,0.0487,0.0487,0.0487,2.2307,0.60541,0.0020402,0.60541,2.2307,0.005267,0.0020402,0.005267,0.0,0.0,0.0,0.0,2.154e-10,0.0,0.0,0.0,1e-07,0.0,0.0,0.0,0.0,1e-07,2.154e-10,0.0
24450206.0,4995000000.0,5000000.0,5.0,0.0,0.0487,0.0487,0.0487,0.0487,2.2307,0.60541,0.00021333,0.60541,2.2307,5.7898e-05,0.00021333,5.7898e-05,0.0,0.0,0.0,0.0,4.642e-05,0.0,0.0,0.0,2.154e-06,0.0,0.0,0.0,0.0,2.154e-06,4.642e-05,0.0
24457091.0,4995000000.0,5000000.0,5.0,0.0,0.0487,0.0487,0.0487,0.0487,21.428,0.032142,0.00021428,0.032142,21.428,2.9397e-05,0.00021428,2.9397e-05,0.0,0.0,0.0,0.0,4.642e-09,0.0,0.0,0.0,2.154e-10,0.0,0.0,0.0,0.0,2.154e-10,4.642e-09,0.0
24457873.0,4995000000.0,5000000.0,5.0,0.0,0.0487,0.0487,0.0487,0.0487,21.428,0.032142,0.019598,0.032142,21.428,0.0026903,0.019598,0.0026903,0.0,0.0,0.0,0.0,2.154e-10,0.0,0.0,0.0,0.001,0.0,0.0,0.0,0.0,0.001,2.154e-10,0.0
24459395.0,4995000000.0,5000000.0,5.0,0.0,0.0487,0.0487,0.0487,0.0487,21.428,0.11571,0.00021428,0.11571,21.428,1.1571e-06,0.00021428,1.1571e-06,0.0,0.0,0.0,0.0,4.642e-09,0.0,0.0,0.0,4.642e-09,0.0,0.0,0.0,0.0,4.642e-09,4.642e-09,0.0
24459832.0,4995000000.0,5000000.0,5.0,0.0,0.0487,0.0487,0.0487,0.0487,21.428,0.11571,0.0020493,0.11571,21.428,0.00010583,0.0020493,0.00010583,0.0,0.0,0.0,0.0,2.154e-10,0.0,0.0,0.0,4.642e-05,0.0,0.0,0.0,0.0,4.642e-05,2.154e-10,0.0
24456830.0,4995000000.0,5000000.0,5.0,0.0,0.0487,0.0487,0.0487,0.0487,21.428,0.032142,0.0,0.032142,21.428,0.00027964,0.0,0.00027964,0.0,0.0,0.0,0.0,0.001,0.0,0.0,0.0,0.001,0.0,0.0,0.0,0.0,0.001,0.001,0.0
24451993.0,4995000000.0,5000000.0,5.0,0.0,0.0487,0.0487,0.0487,0.0487,2.2307,2.2307,0.0,2.2307,2.2307,0.019407,0.0,0.019407,0.0,0.0,0.0,0.0,2.154e-10,0.0,0.0,0.0,0.001,0.0,0.0,0.0,0.0,0.001,2.154e-10,0.0
24457247.0,4995000000.0,5000000.0,5.0,0.0,0.0487,0.0487,0.0487,0.0487,21.428,0.032142,0.00021428,0.032142,21.428,0.025714,0.00021428,0.025714,0.0,0.0,0.0,0.0,1e-07,0.0,0.0,0.0,1e-07,0.0,0.0,0.0,0.0,1e-07,1e-07,0.0
24456835.0,4995000000.0,5000000.0,5.0,0.0,0.0487,0.0487,0.0487,0.0487,21.428,0.032142,0.0,0.032142,21.428,0.0026903,0.0,0.0026903,0.0,0.0,0.0,0.0,1e-11,0.0,0.0,0.0,2.154e-06,0.0,0.0,0.0,0.0,2.154e-06,1e-11,0.0
24457835.0,4995000000.0,5000000.0,5.0,0.0,0.0487,0.0487,0.0487,0.0487,21.428,0.032142,0.019598,0.032142,21.428,0.00027964,0.019598,0.00027964,0.0,0.0,0.0,0.0,1e-07,0.0,0.0,0.0,1e-07,0.0,0.0,0.0,0.0,1e-07,1e-07,0.0
24453028.0,4995000000.0,5000000.0,5.0,0.0,0.0487,0.0487,0.0487,0.0487,2.2307,2.2307,0.0020402,2.2307,2.2307,0.019407,0.0020402,0.019407,0.0,0.0,0.0,0.0,4.642e-09,0.0,0.0,0.0,4.642e-05,0.0,0.0,0.0,0.0,4.642e-05,4.642e-09,0.0
24456723.0,4995000000.0,5000000.0,5.0,0.0,0.0487,0.0487,0.0487,0.0487,21.428,0.032142,0.0,0.032142,21.428,3.0739e-06,0.0,3.0739e-06,0.0,0.0,0.0,0.0,4.642e-05,0.0,0.0,0.0,2.154e-06,0.0,0.0,0.0,0.0,2.154e-06,4.642e-05,0.0
24459868.0,4995000000.0,5000000.0,5.0,0.0,0.0487,0.0487,0.0487,0.0487,21.428,0.11571,0.0020493,0.11571,21.428,0.00010583,0.0020493,0.00010583,0.0,0.0,0.0,0.0,0.001,0.0,0.0,0.0,0.001,0.0,0.0,0.0,0.0,0.001,0.001,0.0
24459808.0,4995000000.0,5000000.0,5.0,0.0,0.0487,0.0487,0.0487,0.0487,21.428,0.11571,0.0020493,0.11571,21.428,1.1066e-05,0.0020493,1.1066e-05,0.0,0.0,0.0,0.0,4.642e-05,0.0,0.0,0.0,4.642e-09,0.0,0.0,0.0,0.0,4.642e-09,4.642e-05,0.0
24457653.0,4995000000.0,5000000.0,5.0,0.0,0.0487,0.0487,0.0487,0.0487,21.428,0.032142,0.019598,0.032142,21.428,0.0,0.019598,0.0,0.0,0.0,0.0,0.0,4.642e-05,0.0,0.0,0.0,1e-07,0.0,0.0,0.0,0.0,1e-07,4.642e-05,0.0
24457025.0,4995000000.0,5000000.0,5.0,0.0,0.0487,0.0487,0.0487,0.0487,21.428,0.032142,0.00021428,0.032142,21.428,3.2142e-07,0.00021428,3.2142e-07,0.0,0.0,0.0,0.0,0.001,0.0,0.0,0.0,4.642e-05,0.0,0.0,0.0,0.0,4.642e-05,0.001,0.0
24457756.0,4995000000.0,5000000.0,5.0,0.0,0.0487,0.0487,0.0487,0.0487,21.428,0.032142,0.019598,0.032142,21.428,3.0739e-06,0.019598,3.0739e-06,0.0,0.0,0.0,0.0,0.001,0.0,0.0,0.0,2.154e-10,0.0,0.0,0.0,0.0,2.154e-10,0.001,0.0
24452564.0,4995000000.0,5000000.0,5.0,0.0,0.0487,0.0487,0.0487,0.0487,2.2307,2.2307,0.00021333,2.2307,2.2307,2.2307e-05,0.00021333,2.2307e-05,0.0,0.0,0.0,0.0,0.001,0.0,0.0,0.0,1e-07,0.0,0.0,0.0,0.0,1e-07,0.001,0.0
24450795.0,4995000000.0,5000000.0,5.0,0.0,0.0487,0.0487,0.0487,0.0487,2.2307,0.60541,0.019407,0.60541,2.2307,0.0,0.019407,0.0,0.0,0.0,0.0,0.0,4.642e-05,0.0,0.0,0.0,4.642e-05,0.0,0.0,0.0,0.0,4.642e-05,4.642e-05,0.0
24459171.0,4995000000.0,5000000.0,5.0,0.0,0.0487,0.0487,0.0487,0.0487,21.428,0.11571,0.0,0.11571,21.428,0.00010583,0.0,0.00010583,0.0,0.0,0.0,0.0,4.642e-05,0.0,0.0,0.0,4.642e-09,0.0,0.0,0.0,0.0,4.642e-09,4.642e-05,0.0
24457002.0,4995000000.0,5000000.0,5.0,0.0,0.0487,0.0487,0.0487,0.0487,21.428,0.032142,0.00021428,0.032142,21.428,3.2142e-07,0.00021428,3.2142e-07,0.0,0.0,0.0,0.0,1e-07,0.0,0.0,0.0,1e-07,0.0,0.0,0.0,0.0,1e-07,1e-07,0.0
24457743.0,4995000000.0,5000000.0,5.0,0.0,0.0487,0.0487,0.0487,0.0487,21.428,0.032142,0.019598,0.032142,21.428,3.0739e-06,0.019598,3.0739e-06,0.0,0.0,0.0,0.0,2.154e-06,0.0,0.0,0.0,4.642e-09,0.0,0.0,0.0,0.0,4.642e-09,2.154e-06,0.0
24450893.0,4995000000.0,5000000.0,5.0,0.0,0.0487,0.0487,0.0487,0.0487,2.2307,0.60541,0.019407,0.60541,2.2307,5.7898e-05,0.019407,5.7898e-05,0.0,0.0,0.0,0.0,4.642e-05,0.0,0.0,0.0,4.642e-05,0.0,0.0,0.0,0.0,4.642e-05,4.642e-05,0.0
24452917.0,4995000000.0,5000000.0,5.0,0.0,0.0487,0.0487,0.0487,0.0487,2.2307,2.2307,0.0020402,2.2307,2.2307,0.00021333,0.0020402,0.00021333,0.0,0.0,0.0,0.0,1e-11,0.0,0.0,0.0,0.001,0.0,0.0,0.0,0.0,0.001,1e-11,0.0
24457643.0,4995000000.0,5000000.0,5.0,0.0,0.0487,0.0487,0.0487,0.0487,21.428,0.032142,0.019598,0.032142,21.428,0.0,0.019598,0.0,0.0,0.0,0.0,0.0,2.154e-06,0.0,0.0,0.0,1e-11,0.0,0.0,0.0,0.0,1e-11,2.154e-06,0.0
24452174.0,4995000000.0,5000000.0,5.0,0.0,0.0487,0.0487,0.0487,0.0487,2.2307,2.2307,2.2307e-05,2.2307,2.2307,0.0,2.2307e-05,0.0,0.0,0.0,0.0,0.0,0.001,0.0,0.0,0.0,4.642e-05,0.0,0.0,0.0,0.0,4.642e-05,0.001,0.0
24459923.0,4995000000.0,5000000.0,5.0,0.0,0.0487,0.0487,0.0487,0.0487,21.428,0.11571,0.0020493,0.11571,21.428,0.009685,0.0020493,0.009685,0.0,0.0,0.0,0.0,1e-11,0.0,0.0,0.0,4.642e-05,0.0,0.0,0.0,0.0,4.642e-05,1e-11,0.0
24459725.0,4995000000.0,5000000.0,5.0,0.0,0.0487,0.0487,0.0487,0.0487,21.428,0.11571,0.0020493,0.11571,21.428,1.1571e-06,0.0020493,1.1571e-06,0.0,0.0,0.0,0.0,1e-11,0.0,0.0,0.0,1e-07,0.0,0.0,0.0,0.0,1e-07,1e-11,0.0
24452153.0,4995000000.0,5000000.0,5.0,0.0,0.0487,0.0487,0.0487,0.0487,2.2307,2.2307,2.2307e-05,2.2307,2.2307,0.0,2.2307e-05,0.0,0.0,0.0,0.0,0.0,1e-07,0.0,0.0,0.0,4.642e-05,0.0,0.0,0.0,0.0,4.642e-05,1e-07,0.0
24459692.0,4995000000.0,5000000.0,5.0,0.0,0.0487,0.0487,0.0487,0.0487,21.428,0.11571,0.0020493,0.11571,21.428,0.0,0.0020493,0.0,0.0,0.0,0.0,0.0,4.642e-09,0.0,0.0,0.0,4.642e-05,0.0,0.0,0.0,0.0,4.642e-05,4.642e-09,0.0
24452222.0,4995000000.0,5000000.0,5.0,0.0,0.0487,0.0487,0.0487,0.0487,2.2307,2.2307,2.2307e-05,2.2307,2.2307,2.2307e-05,2.2307e-05,2.2307e-05,0.0,0.0,0.0,0.0,0.001,0.0,0.0,0.0,2.154e-06,0.0,0.0,0.0,0.0,2.154e-06,0.001,0.0
24459138.0,4995000000.0,5000000.0,5.0,0.0,0.0487,0.0487,0.0487,0.0487,21.428,0.11571,0.0,0.11571,21.428,0.00010583,0.0,0.00010583,0.0,0.0,0.0,0.0,1e-11,0.0,0.0,0.0,2.154e-06,0.0,0.0,0.0,0.0,2.154e-06,1e-11,0.0
24451930.0,4995000000.0,5000000.0,5.0,0.0,0.0487,0.0487,0.0487,0.0487,2.2307,2.2307,0.0,2.2307,2.2307,0.00021333,0.0,0.00021333,0.0,0.0,0.0,0.0,0.001,0.0,0.0,0.0,0.001,0.0,0.0,0.0,0.0,0.001,0.001,0.0
24459346.0,4995000000.0,5000000.0,5.0,0.0,0.0487,0.0487,0.0487,0.0487,21.428,0.11571,0.00021428,0.11571,21.428,0.0,0.00021428,0.0,0.0,0.0,0.0,0.0,4.642e-09,0.0,0.0,0.0,4.642e-09,0.0,0.0,0.0,0.0,4.642e-09,4.642e-09,0.0
24459046.0,4995000000.0,5000000.0,5.0,0.0,0.0487,0.0487,0.0487,0.0487,21.428,0.11571,0.0,0.11571,21.428,1.1571e-06,0.0,1.1571e-06,0.0,0.0,0.0,0.0,2.154e-10,0.0,0.0,0.0,1e-07,0.0,0.0,0.0,0.0,1e-07,2.154e-10,0.0
24457092.0,4995000000.0,5000000.0,5.0,0.0,0.0487,0.0487,0.0487,0.0487,21.428,0.032142,0.00021428,0.032142,21.428,2.9397e-05,0.00021428,2.9397e-05,0.0,0.0,0.0,0.0,4.642e-09,0.0,0.0,0.0,4.642e-09,0.0,0.0,0.0,0.0,4.642e-09,4.642e-09,0.0
24450310.0,4995000000.0,5000000.0,5.0,0.0,0.0487,0.0487,0.0487,0.0487,2.2307,0.60541,0.00021333,0.60541,2.2307,0.005267,0.00021333,0.005267,0.0,0.0,0.0,0.0,0.001,0.0,0.0,0.0,1e-07,0.0,0.0,0.0,0.0,1e-07,0.001,0.0
24459833.0,4995000000.0,5000000.0,5.0,0.0,0.0487,0.0487,0.0487,0.0487,21.428,0.11571,0.0020493,0.11571,21.428,0.00010583,0.0020493,0.00010583,0.0,0.0,0.0,0.0,2.154e-10,0.0,0.0,0.0,0.001,0.0,0.0,0.0,0.0,0.001,2.154e-10,0.0
24456591.0,4995000000.0,5000000.0,5.0,0.0,0.0487,0.0487,0.0487,0.0487,21.428,0.032142,0.0,0.032142,21.428,0.0,0.0,0.0,0.0,0.0,0.0,0.0,1e-11,0.0,0.0,0.0,4.642e-05,0.0,0.0,0.0,0.0,4.642e-05,1e-11,0.0
24452657.0,4995000000.0,5000000.0,5.0,0.0,0.0487,0.0487,0.0487,0.0487,2.2307,2.2307,0.00021333,2.2307,2.2307,0.0020402,0.00021333,0.0020402,0.0,0.0,0.0,0.0,4.642e-05,0.0,0.0,0.0,4.642e-05,0.0,0.0,0.0,0.0,4.642e-05,4.642e-05,0.0
24459047.0,4995000000.0,5000000.0,5.0,0.0,0.0487,0.0487,0.0487,0.0487,21.428,0.11571,0.0,0.11571,21.428,1.1571e-06,0.0,1.1571e-06,0.0,0.0,0.0,0.0,2.154e-10,0.0,0.0,0.0,2.154e-06,0.0,0.0,0.0,0.0,2.154e-06,2.154e-10,0.0
24457498.0,4995000000.0,5000000.0,5.0,0.0,0.0487,0.0487,0.0487,0.0487,21.428,0.032142,0.0020493,0.032142,21.428,0.00027964,0.0020493,0.00027964,0.0,0.0,0.0,0.0,2.154e-06,0.0,0.0,0.0,4.642e-09,0.0,0.0,0.0,0.0,4.642e-09,2.154e-06,0.0
24452221.0,4995000000.0,5000000.0,5.0,0.0,0.0487,0.0487,0.0487,0.0487,2.2307,2.2307,2.2307e-05,2.2307,2.2307,2.2307e-05,2.2307e-05,2.2307e-05,0.0,0.0,0.0,0.0,0.001,0.0,0.0,0.0,1e-07,0.0,0.0,0.0,0.0,1e-07,0.001,0.0
24457194.0,4995000000.0,5000000.0,5.0,0.0,0.0487,0.0487,0.0487,0.0487,21.428,0.032142,0.00021428,0.032142,21.428,0.0026903,0.00021428,0.0026903,0.0,0.0,0.0,0.0,4.642e-09,0.0,0.0,0.0,0.001,0.0,0.0,0.0,0.0,0.001,4.642e-09,0.0
24450127.0,4995000000.0,5000000.0,5.0,0.0,0.0487,0.0487,0.0487,0.0487,2.2307,0.60541,0.00021333,0.60541,2.2307,6.0541e-06,0.00021333,6.0541e-06,0.0,0.0,0.0,0.0,2.154e-10,0.0,0.0,0.0,4.642e-09,0.0,0.0,0.0,0.0,4.642e-09,2.154e-10,0.0
24451950.0,4995000000.0,5000000.0,5.0,0.0,0.0487,0.0487,0.0487,0.0487,2.2307,2.2307,0.0,2.2307,2.2307,0.0020402,0.0,0.0020402,0.0,0.0,0.0,0.0,4.642e-09,0.0,0.0,0.0,4.642e-05,0.0,0.0,0.0,0.0,4.642e-05,4.642e-09,0.0
24457947.0,4995000000.0,5000000.0,5.0,0.0,0.0487,0.0487,0.0487,0.0487,21.428,0.032142,0.019598,0.032142,21.428,0.025714,0.019598,0.025714,0.0,0.0,0.0,0.0,4.642e-05,0.0,0.0,0.0,1e-07,0.0,0.0,0.0,0.0,1e-07,4.642e-05,0.0
24459866.0,4995000000.0,5000000.0,5.0,0.0,0.0487,0.0487,0.0487,0.0487,21.428,0.11571,0.0020493,0.11571,21.428,0.00010583,0.0020493,0.00010583,0.0,0.0,0.0,0.0,0.001,0.0,0.0,0.0,2.154e-06,0.0,0.0,0.0,0.0,2.154e-06,0.001,0.0
24452972.0,4995000000.0,5000000.0,5.0,0.0,0.0487,0.0487,0.0487,0.0487,2.2307,2.2307,0.0020402,2.2307,2.2307,0.0020402,0.0020402,0.0020402,0.0,0.0,0.0,0.0,2.154e-10,0.0,0.0,0.0,4.642e-05,0.0,0.0,0.0,0.0,4.642e-05,2.154e-10,0.0
24450298.0,4995000000.0,5000000.0,5.0,0.0,0.0487,0.0487,0.0487,0.0487,2.2307,0.60541,0.00021333,0.60541,2.2307,0.005267,0.00021333,0.005267,0.0,0.0,0.0,0.0,2.154e-06,0.0,0.0,0.0,4.642e-05,0.0,0.0,0.0,0.0,4.642e-05,2.154e-06,0.0
24457201.0,4995000000.0,5000000.0,5.0,0.0,0.0487,0.0487,0.0487,0.0487,21.428,0.032142,0.00021428,0.032142,21.428,0.0026903,0.00021428,0.0026903,0.0,0.0,0.0,0.0,1e-07,0.0,0.0,0.0,0.001,0.0,0.0,0.0,0.0,0.001,1e-07,0.0
24459399.0,4995000000.0,5000000.0,5.0,0.0,0.0487,0.0487,0.0487,0.0487,21.428,0.11571,0.00021428,0.11571,21.428,1.1571e-06,0.00021428,1.1571e-06,0.0,0.0,0.0,0.0,4.642e-09,0.0,0.0,0.0,0.001,0.0,0.0,0.0,0.0,0.001,4.642e-09,0.0
24459460.0,4995000000.0,5000000.0,5.0,0.0,0.0487,0.0487,0.0487,0.0487,21.428,0.11571,0.00021428,0.11571,21.428,1.1066e-05,0.00021428,1.1066e-05,0.0,0.0,0.0,0.0,2.154e-06,0.0,0.0,0.0,2.154e-06,0.0,0.0,0.0,0.0,2.154e-06,2.154e-06,0.0
24457195.0,4995000000.0,5000000.0,5.0,0.0,0.0487,0.0487,0.0487,0.0487,21.428,0.032142,0.00021428,0.032142,21.428,0.0026903,0.00021428,0.0026903,0.0,0.0,0.0,0.0,1e-07,0.0,0.0,0.0,1e-11,0.0,0.0,0.0,0.0,1e-11,1e-07,0.0
24453371.0,4995000000.0,5000000.0,5.0,0.0,0.0487,0.0487,0.0487,0.0487,2.2307,2.2307,0.019407,2.2307,2.2307,0.019407,0.019407,0.019407,0.0,0.0,0.0,0.0,4.642e-09,0.0,0.0,0.0,4.642e-05,0.0,0.0,0.0,0.0,4.642e-05,4.642e-09,0.0
24459943.0,4995000000.0,5000000.0,5.0,0.0,0.0487,0.0487,0.0487,0.0487,21.428,0.11571,0.0020493,0.11571,21.428,0.009685,0.0020493,0.009685,0.0,0.0,0.0,0.0,1e-07,0.0,0.0,0.0,2.154e-06,0.0,0.0,0.0,0.0,2.154e-06,1e-07,0.0
24457350.0,4995000000.0,5000000.0,5.0,0.0,0.0487,0.0487,0.0487,0.0487,21.428,0.032142,0.0020493,0.032142,21.428,3.2142e-07,0.0020493,3.2142e-07,0.0,0.0,0.0,0.0,2.154e-06,0.0,0.0,0.0,2.154e-10,0.0,0.0,0.0,0.0,2.154e-10,2.154e-06,0.0
24459200.0,4995000000.0,5000000.0,5.0,0.0,0.0487,0.0487,0.0487,0.0487,21.428,0.11571,0.0,0.11571,21.428,0.0010067,0.0,0.0010067,0.0,0.0,0.0,0.0,4.642e-09,0.0,0.0,0.0,1e-07,0.0,0.0,0.0,0.0,1e-07,4.642e-09,0.0
24456952.0,4995000000.0,5000000.0,5.0,0.0,0.0487,0.0487,0.0487,0.0487,21.428,0.032142,0.00021428,0.032142,21.428,0.0,0.00021428,0.0,0.0,0.0,0.0,0.0,1e-07,0.0,0.0,0.0,4.642e-09,0.0,0.0,0.0,0.0,4.642e-09,1e-07,0.0
24459392.0,4995000000.0,5000000.0,5.0,0.0,0.0487,0.0487,0.0487,0.0487,21.428,0.11571,0.00021428,0.11571,21.428,1.1571e-06,0.00021428,1.1571e-06,0.0,0.0,0.0,0.0,2.154e-10,0.0,0.0,0.0,0.001,0.0,0.0,0.0,0.0,0.001,2.154e-10,0.0
24452847.0,4995000000.0,5000000.0,5.0,0.0,0.0487,0.0487,0.0487,0.0487,2.2307,2.2307,0.0020402,2.2307,2.2307,0.0,0.0020402,0.0,0.0,0.0,0.0,0.0,2.154e-06,0.0,0.0,0.0,0.001,0.0,0.0,0.0,0.0,0.001,2.154e-06,0.0
24459174.0,4995000000.0,5000000.0,5.0,0.0,0.0487,0.0487,0.0487,0.0487,21.428,0.11571,0.0,0.11571,21.428,0.00010583,0.0,0.00010583,0.0,0.0,0.0,0.0,4.642e-05,0.0,0.0,0.0,4.642e-05,0.0,0.0,0.0,0.0,4.642e-05,4.642e-05,0.0
24459264.0,4995000000.0,5000000.0,5.0,0.0,0.0487,0.0487,0.0487,0.0487,21.428,0.11571,0.0,0.11571,21.428,0.009685,0.0,0.009685,0.0,0.0,0.0,0.0,2.154e-06,0.0,0.0,0.0,2.154e-06,0.0,0.0,0.0,0.0,2.154e-06,2.154e-06,0.0
24457412.0,4995000000.0,5000000.0,5.0,0.0,0.0487,0.0487,0.0487,0.0487,21.428,0.032142,0.0020493,0.032142,21.428,3.0739e-06,0.0020493,3.0739e-06,0.0,0.0,0.0,0.0,0.001,0.0,0.0,0.0,1e-11,0.0,0.0,0.0,0.0,1e-11,0.001,0.0
24450649.0,4995000000.0,5000000.0,5.0,0.0,0.0487,0.0487,0.0487,0.0487,2.2307,0.60541,0.0020402,0.60541,2.2307,0.005267,0.0020402,0.005267,0.0,0.0,0.0,0.0,4.642e-05,0.0,0.0,0.0,0.001,0.0,0.0,0.0,0.0,0.001,4.642e-05,0.0
24456990.0,4995000000.0,5000000.0,5.0,0.0,0.0487,0.0487,0.0487,0.0487,21.428,0.032142,0.00021428,0.032142,21.428,3.2142e-07,0.00021428,3.2142e-07,0.0,0.0,0.0,0.0,2.154e-10,0.0,0.0,0.0,4.642e-05,0.0,0.0,0.0,0.0,4.642e-05,2.154e-10,0.0
24457454.0,4995000000.0,5000000.0,5.0,0.0,0.0487,0.0487,0.0487,0.0487,21.428,0.032142,0.0020493,0.032142,21.428,2.9397e-05,0.0020493,2.9397e-05,0.0,0.0,0.0,0.0,4.642e-05,0.0,0.0,0.0,1e-11,0.0,0.0,0.0,0.0,1e-11,4.642e-05,0.0
24456623.0,4995000000.0,5000000.0,5.0,0.0,0.0487,0.0487,0.0487,0.0487,21.428,0.032142,0.0,0.032142,21.428,0.0,0.0,0.0,0.0,0.0,0.0,0.0,4.642e-05,0.0,0.0,0.0,4.642e-09,0.0,0.0,0.0,0.0,4.642e-09,4.642e-05,0.0
24457240.0,4995000000.0,5000000.0,5.0,0.0,0.0487,0.0487,0.0487,0.0487,21.428,0.032142,0.00021428,0.032142,21.428,0.025714,0.00021428,0.025714,0.0,0.0,0.0,0.0,4.642e-09,0.0,0.0,0.0,1e-07,0.0,0.0,0.0,0.0,1e-07,4.642e-09,0.0
24450304.0,4995000000.0,5000000.0,5.0,0.0,0.0487,0.0487,0.0487,0.0487,2.2307,0.60541,0.00021333,0.60541,2.2307,0.005267,0.00021333,0.005267,0.0,0.0,0.0,0.0,4.642e-05,0.0,0.0,0.0,2.154e-06,0.0,0.0,0.0,0.0,2.154e-06,4.642e-05,0.0
24450443.0,4995000000.0,5000000.0,5.0,0.0,0.0487,0.0487,0.0487,0.0487,2.2307,0.60541,0.0020402,0.60541,2.2307,0.0,0.0020402,0.0,0.0,0.0,0.0,0.0,2.154e-06,0.0,0.0,0.0,1e-07,0.0,0.0,0.0,0.0,1e-07,2.154e-06,0.0
24456885.0,4995000000.0,5000000.0,5.0,0.0,0.0487,0.0487,0.0487,0.0487,21.428,0.032142,0.0,0.032142,21.428,0.025714,0.0,0.025714,0.0,0.0,0.0,0.0,1e-11,0.0,0.0,0.0,4.642e-05,0.0,0.0,0.0,0.0,4.642e-05,1e-11,0.0
24450218.0,4995000000.0,5000000.0,5.0,0.0,0.0487,0.0487,0.0487,0.0487,2.2307,0.60541,0.00021333,0.60541,2.2307,0.00055371,0.00021333,0.00055371,0.0,0.0,0.0,0.0,1e-11,0.0,0.0,0.0,4.642e-09,0.0,0.0,0.0,0.0,4.642e-09,1e-11,0.0
24450989.0,4995000000.0,5000000.0,5.0,0.0,0.0487,0.0487,0.0487,0.0487,2.2307,0.60541,0.019407,0.60541,2.2307,0.005267,0.019407,0.005267,0.0,0.0,0.0,0.0,4.642e-05,0.0,0.0,0.0,1e-07,0.0,0.0,0.0,0.0,1e-07,4.642e-05,0.0
24453281.0,4995000000.0,5000000.0,5.0,0.0,0.0487,0.0487,0.0487,0.0487,2.2307,2.2307,0.019407,2.2307,2.2307,0.00021333,0.019407,0.00021333,0.0,0.0,0.0,0.0,1e-07,0.0,0.0,0.0,0.001,0.0,0.0,0.0,0.0,0.001,1e-07,0.0
24452882.0,4995000000.0,5000000.0,5.0,0.0,0.0487,0.0487,0.0487,0.0487,2.2307,2.2307,0.0020402,2.2307,2.2307,2.2307e-05,0.0020402,2.2307e-05,0.0,0.0,0.0,0.0,4.642e-09,0.0,0.0,0.0,0.001,0.0,0.0,0.0,0.0,0.001,4.642e-09,0.0
24457932.0,4995000000.0,5000000.0,5.0,0.0,0.0487,0.0487,0.0487,0.0487,21.428,0.032142,0.019598,0.032142,21.428,0.025714,0.019598,0.025714,0.0,0.0,0.0,0.0,1e-07,0.0,0.0,0.0,4.642e-09,0.0,0.0,0.0,0.0,4.642e-09,1e-07,0.0
24457612.0,4995000000.0,5000000.0,5.0,0.0,0.0487,0.0487,0.0487,0.0487,21.428,0.032142,0.0020493,0.032142,21.428,0.025714,0.0020493,0.025714,0.0,0.0,0.0,0.0,0.001,0.0,0.0,0.0,2.154e-06,0.0,0.0,0.0,0.0,2.154e-06,0.001,0.0
24450225.0,4995000000.0,5000000.0,5.0,0.0,0.0487,0.0487,0.0487,0.0487,2.2307,0.60541,0.00021333,0.60541,2.2307,0.00055371,0.00021333,0.00055371,0.0,0.0,0.0,0.0,2.154e-10,0.0,0.0,0.0,4.642e-09,0.0,0.0,0.0,0.0,4.642e-09,2.154e-10,0.0
24450187.0,4995000000.0,5000000.0,5.0,0.0,0.0487,0.0487,0.0487,0.0487,2.2307,0.60541,0.00021333,0.60541,2.2307,5.7898e-05,0.00021333,5.7898e-05,0.0,0.0,0.0,0.0,4.642e-09,0.0,0.0,0.0,0.001,0.0,0.0,0.0,0.0,0.001,4.642e-09,0.0
24459466.0,4995000000.0,5000000.0,5.0,0.0,0.0487,0.0487,0.0487,0.0487,21.428,0.11571,0.00021428,0.11571,21.428,1.1066e-05,0.00021428,1.1066e-05,0.0,0.0,0.0,0.0,4.642e-05,0.0,0.0,0.0,1e-07,0.0,0.0,0.0,0.0,1e-07,4.642e-05,0.0
24457118.0,4995000000.0,5000000.0,5.0,0.0,0.0487,0.0487,0.0487,0.0487,21.428,0.032142,0.00021428,0.032142,21.428,2.9397e-05,0.00021428,2.9397e-05,0.0,0.0,0.0,0.0,0.001,0.0,0.0,0.0,1e-11,0.0,0.0,0.0,0.0,1e-11,0.001,0.0
24457111.0,4995000000.0,5000000.0,5.0,0.0,0.0487,0.0487,0.0487,0.0487,21.428,0.032142,0.00021428,0.032142,21.428,2.9397e-05,0.00021428,2.9397e-05,0.0,0.0,0.0,0.0,4.642e-05,0.0,0.0,0.0,1e-11,0.0,0.0,0.0,0.0,1e-11,4.642e-05,0.0
24452490.0,4995000000.0,5000000.0,5.0,0.0,0.0487,0.0487,0.0487,0.0487,2.2307,2.2307,0.00021333,2.2307,2.2307,0.0,0.00021333,0.0,0.0,0.0,0.0,0.0,4.642e-09,0.0,0.0,0.0,0.001,0.0,0.0,0.0,0.0,0.001,4.642e-09,0.0
24457218.0,4995000000.0,5000000.0,5.0,0.0,0.0487,0.0487,0.0487,0.0487,21.428,0.032142,0.00021428,0.032142,21.428,0.0026903,0.00021428,0.0026903,0.0,0.0,0.0,0.0,0.001,0.0,0.0,0.0,4.642e-09,0.0,0.0,0.0,0.0,4.642e-09,0.001,0.0
24450424.0,4995000000.0,5000000.0,5.0,0.0,0.0487,0.0487,0.0487,0.0487,2.2307,0.60541,0.0020402,0.60541,2.2307,0.0,0.0020402,0.0,0.0,0.0,0.0,0.0,2.154e-10,0.0,0.0,0.0,4.642e-05,0.0,0.0,0.0,0.0,4.642e-05,2.154e-10,0.0
24450460.0,4995000000.0,5000000.0,5.0,0.0,0.0487,0.0487,0.0487,0.0487,2.2307,0.60541,0.0020402,0.60541,2.2307,0.0,0.0020402,0.0,0.0,0.0,0.0,0.0,0.001,0.0,0.0,0.0,0.001,0.0,0.0,0.0,0.0,0.001,0.001,0.0
24457290.0,4995000000.0,5000000.0,5.0,0.0,0.0487,0.0487,0.0487,0.0487,21.428,0.032142,0.0020493,0.032142,21.428,0.0,0.0020493,0.0,0.0,0.0,0.0,0.0,4.642e-09,0.0,0.0,0.0,2.154e-06,0.0,0.0,0.0,0.0,2.154e-06,4.642e-09,0.0
24459118.0,4995000000.0,5000000.0,5.0,0.0,0.0487,0.0487,0.0487,0.0487,21.428,0.11571,0.0,0.11571,21.428,1.1066e-05,0.0,1.1066e-05,0.0,0.0,0.0,0.0,2.154e-06,0.0,0.0,0.0,4.642e-05,0.0,0.0,0.0,0.0,4.642e-05,2.154e-06,0.0
24451976.0,4995000000.0,5000000.0,5.0,0.0,0.0487,0.0487,0.0487,0.0487,2.2307,2.2307,0.0,2.2307,2.2307,0.0020402,0.0,0.0020402,0.0,0.0,0.0,0.0,0.001,0.0,0.0,0.0,1e-07,0.0,0.0,0.0,0.0,1e-07,0.001,0.0
24457163.0,4995000000.0,5000000.0,5.0,0.0,0.0487,0.0487,0.0487,0.0487,21.428,0.032142,0.00021428,0.032142,21.428,0.00027964,0.00021428,0.00027964,0.0,0.0,0.0,0.0,4.642e-05,0.0,0.0,0.0,1e-07,0.0,0.0,0.0,0.0,1e-07,4.642e-05,0.0
24450905.0,4995000000.0,5000000.0,5.0,0.0,0.0487,0.0487,0.0487,0.0487,2.2307,0.60541,0.019407,0.60541,2.2307,0.00055371,0.019407,0.00055371,0.0,0.0,0.0,0.0,1e-11,0.0,0.0,0.0,1e-07,0.0,0.0,0.0,0.0,1e-07,1e-11,0.0
24456918.0,4995000000.0,5000000.0,5.0,0.0,0.0487,0.0487,0.0487,0.0487,21.428,0.032142,0.0,0.032142,21.428,0.025714,0.0,0.025714,0.0,0.0,0.0,0.0,4.642e-05,0.0,0.0,0.0,1e-07,0.0,0.0,0.0,0.0,1e-07,4.642e-05,0.0
24450185.0,4995000000.0,5000000.0,5.0,0.0,0.0487,0.0487,0.0487,0.0487,2.2307,0.60541,0.00021333,0.60541,2.2307,5.7898e-05,0.00021333,5.7898e-05,0.0,0.0,0.0,0.0,4.642e-09,0.0,0.0,0.0,2.154e-06,0.0,0.0,0.0,0.0,2.154e-06,4.642e-09,0.0
24453224.0,4995000000.0,5000000.0,5.0,0.0,0.0487,0.0487,0.0487,0.0487,2.2307,2.2307,0.019407,2.2307,2.2307,2.2307e-05,0.019407,2.2307e-05,0.0,0.0,0.0,0.0,4.642e-09,0.0,0.0,0.0,4.642e-05,0.0,0.0,0.0,0.0,4.642e-05,4.642e-09,0.0
24450261.0,4995000000.0,5000000.0,5.0,0.0,0.0487,0.0487,0.0487,0.0487,2.2307,0.60541,0.00021333,0.60541,2.2307,0.00055371,0.00021333,0.00055371,0.0,0.0,0.0,0.0,0.001,0.0,0.0,0.0,1e-07,0.0,0.0,0.0,0.0,1e-07,0.001,0.0
24457519.0,4995000000.0,5000000.0,5.0,0.0,0.0487,0.0487,0.0487,0.0487,21.428,0.032142,0.0020493,0.032142,21.428,0.0026903,0.0020493,0.0026903,0.0,0.0,0.0,0.0,1e-11,0.0,0.0,0.0,4.642e-09,0.0,0.0,0.0,0.0,4.642e-09,1e-11,0.0
24457587.0,4995000000.0,5000000.0,5.0,0.0,0.0487,0.0487,0.0487,0.0487,21.428,0.032142,0.0020493,0.032142,21.428,0.025714,0.0020493,0.025714,0.0,0.0,0.0,0.0,1e-07,0.0,0.0,0.0,1e-11,0.0,0.0,0.0,0.0,1e-11,1e-07,0.0
24457502.0,4995000000.0,5000000.0,5.0,0.0,0.0487,0.0487,0.0487,0.0487,21.428,0.032142,0.0020493,0.032142,21.428,0.00027964,0.0020493,0.00027964,0.0,0.0,0.0,0.0,2.154e-06,0.0,0.0,0.0,0.001,0.0,0.0,0.0,0.0,0.001,2.154e-06,0.0
24457065.0,4995000000.0,5000000.0,5.0,0.0,0.0487,0.0487,0.0487,0.0487,21.428,0.032142,0.00021428,0.032142,21.428,3.0739e-06,0.00021428,3.0739e-06,0.0,0.0,0.0,0.0,4.642e-05,0.0,0.0,0.0,1e-07,0.0,0.0,0.0,0.0,1e-07,4.642e-05,0.0
24457919.0,4995000000.0,5000000.0,5.0,0.0,0.0487,0.0487,0.0487,0.0487,21.428,0.032142,0.019598,0.032142,21.428,0.025714,0.019598,0.025714,0.0,0.0,0.0,0.0,2.154e-10,0.0,0.0,0.0,1e-07,0.0,0.0,0.0,0.0,1e-07,2.154e-10,0.0
24457042.0,4995000000.0,5000000.0,5.0,0.0,0.0487,0.0487,0.0487,0.0487,21.428,0.032142,0.00021428,0.032142,21.428,3.0739e-06,0.00021428,3.0739e-06,0.0,0.0,0.0,0.0,4.642e-09,0.0,0.0,0.0,2.154e-10,0.0,0.0,0.0,0.0,2.154e-10,4.642e-09,0.0
24450891.0,4995000000.0,5000000.0,5.0,0.0,0.0487,0.0487,0.0487,0.0487,2.2307,0.60541,0.019407,0.60541,2.2307,5.7898e-05,0.019407,5.7898e-05,0.0,0.0,0.0,0.0,4.642e-05,0.0,0.0,0.0,1e-07,0.0,0.0,0.0,0.0,1e-07,4.642e-05,0.0
24453250.0,4995000000.0,5000000.0,5.0,0.0,0.0487,0.0487,0.0487,0.0487,2.2307,2.2307,0.019407,2.2307,2.2307,2.2307e-05,0.019407,2.2307e-05,0.0,0.0,0.0,0.0,0.001,0.0,0.0,0.0,1e-07,0.0,0.0,0.0,0.0,1e-07,0.001,0.0
24450555.0,4995000000.0,5000000.0,5.0,0.0,0.0487,0.0487,0.0487,0.0487,2.2307,0.60541,0.0020402,0.60541,2.2307,5.7898e-05,0.0020402,5.7898e-05,0.0,0.0,0.0,0.0,0.001,0.0,0.0,0.0,1e-07,0.0,0.0,0.0,0.0,1e-07,0.001,0.0
24457752.0,4995000000.0,5000000.0,5.0,0.0,0.0487,0.0487,0.0487,0.0487,21.428,0.032142,0.019598,0.032142,21.428,3.0739e-06,0.019598,3.0739e-06,0.0,0.0,0.0,0.0,4.642e-05,0.0,0.0,0.0,2.154e-06,0.0,0.0,0.0,0.0,2.154e-06,4.642e-05,0.0
24459378.0,4995000000.0,5000000.0,5.0,0.0,0.0487,0.0487,0.0487,0.0487,21.428,0.11571,0.00021428,0.11571,21.428,0.0,0.00021428,0.0,0.0,0.0,0.0,0.0,0.001,0.0,0.0,0.0,0.001,0.0,0.0,0.0,0.0,0.001,0.001,0.0
24457383.0,4995000000.0,5000000.0,5.0,0.0,0.0487,0.0487,0.0487,0.0487,21.428,0.032142,0.0020493,0.032142,21.428,3.0739e-06,0.0020493,3.0739e-06,0.0,0.0,0.0,0.0,2.154e-10,0.0,0.0,0.0,0.001,0.0,0.0,0.0,0.0,0.001,2.154e-10,0.0
24457538.0,4995000000.0,5000000.0,5.0,0.0,0.0487,0.0487,0.0487,0.0487,21.428,0.032142,0.0020493,0.032142,21.428,0.0026903,0.0020493,0.0026903,0.0,0.0,0.0,0.0,1e-07,0.0,0.0,0.0,1e-11,0.0,0.0,0.0,0.0,1e-11,1e-07,0.0
24459360.0,4995000000.0,5000000.0,5.0,0.0,0.0487,0.0487,0.0487,0.0487,21.428,0.11571,0.00021428,0.11571,21.428,0.0,0.00021428,0.0,0.0,0.0,0.0,0.0,2.154e-06,0.0,0.0,0.0,4.642e-09,0.0,0.0,0.0,0.0,4.642e-09,2.154e-06,0.0
24459354.0,4995000000.0,5000000.0,5.0,0.0,0.0487,0.0487,0.0487,0.0487,21.428,0.11571,0.00021428,0.11571,21.428,0.0,0.00021428,0.0,0.0,0.0,0.0,0.0,1e-07,0.0,0.0,0.0,1e-07,0.0,0.0,0.0,0.0,1e-07,1e-07,0.0
24459788.0,4995000000.0,5000000.0,5.0,0.0,0.0487,0.0487,0.0487,0.0487,21.428,0.11571,0.0020493,0.11571,21.428,1.1066e-05,0.0020493,1.1066e-05,0.0,0.0,0.0,0.0,4.642e-09,0.0,0.0,0.0,1e-07,0.0,0.0,0.0,0.0,1e-07,4.642e-09,0.0
24457461.0,4995000000.0,5000000.0,5.0,0.0,0.0487,0.0487,0.0487,0.0487,21.428,0.032142,0.0020493,0.032142,21.428,2.9397e-05,0.0020493,2.9397e-05,0.0,0.0,0.0,0.0,0.001,0.0,0.0,0.0,1e-11,0.0,0.0,0.0,0.0,1e-11,0.001,0.0
24456689.0,4995000000.0,5000000.0,5.0,0.0,0.0487,0.0487,0.0487,0.0487,21.428,0.032142,0.0,0.032142,21.428,3.0739e-06,0.0,3.0739e-06,0.0,0.0,0.0,0.0,1e-11,0.0,0.0,0.0,4.642e-05,0.0,0.0,0.0,0.0,4.642e-05,1e-11,0.0
24457591.0,4995000000.0,5000000.0,5.0,0.0,0.0487,0.0487,0.0487,0.0487,21.428,0.032142,0.0020493,0.032142,21.428,0.025714,0.0020493,0.025714,0.0,0.0,0.0,0.0,1e-07,0.0,0.0,0.0,2.154e-06,0.0,0.0,0.0,0.0,2.154e-06,1e-07,0.0
24450086.0,4995000000.0,5000000.0,5.0,0.0,0.0487,0.0487,0.0487,0.0487,2.2307,0.60541,0.00021333,0.60541,2.2307,0.0,0.00021333,0.0,0.0,0.0,0.0,0.0,4.642e-09,0.0,0.0,0.0,1e-07,0.0,0.0,0.0,0.0,1e-07,4.642e-09,0.0
24459486.0,4995000000.0,5000000.0,5.0,0.0,0.0487,0.0487,0.0487,0.0487,21.428,0.11571,0.00021428,0.11571,21.428,0.00010583,0.00021428,0.00010583,0.0,0.0,0.0,0.0,2.154e-10,0.0,0.0,0.0,4.642e-09,0.0,0.0,0.0,0.0,4.642e-09,2.154e-10,0.0
24459741.0,4995000000.0,5000000.0,5.0,0.0,0.0487,0.0487,0.0487,0.0487,21.428,0.11571,0.0020493,0.11571,21.428,1.1571e-06,0.0020493,1.1571e-06,0.0,0.0,0.0,0.0,4.642e-09,0.0,0.0,0.0,4.642e-05,0.0,0.0,0.0,0.0,4.642e-05,4.642e-09,0.0
24456932.0,4995000000.0,5000000.0,5.0,0.0,0.0487,0.0487,0.0487,0.0487,21.428,0.032142,0.00021428,0.032142,21.428,0.0,0.00021428,0.0,0.0,0.0,0.0,0.0,1e-11,0.0,0.0,0.0,1e-07,0.0,0.0,0.0,0.0,1e-07,1e-11,0.0
24456630.0,4995000000.0,5000000.0,5.0,0.0,0.0487,0.0487,0.0487,0.0487,21.428,0.032142,0.0,0.032142,21.428,0.0,0.0,0.0,0.0,0.0,0.0,0.0,0.001,0.0,0.0,0.0,4.642e-09,0.0,0.0,0.0,0.0,4.642e-09,0.001,0.0
24457710.0,4995000000.0,5000000.0,5.0,0.0,0.0487,0.0487,0.0487,0.0487,21.428,0.032142,0.019598,0.032142,21.428,3.2142e-07,0.019598,3.2142e-07,0.0,0.0,0.0,0.0,0.001,0.0,0.0,0.0,2.154e-06,0.0,0.0,0.0,0.0,2.154e-06,0.001,0.0
24450570.0,4995000000.0,5000000.0,5.0,0.0,0.0487,0.0487,0.0487,0.0487,2.2307,0.60541,0.0020402,0.60541,2.2307,0.00055371,0.0020402,0.00055371,0.0,0.0,0.0,0.0,2.154e-10,0.0,0.0,0.0,2.154e-06,0.0,0.0,0.0,0.0,2.154e-06,2.154e-10,0.0
24459530.0,4995000000.0,5000000.0,5.0,0.0,0.0487,0.0487,0.0487,0.0487,21.428,0.11571,0.00021428,0.11571,21.428,0.0010067,0.00021428,0.0010067,0.0,0.0,0.0,0.0,1e-11,0.0,0.0,0.0,2.154e-06,0.0,0.0,0.0,0.0,2.154e-06,1e-11,0.0
24457217.0,4995000000.0,5000000.0,5.0,0.0,0.0487,0.0487,0.0487,0.0487,21.428,0.032142,0.00021428,0.032142,21.428,0.0026903,0.00021428,0.0026903,0.0,0.0,0.0,0.0,0.001,0.0,0.0,0.0,2.154e-10,0.0,0.0,0.0,0.0,2.154e-10,0.001,0.0
24456787.0,4995000000.0,5000000.0,5.0,0.0,0.0487,0.0487,0.0487,0.0487,21.428,0.032142,0.0,0.032142,21.428,0.00027964,0.0,0.00027964,0.0,0.0,0.0,0.0,1e-11,0.0,0.0,0.0,4.642e-05,0.0,0.0,0.0,0.0,4.642e-05,1e-11,0.0
24456596.0,4995000000.0,5000000.0,5.0,0.0,0.0487,0.0487,0.0487,0.0487,21.428,0.032142,0.0,0.032142,21.428,0.0,0.0,0.0,0.0,0.0,0.0,0.0,2.154e-10,0.0,0.0,0.0,1e-07,0.0,0.0,0.0,0.0,1e-07,2.154e-10,0.0
24457090.0,4995000000.0,5000000.0,5.0,0.0,0.0487,0.0487,0.0487,0.0487,21.428,0.032142,0.00021428,0.032142,21.428,2.9397e-05,0.00021428,2.9397e-05,0.0,0.0,0.0,0.0,4.642e-09,0.0,0.0,0.0,1e-11,0.0,0.0,0.0,0.0,1e-11,4.642e-09,0.0
24453204.0,4995000000.0,5000000.0,5.0,0.0,0.0487,0.0487,0.0487,0.0487,2.2307,2.2307,0.019407,2.2307,2.2307,0.0,0.019407,0.0,0.0,0.0,0.0,0.0,0.001,0.0,0.0,0.0,0.001,0.0,0.0,0.0,0.0,0.001,0.001,0.0
24457371.0,4995000000.0,5000000.0,5.0,0.0,0.0487,0.0487,0.0487,0.0487,21.428,0.032142,0.0020493,0.032142,21.428,3.0739e-06,0.0020493,3.0739e-06,0.0,0.0,0.0,0.0,1e-11,0.0,0.0,0.0,2.154e-10,0.0,0.0,0.0,0.0,2.154e-10,1e-11,0.0
24456760.0,4995000000.0,5000000.0,5.0,0.0,0.0487,0.0487,0.0487,0.0487,21.428,0.032142,0.0,0.032142,21.428,2.9397e-05,0.0,2.9397e-05,0.0,0.0,0.0,0.0,1e-07,0.0,0.0,0.0,0.001,0.0,0.0,0.0,0.0,0.001,1e-07,0.0
24457321.0,4995000000.0,5000000.0,5.0,0.0,0.0487,0.0487,0.0487,0.0487,21.428,0.032142,0.0020493,0.032142,21.428,3.2142e-07,0.0020493,3.2142e-07,0.0,0.0,0.0,0.0,1e-11,0.0,0.0,0.0,1e-11,0.0,0.0,0.0,0.0,1e-11,1e-11,0.0
24459412.0,4995000000.0,5000000.0,5.0,0.0,0.0487,0.0487,0.0487,0.0487,21.428,0.11571,0.00021428,0.11571,21.428,1.1571e-06,0.00021428,1.1571e-06,0.0,0.0,0.0,0.0,2.154e-06,0.0,0.0,0.0,4.642e-05,0.0,0.0,0.0,0.0,4.642e-05,2.154e-06,0.0
24450074.0,4995000000.0,5000000.0,5.0,0.0,0.0487,0.0487,0.0487,0.0487,2.2307,0.60541,0.00021333,0.60541,2.2307,0.0,0.00021333,0.0,0.0,0.0,0.0,0.0,1e-11,0.0,0.0,0.0,4.642e-05,0.0,0.0,0.0,0.0,4.642e-05,1e-11,0.0
24459851.0,4995000000.0,5000000.0,5.0,0.0,0.0487,0.0487,0.0487,0.0487,21.428,0.11571,0.0020493,0.11571,21.428,0.00010583,0.0020493,0.00010583,0.0,0.0,0.0,0.0,2.154e-06,0.0,0.0,0.0,1e-07,0.0,0.0,0.0,0.0,1e-07,2.154e-06,0.0
24459214.0,4995000000.0,5000000.0,5.0,0.0,0.0487,0.0487,0.0487,0.0487,21.428,0.11571,0.0,0.11571,21.428,0.0010067,0.0,0.0010067,0.0,0.0,0.0,0.0,2.154e-06,0.0,0.0,0.0,1e-07,0.0,0.0,0.0,0.0,1e-07,2.154e-06,0.0
24459915.0,4995000000.0,5000000.0,5.0,0.0,0.0487,0.0487,0.0487,0.0487,21.428,0.11571,0.0020493,0.11571,21.428,0.0010067,0.0020493,0.0010067,0.0,0.0,0.0,0.0,0.001,0.0,0.0,0.0,2.154e-06,0.0,0.0,0.0,0.0,2.154e-06,0.001,0.0
24453225.0,4995000000.0,5000000.0,5.0,0.0,0.0487,0.0487,0.0487,0.0487,2.2307,2.2307,0.019407,2.2307,2.2307,2.2307e-05,0.019407,2.2307e-05,0.0,0.0,0.0,0.0,4.642e-09,0.0,0.0,0.0,0.001,0.0,0.0,0.0,0.0,0.001,4.642e-09,0.0
24450277.0,4995000000.0,5000000.0,5.0,0.0,0.0487,0.0487,0.0487,0.0487,2.2307,0.60541,0.00021333,0.60541,2.2307,0.005267,0.00021333,0.005267,0.0,0.0,0.0,0.0,2.154e-10,0.0,0.0,0.0,4.642e-05,0.0,0.0,0.0,0.0,4.642e-05,2.154e-10,0.0
24452908.0,4995000000.0,5000000.0,5.0,0.0,0.0487,0.0487,0.0487,0.0487,2.2307,2.2307,0.0020402,2.2307,2.2307,2.2307e-05,0.0020402,2.2307e-05,0.0,0.0,0.0,0.0,0.001,0.0,0.0,0.0,2.154e-06,0.0,0.0,0.0,0.0,2.154e-06,0.001,0.0
24450257.0,4995000000.0,5000000.0,5.0,0.0,0.0487,0.0487,0.0487,0.0487,2.2307,0.60541,0.00021333,0.60541,2.2307,0.00055371,0.00021333,0.00055371,0.0,0.0,0.0,0.0,4.642e-05,0.0,0.0,0.0,0.001,0.0,0.0,0.0,0.0,0.001,4.642e-05,0.0
24450822.0,4995000000.0,5000000.0,5.0,0.0,0.0487,0.0487,0.0487,0.0487,2.2307,0.60541,0.019407,0.60541,2.2307,6.0541e-06,0.019407,6.0541e-06,0.0,0.0,0.0,0.0,4.642e-09,0.0,0.0,0.0,2.154e-06,0.0,0.0,0.0,0.0,2.154e-06,4.642e-09,0.0
24457931.0,4995000000.0,5000000.0,5.0,0.0,0.0487,0.0487,0.0487,0.0487,21.428,0.032142,0.019598,0.032142,21.428,0.025714,0.019598,0.025714,0.0,0.0,0.0,0.0,1e-07,0.0,0.0,0.0,2.154e-10,0.0,0.0,0.0,0.0,2.154e-10,1e-07,0.0
24459825.0,4995000000.0,5000000.0,5.0,0.0,0.0487,0.0487,0.0487,0.0487,21.428,0.11571,0.0020493,0.11571,21.428,0.00010583,0.0020493,0.00010583,0.0,0.0,0.0,0.0,1e-11,0.0,0.0,0.0,4.642e-05,0.0,0.0,0.0,0.0,4.642e-05,1e-11,0.0
24456983.0,4995000000.0,5000000.0,5.0,0.0,0.0487,0.0487,0.0487,0.0487,21.428,0.032142,0.00021428,0.032142,21.428,3.2142e-07,0.00021428,3.2142e-07,0.0,0.0,0.0,0.0,1e-11,0.0,0.0,0.0,4.642e-05,0.0,0.0,0.0,0.0,4.642e-05,1e-11,0.0
24456667.0,4995000000.0,5000000.0,5.0,0.0,0.0487,0.0487,0.0487,0.0487,21.428,0.032142,0.0,0.032142,21.428,3.2142e-07,0.0,3.2142e-07,0.0,0.0,0.0,0.0,2.154e-06,0.0,0.0,0.0,2.154e-06,0.0,0.0,0.0,0.0,2.154e-06,2.154e-06,0.0
24459108.0,4995000000.0,5000000.0,5.0,0.0,0.0487,0.0487,0.0487,0.0487,21.428,0.11571,0.0,0.11571,21.428,1.1066e-05,0.0,1.1066e-05,0.0,0.0,0.0,0.0,1e-07,0.0,0.0,0.0,4.642e-09,0.0,0.0,0.0,0.0,4.642e-09,1e-07,0.0
24456638.0,4995000000.0,5000000.0,5.0,0.0,0.0487,0.0487,0.0487,0.0487,21.428,0.032142,0.0,0.032142,21.428,3.2142e-07,0.0,3.2142e-07,0.0,0.0,0.0,0.0,1e-11,0.0,0.0,0.0,1e-07,0.0,0.0,0.0,0.0,1e-07,1e-11,0.0
24457773.0,4995000000.0,5000000.0,5.0,0.0,0.0487,0.0487,0.0487,0.0487,21.428,0.032142,0.019598,0.032142,21.428,2.9397e-05,0.019598,2.9397e-05,0.0,0.0,0.0,0.0,2.154e-10,0.0,0.0,0.0,2.154e-06,0.0,0.0,0.0,0.0,2.154e-06,2.154e-10,0.0
24457666.0,4995000000.0,5000000.0,5.0,0.0,0.0487,0.0487,0.0487,0.0487,21.428,0.032142,0.019598,0.032142,21.428,3.2142e-07,0.019598,3.2142e-07,0.0,0.0,0.0,0.0,1e-11,0.0,0.0,0.0,4.642e-09,0.0,0.0,0.0,0.0,4.642e-09,1e-11,0.0
24450501.0,4995000000.0,5000000.0,5.0,0.0,0.0487,0.0487,0.0487,0.0487,2.2307,0.60541,0.0020402,0.60541,2.2307,6.0541e-06,0.0020402,6.0541e-06,0.0,0.0,0.0,0.0,4.642e-05,0.0,0.0,0.0,4.642e-05,0.0,0.0,0.0,0.0,4.642e-05,4.642e-05,0.0
24459854.0,4995000000.0,5000000.0,5.0,0.0,0.0487,0.0487,0.0487,0.0487,21.428,0.11571,0.0020493,0.11571,21.428,0.00010583,0.0020493,0.00010583,0.0,0.0,0.0,0.0,2.154e-06,0.0,0.0,0.0,0.001,0.0,0.0,0.0,0.0,0.001,2.154e-06,0.0
24457206.0,4995000000.0,5000000.0,5.0,0.0,0.0487,0.0487,0.0487,0.0487,21.428,0.032142,0.00021428,0.032142,21.428,0.0026903,0.00021428,0.0026903,0.0,0.0,0.0,0.0,2.154e-06,0.0,0.0,0.0,2.154e-06,0.0,0.0,0.0,0.0,2.154e-06,2.154e-06,0.0
24459101.0,4995000000.0,5000000.0,5.0,0.0,0.0487,0.0487,0.0487,0.0487,21.428,0.11571,0.0,0.11571,21.428,1.1066e-05,0.0,1.1066e-05,0.0,0.0,0.0,0.0,4.642e-09,0.0,0.0,0.0,4.642e-09,0.0,0.0,0.0,0.0,4.642e-09,4.642e-09,0.0
24457258.0,4995000000.0,5000000.0,5.0,0.0,0.0487,0.0487,0.0487,0.0487,21.428,0.032142,0.00021428,0.032142,21.428,0.025714,0.00021428,0.025714,0.0,0.0,0.0,0.0,4.642e-05,0.0,0.0,0.0,1e-11,0.0,0.0,0.0,0.0,1e-11,4.642e-05,0.0
24457614.0,4995000000.0,5000000.0,5.0,0.0,0.0487,0.0487,0.0487,0.0487,21.428,0.032142,0.0020493,0.032142,21.428,0.025714,0.0020493,0.025714,0.0,0.0,0.0,0.0,0.001,0.0,0.0,0.0,0.001,0.0,0.0,0.0,0.0,0.001,0.001,0.0
24459797.0,4995000000.0,5000000.0,5.0,0.0,0.0487,0.0487,0.0487,0.0487,21.428,0.11571,0.0020493,0.11571,21.428,1.1066e-05,0.0020493,1.1066e-05,0.0,0.0,0.0,0.0,1e-07,0.0,0.0,0.0,4.642e-05,0.0,0.0,0.0,0.0,4.642e-05,1e-07,0.0
24459913.0,4995000000.0,5000000.0,5.0,0.0,0.0487,0.0487,0.0487,0.0487,21.428,0.11571,0.0020493,0.11571,21.428,0.0010067,0.0020493,0.0010067,0.0,0.0,0.0,0.0,0.001,0.0,0.0,0.0,4.642e-09,0.0,0.0,0.0,0.0,4.642e-09,0.001,0.0
24457770.0,4995000000.0,5000000.0,5.0,0.0,0.0487,0.0487,0.0487,0.0487,21.428,0.032142,0.019598,0.032142,21.428,2.9397e-05,0.019598,2.9397e-05,0.0,0.0,0.0,0.0,2.154e-10,0.0,0.0,0.0,2.154e-10,0.0,0.0,0.0,0.0,2.154e-10,2.154e-10,0.0
24450768.0,4995000000.0,5000000.0,5.0,0.0,0.0487,0.0487,0.0487,0.0487,2.2307,0.60541,0.019407,0.60541,2.2307,0.0,0.019407,0.0,0.0,0.0,0.0,0.0,2.154e-10,0.0,0.0,0.0,0.001,0.0,0.0,0.0,0.0,0.001,2.154e-10,0.0
24457567.0,4995000000.0,5000000.0,5.0,0.0,0.0487,0.0487,0.0487,0.0487,21.428,0.032142,0.0020493,0.032142,21.428,0.025714,0.0020493,0.025714,0.0,0.0,0.0,0.0,1e-11,0.0,0.0,0.0,2.154e-10,0.0,0.0,0.0,0.0,2.154e-10,1e-11,0.0
24457923.0,4995000000.0,5000000.0,5.0,0.0,0.0487,0.0487,0.0487,0.0487,21.428,0.032142,0.019598,0.032142,21.428,0.025714,0.019598,0.025714,0.0,0.0,0.0,0.0,4.642e-09,0.0,0.0,0.0,1e-11,0.0,0.0,0.0,0.0,1e-11,4.642e-09,0.0
24459845.0,4995000000.0,5000000.0,5.0,0.0,0.0487,0.0487,0.0487,0.0487,21.428,0.11571,0.0020493,0.11571,21.428,0.00010583,0.0020493,0.00010583,0.0,0.0,0.0,0.0,1e-07,0.0,0.0,0.0,2.154e-06,0.0,0.0,0.0,0.0,2.154e-06,1e-07,0.0
24459040.0,4995000000.0,5000000.0,5.0,0.0,0.0487,0.0487,0.0487,0.0487,21.428,0.11571,0.0,0.11571,21.428,1.1571e-06,0.0,1.1571e-06,0.0,0.0,0.0,0.0,1e-11,0.0,0.0,0.0,2.154e-06,0.0,0.0,0.0,0.0,2.154e-06,1e-11,0.0
24459423.0,4995000000.0,5000000.0,5.0,0.0,0.0487,0.0487,0.0487,0.0487,21.428,0.11571,0.00021428,0.11571,21.428,1.1571e-06,0.00021428,1.1571e-06,0.0,0.0,0.0,0.0,0.001,0.0,0.0,0.0,4.642e-09,0.0,0.0,0.0,0.0,4.642e-09,0.001,0.0
24457775.0,4995000000.0,5000000.0,5.0,0.0,0.0487,0.0487,0.0487,0.0487,21.428,0.032142,0.019598,0.032142,21.428,2.9397e-05,0.019598,2.9397e-05,0.0,0.0,0.0,0.0,2.154e-10,0.0,0.0,0.0,0.001,0.0,0.0,0.0,0.0,0.001,2.154e-10,0.0
24450907.0,4995000000.0,5000000.0,5.0,0.0,0.0487,0.0487,0.0487,0.0487,2.2307,0.60541,0.019407,0.60541,2.2307,0.00055371,0.019407,0.00055371,0.0,0.0,0.0,0.0,1e-11,0.0,0.0,0.0,4.642e-05,0.0,0.0,0.0,0.0,4.642e-05,1e-11,0.0
24450429.0,4995000000.0,5000000.0,5.0,0.0,0.0487,0.0487,0.0487,0.0487,2.2307,0.60541,0.0020402,0.60541,2.2307,0.0,0.0020402,0.0,0.0,0.0,0.0,0.0,4.642e-09,0.0,0.0,0.0,1e-07,0.0,0.0,0.0,0.0,1e-07,4.642e-09,0.0
24457510.0,4995000000.0,5000000.0,5.0,0.0,0.0487,0.0487,0.0487,0.0487,21.428,0.032142,0.0020493,0.032142,21.428,0.00027964,0.0020493,0.00027964,0.0,0.0,0.0,0.0,0.001,0.0,0.0,0.0,1e-11,0.0,0.0,0.0,0.0,1e-11,0.001,0.0
24457033.0,4995000000.0,5000000.0,5.0,0.0,0.0487,0.0487,0.0487,0.0487,21.428,0.032142,0.00021428,0.032142,21.428,3.0739e-06,0.00021428,3.0739e-06,0.0,0.0,0.0,0.0,1e-11,0.0,0.0,0.0,0.001,0.0,0.0,0.0,0.0,0.001,1e-11,0.0
24459026.0,4995000000.0,5000000.0,5.0,0.0,0.0487,0.0487,0.0487,0.0487,21.428,0.11571,0.0,0.11571,21.428,0.0,0.0,0.0,0.0,0.0,0.0,0.0,4.642e-05,0.0,0.0,0.0,2.154e-06,0.0,0.0,0.0,0.0,2.154e-06,4.642e-05,0.0
24457004.0,4995000000.0,5000000.0,5.0,0.0,0.0487,0.0487,0.0487,0.0487,21.428,0.032142,0.00021428,0.032142,21.428,3.2142e-07,0.00021428,3.2142e-07,0.0,0.0,0.0,0.0,1e-07,0.0,0.0,0.0,4.642e-05,0.0,0.0,0.0,0.0,4.642e-05,1e-07,0.0
24450950.0,4995000000.0,5000000.0,5.0,0.0,0.0487,0.0487,0.0487,0.0487,2.2307,0.60541,0.019407,0.60541,2.2307,0.00055371,0.019407,0.00055371,0.0,0.0,0.0,0.0,0.001,0.0,0.0,0.0,0.001,0.0,0.0,0.0,0.0,0.001,0.001,0.0
24457319.0,4995000000.0,5000000.0,5.0,0.0,0.0487,0.0487,0.0487,0.0487,21.428,0.032142,0.0020493,0.032142,21.428,0.0,0.0020493,0.0,0.0,0.0,0.0,0.0,0.001,0.0,0.0,0.0,4.642e-05,0.0,0.0,0.0,0.0,4.642e-05,0.001,0.0
24452553.0,4995000000.0,5000000.0,5.0,0.0,0.0487,0.0487,0.0487,0.0487,2.2307,2.2307,0.00021333,2.2307,2.2307,2.2307e-05,0.00021333,2.2307e-05,0.0,0.0,0.0,0.0,2.154e-06,0.0,0.0,0.0,0.001,0.0,0.0,0.0,0.0,0.001,2.154e-06,0.0
24450575.0,4995000000.0,5000000.0,5.0,0.0,0.0487,0.0487,0.0487,0.0487,2.2307,0.60541,0.0020402,0.60541,2.2307,0.00055371,0.0020402,0.00055371,0.0,0.0,0.0,0.0,4.642e-09,0.0,0.0,0.0,4.642e-09,0.0,0.0,0.0,0.0,4.642e-09,4.642e-09,0.0
24456916.0,4995000000.0,5000000.0,5.0,0.0,0.0487,0.0487,0.0487,0.0487,21.428,0.032142,0.0,0.032142,21.428,0.025714,0.0,0.025714,0.0,0.0,0.0,0.0,4.642e-05,0.0,0.0,0.0,2.154e-10,0.0,0.0,0.0,0.0,2.154e-10,4.642e-05,0.0
24450996.0,4995000000.0,5000000.0,5.0,0.0,0.0487,0.0487,0.0487,0.0487,2.2307,0.60541,0.019407,0.60541,2.2307,0.005267,0.019407,0.005267,0.0,0.0,0.0,0.0,0.001,0.0,0.0,0.0,1e-07,0.0,0.0,0.0,0.0,1e-07,0.001,0.0
24452712.0,4995000000.0,5000000.0,5.0,0.0,0.0487,0.0487,0.0487,0.0487,2.2307,2.2307,0.00021333,2.2307,2.2307,0.019407,0.00021333,0.019407,0.0,0.0,0.0,0.0,0.001,0.0,0.0,0.0,2.154e-06,0.0,0.0,0.0,0.0,2.154e-06,0.001,0.0
24450921.0,4995000000.0,5000000.0,5.0,0.0,0.0487,0.0487,0.0487,0.0487,2.2307,0.60541,0.019407,0.60541,2.2307,0.00055371,0.019407,0.00055371,0.0,0.0,0.0,0.0,4.642e-09,0.0,0.0,0.0,4.642e-05,0.0,0.0,0.0,0.0,4.642e-05,4.642e-09,0.0
24452363.0,4995000000.0,5000000.0,5.0,0.0,0.0487,0.0487,0.0487,0.0487,2.2307,2.2307,2.2307e-05,2.2307,2.2307,0.019407,2.2307e-05,0.019407,0.0,0.0,0.0,0.0,4.642e-05,0.0,0.0,0.0,4.642e-05,0.0,0.0,0.0,0.0,4.642e-05,4.642e-05,0.0
24457929.0,4995000000.0,5000000.0,5.0,0.0,0.0487,0.0487,0.0487,0.0487,21.428,0.032142,0.019598,0.032142,21.428,0.025714,0.019598,0.025714,0.0,0.0,0.0,0.0,4.642e-09,0.0,0.0,0.0,0.001,0.0,0.0,0.0,0.0,0.001,4.642e-09,0.0
24456789.0,4995000000.0,5000000.0,5.0,0.0,0.0487,0.0487,0.0487,0.0487,21.428,0.032142,0.0,0.032142,21.428,0.00027964,0.0,0.00027964,0.0,0.0,0.0,0.0,2.154e-10,0.0,0.0,0.0,1e-11,0.0,0.0,0.0,0.0,1e-11,2.154e-10,0.0
24456654.0,4995000000.0,5000000.0,5.0,0.0,0.0487,0.0487,0.0487,0.0487,21.428,0.032142,0.0,0.032142,21.428,3.2142e-07,0.0,3.2142e-07,0.0,0.0,0.0,0.0,4.642e-09,0.0,0.0,0.0,4.642e-05,0.0,0.0,0.0,0.0,4.642e-05,4.642e-09,0.0
24456651.0,4995000000.0,5000000.0,5.0,0.0,0.0487,0.0487,0.0487,0.0487,21.428,0.032142,0.0,0.032142,21.428,3.2142e-07,0.0,3.2142e-07,0.0,0.0,0.0,0.0,4.642e-09,0.0,0.0,0.0,4.642e-09,0.0,0.0,0.0,0.0,4.642e-09,4.642e-09,0.0
24457272.0,4995000000.0,5000000.0,5.0,0.0,0.0487,0.0487,0.0487,0.0487,21.428,0.032142,0.0020493,0.032142,21.428,0.0,0.0020493,0.0,0.0,0.0,0.0,0.0,1e-11,0.0,0.0,0.0,1e-11,0.0,0.0,0.0,0.0,1e-11,1e-11,0.0
24457777.0,4995000000.0,5000000.0,5.0,0.0,0.0487,0.0487,0.0487,0.0487,21.428,0.032142,0.019598,0.032142,21.428,2.9397e-05,0.019598,2.9397e-05,0.0,0.0,0.0,0.0,4.642e-09,0.0,0.0,0.0,2.154e-10,0.0,0.0,0.0,0.0,2.154e-10,4.642e-09,0.0
24457382.0,4995000000.0,5000000.0,5.0,0.0,0.0487,0.0487,0.0487,0.0487,21.428,0.032142,0.0020493,0.032142,21.428,3.0739e-06,0.0020493,3.0739e-06,0.0,0.0,0.0,0.0,2.154e-10,0.0,0.0,0.0,4.642e-05,0.0,0.0,0.0,0.0,4.642e-05,2.154e-10,0.0
24456650.0,4995000000.0,5000000.0,5.0,0.0,0.0487,0.0487,0.0487,0.0487,21.428,0.032142,0.0,0.032142,21.428,3.2142e-07,0.0,3.2142e-07,0.0,0.0,0.0,0.0,4.642e-09,0.0,0.0,0.0,2.154e-10,0.0,0.0,0.0,0.0,2.154e-10,4.642e-09,0.0
24459962.0,4995000000.0,5000000.0,5.0,0.0,0.0487,0.0487,0.0487,0.0487,21.428,0.11571,0.0020493,0.11571,21.428,0.009685,0.0020493,0.009685,0.0,0.0,0.0,0.0,0.001,0.0,0.0,0.0,4.642e-09,0.0,0.0,0.0,0.0,4.642e-09,0.001,0.0
24456619.0,4995000000.0,5000000.0,5.0,0.0,0.0487,0.0487,0.0487,0.0487,21.428,0.032142,0.0,0.032142,21.428,0.0,0.0,0.0,0.0,0.0,0.0,0.0,2.154e-06,0.0,0.0,0.0,4.642e-05,0.0,0.0,0.0,0.0,4.642e-05,2.154e-06,0.0
24456740.0,4995000000.0,5000000.0,5.0,0.0,0.0487,0.0487,0.0487,0.0487,21.428,0.032142,0.0,0.032142,21.428,2.9397e-05,0.0,2.9397e-05,0.0,0.0,0.0,0.0,2.154e-10,0.0,0.0,0.0,1e-11,0.0,0.0,0.0,0.0,1e-11,2.154e-10,0.0
24452516.0,4995000000.0,5000000.0,5.0,0.0,0.0487,0.0487,0.0487,0.0487,2.2307,2.2307,0.00021333,2.2307,2.2307,0.0,0.00021333,0.0,0.0,0.0,0.0,0.0,0.001,0.0,0.0,0.0,2.154e-06,0.0,0.0,0.0,0.0,2.154e-06,0.001,0.0
24459472.0,4995000000.0,5000000.0,5.0,0.0,0.0487,0.0487,0.0487,0.0487,21.428,0.11571,0.00021428,0.11571,21.428,1.1066e-05,0.00021428,1.1066e-05,0.0,0.0,0.0,0.0,0.001,0.0,0.0,0.0,4.642e-09,0.0,0.0,0.0,0.0,4.642e-09,0.001,0.0
24457363.0,4995000000.0,5000000.0,5.0,0.0,0.0487,0.0487,0.0487,0.0487,21.428,0.032142,0.0020493,0.032142,21.428,3.2142e-07,0.0020493,3.2142e-07,0.0,0.0,0.0,0.0,0.001,0.0,0.0,0.0,1e-11,0.0,0.0,0.0,0.0,1e-11,0.001,0.0
24457257.0,4995000000.0,5000000.0,5.0,0.0,0.0487,0.0487,0.0487,0.0487,21.428,0.032142,0.00021428,0.032142,21.428,0.025714,0.00021428,0.025714,0.0,0.0,0.0,0.0,2.154e-06,0.0,0.0,0.0,0.001,0.0,0.0,0.0,0.0,0.001,2.154e-06,0.0
24459196.0,4995000000.0,5000000.0,5.0,0.0,0.0487,0.0487,0.0487,0.0487,21.428,0.11571,0.0,0.11571,21.428,0.0010067,0.0,0.0010067,0.0,0.0,0.0,0.0,2.154e-10,0.0,0.0,0.0,0.001,0.0,0.0,0.0,0.0,0.001,2.154e-10,0.0
24456687.0,4995000000.0,5000000.0,5.0,0.0,0.0487,0.0487,0.0487,0.0487,21.428,0.032142,0.0,0.032142,21.428,3.0739e-06,0.0,3.0739e-06,0.0,0.0,0.0,0.0,1e-11,0.0,0.0,0.0,1e-07,0.0,0.0,0.0,0.0,1e-07,1e-11,0.0
24450556.0,4995000000.0,5000000.0,5.0,0.0,0.0487,0.0487,0.0487,0.0487,2.2307,0.60541,0.0020402,0.60541,2.2307,5.7898e-05,0.0020402,5.7898e-05,0.0,0.0,0.0,0.0,0.001,0.0,0.0,0.0,2.154e-06,0.0,0.0,0.0,0.0,2.154e-06,0.001,0.0
24456748.0,4995000000.0,5000000.0,5.0,0.0,0.0487,0.0487,0.0487,0.0487,21.428,0.032142,0.0,0.032142,21.428,2.9397e-05,0.0,2.9397e-05,0.0,0.0,0.0,0.0,4.642e-09,0.0,0.0,0.0,2.154e-10,0.0,0.0,0.0,0.0,2.154e-10,4.642e-09,0.0
24459756.0,4995000000.0,5000000.0,5.0,0.0,0.0487,0.0487,0.0487,0.0487,21.428,0.11571,0.0020493,0.11571,21.428,1.1571e-06,0.0020493,1.1571e-06,0.0,0.0,0.0,0.0,2.154e-06,0.0,0.0,0.0,0.001,0.0,0.0,0.0,0.0,0.001,2.154e-06,0.0
24452167.0,4995000000.0,5000000.0,5.0,0.0,0.0487,0.0487,0.0487,0.0487,2.2307,2.2307,2.2307e-05,2.2307,2.2307,0.0,2.2307e-05,0.0,0.0,0.0,0.0,0.0,4.642e-05,0.0,0.0,0.0,4.642e-05,0.0,0.0,0.0,0.0,4.642e-05,4.642e-05,0.0
24456817.0,4995000000.0,5000000.0,5.0,0.0,0.0487,0.0487,0.0487,0.0487,21.428,0.032142,0.0,0.032142,21.428,0.00027964,0.0,0.00027964,0.0,0.0,0.0,0.0,4.642e-05,0.0,0.0,0.0,1e-11,0.0,0.0,0.0,0.0,1e-11,4.642e-05,0.0
24457365.0,4995000000.0,5000000.0,5.0,0.0,0.0487,0.0487,0.0487,0.0487,21.428,0.032142,0.0020493,0.032142,21.428,3.2142e-07,0.0020493,3.2142e-07,0.0,0.0,0.0,0.0,0.001,0.0,0.0,0.0,4.642e-09,0.0,0.0,0.0,0.0,4.642e-09,0.001,0.0
24459451.0,4995000000.0,5000000.0,5.0,0.0,0.0487,0.0487,0.0487,0.0487,21.428,0.11571,0.00021428,0.11571,21.428,1.1066e-05,0.00021428,1.1066e-05,0.0,0.0,0.0,0.0,1e-07,0.0,0.0,0.0,4.642e-09,0.0,0.0,0.0,0.0,4.642e-09,1e-07,0.0
24451838.0,4995000000.0,5000000.0,5.0,0.0,0.0487,0.0487,0.0487,0.0487,2.2307,2.2307,0.0,2.2307,2.2307,2.2307e-05,0.0,2.2307e-05,0.0,0.0,0.0,0.0,1e-11,0.0,0.0,0.0,4.642e-05,0.0,0.0,0.0,0.0,4.642e-05,1e-11,0.0
24459182.0,4995000000.0,5000000.0,5.0,0.0,0.0487,0.0487,0.0487,0.0487,21.428,0.11571,0.0,0.11571,21.428,0.00010583,0.0,0.00010583,0.0,0.0,0.0,0.0,0.001,0.0,0.0,0.0,0.001,0.0,0.0,0.0,0.0,0.001,0.001,0.0
24457244.0,4995000000.0,5000000.0,5.0,0.0,0.0487,0.0487,0.0487,0.0487,21.428,0.032142,0.00021428,0.032142,21.428,0.025714,0.00021428,0.025714,0.0,0.0,0.0,0.0,1e-07,0.0,0.0,0.0,1e-11,0.0,0.0,0.0,0.0,1e-11,1e-07,0.0
24452000.0,4995000000.0,5000000.0,5.0,0.0,0.0487,0.0487,0.0487,0.0487,2.2307,2.2307,0.0,2.2307,2.2307,0.019407,0.0,0.019407,0.0,0.0,0.0,0.0,4.642e-09,0.0,0.0,0.0,0.001,0.0,0.0,0.0,0.0,0.001,4.642e-09,0.0
24456707.0,4995000000.0,5000000.0,5.0,0.0,0.0487,0.0487,0.0487,0.0487,21.428,0.032142,0.0,0.032142,21.428,3.0739e-06,0.0,3.0739e-06,0.0,0.0,0.0,0.0,1e-07,0.0,0.0,0.0,4.642e-09,0.0,0.0,0.0,0.0,4.642e-09,1e-07,0.0
24453203.0,4995000000.0,5000000.0,5.0,0.0,0.0487,0.0487,0.0487,0.0487,2.2307,2.2307,0.019407,2.2307,2.2307,0.0,0.019407,0.0,0.0,0.0,0.0,0.0,0.001,0.0,0.0,0.0,4.642e-05,0.0,0.0,0.0,0.0,4.642e-05,0.001,0.0
24457449.0,4995000000.0,5000000.0,5.0,0.0,0.0487,0.0487,0.0487,0.0487,21.428,0.032142,0.0020493,0.032142,21.428,2.9397e-05,0.0020493,2.9397e-05,0.0,0.0,0.0,0.0,2.154e-06,0.0,0.0,0.0,4.642e-09,0.0,0.0,0.0,0.0,4.642e-09,2.154e-06,0.0
24450088.0,4995000000.0,5000000.0,5.0,0.0,0.0487,0.0487,0.0487,0.0487,2.2307,0.60541,0.00021333,0.60541,2.2307,0.0,0.00021333,0.0,0.0,0.0,0.0,0.0,4.642e-09,0.0,0.0,0.0,4.642e-05,0.0,0.0,0.0,0.0,4.642e-05,4.642e-09,0.0
24450157.0,4995000000.0,5000000.0,5.0,0.0,0.0487,0.0487,0.0487,0.0487,2.2307,0.60541,0.00021333,0.60541,2.2307,6.0541e-06,0.00021333,6.0541e-06,0.0,0.0,0.0,0.0,4.642e-05,0.0,0.0,0.0,2.154e-06,0.0,0.0,0.0,0.0,2.154e-06,4.642e-05,0.0
24457056.0,4995000000.0,5000000.0,5.0,0.0,0.0487,0.0487,0.0487,0.0487,21.428,0.032142,0.00021428,0.032142,21.428,3.0739e-06,0.00021428,3.0739e-06,0.0,0.0,0.0,0.0,2.154e-06,0.0,0.0,0.0,2.154e-10,0.0,0.0,0.0,0.0,2.154e-10,2.154e-06,0.0
24456870.0,4995000000.0,5000000.0,5.0,0.0,0.0487,0.0487,0.0487,0.0487,21.428,0.032142,0.0,0.032142,21.428,0.0026903,0.0,0.0026903,0.0,0.0,0.0,0.0,4.642e-05,0.0,0.0,0.0,2.154e-06,0.0,0.0,0.0,0.0,2.154e-06,4.642e-05,0.0
24456764.0,4995000000.0,5000000.0,5.0,0.0,0.0487,0.0487,0.0487,0.0487,21.428,0.032142,0.0,0.032142,21.428,2.9397e-05,0.0,2.9397e-05,0.0,0.0,0.0,0.0,2.154e-06,0.0,0.0,0.0,1e-07,0.0,0.0,0.0,0.0,1e-07,2.154e-06,0.0
24456783.0,4995000000.0,5000000.0,5.0,0.0,0.0487,0.0487,0.0487,0.0487,21.428,0.032142,0.0,0.032142,21.428,0.00027964,0.0,0.00027964,0.0,0.0,0.0,0.0,1e-11,0.0,0.0,0.0,2.154e-10,0.0,0.0,0.0,0.0,2.154e-10,1e-11,0.0
24456995.0,4995000000.0,5000000.0,5.0,0.0,0.0487,0.0487,0.0487,0.0487,21.428,0.032142,0.00021428,0.032142,21.428,3.2142e-07,0.00021428,3.2142e-07,0.0,0.0,0.0,0.0,4.642e-09,0.0,0.0,0.0,1e-07,0.0,0.0,0.0,0.0,1e-07,4.642e-09,0.0
24459712.0,4995000000.0,5000000.0,5.0,0.0,0.0487,0.0487,0.0487,0.0487,21.428,0.11571,0.0020493,0.11571,21.428,0.0,0.0020493,0.0,0.0,0.0,0.0,0.0,4.642e-05,0.0,0.0,0.0,2.154e-06,0.0,0.0,0.0,0.0,2.154e-06,4.642e-05,0.0
24456927.0,4995000000.0,5000000.0,5.0,0.0,0.0487,0.0487,0.0487,0.0487,21.428,0.032142,0.0,0.032142,21.428,0.025714,0.0,0.025714,0.0,0.0,0.0,0.0,0.001,0.0,0.0,0.0,4.642e-05,0.0,0.0,0.0,0.0,4.642e-05,0.001,0.0
24456653.0,4995000000.0,5000000.0,5.0,0.0,0.0487,0.0487,0.0487,0.0487,21.428,0.032142,0.0,0.032142,21.428,3.2142e-07,0.0,3.2142e-07,0.0,0.0,0.0,0.0,4.642e-09,0.0,0.0,0.0,2.154e-06,0.0,0.0,0.0,0.0,2.154e-06,4.642e-09,0.0
24450284.0,4995000000.0,5000000.0,5.0,0.0,0.0487,0.0487,0.0487,0.0487,2.2307,0.60541,0.00021333,0.60541,2.2307,0.005267,0.00021333,0.005267,0.0,0.0,0.0,0.0,4.642e-09,0.0,0.0,0.0,4.642e-05,0.0,0.0,0.0,0.0,4.642e-05,4.642e-09,0.0
24456635.0,4995000000.0,5000000.0,5.0,0.0,0.0487,0.0487,0.0487,0.0487,21.428,0.032142,0.0,0.032142,21.428,3.2142e-07,0.0,3.2142e-07,0.0,0.0,0.0,0.0,1e-11,0.0,0.0,0.0,1e-11,0.0,0.0,0.0,0.0,1e-11,1e-11,0.0
24457948.0,4995000000.0,5000000.0,5.0,0.0,0.0487,0.0487,0.0487,0.0487,21.428,0.032142,0.019598,0.032142,21.428,0.025714,0.019598,0.025714,0.0,0.0,0.0,0.0,4.642e-05,0.0,0.0,0.0,2.154e-06,0.0,0.0,0.0,0.0,2.154e-06,4.642e-05,0.0
24450766.0,4995000000.0,5000000.0,5.0,0.0,0.0487,0.0487,0.0487,0.0487,2.2307,0.60541,0.019407,0.60541,2.2307,0.0,0.019407,0.0,0.0,0.0,0.0,0.0,2.154e-10,0.0,0.0,0.0,2.154e-06,0.0,0.0,0.0,0.0,2.154e-06,2.154e-10,0.0
24453201.0,4995000000.0,5000000.0,5.0,0.0,0.0487,0.0487,0.0487,0.0487,2.2307,2.2307,0.019407,2.2307,2.2307,0.0,0.019407,0.0,0.0,0.0,0.0,0.0,0.001,0.0,0.0,0.0,1e-07,0.0,0.0,0.0,0.0,1e-07,0.001,0.0
24456963.0,4995000000.0,5000000.0,5.0,0.0,0.0487,0.0487,0.0487,0.0487,21.428,0.032142,0.00021428,0.032142,21.428,0.0,0.00021428,0.0,0.0,0.0,0.0,0.0,2.154e-06,0.0,0.0,0.0,0.001,0.0,0.0,0.0,0.0,0.001,2.154e-06,0.0
24457849.0,4995000000.0,5000000.0,5.0,0.0,0.0487,0.0487,0.0487,0.0487,21.428,0.032142,0.019598,0.032142,21.428,0.00027964,0.019598,0.00027964,0.0,0.0,0.0,0.0,4.642e-05,0.0,0.0,0.0,1e-07,0.0,0.0,0.0,0.0,1e-07,4.642e-05,0.0
24456588.0,4995000000.0,5000000.0,5.0,0.0,0.0487,0.0487,0.0487,0.0487,21.428,0.032142,0.0,0.032142,21.428,0.0,0.0,0.0,0.0,0.0,0.0,0.0,1e-11,0.0,0.0,0.0,4.642e-09,0.0,0.0,0.0,0.0,4.642e-09,1e-11,0.0
24457783.0,4995000000.0,5000000.0,5.0,0.0,0.0487,0.0487,0.0487,0.0487,21.428,0.032142,0.019598,0.032142,21.428,2.9397e-05,0.019598,2.9397e-05,0.0,0.0,0.0,0.0,1e-07,0.0,0.0,0.0,1e-11,0.0,0.0,0.0,0.0,1e-11,1e-07,0.0
24457359.0,4995000000.0,5000000.0,5.0,0.0,0.0487,0.0487,0.0487,0.0487,21.428,0.032142,0.0020493,0.032142,21.428,3.2142e-07,0.0020493,3.2142e-07,0.0,0.0,0.0,0.0,4.642e-05,0.0,0.0,0.0,1e-07,0.0,0.0,0.0,0.0,1e-07,4.642e-05,0.0
24459909.0,4995000000.0,5000000.0,5.0,0.0,0.0487,0.0487,0.0487,0.0487,21.428,0.11571,0.0020493,0.11571,21.428,0.0010067,0.0020493,0.0010067,0.0,0.0,0.0,0.0,4.642e-05,0.0,0.0,0.0,4.642e-05,0.0,0.0,0.0,0.0,4.642e-05,4.642e-05,0.0
24457667.0,4995000000.0,5000000.0,5.0,0.0,0.0487,0.0487,0.0487,0.0487,21.428,0.032142,0.019598,0.032142,21.428,3.2142e-07,0.019598,3.2142e-07,0.0,0.0,0.0,0.0,1e-11,0.0,0.0,0.0,1e-07,0.0,0.0,0.0,0.0,1e-07,1e-11,0.0
24459063.0,4995000000.0,5000000.0,5.0,0.0,0.0487,0.0487,0.0487,0.0487,21.428,0.11571,0.0,0.11571,21.428,1.1571e-06,0.0,1.1571e-06,0.0,0.0,0.0,0.0,1e-07,0.0,0.0,0.0,0.001,0.0,0.0,0.0,0.0,0.001,1e-07,0.0
24457398.0,4995000000.0,5000000.0,5.0,0.0,0.0487,0.0487,0.0487,0.0487,21.428,0.032142,0.0020493,0.032142,21.428,3.0739e-06,0.0020493,3.0739e-06,0.0,0.0,0.0,0.0,2.154e-06,0.0,0.0,0.0,1e-11,0.0,0.0,0.0,0.0,1e-11,2.154e-06,0.0
24456949.0,4995000000.0,5000000.0,5.0,0.0,0.0487,0.0487,0.0487,0.0487,21.428,0.032142,0.00021428,0.032142,21.428,0.0,0.00021428,0.0,0.0,0.0,0.0,0.0,4.642e-09,0.0,0.0,0.0,0.001,0.0,0.0,0.0,0.0,0.001,4.642e-09,0.0
24459094.0,4995000000.0,5000000.0,5.0,0.0,0.0487,0.0487,0.0487,0.0487,21.428,0.11571,0.0,0.11571,21.428,1.1066e-05,0.0,1.1066e-05,0.0,0.0,0.0,0.0,2.154e-10,0.0,0.0,0.0,4.642e-09,0.0,0.0,0.0,0.0,4.642e-09,2.154e-10,0.0
24459237.0,4995000000.0,5000000.0,5.0,0.0,0.0487,0.0487,0.0487,0.0487,21.428,0.11571,0.0,0.11571,21.428,0.009685,0.0,0.009685,0.0,0.0,0.0,0.0,1e-11,0.0,0.0,0.0,4.642e-05,0.0,0.0,0.0,0.0,4.642e-05,1e-11,0.0
24452602.0,4995000000.0,5000000.0,5.0,0.0,0.0487,0.0487,0.0487,0.0487,2.2307,2.2307,0.00021333,2.2307,2.2307,0.00021333,0.00021333,0.00021333,0.0,0.0,0.0,0.0,2.154e-06,0.0,0.0,0.0,0.001,0.0,0.0,0.0,0.0,0.001,2.154e-06,0.0
24450969.0,4995000000.0,5000000.0,5.0,0.0,0.0487,0.0487,0.0487,0.0487,2.2307,0.60541,0.019407,0.60541,2.2307,0.005267,0.019407,0.005267,0.0,0.0,0.0,0.0,4.642e-09,0.0,0.0,0.0,2.154e-06,0.0,0.0,0.0,0.0,2.154e-06,4.642e-09,0.0
24450100.0,4995000000.0,5000000.0,5.0,0.0,0.0487,0.0487,0.0487,0.0487,2.2307,0.60541,0.00021333,0.60541,2.2307,0.0,0.00021333,0.0,0.0,0.0,0.0,0.0,2.154e-06,0.0,0.0,0.0,1e-07,0.0,0.0,0.0,0.0,1e-07,2.154e-06,0.0
24457255.0,4995000000.0,5000000.0,5.0,0.0,0.0487,0.0487,0.0487,0.0487,21.428,0.032142,0.00021428,0.032142,21.428,0.025714,0.00021428,0.025714,0.0,0.0,0.0,0.0,2.154e-06,0.0,0.0,0.0,2.154e-06,0.0,0.0,0.0,0.0,2.154e-06,2.154e-06,0.0
24457600.0,4995000000.0,5000000.0,5.0,0.0,0.0487,0.0487,0.0487,0.0487,21.428,0.032142,0.0020493,0.032142,21.428,0.025714,0.0020493,0.025714,0.0,0.0,0.0,0.0,2.154e-06,0.0,0.0,0.0,0.001,0.0,0.0,0.0,0.0,0.001,2.154e-06,0.0
24456750.0,4995000000.0,5000000.0,5.0,0.0,0.0487,0.0487,0.0487,0.0487,21.428,0.032142,0.0,0.032142,21.428,2.9397e-05,0.0,2.9397e-05,0.0,0.0,0.0,0.0,4.642e-09,0.0,0.0,0.0,1e-07,0.0,0.0,0.0,0.0,1e-07,4.642e-09,0.0
24459193.0,4995000000.0,5000000.0,5.0,0.0,0.0487,0.0487,0.0487,0.0487,21.428,0.11571,0.0,0.11571,21.428,0.0010067,0.0,0.0010067,0.0,0.0,0.0,0.0,2.154e-10,0.0,0.0,0.0,1e-07,0.0,0.0,0.0,0.0,1e-07,2.154e-10,0.0
24450781.0,4995000000.0,5000000.0,5.0,0.0,0.0487,0.0487,0.0487,0.0487,2.2307,0.60541,0.019407,0.60541,2.2307,0.0,0.019407,0.0,0.0,0.0,0.0,0.0,1e-07,0.0,0.0,0.0,4.642e-05,0.0,0.0,0.0,0.0,4.642e-05,1e-07,0.0
24453000.0,4995000000.0,5000000.0,5.0,0.0,0.0487,0.0487,0.0487,0.0487,2.2307,2.2307,0.0020402,2.2307,2.2307,0.0020402,0.0020402,0.0020402,0.0,0.0,0.0,0.0,4.642e-05,0.0,0.0,0.0,4.642e-05,0.0,0.0,0.0,0.0,4.642e-05,4.642e-05,0.0
24456730.0,4995000000.0,5000000.0,5.0,0.0,0.0487,0.0487,0.0487,0.0487,21.428,0.032142,0.0,0.032142,21.428,3.0739e-06,0.0,3.0739e-06,0.0,0.0,0.0,0.0,0.001,0.0,0.0,0.0,2.154e-06,0.0,0.0,0.0,0.0,2.154e-06,0.001,0.0
24457450.0,4995000000.0,5000000.0,5.0,0.0,0.0487,0.0487,0.0487,0.0487,21.428,0.032142,0.0020493,0.032142,21.428,2.9397e-05,0.0020493,2.9397e-05,0.0,0.0,0.0,0.0,2.154e-06,0.0,0.0,0.0,1e-07,0.0,0.0,0.0,0.0,1e-07,2.154e-06,0.0
24457941.0,4995000000.0,5000000.0,5.0,0.0,0.0487,0.0487,0.0487,0.0487,21.428,0.032142,0.019598,0.032142,21.428,0.025714,0.019598,0.025714,0.0,0.0,0.0,0.0,2.154e-06,0.0,0.0,0.0,2.154e-06,0.0,0.0,0.0,0.0,2.154e-06,2.154e-06,0.0
24450145.0,4995000000.0,5000000.0,5.0,0.0,0.0487,0.0487,0.0487,0.0487,2.2307,0.60541,0.00021333,0.60541,2.2307,6.0541e-06,0.00021333,6.0541e-06,0.0,0.0,0.0,0.0,1e-07,0.0,0.0,0.0,0.001,0.0,0.0,0.0,0.0,0.001,1e-07,0.0
24456937.0,4995000000.0,5000000.0,5.0,0.0,0.0487,0.0487,0.0487,0.0487,21.428,0.032142,0.00021428,0.032142,21.428,0.0,0.00021428,0.0,0.0,0.0,0.0,0.0,2.154e-10,0.0,0.0,0.0,2.154e-10,0.0,0.0,0.0,0.0,2.154e-10,2.154e-10,0.0
24459829.0,4995000000.0,5000000.0,5.0,0.0,0.0487,0.0487,0.0487,0.0487,21.428,0.11571,0.0020493,0.11571,21.428,0.00010583,0.0020493,0.00010583,0.0,0.0,0.0,0.0,2.154e-10,0.0,0.0,0.0,4.642e-09,0.0,0.0,0.0,0.0,4.642e-09,2.154e-10,0.0
24459068.0,4995000000.0,5000000.0,5.0,0.0,0.0487,0.0487,0.0487,0.0487,21.428,0.11571,0.0,0.11571,21.428,1.1571e-06,0.0,1.1571e-06,0.0,0.0,0.0,0.0,2.154e-06,0.0,0.0,0.0,2.154e-06,0.0,0.0,0.0,0.0,2.154e-06,2.154e-06,0.0
24452846.0,4995000000.0,5000000.0,5.0,0.0,0.0487,0.0487,0.0487,0.0487,2.2307,2.2307,0.0020402,2.2307,2.2307,0.0,0.0020402,0.0,0.0,0.0,0.0,0.0,2.154e-06,0.0,0.0,0.0,4.642e-05,0.0,0.0,0.0,0.0,4.642e-05,2.154e-06,0.0
24450264.0,4995000000.0,5000000.0,5.0,0.0,0.0487,0.0487,0.0487,0.0487,2.2307,0.60541,0.00021333,0.60541,2.2307,0.00055371,0.00021333,0.00055371,0.0,0.0,0.0,0.0,0.001,0.0,0.0,0.0,0.001,0.0,0.0,0.0,0.0,0.001,0.001,0.0
24457436.0,4995000000.0,5000000.0,5.0,0.0,0.0487,0.0487,0.0487,0.0487,21.428,0.032142,0.0020493,0.032142,21.428,2.9397e-05,0.0020493,2.9397e-05,0.0,0.0,0.0,0.0,4.642e-09,0.0,0.0,0.0,1e-07,0.0,0.0,0.0,0.0,1e-07,4.642e-09,0.0
24456856.0,4995000000.0,5000000.0,5.0,0.0,0.0487,0.0487,0.0487,0.0487,21.428,0.032142,0.0,0.032142,21.428,0.0026903,0.0,0.0026903,0.0,0.0,0.0,0.0,1e-07,0.0,0.0,0.0,2.154e-06,0.0,0.0,0.0,0.0,2.154e-06,1e-07,0.0
24459425.0,4995000000.0,5000000.0,5.0,0.0,0.0487,0.0487,0.0487,0.0487,21.428,0.11571,0.00021428,0.11571,21.428,1.1571e-06,0.00021428,1.1571e-06,0.0,0.0,0.0,0.0,0.001,0.0,0.0,0.0,2.154e-06,0.0,0.0,0.0,0.0,2.154e-06,0.001,0.0
24453343.0,4995000000.0,5000000.0,5.0,0.0,0.0487,0.0487,0.0487,0.0487,2.2307,2.2307,0.019407,2.2307,2.2307,0.0020402,0.019407,0.0020402,0.0,0.0,0.0,0.0,4.642e-05,0.0,0.0,0.0,4.642e-05,0.0,0.0,0.0,0.0,4.642e-05,4.642e-05,0.0
24457735.0,4995000000.0,5000000.0,5.0,0.0,0.0487,0.0487,0.0487,0.0487,21.428,0.032142,0.019598,0.032142,21.428,3.0739e-06,0.019598,3.0739e-06,0.0,0.0,0.0,0.0,1e-07,0.0,0.0,0.0,2.154e-10,0.0,0.0,0.0,0.0,2.154e-10,1e-07,0.0
24450240.0,4995000000.0,5000000.0,5.0,0.0,0.0487,0.0487,0.0487,0.0487,2.2307,0.60541,0.00021333,0.60541,2.2307,0.00055371,0.00021333,0.00055371,0.0,0.0,0.0,0.0,1e-07,0.0,0.0,0.0,1e-07,0.0,0.0,0.0,0.0,1e-07,1e-07,0.0
24456902.0,4995000000.0,5000000.0,5.0,0.0,0.0487,0.0487,0.0487,0.0487,21.428,0.032142,0.0,0.032142,21.428,0.025714,0.0,0.025714,0.0,0.0,0.0,0.0,1e-07,0.0,0.0,0.0,2.154e-10,0.0,0.0,0.0,0.0,2.154e-10,1e-07,0.0
24457851.0,4995000000.0,5000000.0,5.0,0.0,0.0487,0.0487,0.0487,0.0487,21.428,0.032142,0.019598,0.032142,21.428,0.00027964,0.019598,0.00027964,0.0,0.0,0.0,0.0,4.642e-05,0.0,0.0,0.0,4.642e-05,0.0,0.0,0.0,0.0,4.642e-05,4.642e-05,0.0
24459938.0,4995000000.0,5000000.0,5.0,0.0,0.0487,0.0487,0.0487,0.0487,21.428,0.11571,0.0020493,0.11571,21.428,0.009685,0.0020493,0.009685,0.0,0.0,0.0,0.0,4.642e-09,0.0,0.0,0.0,0.001,0.0,0.0,0.0,0.0,0.001,4.642e-09,0.0
24457878.0,4995000000.0,5000000.0,5.0,0.0,0.0487,0.0487,0.0487,0.0487,21.428,0.032142,0.019598,0.032142,21.428,0.0026903,0.019598,0.0026903,0.0,0.0,0.0,0.0,4.642e-09,0.0,0.0,0.0,2.154e-06,0.0,0.0,0.0,0.0,2.154e-06,4.642e-09,0.0
24459740.0,4995000000.0,5000000.0,5.0,0.0,0.0487,0.0487,0.0487,0.0487,21.428,0.11571,0.0020493,0.11571,21.428,1.1571e-06,0.0020493,1.1571e-06,0.0,0.0,0.0,0.0,4.642e-09,0.0,0.0,0.0,2.154e-06,0.0,0.0,0.0,0.0,2.154e-06,4.642e-09,0.0
24450548.0,4995000000.0,5000000.0,5.0,0.0,0.0487,0.0487,0.0487,0.0487,2.2307,0.60541,0.0020402,0.60541,2.2307,5.7898e-05,0.0020402,5.7898e-05,0.0,0.0,0.0,0.0,4.642e-05,0.0,0.0,0.0,1e-07,0.0,0.0,0.0,0.0,1e-07,4.642e-05,0.0
24459896.0,4995000000.0,5000000.0,5.0,0.0,0.0487,0.0487,0.0487,0.0487,21.428,0.11571,0.0020493,0.11571,21.428,0.0010067,0.0020493,0.0010067,0.0,0.0,0.0,0.0,1e-07,0.0,0.0,0.0,0.001,0.0,0.0,0.0,0.0,0.001,1e-07,0.0
24459699.0,4995000000.0,5000000.0,5.0,0.0,0.0487,0.0487,0.0487,0.0487,21.428,0.11571,0.0020493,0.11571,21.428,0.0,0.0020493,0.0,0.0,0.0,0.0,0.0,1e-07,0.0,0.0,0.0,4.642e-05,0.0,0.0,0.0,0.0,4.642e-05,1e-07,0.0
24457358.0,4995000000.0,5000000.0,5.0,0.0,0.0487,0.0487,0.0487,0.0487,21.428,0.032142,0.0020493,0.032142,21.428,3.2142e-07,0.0020493,3.2142e-07,0.0,0.0,0.0,0.0,4.642e-05,0.0,0.0,0.0,4.642e-09,0.0,0.0,0.0,0.0,4.642e-09,4.642e-05,0.0
24452154.0,4995000000.0,5000000.0,5.0,0.0,0.0487,0.0487,0.0487,0.0487,2.2307,2.2307,2.2307e-05,2.2307,2.2307,0.0,2.2307e-05,0.0,0.0,0.0,0.0,0.0,1e-07,0.0,0.0,0.0,0.001,0.0,0.0,0.0,0.0,0.001,1e-07,0.0
24459607.0,4995000000.0,5000000.0,5.0,0.0,0.0487,0.0487,0.0487,0.0487,21.428,0.11571,0.00021428,0.11571,21.428,0.009685,0.00021428,0.009685,0.0,0.0,0.0,0.0,2.154e-06,0.0,0.0,0.0,2.154e-06,0.0,0.0,0.0,0.0,2.154e-06,2.154e-06,0.0
24457207.0,4995000000.0,5000000.0,5.0,0.0,0.0487,0.0487,0.0487,0.0487,21.428,0.032142,0.00021428,0.032142,21.428,0.0026903,0.00021428,0.0026903,0.0,0.0,0.0,0.0,2.154e-06,0.0,0.0,0.0,4.642e-05,0.0,0.0,0.0,0.0,4.642e-05,2.154e-06,0.0
24452203.0,4995000000.0,5000000.0,5.0,0.0,0.0487,0.0487,0.0487,0.0487,2.2307,2.2307,2.2307e-05,2.2307,2.2307,2.2307e-05,2.2307e-05,2.2307e-05,0.0,0.0,0.0,0.0,1e-07,0.0,0.0,0.0,0.001,0.0,0.0,0.0,0.0,0.001,1e-07,0.0
24452656.0,4995000000.0,5000000.0,5.0,0.0,0.0487,0.0487,0.0487,0.0487,2.2307,2.2307,0.00021333,2.2307,2.2307,0.0020402,0.00021333,0.0020402,0.0,0.0,0.0,0.0,4.642e-05,0.0,0.0,0.0,2.154e-06,0.0,0.0,0.0,0.0,2.154e-06,4.642e-05,0.0
24459271.0,4995000000.0,5000000.0,5.0,0.0,0.0487,0.0487,0.0487,0.0487,21.428,0.11571,0.0,0.11571,21.428,0.009685,0.0,0.009685,0.0,0.0,0.0,0.0,4.642e-05,0.0,0.0,0.0,2.154e-06,0.0,0.0,0.0,0.0,2.154e-06,4.642e-05,0.0
24456899.0,4995000000.0,5000000.0,5.0,0.0,0.0487,0.0487,0.0487,0.0487,21.428,0.032142,0.0,0.032142,21.428,0.025714,0.0,0.025714,0.0,0.0,0.0,0.0,4.642e-09,0.0,0.0,0.0,4.642e-05,0.0,0.0,0.0,0.0,4.642e-05,4.642e-09,0.0
24457846.0,4995000000.0,5000000.0,5.0,0.0,0.0487,0.0487,0.0487,0.0487,21.428,0.032142,0.019598,0.032142,21.428,0.00027964,0.019598,0.00027964,0.0,0.0,0.0,0.0,4.642e-05,0.0,0.0,0.0,1e-11,0.0,0.0,0.0,0.0,1e-11,4.642e-05,0.0
24456982.0,4995000000.0,5000000.0,5.0,0.0,0.0487,0.0487,0.0487,0.0487,21.428,0.032142,0.00021428,0.032142,21.428,3.2142e-07,0.00021428,3.2142e-07,0.0,0.0,0.0,0.0,1e-11,0.0,0.0,0.0,2.154e-06,0.0,0.0,0.0,0.0,2.154e-06,1e-11,0.0
24457294.0,4995000000.0,5000000.0,5.0,0.0,0.0487,0.0487,0.0487,0.0487,21.428,0.032142,0.0020493,0.032142,21.428,0.0,0.0020493,0.0,0.0,0.0,0.0,0.0,1e-07,0.0,0.0,0.0,2.154e-10,0.0,0.0,0.0,0.0,2.154e-10,1e-07,0.0
24456757.0,4995000000.0,5000000.0,5.0,0.0,0.0487,0.0487,0.0487,0.0487,21.428,0.032142,0.0,0.032142,21.428,2.9397e-05,0.0,2.9397e-05,0.0,0.0,0.0,0.0,1e-07,0.0,0.0,0.0,1e-07,0.0,0.0,0.0,0.0,1e-07,1e-07,0.0
24456959.0,4995000000.0,5000000.0,5.0,0.0,0.0487,0.0487,0.0487,0.0487,21.428,0.032142,0.00021428,0.032142,21.428,0.0,0.00021428,0.0,0.0,0.0,0.0,0.0,2.154e-06,0.0,0.0,0.0,4.642e-09,0.0,0.0,0.0,0.0,4.642e-09,2.154e-06,0.0
24459483.0,4995000000.0,5000000.0,5.0,0.0,0.0487,0.0487,0.0487,0.0487,21.428,0.11571,0.00021428,0.11571,21.428,0.00010583,0.00021428,0.00010583,0.0,0.0,0.0,0.0,1e-11,0.0,0.0,0.0,0.001,0.0,0.0,0.0,0.0,0.001,1e-11,0.0
24459066.0,4995000000.0,5000000.0,5.0,0.0,0.0487,0.0487,0.0487,0.0487,21.428,0.11571,0.0,0.11571,21.428,1.1571e-06,0.0,1.1571e-06,0.0,0.0,0.0,0.0,2.154e-06,0.0,0.0,0.0,4.642e-09,0.0,0.0,0.0,0.0,4.642e-09,2.154e-06,0.0
24457523.0,4995000000.0,5000000.0,5.0,0.0,0.0487,0.0487,0.0487,0.0487,21.428,0.032142,0.0020493,0.032142,21.428,0.0026903,0.0020493,0.0026903,0.0,0.0,0.0,0.0,1e-11,0.0,0.0,0.0,0.001,0.0,0.0,0.0,0.0,0.001,1e-11,0.0
24450955.0,4995000000.0,5000000.0,5.0,0.0,0.0487,0.0487,0.0487,0.0487,2.2307,0.60541,0.019407,0.60541,2.2307,0.005267,0.019407,0.005267,0.0,0.0,0.0,0.0,1e-11,0.0,0.0,0.0,2.154e-06,0.0,0.0,0.0,0.0,2.154e-06,1e-11,0.0
24452132.0,4995000000.0,5000000.0,5.0,0.0,0.0487,0.0487,0.0487,0.0487,2.2307,2.2307,2.2307e-05,2.2307,2.2307,0.0,2.2307e-05,0.0,0.0,0.0,0.0,0.0,1e-11,0.0,0.0,0.0,4.642e-05,0.0,0.0,0.0,0.0,4.642e-05,1e-11,0.0
24458997.0,4995000000.0,5000000.0,5.0,0.0,0.0487,0.0487,0.0487,0.0487,21.428,0.11571,0.0,0.11571,21.428,0.0,0.0,0.0,0.0,0.0,0.0,0.0,2.154e-10,0.0,0.0,0.0,1e-07,0.0,0.0,0.0,0.0,1e-07,2.154e-10,0.0
24459602.0,4995000000.0,5000000.0,5.0,0.0,0.0487,0.0487,0.0487,0.0487,21.428,0.11571,0.00021428,0.11571,21.428,0.009685,0.00021428,0.009685,0.0,0.0,0.0,0.0,1e-07,0.0,0.0,0.0,0.001,0.0,0.0,0.0,0.0,0.001,1e-07,0.0
24459479.0,4995000000.0,5000000.0,5.0,0.0,0.0487,0.0487,0.0487,0.0487,21.428,0.11571,0.00021428,0.11571,21.428,0.00010583,0.00021428,0.00010583,0.0,0.0,0.0,0.0,1e-11,0.0,0.0,0.0,4.642e-09,0.0,0.0,0.0,0.0,4.642e-09,1e-11,0.0
24457875.0,4995000000.0,5000000.0,5.0,0.0,0.0487,0.0487,0.0487,0.0487,21.428,0.032142,0.019598,0.032142,21.428,0.0026903,0.019598,0.0026903,0.0,0.0,0.0,0.0,4.642e-09,0.0,0.0,0.0,2.154e-10,0.0,0.0,0.0,0.0,2.154e-10,4.642e-09,0.0
24457197.0,4995000000.0,5000000.0,5.0,0.0,0.0487,0.0487,0.0487,0.0487,21.428,0.032142,0.00021428,0.032142,21.428,0.0026903,0.00021428,0.0026903,0.0,0.0,0.0,0.0,1e-07,0.0,0.0,0.0,4.642e-09,0.0,0.0,0.0,0.0,4.642e-09,1e-07,0.0
24457627.0,4995000000.0,5000000.0,5.0,0.0,0.0487,0.0487,0.0487,0.0487,21.428,0.032142,0.019598,0.032142,21.428,0.0,0.019598,0.0,0.0,0.0,0.0,0.0,2.154e-10,0.0,0.0,0.0,4.642e-05,0.0,0.0,0.0,0.0,4.642e-05,2.154e-10,0.0
24452313.0,4995000000.0,5000000.0,5.0,0.0,0.0487,0.0487,0.0487,0.0487,2.2307,2.2307,2.2307e-05,2.2307,2.2307,0.0020402,2.2307e-05,0.0020402,0.0,0.0,0.0,0.0,4.642e-05,0.0,0.0,0.0,2.154e-06,0.0,0.0,0.0,0.0,2.154e-06,4.642e-05,0.0
24459377.0,4995000000.0,5000000.0,5.0,0.0,0.0487,0.0487,0.0487,0.0487,21.428,0.11571,0.00021428,0.11571,21.428,0.0,0.00021428,0.0,0.0,0.0,0.0,0.0,0.001,0.0,0.0,0.0,4.642e-05,0.0,0.0,0.0,0.0,4.642e-05,0.001,0.0
24457427.0,4995000000.0,5000000.0,5.0,0.0,0.0487,0.0487,0.0487,0.0487,21.428,0.032142,0.0020493,0.032142,21.428,2.9397e-05,0.0020493,2.9397e-05,0.0,0.0,0.0,0.0,2.154e-10,0.0,0.0,0.0,2.154e-10,0.0,0.0,0.0,0.0,2.154e-10,2.154e-10,0.0
24457568.0,4995000000.0,5000000.0,5.0,0.0,0.0487,0.0487,0.0487,0.0487,21.428,0.032142,0.0020493,0.032142,21.428,0.025714,0.0020493,0.025714,0.0,0.0,0.0,0.0,1e-11,0.0,0.0,0.0,4.642e-09,0.0,0.0,0.0,0.0,4.642e-09,1e-11,0.0
24452700.0,4995000000.0,5000000.0,5.0,0.0,0.0487,0.0487,0.0487,0.0487,2.2307,2.2307,0.00021333,2.2307,2.2307,0.019407,0.00021333,0.019407,0.0,0.0,0.0,0.0,2.154e-06,0.0,0.0,0.0,0.001,0.0,0.0,0.0,0.0,0.001,2.154e-06,0.0
24459558.0,4995000000.0,5000000.0,5.0,0.0,0.0487,0.0487,0.0487,0.0487,21.428,0.11571,0.00021428,0.11571,21.428,0.0010067,0.00021428,0.0010067,0.0,0.0,0.0,0.0,2.154e-06,0.0,0.0,0.0,2.154e-06,0.0,0.0,0.0,0.0,2.154e-06,2.154e-06,0.0
24459131.0,4995000000.0,5000000.0,5.0,0.0,0.0487,0.0487,0.0487,0.0487,21.428,0.11571,0.0,0.11571,21.428,1.1066e-05,0.0,1.1066e-05,0.0,0.0,0.0,0.0,0.001,0.0,0.0,0.0,2.154e-06,0.0,0.0,0.0,0.0,2.154e-06,0.001,0.0
24450949.0,4995000000.0,5000000.0,5.0,0.0,0.0487,0.0487,0.0487,0.0487,2.2307,0.60541,0.019407,0.60541,2.2307,0.00055371,0.019407,0.00055371,0.0,0.0,0.0,0.0,0.001,0.0,0.0,0.0,4.642e-05,0.0,0.0,0.0,0.0,4.642e-05,0.001,0.0
24459864.0,4995000000.0,5000000.0,5.0,0.0,0.0487,0.0487,0.0487,0.0487,21.428,0.11571,0.0020493,0.11571,21.428,0.00010583,0.0020493,0.00010583,0.0,0.0,0.0,0.0,0.001,0.0,0.0,0.0,4.642e-09,0.0,0.0,0.0,0.0,4.642e-09,0.001,0.0
24457046.0,4995000000.0,5000000.0,5.0,0.0,0.0487,0.0487,0.0487,0.0487,21.428,0.032142,0.00021428,0.032142,21.428,3.0739e-06,0.00021428,3.0739e-06,0.0,0.0,0.0,0.0,4.642e-09,0.0,0.0,0.0,4.642e-05,0.0,0.0,0.0,0.0,4.642e-05,4.642e-09,0.0
24457212.0,4995000000.0,5000000.0,5.0,0.0,0.0487,0.0487,0.0487,0.0487,21.428,0.032142,0.00021428,0.032142,21.428,0.0026903,0.00021428,0.0026903,0.0,0.0,0.0,0.0,4.642e-05,0.0,0.0,0.0,1e-07,0.0,0.0,0.0,0.0,1e-07,4.642e-05,0.0
24453378.0,4995000000.0,5000000.0,5.0,0.0,0.0487,0.0487,0.0487,0.0487,2.2307,2.2307,0.019407,2.2307,2.2307,0.019407,0.019407,0.019407,0.0,0.0,0.0,0.0,1e-07,0.0,0.0,0.0,4.642e-05,0.0,0.0,0.0,0.0,4.642e-05,1e-07,0.0
24457830.0,4995000000.0,5000000.0,5.0,0.0,0.0487,0.0487,0.0487,0.0487,21.428,0.032142,0.019598,0.032142,21.428,0.00027964,0.019598,0.00027964,0.0,0.0,0.0,0.0,4.642e-09,0.0,0.0,0.0,4.642e-05,0.0,0.0,0.0,0.0,4.642e-05,4.642e-09,0.0
24459685.0,4995000000.0,5000000.0,5.0,0.0,0.0487,0.0487,0.0487,0.0487,21.428,0.11571,0.0020493,0.11571,21.428,0.0,0.0020493,0.0,0.0,0.0,0.0,0.0,2.154e-10,0.0,0.0,0.0,4.642e-05,0.0,0.0,0.0,0.0,4.642e-05,2.154e-10,0.0
24459144.0,4995000000.0,5000000.0,5.0,0.0,0.0487,0.0487,0.0487,0.0487,21.428,0.11571,0.0,0.11571,21.428,0.00010583,0.0,0.00010583,0.0,0.0,0.0,0.0,2.154e-10,0.0,0.0,0.0,1e-07,0.0,0.0,0.0,0.0,1e-07,2.154e-10,0.0
24457422.0,4995000000.0,5000000.0,5.0,0.0,0.0487,0.0487,0.0487,0.0487,21.428,0.032142,0.0020493,0.032142,21.428,2.9397e-05,0.0020493,2.9397e-05,0.0,0.0,0.0,0.0,1e-11,0.0,0.0,0.0,1e-07,0.0,0.0,0.0,0.0,1e-07,1e-11,0.0
24456643.0,4995000000.0,5000000.0,5.0,0.0,0.0487,0.0487,0.0487,0.0487,21.428,0.032142,0.0,0.032142,21.428,3.2142e-07,0.0,3.2142e-07,0.0,0.0,0.0,0.0,2.154e-10,0.0,0.0,0.0,2.154e-10,0.0,0.0,0.0,0.0,2.154e-10,2.154e-10,0.0
24457946.0,4995000000.0,5000000.0,5.0,0.0,0.0487,0.0487,0.0487,0.0487,21.428,0.032142,0.019598,0.032142,21.428,0.025714,0.019598,0.025714,0.0,0.0,0.0,0.0,4.642e-05,0.0,0.0,0.0,4.642e-09,0.0,0.0,0.0,0.0,4.642e-09,4.642e-05,0.0
24459697.0,4995000000.0,5000000.0,5.0,0.0,0.0487,0.0487,0.0487,0.0487,21.428,0.11571,0.0020493,0.11571,21.428,0.0,0.0020493,0.0,0.0,0.0,0.0,0.0,1e-07,0.0,0.0,0.0,1e-07,0.0,0.0,0.0,0.0,1e-07,1e-07,0.0
24450579.0,4995000000.0,5000000.0,5.0,0.0,0.0487,0.0487,0.0487,0.0487,2.2307,0.60541,0.0020402,0.60541,2.2307,0.00055371,0.0020402,0.00055371,0.0,0.0,0.0,0.0,4.642e-09,0.0,0.0,0.0,0.001,0.0,0.0,0.0,0.0,0.001,4.642e-09,0.0
24452133.0,4995000000.0,5000000.0,5.0,0.0,0.0487,0.0487,0.0487,0.0487,2.2307,2.2307,2.2307e-05,2.2307,2.2307,0.0,2.2307e-05,0.0,0.0,0.0,0.0,0.0,1e-11,0.0,0.0,0.0,0.001,0.0,0.0,0.0,0.0,0.001,1e-11,0.0
24459045.0,4995000000.0,5000000.0,5.0,0.0,0.0487,0.0487,0.0487,0.0487,21.428,0.11571,0.0,0.11571,21.428,1.1571e-06,0.0,1.1571e-06,0.0,0.0,0.0,0.0,2.154e-10,0.0,0.0,0.0,4.642e-09,0.0,0.0,0.0,0.0,4.642e-09,2.154e-10,0.0
24457670.0,4995000000.0,5000000.0,5.0,0.0,0.0487,0.0487,0.0487,0.0487,21.428,0.032142,0.019598,0.032142,21.428,3.2142e-07,0.019598,3.2142e-07,0.0,0.0,0.0,0.0,1e-11,0.0,0.0,0.0,0.001,0.0,0.0,0.0,0.0,0.001,1e-11,0.0
24459686.0,4995000000.0,5000000.0,5.0,0.0,0.0487,0.0487,0.0487,0.0487,21.428,0.11571,0.0020493,0.11571,21.428,0.0,0.0020493,0.0,0.0,0.0,0.0,0.0,2.154e-10,0.0,0.0,0.0,0.001,0.0,0.0,0.0,0.0,0.001,2.154e-10,0.0
24457548.0,4995000000.0,5000000.0,5.0,0.0,0.0487,0.0487,0.0487,0.0487,21.428,0.032142,0.0020493,0.032142,21.428,0.0026903,0.0020493,0.0026903,0.0,0.0,0.0,0.0,2.154e-06,0.0,0.0,0.0,1e-07,0.0,0.0,0.0,0.0,1e-07,2.154e-06,0.0
24457719.0,4995000000.0,5000000.0,5.0,0.0,0.0487,0.0487,0.0487,0.0487,21.428,0.032142,0.019598,0.032142,21.428,3.0739e-06,0.019598,3.0739e-06,0.0,0.0,0.0,0.0,1e-11,0.0,0.0,0.0,0.001,0.0,0.0,0.0,0.0,0.001,1e-11,0.0
24459726.0,4995000000.0,5000000.0,5.0,0.0,0.0487,0.0487,0.0487,0.0487,21.428,0.11571,0.0020493,0.11571,21.428,1.1571e-06,0.0020493,1.1571e-06,0.0,0.0,0.0,0.0,1e-11,0.0,0.0,0.0,2.154e-06,0.0,0.0,0.0,0.0,2.154e-06,1e-11,0.0
24457753.0,4995000000.0,5000000.0,5.0,0.0,0.0487,0.0487,0.0487,0.0487,21.428,0.032142,0.019598,0.032142,21.428,3.0739e-06,0.019598,3.0739e-06,0.0,0.0,0.0,0.0,4.642e-05,0.0,0.0,0.0,4.642e-05,0.0,0.0,0.0,0.0,4.642e-05,4.642e-05,0.0
24459404.0,4995000000.0,5000000.0,5.0,0.0,0.0487,0.0487,0.0487,0.0487,21.428,0.11571,0.00021428,0.11571,21.428,1.1571e-06,0.00021428,1.1571e-06,0.0,0.0,0.0,0.0,1e-07,0.0,0.0,0.0,2.154e-06,0.0,0.0,0.0,0.0,2.154e-06,1e-07,0.0
24457045.0,4995000000.0,5000000.0,5.0,0.0,0.0487,0.0487,0.0487,0.0487,21.428,0.032142,0.00021428,0.032142,21.428,3.0739e-06,0.00021428,3.0739e-06,0.0,0.0,0.0,0.0,4.642e-09,0.0,0.0,0.0,2.154e-06,0.0,0.0,0.0,0.0,2.154e-06,4.642e-09,0.0
24457199.0,4995000000.0,5000000.0,5.0,0.0,0.0487,0.0487,0.0487,0.0487,21.428,0.032142,0.00021428,0.032142,21.428,0.0026903,0.00021428,0.0026903,0.0,0.0,0.0,0.0,1e-07,0.0,0.0,0.0,2.154e-06,0.0,0.0,0.0,0.0,2.154e-06,1e-07,0.0
24450122.0,4995000000.0,5000000.0,5.0,0.0,0.0487,0.0487,0.0487,0.0487,2.2307,0.60541,0.00021333,0.60541,2.2307,6.0541e-06,0.00021333,6.0541e-06,0.0,0.0,0.0,0.0,1e-11,0.0,0.0,0.0,2.154e-06,0.0,0.0,0.0,0.0,2.154e-06,1e-11,0.0
24457251.0,4995000000.0,5000000.0,5.0,0.0,0.0487,0.0487,0.0487,0.0487,21.428,0.032142,0.00021428,0.032142,21.428,0.025714,0.00021428,0.025714,0.0,0.0,0.0,0.0,2.154e-06,0.0,0.0,0.0,1e-11,0.0,0.0,0.0,0.0,1e-11,2.154e-06,0.0
24451804.0,4995000000.0,5000000.0,5.0,0.0,0.0487,0.0487,0.0487,0.0487,2.2307,2.2307,0.0,2.2307,2.2307,0.0,0.0,0.0,0.0,0.0,0.0,0.0,4.642e-09,0.0,0.0,0.0,0.001,0.0,0.0,0.0,0.0,0.001,4.642e-09,0.0
24457820.0,4995000000.0,5000000.0,5.0,0.0,0.0487,0.0487,0.0487,0.0487,21.428,0.032142,0.019598,0.032142,21.428,0.00027964,0.019598,0.00027964,0.0,0.0,0.0,0.0,2.154e-10,0.0,0.0,0.0,4.642e-09,0.0,0.0,0.0,0.0,4.642e-09,2.154e-10,0.0
24452217.0,4995000000.0,5000000.0,5.0,0.0,0.0487,0.0487,0.0487,0.0487,2.2307,2.2307,2.2307e-05,2.2307,2.2307,2.2307e-05,2.2307e-05,2.2307e-05,0.0,0.0,0.0,0.0,4.642e-05,0.0,0.0,0.0,0.001,0.0,0.0,0.0,0.0,0.001,4.642e-05,0.0
24459739.0,4995000000.0,5000000.0,5.0,0.0,0.0487,0.0487,0.0487,0.0487,21.428,0.11571,0.0020493,0.11571,21.428,1.1571e-06,0.0020493,1.1571e-06,0.0,0.0,0.0,0.0,4.642e-09,0.0,0.0,0.0,1e-07,0.0,0.0,0.0,0.0,1e-07,4.642e-09,0.0
24459823.0,4995000000.0,5000000.0,5.0,0.0,0.0487,0.0487,0.0487,0.0487,21.428,0.11571,0.0020493,0.11571,21.428,0.00010583,0.0020493,0.00010583,0.0,0.0,0.0,0.0,1e-11,0.0,0.0,0.0,1e-07,0.0,0.0,0.0,0.0,1e-07,1e-11,0.0
24450254.0,4995000000.0,5000000.0,5.0,0.0,0.0487,0.0487,0.0487,0.0487,2.2307,0.60541,0.00021333,0.60541,2.2307,0.00055371,0.00021333,0.00055371,0.0,0.0,0.0,0.0,4.642e-05,0.0,0.0,0.0,1e-07,0.0,0.0,0.0,0.0,1e-07,4.642e-05,0.0
24457375.0,4995000000.0,5000000.0,5.0,0.0,0.0487,0.0487,0.0487,0.0487,21.428,0.032142,0.0020493,0.032142,21.428,3.0739e-06,0.0020493,3.0739e-06,0.0,0.0,0.0,0.0,1e-11,0.0,0.0,0.0,4.642e-05,0.0,0.0,0.0,0.0,4.642e-05,1e-11,0.0
24457112.0,4995000000.0,5000000.0,5.0,0.0,0.0487,0.0487,0.0487,0.0487,21.428,0.032142,0.00021428,0.032142,21.428,2.9397e-05,0.00021428,2.9397e-05,0.0,0.0,0.0,0.0,4.642e-05,0.0,0.0,0.0,2.154e-10,0.0,0.0,0.0,0.0,2.154e-10,4.642e-05,0.0
24450898.0,4995000000.0,5000000.0,5.0,0.0,0.0487,0.0487,0.0487,0.0487,2.2307,0.60541,0.019407,0.60541,2.2307,5.7898e-05,0.019407,5.7898e-05,0.0,0.0,0.0,0.0,0.001,0.0,0.0,0.0,1e-07,0.0,0.0,0.0,0.0,1e-07,0.001,0.0
24459930.0,4995000000.0,5000000.0,5.0,0.0,0.0487,0.0487,0.0487,0.0487,21.428,0.11571,0.0020493,0.11571,21.428,0.009685,0.0020493,0.009685,0.0,0.0,0.0,0.0,2.154e-10,0.0,0.0,0.0,4.642e-05,0.0,0.0,0.0,0.0,4.642e-05,2.154e-10,0.0
24450596.0,4995000000.0,5000000.0,5.0,0.0,0.0487,0.0487,0.0487,0.0487,2.2307,0.60541,0.0020402,0.60541,2.2307,0.00055371,0.0020402,0.00055371,0.0,0.0,0.0,0.0,4.642e-05,0.0,0.0,0.0,4.642e-09,0.0,0.0,0.0,0.0,4.642e-09,4.642e-05,0.0
24459273.0,4995000000.0,5000000.0,5.0,0.0,0.0487,0.0487,0.0487,0.0487,21.428,0.11571,0.0,0.11571,21.428,0.009685,0.0,0.009685,0.0,0.0,0.0,0.0,4.642e-05,0.0,0.0,0.0,0.001,0.0,0.0,0.0,0.0,0.001,4.642e-05,0.0
24452552.0,4995000000.0,5000000.0,5.0,0.0,0.0487,0.0487,0.0487,0.0487,2.2307,2.2307,0.00021333,2.2307,2.2307,2.2307e-05,0.00021333,2.2307e-05,0.0,0.0,0.0,0.0,2.154e-06,0.0,0.0,0.0,4.642e-05,0.0,0.0,0.0,0.0,4.642e-05,2.154e-06,0.0
24459760.0,4995000000.0,5000000.0,5.0,0.0,0.0487,0.0487,0.0487,0.0487,21.428,0.11571,0.0020493,0.11571,21.428,1.1571e-06,0.0020493,1.1571e-06,0.0,0.0,0.0,0.0,4.642e-05,0.0,0.0,0.0,1e-07,0.0,0.0,0.0,0.0,1e-07,4.642e-05,0.0
24453357.0,4995000000.0,5000000.0,5.0,0.0,0.0487,0.0487,0.0487,0.0487,2.2307,2.2307,0.019407,2.2307,2.2307,0.019407,0.019407,0.019407,0.0,0.0,0.0,0.0,1e-11,0.0,0.0,0.0,4.642e-05,0.0,0.0,0.0,0.0,4.642e-05,1e-11,0.0
24459185.0,4995000000.0,5000000.0,5.0,0.0,0.0487,0.0487,0.0487,0.0487,21.428,0.11571,0.0,0.11571,21.428,0.0010067,0.0,0.0010067,0.0,0.0,0.0,0.0,1e-11,0.0,0.0,0.0,4.642e-09,0.0,0.0,0.0,0.0,4.642e-09,1e-11,0.0
24457738.0,4995000000.0,5000000.0,5.0,0.0,0.0487,0.0487,0.0487,0.0487,21.428,0.032142,0.019598,0.032142,21.428,3.0739e-06,0.019598,3.0739e-06,0.0,0.0,0.0,0.0,1e-07,0.0,0.0,0.0,2.154e-06,0.0,0.0,0.0,0.0,2.154e-06,1e-07,0.0
24457740.0,4995000000.0,5000000.0,5.0,0.0,0.0487,0.0487,0.0487,0.0487,21.428,0.032142,0.019598,0.032142,21.428,3.0739e-06,0.019598,3.0739e-06,0.0,0.0,0.0,0.0,1e-07,0.0,0.0,0.0,0.001,0.0,0.0,0.0,0.0,0.001,1e-07,0.0
24457678.0,4995000000.0,5000000.0,5.0,0.0,0.0487,0.0487,0.0487,0.0487,21.428,0.032142,0.019598,0.032142,21.428,3.2142e-07,0.019598,3.2142e-07,0.0,0.0,0.0,0.0,4.642e-09,0.0,0.0,0.0,1e-11,0.0,0.0,0.0,0.0,1e-11,4.642e-09,0.0
24457213.0,4995000000.0,5000000.0,5.0,0.0,0.0487,0.0487,0.0487,0.0487,21.428,0.032142,0.00021428,0.032142,21.428,0.0026903,0.00021428,0.0026903,0.0,0.0,0.0,0.0,4.642e-05,0.0,0.0,0.0,2.154e-06,0.0,0.0,0.0,0.0,2.154e-06,4.642e-05,0.0
24452574.0,4995000000.0,5000000.0,5.0,0.0,0.0487,0.0487,0.0487,0.0487,2.2307,2.2307,0.00021333,2.2307,2.2307,0.00021333,0.00021333,0.00021333,0.0,0.0,0.0,0.0,1e-11,0.0,0.0,0.0,0.001,0.0,0.0,0.0,0.0,0.001,1e-11,0.0
24452664.0,4995000000.0,5000000.0,5.0,0.0,0.0487,0.0487,0.0487,0.0487,2.2307,2.2307,0.00021333,2.2307,2.2307,0.0020402,0.00021333,0.0020402,0.0,0.0,0.0,0.0,0.001,0.0,0.0,0.0,4.642e-05,0.0,0.0,0.0,0.0,4.642e-05,0.001,0.0
24451986.0,4995000000.0,5000000.0,5.0,0.0,0.0487,0.0487,0.0487,0.0487,2.2307,2.2307,0.0,2.2307,2.2307,0.019407,0.0,0.019407,0.0,0.0,0.0,0.0,1e-11,0.0,0.0,0.0,0.001,0.0,0.0,0.0,0.0,0.001,1e-11,0.0
24450453.0,4995000000.0,5000000.0,5.0,0.0,0.0487,0.0487,0.0487,0.0487,2.2307,0.60541,0.0020402,0.60541,2.2307,0.0,0.0020402,0.0,0.0,0.0,0.0,0.0,4.642e-05,0.0,0.0,0.0,0.001,0.0,0.0,0.0,0.0,0.001,4.642e-05,0.0
24457939.0,4995000000.0,5000000.0,5.0,0.0,0.0487,0.0487,0.0487,0.0487,21.428,0.032142,0.019598,0.032142,21.428,0.025714,0.019598,0.025714,0.0,0.0,0.0,0.0,2.154e-06,0.0,0.0,0.0,4.642e-09,0.0,0.0,0.0,0.0,4.642e-09,2.154e-06,0.0
24457927.0,4995000000.0,5000000.0,5.0,0.0,0.0487,0.0487,0.0487,0.0487,21.428,0.032142,0.019598,0.032142,21.428,0.025714,0.019598,0.025714,0.0,0.0,0.0,0.0,4.642e-09,0.0,0.0,0.0,2.154e-06,0.0,0.0,0.0,0.0,2.154e-06,4.642e-09,0.0
24459858.0,4995000000.0,5000000.0,5.0,0.0,0.0487,0.0487,0.0487,0.0487,21.428,0.11571,0.0020493,0.11571,21.428,0.00010583,0.0020493,0.00010583,0.0,0.0,0.0,0.0,4.642e-05,0.0,0.0,0.0,1e-07,0.0,0.0,0.0,0.0,1e-07,4.642e-05,0.0
24450109.0,4995000000.0,5000000.0,5.0,0.0,0.0487,0.0487,0.0487,0.0487,2.2307,0.60541,0.00021333,0.60541,2.2307,0.0,0.00021333,0.0,0.0,0.0,0.0,0.0,4.642e-05,0.0,0.0,0.0,4.642e-05,0.0,0.0,0.0,0.0,4.642e-05,4.642e-05,0.0
24452189.0,4995000000.0,5000000.0,5.0,0.0,0.0487,0.0487,0.0487,0.0487,2.2307,2.2307,2.2307e-05,2.2307,2.2307,2.2307e-05,2.2307e-05,2.2307e-05,0.0,0.0,0.0,0.0,2.154e-10,0.0,0.0,0.0,0.001,0.0,0.0,0.0,0.0,0.001,2.154e-10,0.0
24457656.0,4995000000.0,5000000.0,5.0,0.0,0.0487,0.0487,0.0487,0.0487,21.428,0.032142,0.019598,0.032142,21.428,0.0,0.019598,0.0,0.0,0.0,0.0,0.0,4.642e-05,0.0,0.0,0.0,0.001,0.0,0.0,0.0,0.0,0.001,4.642e-05,0.0
24457686.0,4995000000.0,5000000.0,5.0,0.0,0.0487,0.0487,0.0487,0.0487,21.428,0.032142,0.019598,0.032142,21.428,3.2142e-07,0.019598,3.2142e-07,0.0,0.0,0.0,0.0,1e-07,0.0,0.0,0.0,2.154e-10,0.0,0.0,0.0,0.0,2.154e-10,1e-07,0.0
24459089.0,4995000000.0,5000000.0,5.0,0.0,0.0487,0.0487,0.0487,0.0487,21.428,0.11571,0.0,0.11571,21.428,1.1066e-05,0.0,1.1066e-05,0.0,0.0,0.0,0.0,1e-11,0.0,0.0,0.0,2.154e-06,0.0,0.0,0.0,0.0,2.154e-06,1e-11,0.0
24452993.0,4995000000.0,5000000.0,5.0,0.0,0.0487,0.0487,0.0487,0.0487,2.2307,2.2307,0.0020402,2.2307,2.2307,0.0020402,0.0020402,0.0020402,0.0,0.0,0.0,0.0,2.154e-06,0.0,0.0,0.0,4.642e-05,0.0,0.0,0.0,0.0,4.642e-05,2.154e-06,0.0
24450306.0,4995000000.0,5000000.0,5.0,0.0,0.0487,0.0487,0.0487,0.0487,2.2307,0.60541,0.00021333,0.60541,2.2307,0.005267,0.00021333,0.005267,0.0,0.0,0.0,0.0,4.642e-05,0.0,0.0,0.0,0.001,0.0,0.0,0.0,0.0,0.001,4.642e-05,0.0
24452636.0,4995000000.0,5000000.0,5.0,0.0,0.0487,0.0487,0.0487,0.0487,2.2307,2.2307,0.00021333,2.2307,2.2307,0.0020402,0.00021333,0.0020402,0.0,0.0,0.0,0.0,4.642e-09,0.0,0.0,0.0,4.642e-05,0.0,0.0,0.0,0.0,4.642e-05,4.642e-09,0.0
24451895.0,4995000000.0,5000000.0,5.0,0.0,0.0487,0.0487,0.0487,0.0487,2.2307,2.2307,0.0,2.2307,2.2307,0.00021333,0.0,0.00021333,0.0,0.0,0.0,0.0,2.154e-10,0.0,0.0,0.0,0.001,0.0,0.0,0.0,0.0,0.001,2.154e-10,0.0
24457724.0,4995000000.0,5000000.0,5.0,0.0,0.0487,0.0487,0.0487,0.0487,21.428,0.032142,0.019598,0.032142,21.428,3.0739e-06,0.019598,3.0739e-06,0.0,0.0,0.0,0.0,2.154e-10,0.0,0.0,0.0,2.154e-06,0.0,0.0,0.0,0.0,2.154e-06,2.154e-10,0.0
24457444.0,4995000000.0,5000000.0,5.0,0.0,0.0487,0.0487,0.0487,0.0487,21.428,0.032142,0.0020493,0.032142,21.428,2.9397e-05,0.0020493,2.9397e-05,0.0,0.0,0.0,0.0,1e-07,0.0,0.0,0.0,2.154e-06,0.0,0.0,0.0,0.0,2.154e-06,1e-07,0.0
24457732.0,4995000000.0,5000000.0,5.0,0.0,0.0487,0.0487,0.0487,0.0487,21.428,0.032142,0.019598,0.032142,21.428,3.0739e-06,0.019598,3.0739e-06,0.0,0.0,0.0,0.0,4.642e-09,0.0,0.0,0.0,4.642e-05,0.0,0.0,0.0,0.0,4.642e-05,4.642e-09,0.0
24457315.0,4995000000.0,5000000.0,5.0,0.0,0.0487,0.0487,0.0487,0.0487,21.428,0.032142,0.0020493,0.032142,21.428,0.0,0.0020493,0.0,0.0,0.0,0.0,0.0,0.001,0.0,0.0,0.0,2.154e-10,0.0,0.0,0.0,0.0,2.154e-10,0.001,0.0
24456589.0,4995000000.0,5000000.0,5.0,0.0,0.0487,0.0487,0.0487,0.0487,21.428,0.032142,0.0,0.032142,21.428,0.0,0.0,0.0,0.0,0.0,0.0,0.0,1e-11,0.0,0.0,0.0,1e-07,0.0,0.0,0.0,0.0,1e-07,1e-11,0.0
24456801.0,4995000000.0,5000000.0,5.0,0.0,0.0487,0.0487,0.0487,0.0487,21.428,0.032142,0.0,0.032142,21.428,0.00027964,0.0,0.00027964,0.0,0.0,0.0,0.0,4.642e-09,0.0,0.0,0.0,4.642e-05,0.0,0.0,0.0,0.0,4.642e-05,4.642e-09,0.0
24457527.0,4995000000.0,5000000.0,5.0,0.0,0.0487,0.0487,0.0487,0.0487,21.428,0.032142,0.0020493,0.032142,21.428,0.0026903,0.0020493,0.0026903,0.0,0.0,0.0,0.0,2.154e-10,0.0,0.0,0.0,1e-07,0.0,0.0,0.0,0.0,1e-07,2.154e-10,0.0
24452349.0,4995000000.0,5000000.0,5.0,0.0,0.0487,0.0487,0.0487,0.0487,2.2307,2.2307,2.2307e-05,2.2307,2.2307,0.019407,2.2307e-05,0.019407,0.0,0.0,0.0,0.0,1e-07,0.0,0.0,0.0,4.642e-05,0.0,0.0,0.0,0.0,4.642e-05,1e-07,0.0
24456978.0,4995000000.0,5000000.0,5.0,0.0,0.0487,0.0487,0.0487,0.0487,21.428,0.032142,0.00021428,0.032142,21.428,3.2142e-07,0.00021428,3.2142e-07,0.0,0.0,0.0,0.0,1e-11,0.0,0.0,0.0,1e-11,0.0,0.0,0.0,0.0,1e-11,1e-11,0.0
24453231.0,4995000000.0,5000000.0,5.0,0.0,0.0487,0.0487,0.0487,0.0487,2.2307,2.2307,0.019407,2.2307,2.2307,2.2307e-05,0.019407,2.2307e-05,0.0,0.0,0.0,0.0,1e-07,0.0,0.0,0.0,4.642e-05,0.0,0.0,0.0,0.0,4.642e-05,1e-07,0.0
24456747.0,4995000000.0,5000000.0,5.0,0.0,0.0487,0.0487,0.0487,0.0487,21.428,0.032142,0.0,0.032142,21.428,2.9397e-05,0.0,2.9397e-05,0.0,0.0,0.0,0.0,4.642e-09,0.0,0.0,0.0,1e-11,0.0,0.0,0.0,0.0,1e-11,4.642e-09,0.0
24457674.0,4995000000.0,5000000.0,5.0,0.0,0.0487,0.0487,0.0487,0.0487,21.428,0.032142,0.019598,0.032142,21.428,3.2142e-07,0.019598,3.2142e-07,0.0,0.0,0.0,0.0,2.154e-10,0.0,0.0,0.0,1e-07,0.0,0.0,0.0,0.0,1e-07,2.154e-10,0.0
24450269.0,4995000000.0,5000000.0,5.0,0.0,0.0487,0.0487,0.0487,0.0487,2.2307,0.60541,0.00021333,0.60541,2.2307,0.005267,0.00021333,0.005267,0.0,0.0,0.0,0.0,1e-11,0.0,0.0,0.0,2.154e-06,0.0,0.0,0.0,0.0,2.154e-06,1e-11,0.0
24457713.0,4995000000.0,5000000.0,5.0,0.0,0.0487,0.0487,0.0487,0.0487,21.428,0.032142,0.019598,0.032142,21.428,3.0739e-06,0.019598,3.0739e-06,0.0,0.0,0.0,0.0,1e-11,0.0,0.0,0.0,1e-11,0.0,0.0,0.0,0.0,1e-11,1e-11,0.0
24450639.0,4995000000.0,5000000.0,5.0,0.0,0.0487,0.0487,0.0487,0.0487,2.2307,0.60541,0.0020402,0.60541,2.2307,0.005267,0.0020402,0.005267,0.0,0.0,0.0,0.0,2.154e-06,0.0,0.0,0.0,1e-07,0.0,0.0,0.0,0.0,1e-07,2.154e-06,0.0
24457788.0,4995000000.0,5000000.0,5.0,0.0,0.0487,0.0487,0.0487,0.0487,21.428,0.032142,0.019598,0.032142,21.428,2.9397e-05,0.019598,2.9397e-05,0.0,0.0,0.0,0.0,1e-07,0.0,0.0,0.0,4.642e-05,0.0,0.0,0.0,0.0,4.642e-05,1e-07,0.0
24457376.0,4995000000.0,5000000.0,5.0,0.0,0.0487,0.0487,0.0487,0.0487,21.428,0.032142,0.0020493,0.032142,21.428,3.0739e-06,0.0020493,3.0739e-06,0.0,0.0,0.0,0.0,1e-11,0.0,0.0,0.0,0.001,0.0,0.0,0.0,0.0,0.001,1e-11,0.0
24450156.0,4995000000.0,5000000.0,5.0,0.0,0.0487,0.0487,0.0487,0.0487,2.2307,0.60541,0.00021333,0.60541,2.2307,6.0541e-06,0.00021333,6.0541e-06,0.0,0.0,0.0,0.0,4.642e-05,0.0,0.0,0.0,1e-07,0.0,0.0,0.0,0.0,1e-07,4.642e-05,0.0
24457570.0,4995000000.0,5000000.0,5.0,0.0,0.0487,0.0487,0.0487,0.0487,21.428,0.032142,0.0020493,0.032142,21.428,0.025714,0.0020493,0.025714,0.0,0.0,0.0,0.0,1e-11,0.0,0.0,0.0,2.154e-06,0.0,0.0,0.0,0.0,2.154e-06,1e-11,0.0
24459931.0,4995000000.0,5000000.0,5.0,0.0,0.0487,0.0487,0.0487,0.0487,21.428,0.11571,0.0020493,0.11571,21.428,0.009685,0.0020493,0.009685,0.0,0.0,0.0,0.0,2.154e-10,0.0,0.0,0.0,0.001,0.0,0.0,0.0,0.0,0.001,2.154e-10,0.0
24459942.0,4995000000.0,5000000.0,5.0,0.0,0.0487,0.0487,0.0487,0.0487,21.428,0.11571,0.0020493,0.11571,21.428,0.009685,0.0020493,0.009685,0.0,0.0,0.0,0.0,1e-07,0.0,0.0,0.0,1e-07,0.0,0.0,0.0,0.0,1e-07,1e-07,0.0
24450767.0,4995000000.0,5000000.0,5.0,0.0,0.0487,0.0487,0.0487,0.0487,2.2307,0.60541,0.019407,0.60541,2.2307,0.0,0.019407,0.0,0.0,0.0,0.0,0.0,2.154e-10,0.0,0.0,0.0,4.642e-05,0.0,0.0,0.0,0.0,4.642e-05,2.154e-10,0.0
24459770.0,4995000000.0,5000000.0,5.0,0.0,0.0487,0.0487,0.0487,0.0487,21.428,0.11571,0.0020493,0.11571,21.428,1.1571e-06,0.0020493,1.1571e-06,0.0,0.0,0.0,0.0,0.001,0.0,0.0,0.0,0.001,0.0,0.0,0.0,0.0,0.001,0.001,0.0
24452658.0,4995000000.0,5000000.0,5.0,0.0,0.0487,0.0487,0.0487,0.0487,2.2307,2.2307,0.00021333,2.2307,2.2307,0.0020402,0.00021333,0.0020402,0.0,0.0,0.0,0.0,4.642e-05,0.0,0.0,0.0,0.001,0.0,0.0,0.0,0.0,0.001,4.642e-05,0.0
24457725.0,4995000000.0,5000000.0,5.0,0.0,0.0487,0.0487,0.0487,0.0487,21.428,0.032142,0.019598,0.032142,21.428,3.0739e-06,0.019598,3.0739e-06,0.0,0.0,0.0,0.0,2.154e-10,0.0,0.0,0.0,4.642e-05,0.0,0.0,0.0,0.0,4.642e-05,2.154e-10,0.0
24457016.0,4995000000.0,5000000.0,5.0,0.0,0.0487,0.0487,0.0487,0.0487,21.428,0.032142,0.00021428,0.032142,21.428,3.2142e-07,0.00021428,3.2142e-07,0.0,0.0,0.0,0.0,4.642e-05,0.0,0.0,0.0,1e-07,0.0,0.0,0.0,0.0,1e-07,4.642e-05,0.0
24457049.0,4995000000.0,5000000.0,5.0,0.0,0.0487,0.0487,0.0487,0.0487,21.428,0.032142,0.00021428,0.032142,21.428,3.0739e-06,0.00021428,3.0739e-06,0.0,0.0,0.0,0.0,1e-07,0.0,0.0,0.0,2.154e-10,0.0,0.0,0.0,0.0,2.154e-10,1e-07,0.0
24457584.0,4995000000.0,5000000.0,5.0,0.0,0.0487,0.0487,0.0487,0.0487,21.428,0.032142,0.0020493,0.032142,21.428,0.025714,0.0020493,0.025714,0.0,0.0,0.0,0.0,4.642e-09,0.0,0.0,0.0,2.154e-06,0.0,0.0,0.0,0.0,2.154e-06,4.642e-09,0.0
24459952.0,4995000000.0,5000000.0,5.0,0.0,0.0487,0.0487,0.0487,0.0487,21.428,0.11571,0.0020493,0.11571,21.428,0.009685,0.0020493,0.009685,0.0,0.0,0.0,0.0,2.154e-06,0.0,0.0,0.0,0.001,0.0,0.0,0.0,0.0,0.001,2.154e-06,0.0
24457062.0,4995000000.0,5000000.0,5.0,0.0,0.0487,0.0487,0.0487,0.0487,21.428,0.032142,0.00021428,0.032142,21.428,3.0739e-06,0.00021428,3.0739e-06,0.0,0.0,0.0,0.0,4.642e-05,0.0,0.0,0.0,1e-11,0.0,0.0,0.0,0.0,1e-11,4.642e-05,0.0
24459269.0,4995000000.0,5000000.0,5.0,0.0,0.0487,0.0487,0.0487,0.0487,21.428,0.11571,0.0,0.11571,21.428,0.009685,0.0,0.009685,0.0,0.0,0.0,0.0,4.642e-05,0.0,0.0,0.0,4.642e-09,0.0,0.0,0.0,0.0,4.642e-09,4.642e-05,0.0
24457473.0,4995000000.0,5000000.0,5.0,0.0,0.0487,0.0487,0.0487,0.0487,21.428,0.032142,0.0020493,0.032142,21.428,0.00027964,0.0020493,0.00027964,0.0,0.0,0.0,0.0,1e-11,0.0,0.0,0.0,4.642e-05,0.0,0.0,0.0,0.0,4.642e-05,1e-11,0.0
24457472.0,4995000000.0,5000000.0,5.0,0.0,0.0487,0.0487,0.0487,0.0487,21.428,0.032142,0.0020493,0.032142,21.428,0.00027964,0.0020493,0.00027964,0.0,0.0,0.0,0.0,1e-11,0.0,0.0,0.0,2.154e-06,0.0,0.0,0.0,0.0,2.154e-06,1e-11,0.0
24457458.0,4995000000.0,5000000.0,5.0,0.0,0.0487,0.0487,0.0487,0.0487,21.428,0.032142,0.0020493,0.032142,21.428,2.9397e-05,0.0020493,2.9397e-05,0.0,0.0,0.0,0.0,4.642e-05,0.0,0.0,0.0,2.154e-06,0.0,0.0,0.0,0.0,2.154e-06,4.642e-05,0.0
24450652.0,4995000000.0,5000000.0,5.0,0.0,0.0487,0.0487,0.0487,0.0487,2.2307,0.60541,0.0020402,0.60541,2.2307,0.005267,0.0020402,0.005267,0.0,0.0,0.0,0.0,0.001,0.0,0.0,0.0,4.642e-09,0.0,0.0,0.0,0.0,4.642e-09,0.001,0.0
24459850.0,4995000000.0,5000000.0,5.0,0.0,0.0487,0.0487,0.0487,0.0487,21.428,0.11571,0.0020493,0.11571,21.428,0.00010583,0.0020493,0.00010583,0.0,0.0,0.0,0.0,2.154e-06,0.0,0.0,0.0,4.642e-09,0.0,0.0,0.0,0.0,4.642e-09,2.154e-06,0.0
24459340.0,4995000000.0,5000000.0,5.0,0.0,0.0487,0.0487,0.0487,0.0487,21.428,0.11571,0.00021428,0.11571,21.428,0.0,0.00021428,0.0,0.0,0.0,0.0,0.0,2.154e-10,0.0,0.0,0.0,1e-07,0.0,0.0,0.0,0.0,1e-07,2.154e-10,0.0
24459538.0,4995000000.0,5000000.0,5.0,0.0,0.0487,0.0487,0.0487,0.0487,21.428,0.11571,0.00021428,0.11571,21.428,0.0010067,0.00021428,0.0010067,0.0,0.0,0.0,0.0,2.154e-10,0.0,0.0,0.0,4.642e-05,0.0,0.0,0.0,0.0,4.642e-05,2.154e-10,0.0
24456645.0,4995000000.0,5000000.0,5.0,0.0,0.0487,0.0487,0.0487,0.0487,21.428,0.032142,0.0,0.032142,21.428,3.2142e-07,0.0,3.2142e-07,0.0,0.0,0.0,0.0,2.154e-10,0.0,0.0,0.0,1e-07,0.0,0.0,0.0,0.0,1e-07,2.154e-10,0.0
24457014.0,4995000000.0,5000000.0,5.0,0.0,0.0487,0.0487,0.0487,0.0487,21.428,0.032142,0.00021428,0.032142,21.428,3.2142e-07,0.00021428,3.2142e-07,0.0,0.0,0.0,0.0,4.642e-05,0.0,0.0,0.0,2.154e-10,0.0,0.0,0.0,0.0,2.154e-10,4.642e-05,0.0
24457937.0,4995000000.0,5000000.0,5.0,0.0,0.0487,0.0487,0.0487,0.0487,21.428,0.032142,0.019598,0.032142,21.428,0.025714,0.019598,0.025714,0.0,0.0,0.0,0.0,2.154e-06,0.0,0.0,0.0,1e-11,0.0,0.0,0.0,0.0,1e-11,2.154e-06,0.0
24457734.0,4995000000.0,5000000.0,5.0,0.0,0.0487,0.0487,0.0487,0.0487,21.428,0.032142,0.019598,0.032142,21.428,3.0739e-06,0.019598,3.0739e-06,0.0,0.0,0.0,0.0,1e-07,0.0,0.0,0.0,1e-11,0.0,0.0,0.0,0.0,1e-11,1e-07,0.0
24450934.0,4995000000.0,5000000.0,5.0,0.0,0.0487,0.0487,0.0487,0.0487,2.2307,0.60541,0.019407,0.60541,2.2307,0.00055371,0.019407,0.00055371,0.0,0.0,0.0,0.0,2.154e-06,0.0,0.0,0.0,2.154e-06,0.0,0.0,0.0,0.0,2.154e-06,2.154e-06,0.0
24459728.0,4995000000.0,5000000.0,5.0,0.0,0.0487,0.0487,0.0487,0.0487,21.428,0.11571,0.0020493,0.11571,21.428,1.1571e-06,0.0020493,1.1571e-06,0.0,0.0,0.0,0.0,1e-11,0.0,0.0,0.0,0.001,0.0,0.0,0.0,0.0,0.001,1e-11,0.0
24459676.0,4995000000.0,5000000.0,5.0,0.0,0.0487,0.0487,0.0487,0.0487,21.428,0.11571,0.0020493,0.11571,21.428,0.0,0.0020493,0.0,0.0,0.0,0.0,0.0,1e-11,0.0,0.0,0.0,1e-07,0.0,0.0,0.0,0.0,1e-07,1e-11,0.0
24457139.0,4995000000.0,5000000.0,5.0,0.0,0.0487,0.0487,0.0487,0.0487,21.428,0.032142,0.00021428,0.032142,21.428,0.00027964,0.00021428,0.00027964,0.0,0.0,0.0,0.0,4.642e-09,0.0,0.0,0.0,1e-11,0.0,0.0,0.0,0.0,1e-11,4.642e-09,0.0
24450521.0,4995000000.0,5000000.0,5.0,0.0,0.0487,0.0487,0.0487,0.0487,2.2307,0.60541,0.0020402,0.60541,2.2307,5.7898e-05,0.0020402,5.7898e-05,0.0,0.0,0.0,0.0,2.154e-10,0.0,0.0,0.0,2.154e-06,0.0,0.0,0.0,0.0,2.154e-06,2.154e-10,0.0
24457096.0,4995000000.0,5000000.0,5.0,0.0,0.0487,0.0487,0.0487,0.0487,21.428,0.032142,0.00021428,0.032142,21.428,2.9397e-05,0.00021428,2.9397e-05,0.0,0.0,0.0,0.0,4.642e-09,0.0,0.0,0.0,0.001,0.0,0.0,0.0,0.0,0.001,4.642e-09,0.0
24459508.0,4995000000.0,5000000.0,5.0,0.0,0.0487,0.0487,0.0487,0.0487,21.428,0.11571,0.00021428,0.11571,21.428,0.00010583,0.00021428,0.00010583,0.0,0.0,0.0,0.0,2.154e-06,0.0,0.0,0.0,1e-07,0.0,0.0,0.0,0.0,1e-07,2.154e-06,0.0
24456919.0,4995000000.0,5000000.0,5.0,0.0,0.0487,0.0487,0.0487,0.0487,21.428,0.032142,0.0,0.032142,21.428,0.025714,0.0,0.025714,0.0,0.0,0.0,0.0,4.642e-05,0.0,0.0,0.0,2.154e-06,0.0,0.0,0.0,0.0,2.154e-06,4.642e-05,0.0
24459689.0,4995000000.0,5000000.0,5.0,0.0,0.0487,0.0487,0.0487,0.0487,21.428,0.11571,0.0020493,0.11571,21.428,0.0,0.0020493,0.0,0.0,0.0,0.0,0.0,4.642e-09,0.0,0.0,0.0,4.642e-09,0.0,0.0,0.0,0.0,4.642e-09,4.642e-09,0.0
24456821.0,4995000000.0,5000000.0,5.0,0.0,0.0487,0.0487,0.0487,0.0487,21.428,0.032142,0.0,0.032142,21.428,0.00027964,0.0,0.00027964,0.0,0.0,0.0,0.0,4.642e-05,0.0,0.0,0.0,2.154e-06,0.0,0.0,0.0,0.0,2.154e-06,4.642e-05,0.0
24457769.0,4995000000.0,5000000.0,5.0,0.0,0.0487,0.0487,0.0487,0.0487,21.428,0.032142,0.019598,0.032142,21.428,2.9397e-05,0.019598,2.9397e-05,0.0,0.0,0.0,0.0,2.154e-10,0.0,0.0,0.0,1e-11,0.0,0.0,0.0,0.0,1e-11,2.154e-10,0.0
24459894.0,4995000000.0,5000000.0,5.0,0.0,0.0487,0.0487,0.0487,0.0487,21.428,0.11571,0.0020493,0.11571,21.428,0.0010067,0.0020493,0.0010067,0.0,0.0,0.0,0.0,1e-07,0.0,0.0,0.0,2.154e-06,0.0,0.0,0.0,0.0,2.154e-06,1e-07,0.0
24456688.0,4995000000.0,5000000.0,5.0,0.0,0.0487,0.0487,0.0487,0.0487,21.428,0.032142,0.0,0.032142,21.428,3.0739e-06,0.0,3.0739e-06,0.0,0.0,0.0,0.0,1e-11,0.0,0.0,0.0,2.154e-06,0.0,0.0,0.0,0.0,2.154e-06,1e-11,0.0
24456733.0,4995000000.0,5000000.0,5.0,0.0,0.0487,0.0487,0.0487,0.0487,21.428,0.032142,0.0,0.032142,21.428,2.9397e-05,0.0,2.9397e-05,0.0,0.0,0.0,0.0,1e-11,0.0,0.0,0.0,1e-11,0.0,0.0,0.0,0.0,1e-11,1e-11,0.0
24451951.0,4995000000.0,5000000.0,5.0,0.0,0.0487,0.0487,0.0487,0.0487,2.2307,2.2307,0.0,2.2307,2.2307,0.0020402,0.0,0.0020402,0.0,0.0,0.0,0.0,4.642e-09,0.0,0.0,0.0,0.001,0.0,0.0,0.0,0.0,0.001,4.642e-09,0.0
24457024.0,4995000000.0,5000000.0,5.0,0.0,0.0487,0.0487,0.0487,0.0487,21.428,0.032142,0.00021428,0.032142,21.428,3.2142e-07,0.00021428,3.2142e-07,0.0,0.0,0.0,0.0,0.001,0.0,0.0,0.0,2.154e-06,0.0,0.0,0.0,0.0,2.154e-06,0.001,0.0
24459776.0,4995000000.0,5000000.0,5.0,0.0,0.0487,0.0487,0.0487,0.0487,21.428,0.11571,0.0020493,0.11571,21.428,1.1066e-05,0.0020493,1.1066e-05,0.0,0.0,0.0,0.0,1e-11,0.0,0.0,0.0,4.642e-05,0.0,0.0,0.0,0.0,4.642e-05,1e-11,0.0
24450835.0,4995000000.0,5000000.0,5.0,0.0,0.0487,0.0487,0.0487,0.0487,2.2307,0.60541,0.019407,0.60541,2.2307,6.0541e-06,0.019407,6.0541e-06,0.0,0.0,0.0,0.0,2.154e-06,0.0,0.0,0.0,1e-07,0.0,0.0,0.0,0.0,1e-07,2.154e-06,0.0
24456827.0,4995000000.0,5000000.0,5.0,0.0,0.0487,0.0487,0.0487,0.0487,21.428,0.032142,0.0,0.032142,21.428,0.00027964,0.0,0.00027964,0.0,0.0,0.0,0.0,0.001,0.0,0.0,0.0,1e-07,0.0,0.0,0.0,0.0,1e-07,0.001,0.0
24457576.0,4995000000.0,5000000.0,5.0,0.0,0.0487,0.0487,0.0487,0.0487,21.428,0.032142,0.0020493,0.032142,21.428,0.025714,0.0020493,0.025714,0.0,0.0,0.0,0.0,2.154e-10,0.0,0.0,0.0,1e-07,0.0,0.0,0.0,0.0,1e-07,2.154e-10,0.0
24456597.0,4995000000.0,5000000.0,5.0,0.0,0.0487,0.0487,0.0487,0.0487,21.428,0.032142,0.0,0.032142,21.428,0.0,0.0,0.0,0.0,0.0,0.0,0.0,2.154e-10,0.0,0.0,0.0,2.154e-06,0.0,0.0,0.0,0.0,2.154e-06,2.154e-10,0.0
24452357.0,4995000000.0,5000000.0,5.0,0.0,0.0487,0.0487,0.0487,0.0487,2.2307,2.2307,2.2307e-05,2.2307,2.2307,0.019407,2.2307e-05,0.019407,0.0,0.0,0.0,0.0,2.154e-06,0.0,0.0,0.0,0.001,0.0,0.0,0.0,0.0,0.001,2.154e-06,0.0
24457891.0,4995000000.0,5000000.0,5.0,0.0,0.0487,0.0487,0.0487,0.0487,21.428,0.032142,0.019598,0.032142,21.428,0.0026903,0.019598,0.0026903,0.0,0.0,0.0,0.0,2.154e-06,0.0,0.0,0.0,1e-07,0.0,0.0,0.0,0.0,1e-07,2.154e-06,0.0
24456925.0,4995000000.0,5000000.0,5.0,0.0,0.0487,0.0487,0.0487,0.0487,21.428,0.032142,0.0,0.032142,21.428,0.025714,0.0,0.025714,0.0,0.0,0.0,0.0,0.001,0.0,0.0,0.0,1e-07,0.0,0.0,0.0,0.0,1e-07,0.001,0.0
24457892.0,4995000000.0,5000000.0,5.0,0.0,0.0487,0.0487,0.0487,0.0487,21.428,0.032142,0.019598,0.032142,21.428,0.0026903,0.019598,0.0026903,0.0,0.0,0.0,0.0,2.154e-06,0.0,0.0,0.0,2.154e-06,0.0,0.0,0.0,0.0,2.154e-06,2.154e-06,0.0
24457862.0,4995000000.0,5000000.0,5.0,0.0,0.0487,0.0487,0.0487,0.0487,21.428,0.032142,0.019598,0.032142,21.428,0.0026903,0.019598,0.0026903,0.0,0.0,0.0,0.0,1e-11,0.0,0.0,0.0,4.642e-09,0.0,0.0,0.0,0.0,4.642e-09,1e-11,0.0
24450866.0,4995000000.0,5000000.0,5.0,0.0,0.0487,0.0487,0.0487,0.0487,2.2307,0.60541,0.019407,0.60541,2.2307,5.7898e-05,0.019407,5.7898e-05,0.0,0.0,0.0,0.0,2.154e-10,0.0,0.0,0.0,0.001,0.0,0.0,0.0,0.0,0.001,2.154e-10,0.0
24457890.0,4995000000.0,5000000.0,5.0,0.0,0.0487,0.0487,0.0487,0.0487,21.428,0.032142,0.019598,0.032142,21.428,0.0026903,0.019598,0.0026903,0.0,0.0,0.0,0.0,2.154e-06,0.0,0.0,0.0,4.642e-09,0.0,0.0,0.0,0.0,4.642e-09,2.154e-06,0.0
24456658.0,4995000000.0,5000000.0,5.0,0.0,0.0487,0.0487,0.0487,0.0487,21.428,0.032142,0.0,0.032142,21.428,3.2142e-07,0.0,3.2142e-07,0.0,0.0,0.0,0.0,1e-07,0.0,0.0,0.0,4.642e-09,0.0,0.0,0.0,0.0,4.642e-09,1e-07,0.0
24459252.0,4995000000.0,5000000.0,5.0,0.0,0.0487,0.0487,0.0487,0.0487,21.428,0.11571,0.0,0.11571,21.428,0.009685,0.0,0.009685,0.0,0.0,0.0,0.0,4.642e-09,0.0,0.0,0.0,0.001,0.0,0.0,0.0,0.0,0.001,4.642e-09,0.0
24450312.0,4995000000.0,5000000.0,5.0,0.0,0.0487,0.0487,0.0487,0.0487,2.2307,0.60541,0.00021333,0.60541,2.2307,0.005267,0.00021333,0.005267,0.0,0.0,0.0,0.0,0.001,0.0,0.0,0.0,4.642e-05,0.0,0.0,0.0,0.0,4.642e-05,0.001,0.0
24450582.0,4995000000.0,5000000.0,5.0,0.0,0.0487,0.0487,0.0487,0.0487,2.2307,0.60541,0.0020402,0.60541,2.2307,0.00055371,0.0020402,0.00055371,0.0,0.0,0.0,0.0,1e-07,0.0,0.0,0.0,4.642e-09,0.0,0.0,0.0,0.0,4.642e-09,1e-07,0.0
24452994.0,4995000000.0,5000000.0,5.0,0.0,0.0487,0.0487,0.0487,0.0487,2.2307,2.2307,0.0020402,2.2307,2.2307,0.0020402,0.0020402,0.0020402,0.0,0.0,0.0,0.0,2.154e-06,0.0,0.0,0.0,0.001,0.0,0.0,0.0,0.0,0.001,2.154e-06,0.0
24456792.0,4995000000.0,5000000.0,5.0,0.0,0.0487,0.0487,0.0487,0.0487,21.428,0.032142,0.0,0.032142,21.428,0.00027964,0.0,0.00027964,0.0,0.0,0.0,0.0,2.154e-10,0.0,0.0,0.0,1e-07,0.0,0.0,0.0,0.0,1e-07,2.154e-10,0.0
24450472.0,4995000000.0,5000000.0,5.0,0.0,0.0487,0.0487,0.0487,0.0487,2.2307,0.60541,0.0020402,0.60541,2.2307,6.0541e-06,0.0020402,6.0541e-06,0.0,0.0,0.0,0.0,2.154e-10,0.0,0.0,0.0,2.154e-06,0.0,0.0,0.0,0.0,2.154e-06,2.154e-10,0.0
24450457.0,4995000000.0,5000000.0,5.0,0.0,0.0487,0.0487,0.0487,0.0487,2.2307,0.60541,0.0020402,0.60541,2.2307,0.0,0.0020402,0.0,0.0,0.0,0.0,0.0,0.001,0.0,0.0,0.0,1e-07,0.0,0.0,0.0,0.0,1e-07,0.001,0.0
24459388.0,4995000000.0,5000000.0,5.0,0.0,0.0487,0.0487,0.0487,0.0487,21.428,0.11571,0.00021428,0.11571,21.428,1.1571e-06,0.00021428,1.1571e-06,0.0,0.0,0.0,0.0,2.154e-10,0.0,0.0,0.0,4.642e-09,0.0,0.0,0.0,0.0,4.642e-09,2.154e-10,0.0
24457780.0,4995000000.0,5000000.0,5.0,0.0,0.0487,0.0487,0.0487,0.0487,21.428,0.032142,0.019598,0.032142,21.428,2.9397e-05,0.019598,2.9397e-05,0.0,0.0,0.0,0.0,4.642e-09,0.0,0.0,0.0,2.154e-06,0.0,0.0,0.0,0.0,2.154e-06,4.642e-09,0.0
24453323.0,4995000000.0,5000000.0,5.0,0.0,0.0487,0.0487,0.0487,0.0487,2.2307,2.2307,0.019407,2.2307,2.2307,0.0020402,0.019407,0.0020402,0.0,0.0,0.0,0.0,4.642e-09,0.0,0.0,0.0,0.001,0.0,0.0,0.0,0.0,0.001,4.642e-09,0.0
24459391.0,4995000000.0,5000000.0,5.0,0.0,0.0487,0.0487,0.0487,0.0487,21.428,0.11571,0.00021428,0.11571,21.428,1.1571e-06,0.00021428,1.1571e-06,0.0,0.0,0.0,0.0,2.154e-10,0.0,0.0,0.0,4.642e-05,0.0,0.0,0.0,0.0,4.642e-05,2.154e-10,0.0
24457284.0,4995000000.0,5000000.0,5.0,0.0,0.0487,0.0487,0.0487,0.0487,21.428,0.032142,0.0020493,0.032142,21.428,0.0,0.0020493,0.0,0.0,0.0,0.0,0.0,2.154e-10,0.0,0.0,0.0,4.642e-05,0.0,0.0,0.0,0.0,4.642e-05,2.154e-10,0.0
24459521.0,4995000000.0,5000000.0,5.0,0.0,0.0487,0.0487,0.0487,0.0487,21.428,0.11571,0.00021428,0.11571,21.428,0.00010583,0.00021428,0.00010583,0.0,0.0,0.0,0.0,0.001,0.0,0.0,0.0,4.642e-09,0.0,0.0,0.0,0.0,4.642e-09,0.001,0.0
24456793.0,4995000000.0,5000000.0,5.0,0.0,0.0487,0.0487,0.0487,0.0487,21.428,0.032142,0.0,0.032142,21.428,0.00027964,0.0,0.00027964,0.0,0.0,0.0,0.0,2.154e-10,0.0,0.0,0.0,2.154e-06,0.0,0.0,0.0,0.0,2.154e-06,2.154e-10,0.0
24456621.0,4995000000.0,5000000.0,5.0,0.0,0.0487,0.0487,0.0487,0.0487,21.428,0.032142,0.0,0.032142,21.428,0.0,0.0,0.0,0.0,0.0,0.0,0.0,4.642e-05,0.0,0.0,0.0,1e-11,0.0,0.0,0.0,0.0,1e-11,4.642e-05,0.0
24457497.0,4995000000.0,5000000.0,5.0,0.0,0.0487,0.0487,0.0487,0.0487,21.428,0.032142,0.0020493,0.032142,21.428,0.00027964,0.0020493,0.00027964,0.0,0.0,0.0,0.0,2.154e-06,0.0,0.0,0.0,2.154e-10,0.0,0.0,0.0,0.0,2.154e-10,2.154e-06,0.0
24450450.0,4995000000.0,5000000.0,5.0,0.0,0.0487,0.0487,0.0487,0.0487,2.2307,0.60541,0.0020402,0.60541,2.2307,0.0,0.0020402,0.0,0.0,0.0,0.0,0.0,4.642e-05,0.0,0.0,0.0,1e-07,0.0,0.0,0.0,0.0,1e-07,4.642e-05,0.0
24459738.0,4995000000.0,5000000.0,5.0,0.0,0.0487,0.0487,0.0487,0.0487,21.428,0.11571,0.0020493,0.11571,21.428,1.1571e-06,0.0020493,1.1571e-06,0.0,0.0,0.0,0.0,4.642e-09,0.0,0.0,0.0,4.642e-09,0.0,0.0,0.0,0.0,4.642e-09,4.642e-09,0.0
24456804.0,4995000000.0,5000000.0,5.0,0.0,0.0487,0.0487,0.0487,0.0487,21.428,0.032142,0.0,0.032142,21.428,0.00027964,0.0,0.00027964,0.0,0.0,0.0,0.0,1e-07,0.0,0.0,0.0,2.154e-10,0.0,0.0,0.0,0.0,2.154e-10,1e-07,0.0
24459067.0,4995000000.0,5000000.0,5.0,0.0,0.0487,0.0487,0.0487,0.0487,21.428,0.11571,0.0,0.11571,21.428,1.1571e-06,0.0,1.1571e-06,0.0,0.0,0.0,0.0,2.154e-06,0.0,0.0,0.0,1e-07,0.0,0.0,0.0,0.0,1e-07,2.154e-06,0.0
24452532.0,4995000000.0,5000000.0,5.0,0.0,0.0487,0.0487,0.0487,0.0487,2.2307,2.2307,0.00021333,2.2307,2.2307,2.2307e-05,0.00021333,2.2307e-05,0.0,0.0,0.0,0.0,2.154e-10,0.0,0.0,0.0,0.001,0.0,0.0,0.0,0.0,0.001,2.154e-10,0.0
24457193.0,4995000000.0,5000000.0,5.0,0.0,0.0487,0.0487,0.0487,0.0487,21.428,0.032142,0.00021428,0.032142,21.428,0.0026903,0.00021428,0.0026903,0.0,0.0,0.0,0.0,4.642e-09,0.0,0.0,0.0,4.642e-05,0.0,0.0,0.0,0.0,4.642e-05,4.642e-09,0.0
24451790.0,4995000000.0,5000000.0,5.0,0.0,0.0487,0.0487,0.0487,0.0487,2.2307,2.2307,0.0,2.2307,2.2307,0.0,0.0,0.0,0.0,0.0,0.0,0.0,1e-11,0.0,0.0,0.0,0.001,0.0,0.0,0.0,0.0,0.001,1e-11,0.0
24459880.0,4995000000.0,5000000.0,5.0,0.0,0.0487,0.0487,0.0487,0.0487,21.428,0.11571,0.0020493,0.11571,21.428,0.0010067,0.0020493,0.0010067,0.0,0.0,0.0,0.0,2.154e-10,0.0,0.0,0.0,2.154e-06,0.0,0.0,0.0,0.0,2.154e-06,2.154e-10,0.0
24453239.0,4995000000.0,5000000.0,5.0,0.0,0.0487,0.0487,0.0487,0.0487,2.2307,2.2307,0.019407,2.2307,2.2307,2.2307e-05,0.019407,2.2307e-05,0.0,0.0,0.0,0.0,2.154e-06,0.0,0.0,0.0,0.001,0.0,0.0,0.0,0.0,0.001,2.154e-06,0.0
24456934.0,4995000000.0,5000000.0,5.0,0.0,0.0487,0.0487,0.0487,0.0487,21.428,0.032142,0.00021428,0.032142,21.428,0.0,0.00021428,0.0,0.0,0.0,0.0,0.0,1e-11,0.0,0.0,0.0,4.642e-05,0.0,0.0,0.0,0.0,4.642e-05,1e-11,0.0
24450268.0,4995000000.0,5000000.0,5.0,0.0,0.0487,0.0487,0.0487,0.0487,2.2307,0.60541,0.00021333,0.60541,2.2307,0.005267,0.00021333,0.005267,0.0,0.0,0.0,0.0,1e-11,0.0,0.0,0.0,1e-07,0.0,0.0,0.0,0.0,1e-07,1e-11,0.0
24450113.0,4995000000.0,5000000.0,5.0,0.0,0.0487,0.0487,0.0487,0.0487,2.2307,0.60541,0.00021333,0.60541,2.2307,0.0,0.00021333,0.0,0.0,0.0,0.0,0.0,0.001,0.0,0.0,0.0,4.642e-09,0.0,0.0,0.0,0.0,4.642e-09,0.001,0.0
24459803.0,4995000000.0,5000000.0,5.0,0.0,0.0487,0.0487,0.0487,0.0487,21.428,0.11571,0.0020493,0.11571,21.428,1.1066e-05,0.0020493,1.1066e-05,0.0,0.0,0.0,0.0,2.154e-06,0.0,0.0,0.0,2.154e-06,0.0,0.0,0.0,0.0,2.154e-06,2.154e-06,0.0
24456832.0,4995000000.0,5000000.0,5.0,0.0,0.0487,0.0487,0.0487,0.0487,21.428,0.032142,0.0,0.032142,21.428,0.0026903,0.0,0.0026903,0.0,0.0,0.0,0.0,1e-11,0.0,0.0,0.0,2.154e-10,0.0,0.0,0.0,0.0,2.154e-10,1e-11,0.0
24450887.0,4995000000.0,5000000.0,5.0,0.0,0.0487,0.0487,0.0487,0.0487,2.2307,0.60541,0.019407,0.60541,2.2307,5.7898e-05,0.019407,5.7898e-05,0.0,0.0,0.0,0.0,2.154e-06,0.0,0.0,0.0,0.001,0.0,0.0,0.0,0.0,0.001,2.154e-06,0.0
24459871.0,4995000000.0,5000000.0,5.0,0.0,0.0487,0.0487,0.0487,0.0487,21.428,0.11571,0.0020493,0.11571,21.428,0.0010067,0.0020493,0.0010067,0.0,0.0,0.0,0.0,1e-11,0.0,0.0,0.0,4.642e-09,0.0,0.0,0.0,0.0,4.642e-09,1e-11,0.0
24457105.0,4995000000.0,5000000.0,5.0,0.0,0.0487,0.0487,0.0487,0.0487,21.428,0.032142,0.00021428,0.032142,21.428,2.9397e-05,0.00021428,2.9397e-05,0.0,0.0,0.0,0.0,2.154e-06,0.0,0.0,0.0,2.154e-10,0.0,0.0,0.0,0.0,2.154e-10,2.154e-06,0.0
24456799.0,4995000000.0,5000000.0,5.0,0.0,0.0487,0.0487,0.0487,0.0487,21.428,0.032142,0.0,0.032142,21.428,0.00027964,0.0,0.00027964,0.0,0.0,0.0,0.0,4.642e-09,0.0,0.0,0.0,1e-07,0.0,0.0,0.0,0.0,1e-07,4.642e-09,0.0
24457035.0,4995000000.0,5000000.0,5.0,0.0,0.0487,0.0487,0.0487,0.0487,21.428,0.032142,0.00021428,0.032142,21.428,3.0739e-06,0.00021428,3.0739e-06,0.0,0.0,0.0,0.0,2.154e-10,0.0,0.0,0.0,2.154e-10,0.0,0.0,0.0,0.0,2.154e-10,2.154e-10,0.0
24457110.0,4995000000.0,5000000.0,5.0,0.0,0.0487,0.0487,0.0487,0.0487,21.428,0.032142,0.00021428,0.032142,21.428,2.9397e-05,0.00021428,2.9397e-05,0.0,0.0,0.0,0.0,2.154e-06,0.0,0.0,0.0,0.001,0.0,0.0,0.0,0.0,0.001,2.154e-06,0.0
24457482.0,4995000000.0,5000000.0,5.0,0.0,0.0487,0.0487,0.0487,0.0487,21.428,0.032142,0.0020493,0.032142,21.428,0.00027964,0.0020493,0.00027964,0.0,0.0,0.0,0.0,4.642e-09,0.0,0.0,0.0,1e-11,0.0,0.0,0.0,0.0,1e-11,4.642e-09,0.0
24452685.0,4995000000.0,5000000.0,5.0,0.0,0.0487,0.0487,0.0487,0.0487,2.2307,2.2307,0.00021333,2.2307,2.2307,0.019407,0.00021333,0.019407,0.0,0.0,0.0,0.0,4.642e-09,0.0,0.0,0.0,4.642e-05,0.0,0.0,0.0,0.0,4.642e-05,4.642e-09,0.0
24459775.0,4995000000.0,5000000.0,5.0,0.0,0.0487,0.0487,0.0487,0.0487,21.428,0.11571,0.0020493,0.11571,21.428,1.1066e-05,0.0020493,1.1066e-05,0.0,0.0,0.0,0.0,1e-11,0.0,0.0,0.0,2.154e-06,0.0,0.0,0.0,0.0,2.154e-06,1e-11,0.0
24456928.0,4995000000.0,5000000.0,5.0,0.0,0.0487,0.0487,0.0487,0.0487,21.428,0.032142,0.0,0.032142,21.428,0.025714,0.0,0.025714,0.0,0.0,0.0,0.0,0.001,0.0,0.0,0.0,0.001,0.0,0.0,0.0,0.0,0.001,0.001,0.0
24457943.0,4995000000.0,5000000.0,5.0,0.0,0.0487,0.0487,0.0487,0.0487,21.428,0.032142,0.019598,0.032142,21.428,0.025714,0.019598,0.025714,0.0,0.0,0.0,0.0,2.154e-06,0.0,0.0,0.0,0.001,0.0,0.0,0.0,0.0,0.001,2.154e-06,0.0
24456611.0,4995000000.0,5000000.0,5.0,0.0,0.0487,0.0487,0.0487,0.0487,21.428,0.032142,0.0,0.032142,21.428,0.0,0.0,0.0,0.0,0.0,0.0,0.0,1e-07,0.0,0.0,0.0,2.154e-06,0.0,0.0,0.0,0.0,2.154e-06,1e-07,0.0
24452259.0,4995000000.0,5000000.0,5.0,0.0,0.0487,0.0487,0.0487,0.0487,2.2307,2.2307,2.2307e-05,2.2307,2.2307,0.00021333,2.2307e-05,0.00021333,0.0,0.0,0.0,0.0,2.154e-06,0.0,0.0,0.0,0.001,0.0,0.0,0.0,0.0,0.001,2.154e-06,0.0
24459700.0,4995000000.0,5000000.0,5.0,0.0,0.0487,0.0487,0.0487,0.0487,21.428,0.11571,0.0020493,0.11571,21.428,0.0,0.0020493,0.0,0.0,0.0,0.0,0.0,1e-07,0.0,0.0,0.0,0.001,0.0,0.0,0.0,0.0,0.001,1e-07,0.0
24459707.0,4995000000.0,5000000.0,5.0,0.0,0.0487,0.0487,0.0487,0.0487,21.428,0.11571,0.0020493,0.11571,21.428,0.0,0.0020493,0.0,0.0,0.0,0.0,0.0,2.154e-06,0.0,0.0,0.0,0.001,0.0,0.0,0.0,0.0,0.001,2.154e-06,0.0
24459599.0,4995000000.0,5000000.0,5.0,0.0,0.0487,0.0487,0.0487,0.0487,21.428,0.11571,0.00021428,0.11571,21.428,0.009685,0.00021428,0.009685,0.0,0.0,0.0,0.0,1e-07,0.0,0.0,0.0,1e-07,0.0,0.0,0.0,0.0,1e-07,1e-07,0.0
24450467.0,4995000000.0,5000000.0,5.0,0.0,0.0487,0.0487,0.0487,0.0487,2.2307,0.60541,0.0020402,0.60541,2.2307,6.0541e-06,0.0020402,6.0541e-06,0.0,0.0,0.0,0.0,1e-11,0.0,0.0,0.0,0.001,0.0,0.0,0.0,0.0,0.001,1e-11,0.0
24457261.0,4995000000.0,5000000.0,5.0,0.0,0.0487,0.0487,0.0487,0.0487,21.428,0.032142,0.00021428,0.032142,21.428,0.025714,0.00021428,0.025714,0.0,0.0,0.0,0.0,4.642e-05,0.0,0.0,0.0,1e-07,0.0,0.0,0.0,0.0,1e-07,4.642e-05,0.0
24457369.0,4995000000.0,5000000.0,5.0,0.0,0.0487,0.0487,0.0487,0.0487,21.428,0.032142,0.0020493,0.032142,21.428,3.2142e-07,0.0020493,3.2142e-07,0.0,0.0,0.0,0.0,0.001,0.0,0.0,0.0,0.001,0.0,0.0,0.0,0.0,0.001,0.001,0.0
24452931.0,4995000000.0,5000000.0,5.0,0.0,0.0487,0.0487,0.0487,0.0487,2.2307,2.2307,0.0020402,2.2307,2.2307,0.00021333,0.0020402,0.00021333,0.0,0.0,0.0,0.0,4.642e-09,0.0,0.0,0.0,0.001,0.0,0.0,0.0,0.0,0.001,4.642e-09,0.0
24458999.0,4995000000.0,5000000.0,5.0,0.0,0.0487,0.0487,0.0487,0.0487,21.428,0.11571,0.0,0.11571,21.428,0.0,0.0,0.0,0.0,0.0,0.0,0.0,2.154e-10,0.0,0.0,0.0,4.642e-05,0.0,0.0,0.0,0.0,4.642e-05,2.154e-10,0.0
24457829.0,4995000000.0,5000000.0,5.0,0.0,0.0487,0.0487,0.0487,0.0487,21.428,0.032142,0.019598,0.032142,21.428,0.00027964,0.019598,0.00027964,0.0,0.0,0.0,0.0,4.642e-09,0.0,0.0,0.0,2.154e-06,0.0,0.0,0.0,0.0,2.154e-06,4.642e-09,0.0
24457233.0,4995000000.0,5000000.0,5.0,0.0,0.0487,0.0487,0.0487,0.0487,21.428,0.032142,0.00021428,0.032142,21.428,0.025714,0.00021428,0.025714,0.0,0.0,0.0,0.0,2.154e-10,0.0,0.0,0.0,1e-07,0.0,0.0,0.0,0.0,1e-07,2.154e-10,0.0
24457287.0,4995000000.0,5000000.0,5.0,0.0,0.0487,0.0487,0.0487,0.0487,21.428,0.032142,0.0020493,0.032142,21.428,0.0,0.0020493,0.0,0.0,0.0,0.0,0.0,4.642e-09,0.0,0.0,0.0,2.154e-10,0.0,0.0,0.0,0.0,2.154e-10,4.642e-09,0.0
24457303.0,4995000000.0,5000000.0,5.0,0.0,0.0487,0.0487,0.0487,0.0487,21.428,0.032142,0.0020493,0.032142,21.428,0.0,0.0020493,0.0,0.0,0.0,0.0,0.0,2.154e-06,0.0,0.0,0.0,1e-07,0.0,0.0,0.0,0.0,1e-07,2.154e-06,0.0
24457602.0,4995000000.0,5000000.0,5.0,0.0,0.0487,0.0487,0.0487,0.0487,21.428,0.032142,0.0020493,0.032142,21.428,0.025714,0.0020493,0.025714,0.0,0.0,0.0,0.0,4.642e-05,0.0,0.0,0.0,2.154e-10,0.0,0.0,0.0,0.0,2.154e-10,4.642e-05,0.0
24457205.0,4995000000.0,5000000.0,5.0,0.0,0.0487,0.0487,0.0487,0.0487,21.428,0.032142,0.00021428,0.032142,21.428,0.0026903,0.00021428,0.0026903,0.0,0.0,0.0,0.0,2.154e-06,0.0,0.0,0.0,1e-07,0.0,0.0,0.0,0.0,1e-07,2.154e-06,0.0
24453195.0,4995000000.0,5000000.0,5.0,0.0,0.0487,0.0487,0.0487,0.0487,2.2307,2.2307,0.019407,2.2307,2.2307,0.0,0.019407,0.0,0.0,0.0,0.0,0.0,4.642e-05,0.0,0.0,0.0,2.154e-06,0.0,0.0,0.0,0.0,2.154e-06,4.642e-05,0.0
24450607.0,4995000000.0,5000000.0,5.0,0.0,0.0487,0.0487,0.0487,0.0487,2.2307,0.60541,0.0020402,0.60541,2.2307,0.00055371,0.0020402,0.00055371,0.0,0.0,0.0,0.0,0.001,0.0,0.0,0.0,0.001,0.0,0.0,0.0,0.0,0.001,0.001,0.0
24450971.0,4995000000.0,5000000.0,5.0,0.0,0.0487,0.0487,0.0487,0.0487,2.2307,0.60541,0.019407,0.60541,2.2307,0.005267,0.019407,0.005267,0.0,0.0,0.0,0.0,4.642e-09,0.0,0.0,0.0,0.001,0.0,0.0,0.0,0.0,0.001,4.642e-09,0.0
24457292.0,4995000000.0,5000000.0,5.0,0.0,0.0487,0.0487,0.0487,0.0487,21.428,0.032142,0.0020493,0.032142,21.428,0.0,0.0020493,0.0,0.0,0.0,0.0,0.0,4.642e-09,0.0,0.0,0.0,0.001,0.0,0.0,0.0,0.0,0.001,4.642e-09,0.0
24457203.0,4995000000.0,5000000.0,5.0,0.0,0.0487,0.0487,0.0487,0.0487,21.428,0.032142,0.00021428,0.032142,21.428,0.0026903,0.00021428,0.0026903,0.0,0.0,0.0,0.0,2.154e-06,0.0,0.0,0.0,2.154e-10,0.0,0.0,0.0,0.0,2.154e-10,2.154e-06,0.0
24450500.0,4995000000.0,5000000.0,5.0,0.0,0.0487,0.0487,0.0487,0.0487,2.2307,0.60541,0.0020402,0.60541,2.2307,6.0541e-06,0.0020402,6.0541e-06,0.0,0.0,0.0,0.0,4.642e-05,0.0,0.0,0.0,2.154e-06,0.0,0.0,0.0,0.0,2.154e-06,4.642e-05,0.0
24452852.0,4995000000.0,5000000.0,5.0,0.0,0.0487,0.0487,0.0487,0.0487,2.2307,2.2307,0.0020402,2.2307,2.2307,0.0,0.0020402,0.0,0.0,0.0,0.0,0.0,4.642e-05,0.0,0.0,0.0,2.154e-06,0.0,0.0,0.0,0.0,2.154e-06,4.642e-05,0.0
24457059.0,4995000000.0,5000000.0,5.0,0.0,0.0487,0.0487,0.0487,0.0487,21.428,0.032142,0.00021428,0.032142,21.428,3.0739e-06,0.00021428,3.0739e-06,0.0,0.0,0.0,0.0,2.154e-06,0.0,0.0,0.0,2.154e-06,0.0,0.0,0.0,0.0,2.154e-06,2.154e-06,0.0
24457109.0,4995000000.0,5000000.0,5.0,0.0,0.0487,0.0487,0.0487,0.0487,21.428,0.032142,0.00021428,0.032142,21.428,2.9397e-05,0.00021428,2.9397e-05,0.0,0.0,0.0,0.0,2.154e-06,0.0,0.0,0.0,4.642e-05,0.0,0.0,0.0,0.0,4.642e-05,2.154e-06,0.0
24452607.0,4995000000.0,5000000.0,5.0,0.0,0.0487,0.0487,0.0487,0.0487,2.2307,2.2307,0.00021333,2.2307,2.2307,0.00021333,0.00021333,0.00021333,0.0,0.0,0.0,0.0,4.642e-05,0.0,0.0,0.0,2.154e-06,0.0,0.0,0.0,0.0,2.154e-06,4.642e-05,0.0
24457237.0,4995000000.0,5000000.0,5.0,0.0,0.0487,0.0487,0.0487,0.0487,21.428,0.032142,0.00021428,0.032142,21.428,0.025714,0.00021428,0.025714,0.0,0.0,0.0,0.0,4.642e-09,0.0,0.0,0.0,1e-11,0.0,0.0,0.0,0.0,1e-11,4.642e-09,0.0
24457126.0,4995000000.0,5000000.0,5.0,0.0,0.0487,0.0487,0.0487,0.0487,21.428,0.032142,0.00021428,0.032142,21.428,0.00027964,0.00021428,0.00027964,0.0,0.0,0.0,0.0,1e-11,0.0,0.0,0.0,2.154e-10,0.0,0.0,0.0,0.0,2.154e-10,1e-11,0.0
24457129.0,4995000000.0,5000000.0,5.0,0.0,0.0487,0.0487,0.0487,0.0487,21.428,0.032142,0.00021428,0.032142,21.428,0.00027964,0.00021428,0.00027964,0.0,0.0,0.0,0.0,1e-11,0.0,0.0,0.0,2.154e-06,0.0,0.0,0.0,0.0,2.154e-06,1e-11,0.0
24456678.0,4995000000.0,5000000.0,5.0,0.0,0.0487,0.0487,0.0487,0.0487,21.428,0.032142,0.0,0.032142,21.428,3.2142e-07,0.0,3.2142e-07,0.0,0.0,0.0,0.0,0.001,0.0,0.0,0.0,2.154e-10,0.0,0.0,0.0,0.0,2.154e-10,0.001,0.0
24457526.0,4995000000.0,5000000.0,5.0,0.0,0.0487,0.0487,0.0487,0.0487,21.428,0.032142,0.0020493,0.032142,21.428,0.0026903,0.0020493,0.0026903,0.0,0.0,0.0,0.0,2.154e-10,0.0,0.0,0.0,4.642e-09,0.0,0.0,0.0,0.0,4.642e-09,2.154e-10,0.0
24456857.0,4995000000.0,5000000.0,5.0,0.0,0.0487,0.0487,0.0487,0.0487,21.428,0.032142,0.0,0.032142,21.428,0.0026903,0.0,0.0026903,0.0,0.0,0.0,0.0,1e-07,0.0,0.0,0.0,4.642e-05,0.0,0.0,0.0,0.0,4.642e-05,1e-07,0.0
24457542.0,4995000000.0,5000000.0,5.0,0.0,0.0487,0.0487,0.0487,0.0487,21.428,0.032142,0.0020493,0.032142,21.428,0.0026903,0.0020493,0.0026903,0.0,0.0,0.0,0.0,1e-07,0.0,0.0,0.0,2.154e-06,0.0,0.0,0.0,0.0,2.154e-06,1e-07,0.0
24456679.0,4995000000.0,5000000.0,5.0,0.0,0.0487,0.0487,0.0487,0.0487,21.428,0.032142,0.0,0.032142,21.428,3.2142e-07,0.0,3.2142e-07,0.0,0.0,0.0,0.0,0.001,0.0,0.0,0.0,4.642e-09,0.0,0.0,0.0,0.0,4.642e-09,0.001,0.0
24459370.0,4995000000.0,5000000.0,5.0,0.0,0.0487,0.0487,0.0487,0.0487,21.428,0.11571,0.00021428,0.11571,21.428,0.0,0.00021428,0.0,0.0,0.0,0.0,0.0,4.642e-05,0.0,0.0,0.0,4.642e-05,0.0,0.0,0.0,0.0,4.642e-05,4.642e-05,0.0
24459157.0,4995000000.0,5000000.0,5.0,0.0,0.0487,0.0487,0.0487,0.0487,21.428,0.11571,0.0,0.11571,21.428,0.00010583,0.0,0.00010583,0.0,0.0,0.0,0.0,1e-07,0.0,0.0,0.0,4.642e-09,0.0,0.0,0.0,0.0,4.642e-09,1e-07,0.0
24450471.0,4995000000.0,5000000.0,5.0,0.0,0.0487,0.0487,0.0487,0.0487,2.2307,0.60541,0.0020402,0.60541,2.2307,6.0541e-06,0.0020402,6.0541e-06,0.0,0.0,0.0,0.0,2.154e-10,0.0,0.0,0.0,1e-07,0.0,0.0,0.0,0.0,1e-07,2.154e-10,0.0
24450591.0,4995000000.0,5000000.0,5.0,0.0,0.0487,0.0487,0.0487,0.0487,2.2307,0.60541,0.0020402,0.60541,2.2307,0.00055371,0.0020402,0.00055371,0.0,0.0,0.0,0.0,2.154e-06,0.0,0.0,0.0,2.154e-06,0.0,0.0,0.0,0.0,2.154e-06,2.154e-06,0.0
24451971.0,4995000000.0,5000000.0,5.0,0.0,0.0487,0.0487,0.0487,0.0487,2.2307,2.2307,0.0,2.2307,2.2307,0.0020402,0.0,0.0020402,0.0,0.0,0.0,0.0,4.642e-05,0.0,0.0,0.0,4.642e-05,0.0,0.0,0.0,0.0,4.642e-05,4.642e-05,0.0
24451929.0,4995000000.0,5000000.0,5.0,0.0,0.0487,0.0487,0.0487,0.0487,2.2307,2.2307,0.0,2.2307,2.2307,0.00021333,0.0,0.00021333,0.0,0.0,0.0,0.0,0.001,0.0,0.0,0.0,4.642e-05,0.0,0.0,0.0,0.0,4.642e-05,0.001,0.0
24452874.0,4995000000.0,5000000.0,5.0,0.0,0.0487,0.0487,0.0487,0.0487,2.2307,2.2307,0.0020402,2.2307,2.2307,2.2307e-05,0.0020402,2.2307e-05,0.0,0.0,0.0,0.0,2.154e-10,0.0,0.0,0.0,4.642e-05,0.0,0.0,0.0,0.0,4.642e-05,2.154e-10,0.0
24459752.0,4995000000.0,5000000.0,5.0,0.0,0.0487,0.0487,0.0487,0.0487,21.428,0.11571,0.0020493,0.11571,21.428,1.1571e-06,0.0020493,1.1571e-06,0.0,0.0,0.0,0.0,2.154e-06,0.0,0.0,0.0,4.642e-09,0.0,0.0,0.0,0.0,4.642e-09,2.154e-06,0.0
24457390.0,4995000000.0,5000000.0,5.0,0.0,0.0487,0.0487,0.0487,0.0487,21.428,0.032142,0.0020493,0.032142,21.428,3.0739e-06,0.0020493,3.0739e-06,0.0,0.0,0.0,0.0,4.642e-09,0.0,0.0,0.0,0.001,0.0,0.0,0.0,0.0,0.001,4.642e-09,0.0
24456708.0,4995000000.0,5000000.0,5.0,0.0,0.0487,0.0487,0.0487,0.0487,21.428,0.032142,0.0,0.032142,21.428,3.0739e-06,0.0,3.0739e-06,0.0,0.0,0.0,0.0,1e-07,0.0,0.0,0.0,1e-07,0.0,0.0,0.0,0.0,1e-07,1e-07,0.0
24457289.0,4995000000.0,5000000.0,5.0,0.0,0.0487,0.0487,0.0487,0.0487,21.428,0.032142,0.0020493,0.032142,21.428,0.0,0.0020493,0.0,0.0,0.0,0.0,0.0,4.642e-09,0.0,0.0,0.0,1e-07,0.0,0.0,0.0,0.0,1e-07,4.642e-09,0.0
24457285.0,4995000000.0,5000000.0,5.0,0.0,0.0487,0.0487,0.0487,0.0487,21.428,0.032142,0.0020493,0.032142,21.428,0.0,0.0020493,0.0,0.0,0.0,0.0,0.0,2.154e-10,0.0,0.0,0.0,0.001,0.0,0.0,0.0,0.0,0.001,2.154e-10,0.0
24450640.0,4995000000.0,5000000.0,5.0,0.0,0.0487,0.0487,0.0487,0.0487,2.2307,0.60541,0.0020402,0.60541,2.2307,0.005267,0.0020402,0.005267,0.0,0.0,0.0,0.0,2.154e-06,0.0,0.0,0.0,2.154e-06,0.0,0.0,0.0,0.0,2.154e-06,2.154e-06,0.0
24456894.0,4995000000.0,5000000.0,5.0,0.0,0.0487,0.0487,0.0487,0.0487,21.428,0.032142,0.0,0.032142,21.428,0.025714,0.0,0.025714,0.0,0.0,0.0,0.0,4.642e-09,0.0,0.0,0.0,1e-11,0.0,0.0,0.0,0.0,1e-11,4.642e-09,0.0
24456644.0,4995000000.0,5000000.0,5.0,0.0,0.0487,0.0487,0.0487,0.0487,21.428,0.032142,0.0,0.032142,21.428,3.2142e-07,0.0,3.2142e-07,0.0,0.0,0.0,0.0,2.154e-10,0.0,0.0,0.0,4.642e-09,0.0,0.0,0.0,0.0,4.642e-09,2.154e-10,0.0
24450130.0,4995000000.0,5000000.0,5.0,0.0,0.0487,0.0487,0.0487,0.0487,2.2307,0.60541,0.00021333,0.60541,2.2307,6.0541e-06,0.00021333,6.0541e-06,0.0,0.0,0.0,0.0,2.154e-10,0.0,0.0,0.0,4.642e-05,0.0,0.0,0.0,0.0,4.642e-05,2.154e-10,0.0
24451908.0,4995000000.0,5000000.0,5.0,0.0,0.0487,0.0487,0.0487,0.0487,2.2307,2.2307,0.0,2.2307,2.2307,0.00021333,0.0,0.00021333,0.0,0.0,0.0,0.0,1e-07,0.0,0.0,0.0,4.642e-05,0.0,0.0,0.0,0.0,4.642e-05,1e-07,0.0
24453349.0,4995000000.0,5000000.0,5.0,0.0,0.0487,0.0487,0.0487,0.0487,2.2307,2.2307,0.019407,2.2307,2.2307,0.0020402,0.019407,0.0020402,0.0,0.0,0.0,0.0,0.001,0.0,0.0,0.0,2.154e-06,0.0,0.0,0.0,0.0,2.154e-06,0.001,0.0
24450435.0,4995000000.0,5000000.0,5.0,0.0,0.0487,0.0487,0.0487,0.0487,2.2307,0.60541,0.0020402,0.60541,2.2307,0.0,0.0020402,0.0,0.0,0.0,0.0,0.0,1e-07,0.0,0.0,0.0,4.642e-09,0.0,0.0,0.0,0.0,4.642e-09,1e-07,0.0
24457631.0,4995000000.0,5000000.0,5.0,0.0,0.0487,0.0487,0.0487,0.0487,21.428,0.032142,0.019598,0.032142,21.428,0.0,0.019598,0.0,0.0,0.0,0.0,0.0,4.642e-09,0.0,0.0,0.0,4.642e-09,0.0,0.0,0.0,0.0,4.642e-09,4.642e-09,0.0
24459748.0,4995000000.0,5000000.0,5.0,0.0,0.0487,0.0487,0.0487,0.0487,21.428,0.11571,0.0020493,0.11571,21.428,1.1571e-06,0.0020493,1.1571e-06,0.0,0.0,0.0,0.0,1e-07,0.0,0.0,0.0,4.642e-05,0.0,0.0,0.0,0.0,4.642e-05,1e-07,0.0
24457827.0,4995000000.0,5000000.0,5.0,0.0,0.0487,0.0487,0.0487,0.0487,21.428,0.032142,0.019598,0.032142,21.428,0.00027964,0.019598,0.00027964,0.0,0.0,0.0,0.0,4.642e-09,0.0,0.0,0.0,4.642e-09,0.0,0.0,0.0,0.0,4.642e-09,4.642e-09,0.0
24456912.0,4995000000.0,5000000.0,5.0,0.0,0.0487,0.0487,0.0487,0.0487,21.428,0.032142,0.0,0.032142,21.428,0.025714,0.0,0.025714,0.0,0.0,0.0,0.0,2.154e-06,0.0,0.0,0.0,2.154e-06,0.0,0.0,0.0,0.0,2.154e-06,2.154e-06,0.0
24457356.0,4995000000.0,5000000.0,5.0,0.0,0.0487,0.0487,0.0487,0.0487,21.428,0.032142,0.0020493,0.032142,21.428,3.2142e-07,0.0020493,3.2142e-07,0.0,0.0,0.0,0.0,4.642e-05,0.0,0.0,0.0,1e-11,0.0,0.0,0.0,0.0,1e-11,4.642e-05,0.0
24457655.0,4995000000.0,5000000.0,5.0,0.0,0.0487,0.0487,0.0487,0.0487,21.428,0.032142,0.019598,0.032142,21.428,0.0,0.019598,0.0,0.0,0.0,0.0,0.0,4.642e-05,0.0,0.0,0.0,4.642e-05,0.0,0.0,0.0,0.0,4.642e-05,4.642e-05,0.0
24450178.0,4995000000.0,5000000.0,5.0,0.0,0.0487,0.0487,0.0487,0.0487,2.2307,0.60541,0.00021333,0.60541,2.2307,5.7898e-05,0.00021333,5.7898e-05,0.0,0.0,0.0,0.0,2.154e-10,0.0,0.0,0.0,2.154e-06,0.0,0.0,0.0,0.0,2.154e-06,2.154e-10,0.0
24452678.0,4995000000.0,5000000.0,5.0,0.0,0.0487,0.0487,0.0487,0.0487,2.2307,2.2307,0.00021333,2.2307,2.2307,0.019407,0.00021333,0.019407,0.0,0.0,0.0,0.0,2.154e-10,0.0,0.0,0.0,4.642e-05,0.0,0.0,0.0,0.0,4.642e-05,2.154e-10,0.0
24457346.0,4995000000.0,5000000.0,5.0,0.0,0.0487,0.0487,0.0487,0.0487,21.428,0.032142,0.0020493,0.032142,21.428,3.2142e-07,0.0020493,3.2142e-07,0.0,0.0,0.0,0.0,1e-07,0.0,0.0,0.0,2.154e-06,0.0,0.0,0.0,0.0,2.154e-06,1e-07,0.0
24450613.0,4995000000.0,5000000.0,5.0,0.0,0.0487,0.0487,0.0487,0.0487,2.2307,0.60541,0.0020402,0.60541,2.2307,0.005267,0.0020402,0.005267,0.0,0.0,0.0,0.0,1e-11,0.0,0.0,0.0,4.642e-05,0.0,0.0,0.0,0.0,4.642e-05,1e-11,0.0
24457856.0,4995000000.0,5000000.0,5.0,0.0,0.0487,0.0487,0.0487,0.0487,21.428,0.032142,0.019598,0.032142,21.428,0.00027964,0.019598,0.00027964,0.0,0.0,0.0,0.0,0.001,0.0,0.0,0.0,1e-07,0.0,0.0,0.0,0.0,1e-07,0.001,0.0
24457174.0,4995000000.0,5000000.0,5.0,0.0,0.0487,0.0487,0.0487,0.0487,21.428,0.032142,0.00021428,0.032142,21.428,0.0026903,0.00021428,0.0026903,0.0,0.0,0.0,0.0,1e-11,0.0,0.0,0.0,1e-11,0.0,0.0,0.0,0.0,1e-11,1e-11,0.0
24457214.0,4995000000.0,5000000.0,5.0,0.0,0.0487,0.0487,0.0487,0.0487,21.428,0.032142,0.00021428,0.032142,21.428,0.0026903,0.00021428,0.0026903,0.0,0.0,0.0,0.0,4.642e-05,0.0,0.0,0.0,4.642e-05,0.0,0.0,0.0,0.0,4.642e-05,4.642e-05,0.0
24459853.0,4995000000.0,5000000.0,5.0,0.0,0.0487,0.0487,0.0487,0.0487,21.428,0.11571,0.0020493,0.11571,21.428,0.00010583,0.0020493,0.00010583,0.0,0.0,0.0,0.0,2.154e-06,0.0,0.0,0.0,4.642e-05,0.0,0.0,0.0,0.0,4.642e-05,2.154e-06,0.0
24453259.0,4995000000.0,5000000.0,5.0,0.0,0.0487,0.0487,0.0487,0.0487,2.2307,2.2307,0.019407,2.2307,2.2307,0.00021333,0.019407,0.00021333,0.0,0.0,0.0,0.0,1e-11,0.0,0.0,0.0,4.642e-05,0.0,0.0,0.0,0.0,4.642e-05,1e-11,0.0
24450830.0,4995000000.0,5000000.0,5.0,0.0,0.0487,0.0487,0.0487,0.0487,2.2307,0.60541,0.019407,0.60541,2.2307,6.0541e-06,0.019407,6.0541e-06,0.0,0.0,0.0,0.0,1e-07,0.0,0.0,0.0,4.642e-05,0.0,0.0,0.0,0.0,4.642e-05,1e-07,0.0
24459796.0,4995000000.0,5000000.0,5.0,0.0,0.0487,0.0487,0.0487,0.0487,21.428,0.11571,0.0020493,0.11571,21.428,1.1066e-05,0.0020493,1.1066e-05,0.0,0.0,0.0,0.0,1e-07,0.0,0.0,0.0,2.154e-06,0.0,0.0,0.0,0.0,2.154e-06,1e-07,0.0
24451839.0,4995000000.0,5000000.0,5.0,0.0,0.0487,0.0487,0.0487,0.0487,2.2307,2.2307,0.0,2.2307,2.2307,2.2307e-05,0.0,2.2307e-05,0.0,0.0,0.0,0.0,1e-11,0.0,0.0,0.0,0.001,0.0,0.0,0.0,0.0,0.001,1e-11,0.0
24450976.0,4995000000.0,5000000.0,5.0,0.0,0.0487,0.0487,0.0487,0.0487,2.2307,0.60541,0.019407,0.60541,2.2307,0.005267,0.019407,0.005267,0.0,0.0,0.0,0.0,1e-07,0.0,0.0,0.0,2.154e-06,0.0,0.0,0.0,0.0,2.154e-06,1e-07,0.0
24456769.0,4995000000.0,5000000.0,5.0,0.0,0.0487,0.0487,0.0487,0.0487,21.428,0.032142,0.0,0.032142,21.428,2.9397e-05,0.0,2.9397e-05,0.0,0.0,0.0,0.0,4.642e-05,0.0,0.0,0.0,2.154e-10,0.0,0.0,0.0,0.0,2.154e-10,4.642e-05,0.0
24459382.0,4995000000.0,5000000.0,5.0,0.0,0.0487,0.0487,0.0487,0.0487,21.428,0.11571,0.00021428,0.11571,21.428,1.1571e-06,0.00021428,1.1571e-06,0.0,0.0,0.0,0.0,1e-11,0.0,0.0,0.0,1e-07,0.0,0.0,0.0,0.0,1e-07,1e-11,0.0
24457779.0,4995000000.0,5000000.0,5.0,0.0,0.0487,0.0487,0.0487,0.0487,21.428,0.032142,0.019598,0.032142,21.428,2.9397e-05,0.019598,2.9397e-05,0.0,0.0,0.0,0.0,4.642e-09,0.0,0.0,0.0,1e-07,0.0,0.0,0.0,0.0,1e-07,4.642e-09,0.0
24456731.0,4995000000.0,5000000.0,5.0,0.0,0.0487,0.0487,0.0487,0.0487,21.428,0.032142,0.0,0.032142,21.428,3.0739e-06,0.0,3.0739e-06,0.0,0.0,0.0,0.0,0.001,0.0,0.0,0.0,4.642e-05,0.0,0.0,0.0,0.0,4.642e-05,0.001,0.0
24453393.0,4995000000.0,5000000.0,5.0,0.0,0.0487,0.0487,0.0487,0.0487,2.2307,2.2307,0.019407,2.2307,2.2307,0.019407,0.019407,0.019407,0.0,0.0,0.0,0.0,4.642e-05,0.0,0.0,0.0,0.001,0.0,0.0,0.0,0.0,0.001,4.642e-05,0.0
24453350.0,4995000000.0,5000000.0,5.0,0.0,0.0487,0.0487,0.0487,0.0487,2.2307,2.2307,0.019407,2.2307,2.2307,0.0020402,0.019407,0.0020402,0.0,0.0,0.0,0.0,0.001,0.0,0.0,0.0,4.642e-05,0.0,0.0,0.0,0.0,4.642e-05,0.001,0.0
24456696.0,4995000000.0,5000000.0,5.0,0.0,0.0487,0.0487,0.0487,0.0487,21.428,0.032142,0.0,0.032142,21.428,3.0739e-06,0.0,3.0739e-06,0.0,0.0,0.0,0.0,2.154e-10,0.0,0.0,0.0,4.642e-05,0.0,0.0,0.0,0.0,4.642e-05,2.154e-10,0.0
24459117.0,4995000000.0,5000000.0,5.0,0.0,0.0487,0.0487,0.0487,0.0487,21.428,0.11571,0.0,0.11571,21.428,1.1066e-05,0.0,1.1066e-05,0.0,0.0,0.0,0.0,2.154e-06,0.0,0.0,0.0,2.154e-06,0.0,0.0,0.0,0.0,2.154e-06,2.154e-06,0.0
24457462.0,4995000000.0,5000000.0,5.0,0.0,0.0487,0.0487,0.0487,0.0487,21.428,0.032142,0.0020493,0.032142,21.428,2.9397e-05,0.0020493,2.9397e-05,0.0,0.0,0.0,0.0,0.001,0.0,0.0,0.0,2.154e-10,0.0,0.0,0.0,0.0,2.154e-10,0.001,0.0
24450843.0,4995000000.0,5000000.0,5.0,0.0,0.0487,0.0487,0.0487,0.0487,2.2307,0.60541,0.019407,0.60541,2.2307,6.0541e-06,0.019407,6.0541e-06,0.0,0.0,0.0,0.0,4.642e-05,0.0,0.0,0.0,2.154e-06,0.0,0.0,0.0,0.0,2.154e-06,4.642e-05,0.0
24457842.0,4995000000.0,5000000.0,5.0,0.0,0.0487,0.0487,0.0487,0.0487,21.428,0.032142,0.019598,0.032142,21.428,0.00027964,0.019598,0.00027964,0.0,0.0,0.0,0.0,2.154e-06,0.0,0.0,0.0,1e-07,0.0,0.0,0.0,0.0,1e-07,2.154e-06,0.0
24456770.0,4995000000.0,5000000.0,5.0,0.0,0.0487,0.0487,0.0487,0.0487,21.428,0.032142,0.0,0.032142,21.428,2.9397e-05,0.0,2.9397e-05,0.0,0.0,0.0,0.0,4.642e-05,0.0,0.0,0.0,4.642e-09,0.0,0.0,0.0,0.0,4.642e-09,4.642e-05,0.0
24457305.0,4995000000.0,5000000.0,5.0,0.0,0.0487,0.0487,0.0487,0.0487,21.428,0.032142,0.0020493,0.032142,21.428,0.0,0.0020493,0.0,0.0,0.0,0.0,0.0,2.154e-06,0.0,0.0,0.0,4.642e-05,0.0,0.0,0.0,0.0,4.642e-05,2.154e-06,0.0
24457273.0,4995000000.0,5000000.0,5.0,0.0,0.0487,0.0487,0.0487,0.0487,21.428,0.032142,0.0020493,0.032142,21.428,0.0,0.0020493,0.0,0.0,0.0,0.0,0.0,1e-11,0.0,0.0,0.0,2.154e-10,0.0,0.0,0.0,0.0,2.154e-10,1e-11,0.0
24450837.0,4995000000.0,5000000.0,5.0,0.0,0.0487,0.0487,0.0487,0.0487,2.2307,0.60541,0.019407,0.60541,2.2307,6.0541e-06,0.019407,6.0541e-06,0.0,0.0,0.0,0.0,2.154e-06,0.0,0.0,0.0,4.642e-05,0.0,0.0,0.0,0.0,4.642e-05,2.154e-06,0.0
24459055.0,4995000000.0,5000000.0,5.0,0.0,0.0487,0.0487,0.0487,0.0487,21.428,0.11571,0.0,0.11571,21.428,1.1571e-06,0.0,1.1571e-06,0.0,0.0,0.0,0.0,4.642e-09,0.0,0.0,0.0,4.642e-05,0.0,0.0,0.0,0.0,4.642e-05,4.642e-09,0.0
24457442.0,4995000000.0,5000000.0,5.0,0.0,0.0487,0.0487,0.0487,0.0487,21.428,0.032142,0.0020493,0.032142,21.428,2.9397e-05,0.0020493,2.9397e-05,0.0,0.0,0.0,0.0,1e-07,0.0,0.0,0.0,4.642e-09,0.0,0.0,0.0,0.0,4.642e-09,1e-07,0.0
24457293.0,4995000000.0,5000000.0,5.0,0.0,0.0487,0.0487,0.0487,0.0487,21.428,0.032142,0.0020493,0.032142,21.428,0.0,0.0020493,0.0,0.0,0.0,0.0,0.0,1e-07,0.0,0.0,0.0,1e-11,0.0,0.0,0.0,0.0,1e-11,1e-07,0.0
24457341.0,4995000000.0,5000000.0,5.0,0.0,0.0487,0.0487,0.0487,0.0487,21.428,0.032142,0.0020493,0.032142,21.428,3.2142e-07,0.0020493,3.2142e-07,0.0,0.0,0.0,0.0,4.642e-09,0.0,0.0,0.0,0.001,0.0,0.0,0.0,0.0,0.001,4.642e-09,0.0
24457152.0,4995000000.0,5000000.0,5.0,0.0,0.0487,0.0487,0.0487,0.0487,21.428,0.032142,0.00021428,0.032142,21.428,0.00027964,0.00021428,0.00027964,0.0,0.0,0.0,0.0,1e-07,0.0,0.0,0.0,0.001,0.0,0.0,0.0,0.0,0.001,1e-07,0.0
24450968.0,4995000000.0,5000000.0,5.0,0.0,0.0487,0.0487,0.0487,0.0487,2.2307,0.60541,0.019407,0.60541,2.2307,0.005267,0.019407,0.005267,0.0,0.0,0.0,0.0,4.642e-09,0.0,0.0,0.0,1e-07,0.0,0.0,0.0,0.0,1e-07,4.642e-09,0.0
24459011.0,4995000000.0,5000000.0,5.0,0.0,0.0487,0.0487,0.0487,0.0487,21.428,0.11571,0.0,0.11571,21.428,0.0,0.0,0.0,0.0,0.0,0.0,0.0,1e-07,0.0,0.0,0.0,1e-07,0.0,0.0,0.0,0.0,1e-07,1e-07,0.0
24459769.0,4995000000.0,5000000.0,5.0,0.0,0.0487,0.0487,0.0487,0.0487,21.428,0.11571,0.0020493,0.11571,21.428,1.1571e-06,0.0020493,1.1571e-06,0.0,0.0,0.0,0.0,0.001,0.0,0.0,0.0,4.642e-05,0.0,0.0,0.0,0.0,4.642e-05,0.001,0.0
24450115.0,4995000000.0,5000000.0,5.0,0.0,0.0487,0.0487,0.0487,0.0487,2.2307,0.60541,0.00021333,0.60541,2.2307,0.0,0.00021333,0.0,0.0,0.0,0.0,0.0,0.001,0.0,0.0,0.0,2.154e-06,0.0,0.0,0.0,0.0,2.154e-06,0.001,0.0
24459381.0,4995000000.0,5000000.0,5.0,0.0,0.0487,0.0487,0.0487,0.0487,21.428,0.11571,0.00021428,0.11571,21.428,1.1571e-06,0.00021428,1.1571e-06,0.0,0.0,0.0,0.0,1e-11,0.0,0.0,0.0,4.642e-09,0.0,0.0,0.0,0.0,4.642e-09,1e-11,0.0
24450135.0,4995000000.0,5000000.0,5.0,0.0,0.0487,0.0487,0.0487,0.0487,2.2307,0.60541,0.00021333,0.60541,2.2307,6.0541e-06,0.00021333,6.0541e-06,0.0,0.0,0.0,0.0,4.642e-09,0.0,0.0,0.0,1e-07,0.0,0.0,0.0,0.0,1e-07,4.642e-09,0.0
24459844.0,4995000000.0,5000000.0,5.0,0.0,0.0487,0.0487,0.0487,0.0487,21.428,0.11571,0.0020493,0.11571,21.428,0.00010583,0.0020493,0.00010583,0.0,0.0,0.0,0.0,1e-07,0.0,0.0,0.0,1e-07,0.0,0.0,0.0,0.0,1e-07,1e-07,0.0
24456864.0,4995000000.0,5000000.0,5.0,0.0,0.0487,0.0487,0.0487,0.0487,21.428,0.032142,0.0,0.032142,21.428,0.0026903,0.0,0.0026903,0.0,0.0,0.0,0.0,2.154e-06,0.0,0.0,0.0,4.642e-05,0.0,0.0,0.0,0.0,4.642e-05,2.154e-06,0.0
24450478.0,4995000000.0,5000000.0,5.0,0.0,0.0487,0.0487,0.0487,0.0487,2.2307,0.60541,0.0020402,0.60541,2.2307,6.0541e-06,0.0020402,6.0541e-06,0.0,0.0,0.0,0.0,4.642e-09,0.0,0.0,0.0,1e-07,0.0,0.0,0.0,0.0,1e-07,4.642e-09,0.0
24459753.0,4995000000.0,5000000.0,5.0,0.0,0.0487,0.0487,0.0487,0.0487,21.428,0.11571,0.0020493,0.11571,21.428,1.1571e-06,0.0020493,1.1571e-06,0.0,0.0,0.0,0.0,2.154e-06,0.0,0.0,0.0,1e-07,0.0,0.0,0.0,0.0,1e-07,2.154e-06,0.0
24450149.0,4995000000.0,5000000.0,5.0,0.0,0.0487,0.0487,0.0487,0.0487,2.2307,0.60541,0.00021333,0.60541,2.2307,6.0541e-06,0.00021333,6.0541e-06,0.0,0.0,0.0,0.0,2.154e-06,0.0,0.0,0.0,1e-07,0.0,0.0,0.0,0.0,1e-07,2.154e-06,0.0
24457644.0,4995000000.0,5000000.0,5.0,0.0,0.0487,0.0487,0.0487,0.0487,21.428,0.032142,0.019598,0.032142,21.428,0.0,0.019598,0.0,0.0,0.0,0.0,0.0,2.154e-06,0.0,0.0,0.0,2.154e-10,0.0,0.0,0.0,0.0,2.154e-10,2.154e-06,0.0
24457934.0,4995000000.0,5000000.0,5.0,0.0,0.0487,0.0487,0.0487,0.0487,21.428,0.032142,0.019598,0.032142,21.428,0.025714,0.019598,0.025714,0.0,0.0,0.0,0.0,1e-07,0.0,0.0,0.0,2.154e-06,0.0,0.0,0.0,0.0,2.154e-06,1e-07,0.0
24457404.0,4995000000.0,5000000.0,5.0,0.0,0.0487,0.0487,0.0487,0.0487,21.428,0.032142,0.0020493,0.032142,21.428,3.0739e-06,0.0020493,3.0739e-06,0.0,0.0,0.0,0.0,2.154e-06,0.0,0.0,0.0,0.001,0.0,0.0,0.0,0.0,0.001,2.154e-06,0.0
24457250.0,4995000000.0,5000000.0,5.0,0.0,0.0487,0.0487,0.0487,0.0487,21.428,0.032142,0.00021428,0.032142,21.428,0.025714,0.00021428,0.025714,0.0,0.0,0.0,0.0,1e-07,0.0,0.0,0.0,0.001,0.0,0.0,0.0,0.0,0.001,1e-07,0.0
24457841.0,4995000000.0,5000000.0,5.0,0.0,0.0487,0.0487,0.0487,0.0487,21.428,0.032142,0.019598,0.032142,21.428,0.00027964,0.019598,0.00027964,0.0,0.0,0.0,0.0,2.154e-06,0.0,0.0,0.0,4.642e-09,0.0,0.0,0.0,0.0,4.642e-09,2.154e-06,0.0
24457901.0,4995000000.0,5000000.0,5.0,0.0,0.0487,0.0487,0.0487,0.0487,21.428,0.032142,0.019598,0.032142,21.428,0.0026903,0.019598,0.0026903,0.0,0.0,0.0,0.0,4.642e-05,0.0,0.0,0.0,0.001,0.0,0.0,0.0,0.0,0.001,4.642e-05,0.0
24457619.0,4995000000.0,5000000.0,5.0,0.0,0.0487,0.0487,0.0487,0.0487,21.428,0.032142,0.019598,0.032142,21.428,0.0,0.019598,0.0,0.0,0.0,0.0,0.0,1e-11,0.0,0.0,0.0,2.154e-06,0.0,0.0,0.0,0.0,2.154e-06,1e-11,0.0
24453266.0,4995000000.0,5000000.0,5.0,0.0,0.0487,0.0487,0.0487,0.0487,2.2307,2.2307,0.019407,2.2307,2.2307,0.00021333,0.019407,0.00021333,0.0,0.0,0.0,0.0,2.154e-10,0.0,0.0,0.0,4.642e-05,0.0,0.0,0.0,0.0,4.642e-05,2.154e-10,0.0
24451872.0,4995000000.0,5000000.0,5.0,0.0,0.0487,0.0487,0.0487,0.0487,2.2307,2.2307,0.0,2.2307,2.2307,2.2307e-05,0.0,2.2307e-05,0.0,0.0,0.0,0.0,4.642e-05,0.0,0.0,0.0,2.154e-06,0.0,0.0,0.0,0.0,2.154e-06,4.642e-05,0.0
24450502.0,4995000000.0,5000000.0,5.0,0.0,0.0487,0.0487,0.0487,0.0487,2.2307,0.60541,0.0020402,0.60541,2.2307,6.0541e-06,0.0020402,6.0541e-06,0.0,0.0,0.0,0.0,4.642e-05,0.0,0.0,0.0,0.001,0.0,0.0,0.0,0.0,0.001,4.642e-05,0.0
24452335.0,4995000000.0,5000000.0,5.0,0.0,0.0487,0.0487,0.0487,0.0487,2.2307,2.2307,2.2307e-05,2.2307,2.2307,0.019407,2.2307e-05,0.019407,0.0,0.0,0.0,0.0,2.154e-10,0.0,0.0,0.0,4.642e-05,0.0,0.0,0.0,0.0,4.642e-05,2.154e-10,0.0
24456811.0,4995000000.0,5000000.0,5.0,0.0,0.0487,0.0487,0.0487,0.0487,21.428,0.032142,0.0,0.032142,21.428,0.00027964,0.0,0.00027964,0.0,0.0,0.0,0.0,2.154e-06,0.0,0.0,0.0,2.154e-10,0.0,0.0,0.0,0.0,2.154e-10,2.154e-06,0.0
24459826.0,4995000000.0,5000000.0,5.0,0.0,0.0487,0.0487,0.0487,0.0487,21.428,0.11571,0.0020493,0.11571,21.428,0.00010583,0.0020493,0.00010583,0.0,0.0,0.0,0.0,1e-11,0.0,0.0,0.0,0.001,0.0,0.0,0.0,0.0,0.001,1e-11,0.0
24450800.0,4995000000.0,5000000.0,5.0,0.0,0.0487,0.0487,0.0487,0.0487,2.2307,0.60541,0.019407,0.60541,2.2307,0.0,0.019407,0.0,0.0,0.0,0.0,0.0,0.001,0.0,0.0,0.0,1e-07,0.0,0.0,0.0,0.0,1e-07,0.001,0.0
24457884.0,4995000000.0,5000000.0,5.0,0.0,0.0487,0.0487,0.0487,0.0487,21.428,0.032142,0.019598,0.032142,21.428,0.0026903,0.019598,0.0026903,0.0,0.0,0.0,0.0,1e-07,0.0,0.0,0.0,1e-07,0.0,0.0,0.0,0.0,1e-07,1e-07,0.0
24459419.0,4995000000.0,5000000.0,5.0,0.0,0.0487,0.0487,0.0487,0.0487,21.428,0.11571,0.00021428,0.11571,21.428,1.1571e-06,0.00021428,1.1571e-06,0.0,0.0,0.0,0.0,4.642e-05,0.0,0.0,0.0,4.642e-05,0.0,0.0,0.0,0.0,4.642e-05,4.642e-05,0.0
24459251.0,4995000000.0,5000000.0,5.0,0.0,0.0487,0.0487,0.0487,0.0487,21.428,0.11571,0.0,0.11571,21.428,0.009685,0.0,0.009685,0.0,0.0,0.0,0.0,4.642e-09,0.0,0.0,0.0,4.642e-05,0.0,0.0,0.0,0.0,4.642e-05,4.642e-09,0.0
24450957.0,4995000000.0,5000000.0,5.0,0.0,0.0487,0.0487,0.0487,0.0487,2.2307,0.60541,0.019407,0.60541,2.2307,0.005267,0.019407,0.005267,0.0,0.0,0.0,0.0,1e-11,0.0,0.0,0.0,0.001,0.0,0.0,0.0,0.0,0.001,1e-11,0.0
24456979.0,4995000000.0,5000000.0,5.0,0.0,0.0487,0.0487,0.0487,0.0487,21.428,0.032142,0.00021428,0.032142,21.428,3.2142e-07,0.00021428,3.2142e-07,0.0,0.0,0.0,0.0,1e-11,0.0,0.0,0.0,2.154e-10,0.0,0.0,0.0,0.0,2.154e-10,1e-11,0.0
24457908.0,4995000000.0,5000000.0,5.0,0.0,0.0487,0.0487,0.0487,0.0487,21.428,0.032142,0.019598,0.032142,21.428,0.0026903,0.019598,0.0026903,0.0,0.0,0.0,0.0,0.001,0.0,0.0,0.0,0.001,0.0,0.0,0.0,0.0,0.001,0.001,0.0
24453161.0,4995000000.0,5000000.0,5.0,0.0,0.0487,0.0487,0.0487,0.0487,2.2307,2.2307,0.019407,2.2307,2.2307,0.0,0.019407,0.0,0.0,0.0,0.0,0.0,1e-11,0.0,0.0,0.0,4.642e-05,0.0,0.0,0.0,0.0,4.642e-05,1e-11,0.0
24450633.0,4995000000.0,5000000.0,5.0,0.0,0.0487,0.0487,0.0487,0.0487,2.2307,0.60541,0.0020402,0.60541,2.2307,0.005267,0.0020402,0.005267,0.0,0.0,0.0,0.0,1e-07,0.0,0.0,0.0,2.154e-06,0.0,0.0,0.0,0.0,2.154e-06,1e-07,0.0
24459846.0,4995000000.0,5000000.0,5.0,0.0,0.0487,0.0487,0.0487,0.0487,21.428,0.11571,0.0020493,0.11571,21.428,0.00010583,0.0020493,0.00010583,0.0,0.0,0.0,0.0,1e-07,0.0,0.0,0.0,4.642e-05,0.0,0.0,0.0,0.0,4.642e-05,1e-07,0.0
24459572.0,4995000000.0,5000000.0,5.0,0.0,0.0487,0.0487,0.0487,0.0487,21.428,0.11571,0.00021428,0.11571,21.428,0.0010067,0.00021428,0.0010067,0.0,0.0,0.0,0.0,0.001,0.0,0.0,0.0,2.154e-06,0.0,0.0,0.0,0.0,2.154e-06,0.001,0.0
24459899.0,4995000000.0,5000000.0,5.0,0.0,0.0487,0.0487,0.0487,0.0487,21.428,0.11571,0.0020493,0.11571,21.428,0.0010067,0.0020493,0.0010067,0.0,0.0,0.0,0.0,2.154e-06,0.0,0.0,0.0,4.642e-09,0.0,0.0,0.0,0.0,4.642e-09,2.154e-06,0.0
24459074.0,4995000000.0,5000000.0,5.0,0.0,0.0487,0.0487,0.0487,0.0487,21.428,0.11571,0.0,0.11571,21.428,1.1571e-06,0.0,1.1571e-06,0.0,0.0,0.0,0.0,4.642e-05,0.0,0.0,0.0,1e-07,0.0,0.0,0.0,0.0,1e-07,4.642e-05,0.0
24452950.0,4995000000.0,5000000.0,5.0,0.0,0.0487,0.0487,0.0487,0.0487,2.2307,2.2307,0.0020402,2.2307,2.2307,0.00021333,0.0020402,0.00021333,0.0,0.0,0.0,0.0,4.642e-05,0.0,0.0,0.0,2.154e-06,0.0,0.0,0.0,0.0,2.154e-06,4.642e-05,0.0
24457142.0,4995000000.0,5000000.0,5.0,0.0,0.0487,0.0487,0.0487,0.0487,21.428,0.032142,0.00021428,0.032142,21.428,0.00027964,0.00021428,0.00027964,0.0,0.0,0.0,0.0,4.642e-09,0.0,0.0,0.0,1e-07,0.0,0.0,0.0,0.0,1e-07,4.642e-09,0.0
24456948.0,4995000000.0,5000000.0,5.0,0.0,0.0487,0.0487,0.0487,0.0487,21.428,0.032142,0.00021428,0.032142,21.428,0.0,0.00021428,0.0,0.0,0.0,0.0,0.0,4.642e-09,0.0,0.0,0.0,4.642e-05,0.0,0.0,0.0,0.0,4.642e-05,4.642e-09,0.0
24459161.0,4995000000.0,5000000.0,5.0,0.0,0.0487,0.0487,0.0487,0.0487,21.428,0.11571,0.0,0.11571,21.428,0.00010583,0.0,0.00010583,0.0,0.0,0.0,0.0,1e-07,0.0,0.0,0.0,0.001,0.0,0.0,0.0,0.0,0.001,1e-07,0.0
24459706.0,4995000000.0,5000000.0,5.0,0.0,0.0487,0.0487,0.0487,0.0487,21.428,0.11571,0.0020493,0.11571,21.428,0.0,0.0020493,0.0,0.0,0.0,0.0,0.0,2.154e-06,0.0,0.0,0.0,4.642e-05,0.0,0.0,0.0,0.0,4.642e-05,2.154e-06,0.0
24457870.0,4995000000.0,5000000.0,5.0,0.0,0.0487,0.0487,0.0487,0.0487,21.428,0.032142,0.019598,0.032142,21.428,0.0026903,0.019598,0.0026903,0.0,0.0,0.0,0.0,2.154e-10,0.0,0.0,0.0,1e-07,0.0,0.0,0.0,0.0,1e-07,2.154e-10,0.0
24453015.0,4995000000.0,5000000.0,5.0,0.0,0.0487,0.0487,0.0487,0.0487,2.2307,2.2307,0.0020402,2.2307,2.2307,0.019407,0.0020402,0.019407,0.0,0.0,0.0,0.0,1e-11,0.0,0.0,0.0,0.001,0.0,0.0,0.0,0.0,0.001,1e-11,0.0
24459783.0,4995000000.0,5000000.0,5.0,0.0,0.0487,0.0487,0.0487,0.0487,21.428,0.11571,0.0020493,0.11571,21.428,1.1066e-05,0.0020493,1.1066e-05,0.0,0.0,0.0,0.0,2.154e-10,0.0,0.0,0.0,4.642e-05,0.0,0.0,0.0,0.0,4.642e-05,2.154e-10,0.0
24450810.0,4995000000.0,5000000.0,5.0,0.0,0.0487,0.0487,0.0487,0.0487,2.2307,0.60541,0.019407,0.60541,2.2307,6.0541e-06,0.019407,6.0541e-06,0.0,0.0,0.0,0.0,1e-11,0.0,0.0,0.0,0.001,0.0,0.0,0.0,0.0,0.001,1e-11,0.0
24450247.0,4995000000.0,5000000.0,5.0,0.0,0.0487,0.0487,0.0487,0.0487,2.2307,0.60541,0.00021333,0.60541,2.2307,0.00055371,0.00021333,0.00055371,0.0,0.0,0.0,0.0,2.154e-06,0.0,0.0,0.0,1e-07,0.0,0.0,0.0,0.0,1e-07,2.154e-06,0.0
24457037.0,4995000000.0,5000000.0,5.0,0.0,0.0487,0.0487,0.0487,0.0487,21.428,0.032142,0.00021428,0.032142,21.428,3.0739e-06,0.00021428,3.0739e-06,0.0,0.0,0.0,0.0,2.154e-10,0.0,0.0,0.0,1e-07,0.0,0.0,0.0,0.0,1e-07,2.154e-10,0.0
24459559.0,4995000000.0,5000000.0,5.0,0.0,0.0487,0.0487,0.0487,0.0487,21.428,0.11571,0.00021428,0.11571,21.428,0.0010067,0.00021428,0.0010067,0.0,0.0,0.0,0.0,2.154e-06,0.0,0.0,0.0,4.642e-05,0.0,0.0,0.0,0.0,4.642e-05,2.154e-06,0.0
24452901.0,4995000000.0,5000000.0,5.0,0.0,0.0487,0.0487,0.0487,0.0487,2.2307,2.2307,0.0020402,2.2307,2.2307,2.2307e-05,0.0020402,2.2307e-05,0.0,0.0,0.0,0.0,4.642e-05,0.0,0.0,0.0,2.154e-06,0.0,0.0,0.0,0.0,2.154e-06,4.642e-05,0.0
24456974.0,4995000000.0,5000000.0,5.0,0.0,0.0487,0.0487,0.0487,0.0487,21.428,0.032142,0.00021428,0.032142,21.428,0.0,0.00021428,0.0,0.0,0.0,0.0,0.0,0.001,0.0,0.0,0.0,1e-07,0.0,0.0,0.0,0.0,1e-07,0.001,0.0
24452161.0,4995000000.0,5000000.0,5.0,0.0,0.0487,0.0487,0.0487,0.0487,2.2307,2.2307,2.2307e-05,2.2307,2.2307,0.0,2.2307e-05,0.0,0.0,0.0,0.0,0.0,2.154e-06,0.0,0.0,0.0,0.001,0.0,0.0,0.0,0.0,0.001,2.154e-06,0.0
24459097.0,4995000000.0,5000000.0,5.0,0.0,0.0487,0.0487,0.0487,0.0487,21.428,0.11571,0.0,0.11571,21.428,1.1066e-05,0.0,1.1066e-05,0.0,0.0,0.0,0.0,2.154e-10,0.0,0.0,0.0,4.642e-05,0.0,0.0,0.0,0.0,4.642e-05,2.154e-10,0.0
24457280.0,4995000000.0,5000000.0,5.0,0.0,0.0487,0.0487,0.0487,0.0487,21.428,0.032142,0.0020493,0.032142,21.428,0.0,0.0020493,0.0,0.0,0.0,0.0,0.0,2.154e-10,0.0,0.0,0.0,2.154e-10,0.0,0.0,0.0,0.0,2.154e-10,2.154e-10,0.0
24457336.0,4995000000.0,5000000.0,5.0,0.0,0.0487,0.0487,0.0487,0.0487,21.428,0.032142,0.0020493,0.032142,21.428,3.2142e-07,0.0020493,3.2142e-07,0.0,0.0,0.0,0.0,4.642e-09,0.0,0.0,0.0,2.154e-10,0.0,0.0,0.0,0.0,2.154e-10,4.642e-09,0.0
24456600.0,4995000000.0,5000000.0,5.0,0.0,0.0487,0.0487,0.0487,0.0487,21.428,0.032142,0.0,0.032142,21.428,0.0,0.0,0.0,0.0,0.0,0.0,0.0,4.642e-09,0.0,0.0,0.0,1e-11,0.0,0.0,0.0,0.0,1e-11,4.642e-09,0.0
24457597.0,4995000000.0,5000000.0,5.0,0.0,0.0487,0.0487,0.0487,0.0487,21.428,0.032142,0.0020493,0.032142,21.428,0.025714,0.0020493,0.025714,0.0,0.0,0.0,0.0,2.154e-06,0.0,0.0,0.0,1e-07,0.0,0.0,0.0,0.0,1e-07,2.154e-06,0.0
24450163.0,4995000000.0,5000000.0,5.0,0.0,0.0487,0.0487,0.0487,0.0487,2.2307,0.60541,0.00021333,0.60541,2.2307,6.0541e-06,0.00021333,6.0541e-06,0.0,0.0,0.0,0.0,0.001,0.0,0.0,0.0,1e-07,0.0,0.0,0.0,0.0,1e-07,0.001,0.0
24452825.0,4995000000.0,5000000.0,5.0,0.0,0.0487,0.0487,0.0487,0.0487,2.2307,2.2307,0.0020402,2.2307,2.2307,0.0,0.0020402,0.0,0.0,0.0,0.0,0.0,2.154e-10,0.0,0.0,0.0,4.642e-05,0.0,0.0,0.0,0.0,4.642e-05,2.154e-10,0.0
24459390.0,4995000000.0,5000000.0,5.0,0.0,0.0487,0.0487,0.0487,0.0487,21.428,0.11571,0.00021428,0.11571,21.428,1.1571e-06,0.00021428,1.1571e-06,0.0,0.0,0.0,0.0,2.154e-10,0.0,0.0,0.0,2.154e-06,0.0,0.0,0.0,0.0,2.154e-06,2.154e-10,0.0
24459721.0,4995000000.0,5000000.0,5.0,0.0,0.0487,0.0487,0.0487,0.0487,21.428,0.11571,0.0020493,0.11571,21.428,0.0,0.0020493,0.0,0.0,0.0,0.0,0.0,0.001,0.0,0.0,0.0,0.001,0.0,0.0,0.0,0.0,0.001,0.001,0.0
24450190.0,4995000000.0,5000000.0,5.0,0.0,0.0487,0.0487,0.0487,0.0487,2.2307,0.60541,0.00021333,0.60541,2.2307,5.7898e-05,0.00021333,5.7898e-05,0.0,0.0,0.0,0.0,1e-07,0.0,0.0,0.0,4.642e-09,0.0,0.0,0.0,0.0,4.642e-09,1e-07,0.0
24450624.0,4995000000.0,5000000.0,5.0,0.0,0.0487,0.0487,0.0487,0.0487,2.2307,0.60541,0.0020402,0.60541,2.2307,0.005267,0.0020402,0.005267,0.0,0.0,0.0,0.0,4.642e-09,0.0,0.0,0.0,4.642e-09,0.0,0.0,0.0,0.0,4.642e-09,4.642e-09,0.0
24457057.0,4995000000.0,5000000.0,5.0,0.0,0.0487,0.0487,0.0487,0.0487,21.428,0.032142,0.00021428,0.032142,21.428,3.0739e-06,0.00021428,3.0739e-06,0.0,0.0,0.0,0.0,2.154e-06,0.0,0.0,0.0,4.642e-09,0.0,0.0,0.0,0.0,4.642e-09,2.154e-06,0.0
24451977.0,4995000000.0,5000000.0,5.0,0.0,0.0487,0.0487,0.0487,0.0487,2.2307,2.2307,0.0,2.2307,2.2307,0.0020402,0.0,0.0020402,0.0,0.0,0.0,0.0,0.001,0.0,0.0,0.0,2.154e-06,0.0,0.0,0.0,0.0,2.154e-06,0.001,0.0
24457520.0,4995000000.0,5000000.0,5.0,0.0,0.0487,0.0487,0.0487,0.0487,21.428,0.032142,0.0020493,0.032142,21.428,0.0026903,0.0020493,0.0026903,0.0,0.0,0.0,0.0,1e-11,0.0,0.0,0.0,1e-07,0.0,0.0,0.0,0.0,1e-07,1e-11,0.0
24452166.0,4995000000.0,5000000.0,5.0,0.0,0.0487,0.0487,0.0487,0.0487,2.2307,2.2307,2.2307e-05,2.2307,2.2307,0.0,2.2307e-05,0.0,0.0,0.0,0.0,0.0,4.642e-05,0.0,0.0,0.0,2.154e-06,0.0,0.0,0.0,0.0,2.154e-06,4.642e-05,0.0
24459350.0,4995000000.0,5000000.0,5.0,0.0,0.0487,0.0487,0.0487,0.0487,21.428,0.11571,0.00021428,0.11571,21.428,0.0,0.00021428,0.0,0.0,0.0,0.0,0.0,4.642e-09,0.0,0.0,0.0,0.001,0.0,0.0,0.0,0.0,0.001,4.642e-09,0.0
24459543.0,4995000000.0,5000000.0,5.0,0.0,0.0487,0.0487,0.0487,0.0487,21.428,0.11571,0.00021428,0.11571,21.428,0.0010067,0.00021428,0.0010067,0.0,0.0,0.0,0.0,4.642e-09,0.0,0.0,0.0,1e-07,0.0,0.0,0.0,0.0,1e-07,4.642e-09,0.0
24451901.0,4995000000.0,5000000.0,5.0,0.0,0.0487,0.0487,0.0487,0.0487,2.2307,2.2307,0.0,2.2307,2.2307,0.00021333,0.0,0.00021333,0.0,0.0,0.0,0.0,4.642e-09,0.0,0.0,0.0,4.642e-05,0.0,0.0,0.0,0.0,4.642e-05,4.642e-09,0.0
24453260.0,4995000000.0,5000000.0,5.0,0.0,0.0487,0.0487,0.0487,0.0487,2.2307,2.2307,0.019407,2.2307,2.2307,0.00021333,0.019407,0.00021333,0.0,0.0,0.0,0.0,1e-11,0.0,0.0,0.0,0.001,0.0,0.0,0.0,0.0,0.001,1e-11,0.0
24457848.0,4995000000.0,5000000.0,5.0,0.0,0.0487,0.0487,0.0487,0.0487,21.428,0.032142,0.019598,0.032142,21.428,0.00027964,0.019598,0.00027964,0.0,0.0,0.0,0.0,4.642e-05,0.0,0.0,0.0,4.642e-09,0.0,0.0,0.0,0.0,4.642e-09,4.642e-05,0.0
24456794.0,4995000000.0,5000000.0,5.0,0.0,0.0487,0.0487,0.0487,0.0487,21.428,0.032142,0.0,0.032142,21.428,0.00027964,0.0,0.00027964,0.0,0.0,0.0,0.0,2.154e-10,0.0,0.0,0.0,4.642e-05,0.0,0.0,0.0,0.0,4.642e-05,2.154e-10,0.0
24457533.0,4995000000.0,5000000.0,5.0,0.0,0.0487,0.0487,0.0487,0.0487,21.428,0.032142,0.0020493,0.032142,21.428,0.0026903,0.0020493,0.0026903,0.0,0.0,0.0,0.0,4.642e-09,0.0,0.0,0.0,4.642e-09,0.0,0.0,0.0,0.0,4.642e-09,4.642e-09,0.0
24452475.0,4995000000.0,5000000.0,5.0,0.0,0.0487,0.0487,0.0487,0.0487,2.2307,2.2307,0.00021333,2.2307,2.2307,0.0,0.00021333,0.0,0.0,0.0,0.0,0.0,1e-11,0.0,0.0,0.0,4.642e-05,0.0,0.0,0.0,0.0,4.642e-05,1e-11,0.0
24450285.0,4995000000.0,5000000.0,5.0,0.0,0.0487,0.0487,0.0487,0.0487,2.2307,0.60541,0.00021333,0.60541,2.2307,0.005267,0.00021333,0.005267,0.0,0.0,0.0,0.0,4.642e-09,0.0,0.0,0.0,0.001,0.0,0.0,0.0,0.0,0.001,4.642e-09,0.0
24450878.0,4995000000.0,5000000.0,5.0,0.0,0.0487,0.0487,0.0487,0.0487,2.2307,0.60541,0.019407,0.60541,2.2307,5.7898e-05,0.019407,5.7898e-05,0.0,0.0,0.0,0.0,1e-07,0.0,0.0,0.0,2.154e-06,0.0,0.0,0.0,0.0,2.154e-06,1e-07,0.0
24457333.0,4995000000.0,5000000.0,5.0,0.0,0.0487,0.0487,0.0487,0.0487,21.428,0.032142,0.0020493,0.032142,21.428,3.2142e-07,0.0020493,3.2142e-07,0.0,0.0,0.0,0.0,2.154e-10,0.0,0.0,0.0,4.642e-05,0.0,0.0,0.0,0.0,4.642e-05,2.154e-10,0.0
24456843.0,4995000000.0,5000000.0,5.0,0.0,0.0487,0.0487,0.0487,0.0487,21.428,0.032142,0.0,0.032142,21.428,0.0026903,0.0,0.0026903,0.0,0.0,0.0,0.0,2.154e-10,0.0,0.0,0.0,4.642e-05,0.0,0.0,0.0,0.0,4.642e-05,2.154e-10,0.0
24459437.0,4995000000.0,5000000.0,5.0,0.0,0.0487,0.0487,0.0487,0.0487,21.428,0.11571,0.00021428,0.11571,21.428,1.1066e-05,0.00021428,1.1066e-05,0.0,0.0,0.0,0.0,2.154e-10,0.0,0.0,0.0,4.642e-09,0.0,0.0,0.0,0.0,4.642e-09,2.154e-10,0.0
24457861.0,4995000000.0,5000000.0,5.0,0.0,0.0487,0.0487,0.0487,0.0487,21.428,0.032142,0.019598,0.032142,21.428,0.0026903,0.019598,0.0026903,0.0,0.0,0.0,0.0,1e-11,0.0,0.0,0.0,2.154e-10,0.0,0.0,0.0,0.0,2.154e-10,1e-11,0.0
24450305.0,4995000000.0,5000000.0,5.0,0.0,0.0487,0.0487,0.0487,0.0487,2.2307,0.60541,0.00021333,0.60541,2.2307,0.005267,0.00021333,0.005267,0.0,0.0,0.0,0.0,4.642e-05,0.0,0.0,0.0,4.642e-05,0.0,0.0,0.0,0.0,4.642e-05,4.642e-05,0.0
24457955.0,4995000000.0,5000000.0,5.0,0.0,0.0487,0.0487,0.0487,0.0487,21.428,0.032142,0.019598,0.032142,21.428,0.025714,0.019598,0.025714,0.0,0.0,0.0,0.0,0.001,0.0,0.0,0.0,2.154e-06,0.0,0.0,0.0,0.0,2.154e-06,0.001,0.0
24458989.0,4995000000.0,5000000.0,5.0,0.0,0.0487,0.0487,0.0487,0.0487,21.428,0.11571,0.0,0.11571,21.428,0.0,0.0,0.0,0.0,0.0,0.0,0.0,1e-11,0.0,0.0,0.0,4.642e-09,0.0,0.0,0.0,0.0,4.642e-09,1e-11,0.0
24459789.0,4995000000.0,5000000.0,5.0,0.0,0.0487,0.0487,0.0487,0.0487,21.428,0.11571,0.0020493,0.11571,21.428,1.1066e-05,0.0020493,1.1066e-05,0.0,0.0,0.0,0.0,4.642e-09,0.0,0.0,0.0,2.154e-06,0.0,0.0,0.0,0.0,2.154e-06,4.642e-09,0.0
24457239.0,4995000000.0,5000000.0,5.0,0.0,0.0487,0.0487,0.0487,0.0487,21.428,0.032142,0.00021428,0.032142,21.428,0.025714,0.00021428,0.025714,0.0,0.0,0.0,0.0,4.642e-09,0.0,0.0,0.0,4.642e-09,0.0,0.0,0.0,0.0,4.642e-09,4.642e-09,0.0
24456840.0,4995000000.0,5000000.0,5.0,0.0,0.0487,0.0487,0.0487,0.0487,21.428,0.032142,0.0,0.032142,21.428,0.0026903,0.0,0.0026903,0.0,0.0,0.0,0.0,2.154e-10,0.0,0.0,0.0,4.642e-09,0.0,0.0,0.0,0.0,4.642e-09,2.154e-10,0.0
24457249.0,4995000000.0,5000000.0,5.0,0.0,0.0487,0.0487,0.0487,0.0487,21.428,0.032142,0.00021428,0.032142,21.428,0.025714,0.00021428,0.025714,0.0,0.0,0.0,0.0,1e-07,0.0,0.0,0.0,4.642e-05,0.0,0.0,0.0,0.0,4.642e-05,1e-07,0.0
24450933.0,4995000000.0,5000000.0,5.0,0.0,0.0487,0.0487,0.0487,0.0487,2.2307,0.60541,0.019407,0.60541,2.2307,0.00055371,0.019407,0.00055371,0.0,0.0,0.0,0.0,2.154e-06,0.0,0.0,0.0,1e-07,0.0,0.0,0.0,0.0,1e-07,2.154e-06,0.0
24450816.0,4995000000.0,5000000.0,5.0,0.0,0.0487,0.0487,0.0487,0.0487,2.2307,0.60541,0.019407,0.60541,2.2307,6.0541e-06,0.019407,6.0541e-06,0.0,0.0,0.0,0.0,2.154e-10,0.0,0.0,0.0,4.642e-05,0.0,0.0,0.0,0.0,4.642e-05,2.154e-10,0.0
24456921.0,4995000000.0,5000000.0,5.0,0.0,0.0487,0.0487,0.0487,0.0487,21.428,0.032142,0.0,0.032142,21.428,0.025714,0.0,0.025714,0.0,0.0,0.0,0.0,4.642e-05,0.0,0.0,0.0,0.001,0.0,0.0,0.0,0.0,0.001,4.642e-05,0.0
24457858.0,4995000000.0,5000000.0,5.0,0.0,0.0487,0.0487,0.0487,0.0487,21.428,0.032142,0.019598,0.032142,21.428,0.00027964,0.019598,0.00027964,0.0,0.0,0.0,0.0,0.001,0.0,0.0,0.0,4.642e-05,0.0,0.0,0.0,0.0,4.642e-05,0.001,0.0
24457288.0,4995000000.0,5000000.0,5.0,0.0,0.0487,0.0487,0.0487,0.0487,21.428,0.032142,0.0020493,0.032142,21.428,0.0,0.0020493,0.0,0.0,0.0,0.0,0.0,4.642e-09,0.0,0.0,0.0,4.642e-09,0.0,0.0,0.0,0.0,4.642e-09,4.642e-09,0.0
24450158.0,4995000000.0,5000000.0,5.0,0.0,0.0487,0.0487,0.0487,0.0487,2.2307,0.60541,0.00021333,0.60541,2.2307,6.0541e-06,0.00021333,6.0541e-06,0.0,0.0,0.0,0.0,4.642e-05,0.0,0.0,0.0,4.642e-05,0.0,0.0,0.0,0.0,4.642e-05,4.642e-05,0.0
24459164.0,4995000000.0,5000000.0,5.0,0.0,0.0487,0.0487,0.0487,0.0487,21.428,0.11571,0.0,0.11571,21.428,0.00010583,0.0,0.00010583,0.0,0.0,0.0,0.0,2.154e-06,0.0,0.0,0.0,4.642e-09,0.0,0.0,0.0,0.0,4.642e-09,2.154e-06,0.0
24450222.0,4995000000.0,5000000.0,5.0,0.0,0.0487,0.0487,0.0487,0.0487,2.2307,0.60541,0.00021333,0.60541,2.2307,0.00055371,0.00021333,0.00055371,0.0,0.0,0.0,0.0,1e-11,0.0,0.0,0.0,0.001,0.0,0.0,0.0,0.0,0.001,1e-11,0.0
24452168.0,4995000000.0,5000000.0,5.0,0.0,0.0487,0.0487,0.0487,0.0487,2.2307,2.2307,2.2307e-05,2.2307,2.2307,0.0,2.2307e-05,0.0,0.0,0.0,0.0,0.0,4.642e-05,0.0,0.0,0.0,0.001,0.0,0.0,0.0,0.0,0.001,4.642e-05,0.0
24456704.0,4995000000.0,5000000.0,5.0,0.0,0.0487,0.0487,0.0487,0.0487,21.428,0.032142,0.0,0.032142,21.428,3.0739e-06,0.0,3.0739e-06,0.0,0.0,0.0,0.0,4.642e-09,0.0,0.0,0.0,0.001,0.0,0.0,0.0,0.0,0.001,4.642e-09,0.0
24459119.0,4995000000.0,5000000.0,5.0,0.0,0.0487,0.0487,0.0487,0.0487,21.428,0.11571,0.0,0.11571,21.428,1.1066e-05,0.0,1.1066e-05,0.0,0.0,0.0,0.0,2.154e-06,0.0,0.0,0.0,0.001,0.0,0.0,0.0,0.0,0.001,2.154e-06,0.0
24457329.0,4995000000.0,5000000.0,5.0,0.0,0.0487,0.0487,0.0487,0.0487,21.428,0.032142,0.0020493,0.032142,21.428,3.2142e-07,0.0020493,3.2142e-07,0.0,0.0,0.0,0.0,2.154e-10,0.0,0.0,0.0,2.154e-10,0.0,0.0,0.0,0.0,2.154e-10,2.154e-10,0.0
24450786.0,4995000000.0,5000000.0,5.0,0.0,0.0487,0.0487,0.0487,0.0487,2.2307,0.60541,0.019407,0.60541,2.2307,0.0,0.019407,0.0,0.0,0.0,0.0,0.0,2.154e-06,0.0,0.0,0.0,1e-07,0.0,0.0,0.0,0.0,1e-07,2.154e-06,0.0
24457262.0,4995000000.0,5000000.0,5.0,0.0,0.0487,0.0487,0.0487,0.0487,21.428,0.032142,0.00021428,0.032142,21.428,0.025714,0.00021428,0.025714,0.0,0.0,0.0,0.0,4.642e-05,0.0,0.0,0.0,2.154e-06,0.0,0.0,0.0,0.0,2.154e-06,4.642e-05,0.0
24450255.0,4995000000.0,5000000.0,5.0,0.0,0.0487,0.0487,0.0487,0.0487,2.2307,0.60541,0.00021333,0.60541,2.2307,0.00055371,0.00021333,0.00055371,0.0,0.0,0.0,0.0,4.642e-05,0.0,0.0,0.0,2.154e-06,0.0,0.0,0.0,0.0,2.154e-06,4.642e-05,0.0
24450628.0,4995000000.0,5000000.0,5.0,0.0,0.0487,0.0487,0.0487,0.0487,2.2307,0.60541,0.0020402,0.60541,2.2307,0.005267,0.0020402,0.005267,0.0,0.0,0.0,0.0,4.642e-09,0.0,0.0,0.0,0.001,0.0,0.0,0.0,0.0,0.001,4.642e-09,0.0
24459052.0,4995000000.0,5000000.0,5.0,0.0,0.0487,0.0487,0.0487,0.0487,21.428,0.11571,0.0,0.11571,21.428,1.1571e-06,0.0,1.1571e-06,0.0,0.0,0.0,0.0,4.642e-09,0.0,0.0,0.0,4.642e-09,0.0,0.0,0.0,0.0,4.642e-09,4.642e-09,0.0
24457665.0,4995000000.0,5000000.0,5.0,0.0,0.0487,0.0487,0.0487,0.0487,21.428,0.032142,0.019598,0.032142,21.428,3.2142e-07,0.019598,3.2142e-07,0.0,0.0,0.0,0.0,1e-11,0.0,0.0,0.0,2.154e-10,0.0,0.0,0.0,0.0,2.154e-10,1e-11,0.0
24450892.0,4995000000.0,5000000.0,5.0,0.0,0.0487,0.0487,0.0487,0.0487,2.2307,0.60541,0.019407,0.60541,2.2307,5.7898e-05,0.019407,5.7898e-05,0.0,0.0,0.0,0.0,4.642e-05,0.0,0.0,0.0,2.154e-06,0.0,0.0,0.0,0.0,2.154e-06,4.642e-05,0.0
24457812.0,4995000000.0,5000000.0,5.0,0.0,0.0487,0.0487,0.0487,0.0487,21.428,0.032142,0.019598,0.032142,21.428,0.00027964,0.019598,0.00027964,0.0,0.0,0.0,0.0,1e-11,0.0,0.0,0.0,2.154e-10,0.0,0.0,0.0,0.0,2.154e-10,1e-11,0.0
24457700.0,4995000000.0,5000000.0,5.0,0.0,0.0487,0.0487,0.0487,0.0487,21.428,0.032142,0.019598,0.032142,21.428,3.2142e-07,0.019598,3.2142e-07,0.0,0.0,0.0,0.0,4.642e-05,0.0,0.0,0.0,2.154e-10,0.0,0.0,0.0,0.0,2.154e-10,4.642e-05,0.0
24457231.0,4995000000.0,5000000.0,5.0,0.0,0.0487,0.0487,0.0487,0.0487,21.428,0.032142,0.00021428,0.032142,21.428,0.025714,0.00021428,0.025714,0.0,0.0,0.0,0.0,2.154e-10,0.0,0.0,0.0,2.154e-10,0.0,0.0,0.0,0.0,2.154e-10,2.154e-10,0.0
24450879.0,4995000000.0,5000000.0,5.0,0.0,0.0487,0.0487,0.0487,0.0487,2.2307,0.60541,0.019407,0.60541,2.2307,5.7898e-05,0.019407,5.7898e-05,0.0,0.0,0.0,0.0,1e-07,0.0,0.0,0.0,4.642e-05,0.0,0.0,0.0,0.0,4.642e-05,1e-07,0.0
24459817.0,4995000000.0,5000000.0,5.0,0.0,0.0487,0.0487,0.0487,0.0487,21.428,0.11571,0.0020493,0.11571,21.428,1.1066e-05,0.0020493,1.1066e-05,0.0,0.0,0.0,0.0,0.001,0.0,0.0,0.0,2.154e-06,0.0,0.0,0.0,0.0,2.154e-06,0.001,0.0
24457270.0,4995000000.0,5000000.0,5.0,0.0,0.0487,0.0487,0.0487,0.0487,21.428,0.032142,0.00021428,0.032142,21.428,0.025714,0.00021428,0.025714,0.0,0.0,0.0,0.0,0.001,0.0,0.0,0.0,4.642e-05,0.0,0.0,0.0,0.0,4.642e-05,0.001,0.0
24459959.0,4995000000.0,5000000.0,5.0,0.0,0.0487,0.0487,0.0487,0.0487,21.428,0.11571,0.0020493,0.11571,21.428,0.009685,0.0020493,0.009685,0.0,0.0,0.0,0.0,4.642e-05,0.0,0.0,0.0,0.001,0.0,0.0,0.0,0.0,0.001,4.642e-05,0.0
24459102.0,4995000000.0,5000000.0,5.0,0.0,0.0487,0.0487,0.0487,0.0487,21.428,0.11571,0.0,0.11571,21.428,1.1066e-05,0.0,1.1066e-05,0.0,0.0,0.0,0.0,4.642e-09,0.0,0.0,0.0,1e-07,0.0,0.0,0.0,0.0,1e-07,4.642e-09,0.0
24453337.0,4995000000.0,5000000.0,5.0,0.0,0.0487,0.0487,0.0487,0.0487,2.2307,2.2307,0.019407,2.2307,2.2307,0.0020402,0.019407,0.0020402,0.0,0.0,0.0,0.0,2.154e-06,0.0,0.0,0.0,0.001,0.0,0.0,0.0,0.0,0.001,2.154e-06,0.0
24459873.0,4995000000.0,5000000.0,5.0,0.0,0.0487,0.0487,0.0487,0.0487,21.428,0.11571,0.0020493,0.11571,21.428,0.0010067,0.0020493,0.0010067,0.0,0.0,0.0,0.0,1e-11,0.0,0.0,0.0,2.154e-06,0.0,0.0,0.0,0.0,2.154e-06,1e-11,0.0
24459234.0,4995000000.0,5000000.0,5.0,0.0,0.0487,0.0487,0.0487,0.0487,21.428,0.11571,0.0,0.11571,21.428,0.009685,0.0,0.009685,0.0,0.0,0.0,0.0,1e-11,0.0,0.0,0.0,4.642e-09,0.0,0.0,0.0,0.0,4.642e-09,1e-11,0.0
24456662.0,4995000000.0,5000000.0,5.0,0.0,0.0487,0.0487,0.0487,0.0487,21.428,0.032142,0.0,0.032142,21.428,3.2142e-07,0.0,3.2142e-07,0.0,0.0,0.0,0.0,1e-07,0.0,0.0,0.0,0.001,0.0,0.0,0.0,0.0,0.001,1e-07,0.0
24450173.0,4995000000.0,5000000.0,5.0,0.0,0.0487,0.0487,0.0487,0.0487,2.2307,0.60541,0.00021333,0.60541,2.2307,5.7898e-05,0.00021333,5.7898e-05,0.0,0.0,0.0,0.0,1e-11,0.0,0.0,0.0,0.001,0.0,0.0,0.0,0.0,0.001,1e-11,0.0
24457512.0,4995000000.0,5000000.0,5.0,0.0,0.0487,0.0487,0.0487,0.0487,21.428,0.032142,0.0020493,0.032142,21.428,0.00027964,0.0020493,0.00027964,0.0,0.0,0.0,0.0,0.001,0.0,0.0,0.0,4.642e-09,0.0,0.0,0.0,0.0,4.642e-09,0.001,0.0
24459202.0,4995000000.0,5000000.0,5.0,0.0,0.0487,0.0487,0.0487,0.0487,21.428,0.11571,0.0,0.11571,21.428,0.0010067,0.0,0.0010067,0.0,0.0,0.0,0.0,4.642e-09,0.0,0.0,0.0,4.642e-05,0.0,0.0,0.0,0.0,4.642e-05,4.642e-09,0.0
24452707.0,4995000000.0,5000000.0,5.0,0.0,0.0487,0.0487,0.0487,0.0487,2.2307,2.2307,0.00021333,2.2307,2.2307,0.019407,0.00021333,0.019407,0.0,0.0,0.0,0.0,4.642e-05,0.0,0.0,0.0,0.001,0.0,0.0,0.0,0.0,0.001,4.642e-05,0.0
24457400.0,4995000000.0,5000000.0,5.0,0.0,0.0487,0.0487,0.0487,0.0487,21.428,0.032142,0.0020493,0.032142,21.428,3.0739e-06,0.0020493,3.0739e-06,0.0,0.0,0.0,0.0,2.154e-06,0.0,0.0,0.0,4.642e-09,0.0,0.0,0.0,0.0,4.642e-09,2.154e-06,0.0
24456911.0,4995000000.0,5000000.0,5.0,0.0,0.0487,0.0487,0.0487,0.0487,21.428,0.032142,0.0,0.032142,21.428,0.025714,0.0,0.025714,0.0,0.0,0.0,0.0,2.154e-06,0.0,0.0,0.0,1e-07,0.0,0.0,0.0,0.0,1e-07,2.154e-06,0.0
24457031.0,4995000000.0,5000000.0,5.0,0.0,0.0487,0.0487,0.0487,0.0487,21.428,0.032142,0.00021428,0.032142,21.428,3.0739e-06,0.00021428,3.0739e-06,0.0,0.0,0.0,0.0,1e-11,0.0,0.0,0.0,2.154e-06,0.0,0.0,0.0,0.0,2.154e-06,1e-11,0.0
24457083.0,4995000000.0,5000000.0,5.0,0.0,0.0487,0.0487,0.0487,0.0487,21.428,0.032142,0.00021428,0.032142,21.428,2.9397e-05,0.00021428,2.9397e-05,0.0,0.0,0.0,0.0,2.154e-10,0.0,0.0,0.0,1e-11,0.0,0.0,0.0,0.0,1e-11,2.154e-10,0.0
24457952.0,4995000000.0,5000000.0,5.0,0.0,0.0487,0.0487,0.0487,0.0487,21.428,0.032142,0.019598,0.032142,21.428,0.025714,0.019598,0.025714,0.0,0.0,0.0,0.0,0.001,0.0,0.0,0.0,2.154e-10,0.0,0.0,0.0,0.0,2.154e-10,0.001,0.0
24450480.0,4995000000.0,5000000.0,5.0,0.0,0.0487,0.0487,0.0487,0.0487,2.2307,0.60541,0.0020402,0.60541,2.2307,6.0541e-06,0.0020402,6.0541e-06,0.0,0.0,0.0,0.0,4.642e-09,0.0,0.0,0.0,4.642e-05,0.0,0.0,0.0,0.0,4.642e-05,4.642e-09,0.0
24453190.0,4995000000.0,5000000.0,5.0,0.0,0.0487,0.0487,0.0487,0.0487,2.2307,2.2307,0.019407,2.2307,2.2307,0.0,0.019407,0.0,0.0,0.0,0.0,0.0,2.154e-06,0.0,0.0,0.0,0.001,0.0,0.0,0.0,0.0,0.001,2.154e-06,0.0
24457921.0,4995000000.0,5000000.0,5.0,0.0,0.0487,0.0487,0.0487,0.0487,21.428,0.032142,0.019598,0.032142,21.428,0.025714,0.019598,0.025714,0.0,0.0,0.0,0.0,2.154e-10,0.0,0.0,0.0,4.642e-05,0.0,0.0,0.0,0.0,4.642e-05,2.154e-10,0.0
24456778.0,4995000000.0,5000000.0,5.0,0.0,0.0487,0.0487,0.0487,0.0487,21.428,0.032142,0.0,0.032142,21.428,2.9397e-05,0.0,2.9397e-05,0.0,0.0,0.0,0.0,0.001,0.0,0.0,0.0,1e-07,0.0,0.0,0.0,0.0,1e-07,0.001,0.0
24459948.0,4995000000.0,5000000.0,5.0,0.0,0.0487,0.0487,0.0487,0.0487,21.428,0.11571,0.0020493,0.11571,21.428,0.009685,0.0020493,0.009685,0.0,0.0,0.0,0.0,2.154e-06,0.0,0.0,0.0,4.642e-09,0.0,0.0,0.0,0.0,4.642e-09,2.154e-06,0.0
24459794.0,4995000000.0,5000000.0,5.0,0.0,0.0487,0.0487,0.0487,0.0487,21.428,0.11571,0.0020493,0.11571,21.428,1.1066e-05,0.0020493,1.1066e-05,0.0,0.0,0.0,0.0,1e-07,0.0,0.0,0.0,4.642e-09,0.0,0.0,0.0,0.0,4.642e-09,1e-07,0.0
24457020.0,4995000000.0,5000000.0,5.0,0.0,0.0487,0.0487,0.0487,0.0487,21.428,0.032142,0.00021428,0.032142,21.428,3.2142e-07,0.00021428,3.2142e-07,0.0,0.0,0.0,0.0,0.001,0.0,0.0,0.0,1e-11,0.0,0.0,0.0,0.0,1e-11,0.001,0.0
24457296.0,4995000000.0,5000000.0,5.0,0.0,0.0487,0.0487,0.0487,0.0487,21.428,0.032142,0.0020493,0.032142,21.428,0.0,0.0020493,0.0,0.0,0.0,0.0,0.0,1e-07,0.0,0.0,0.0,1e-07,0.0,0.0,0.0,0.0,1e-07,1e-07,0.0
24450220.0,4995000000.0,5000000.0,5.0,0.0,0.0487,0.0487,0.0487,0.0487,2.2307,0.60541,0.00021333,0.60541,2.2307,0.00055371,0.00021333,0.00055371,0.0,0.0,0.0,0.0,1e-11,0.0,0.0,0.0,2.154e-06,0.0,0.0,0.0,0.0,2.154e-06,1e-11,0.0
24459781.0,4995000000.0,5000000.0,5.0,0.0,0.0487,0.0487,0.0487,0.0487,21.428,0.11571,0.0020493,0.11571,21.428,1.1066e-05,0.0020493,1.1066e-05,0.0,0.0,0.0,0.0,2.154e-10,0.0,0.0,0.0,1e-07,0.0,0.0,0.0,0.0,1e-07,2.154e-10,0.0
24459551.0,4995000000.0,5000000.0,5.0,0.0,0.0487,0.0487,0.0487,0.0487,21.428,0.11571,0.00021428,0.11571,21.428,0.0010067,0.00021428,0.0010067,0.0,0.0,0.0,0.0,1e-07,0.0,0.0,0.0,2.154e-06,0.0,0.0,0.0,0.0,2.154e-06,1e-07,0.0
24450487.0,4995000000.0,5000000.0,5.0,0.0,0.0487,0.0487,0.0487,0.0487,2.2307,0.60541,0.0020402,0.60541,2.2307,6.0541e-06,0.0020402,6.0541e-06,0.0,0.0,0.0,0.0,1e-07,0.0,0.0,0.0,4.642e-05,0.0,0.0,0.0,0.0,4.642e-05,1e-07,0.0
24459367.0,4995000000.0,5000000.0,5.0,0.0,0.0487,0.0487,0.0487,0.0487,21.428,0.11571,0.00021428,0.11571,21.428,0.0,0.00021428,0.0,0.0,0.0,0.0,0.0,4.642e-05,0.0,0.0,0.0,4.642e-09,0.0,0.0,0.0,0.0,4.642e-09,4.642e-05,0.0
24459332.0,4995000000.0,5000000.0,5.0,0.0,0.0487,0.0487,0.0487,0.0487,21.428,0.11571,0.00021428,0.11571,21.428,0.0,0.00021428,0.0,0.0,0.0,0.0,0.0,1e-11,0.0,0.0,0.0,4.642e-09,0.0,0.0,0.0,0.0,4.642e-09,1e-11,0.0
24450150.0,4995000000.0,5000000.0,5.0,0.0,0.0487,0.0487,0.0487,0.0487,2.2307,0.60541,0.00021333,0.60541,2.2307,6.0541e-06,0.00021333,6.0541e-06,0.0,0.0,0.0,0.0,2.154e-06,0.0,0.0,0.0,2.154e-06,0.0,0.0,0.0,0.0,2.154e-06,2.154e-06,0.0
24456754.0,4995000000.0,5000000.0,5.0,0.0,0.0487,0.0487,0.0487,0.0487,21.428,0.032142,0.0,0.032142,21.428,2.9397e-05,0.0,2.9397e-05,0.0,0.0,0.0,0.0,1e-07,0.0,0.0,0.0,1e-11,0.0,0.0,0.0,0.0,1e-11,1e-07,0.0
24459500.0,4995000000.0,5000000.0,5.0,0.0,0.0487,0.0487,0.0487,0.0487,21.428,0.11571,0.00021428,0.11571,21.428,0.00010583,0.00021428,0.00010583,0.0,0.0,0.0,0.0,1e-07,0.0,0.0,0.0,4.642e-09,0.0,0.0,0.0,0.0,4.642e-09,1e-07,0.0
24452369.0,4995000000.0,5000000.0,5.0,0.0,0.0487,0.0487,0.0487,0.0487,2.2307,2.2307,2.2307e-05,2.2307,2.2307,0.019407,2.2307e-05,0.019407,0.0,0.0,0.0,0.0,0.001,0.0,0.0,0.0,2.154e-06,0.0,0.0,0.0,0.0,2.154e-06,0.001,0.0
24450647.0,4995000000.0,5000000.0,5.0,0.0,0.0487,0.0487,0.0487,0.0487,2.2307,0.60541,0.0020402,0.60541,2.2307,0.005267,0.0020402,0.005267,0.0,0.0,0.0,0.0,4.642e-05,0.0,0.0,0.0,2.154e-06,0.0,0.0,0.0,0.0,2.154e-06,4.642e-05,0.0
24450144.0,4995000000.0,5000000.0,5.0,0.0,0.0487,0.0487,0.0487,0.0487,2.2307,0.60541,0.00021333,0.60541,2.2307,6.0541e-06,0.00021333,6.0541e-06,0.0,0.0,0.0,0.0,1e-07,0.0,0.0,0.0,4.642e-05,0.0,0.0,0.0,0.0,4.642e-05,1e-07,0.0
24457179.0,4995000000.0,5000000.0,5.0,0.0,0.0487,0.0487,0.0487,0.0487,21.428,0.032142,0.00021428,0.032142,21.428,0.0026903,0.00021428,0.0026903,0.0,0.0,0.0,0.0,1e-11,0.0,0.0,0.0,4.642e-05,0.0,0.0,0.0,0.0,4.642e-05,1e-11,0.0
24457144.0,4995000000.0,5000000.0,5.0,0.0,0.0487,0.0487,0.0487,0.0487,21.428,0.032142,0.00021428,0.032142,21.428,0.00027964,0.00021428,0.00027964,0.0,0.0,0.0,0.0,4.642e-09,0.0,0.0,0.0,4.642e-05,0.0,0.0,0.0,0.0,4.642e-05,4.642e-09,0.0
24456636.0,4995000000.0,5000000.0,5.0,0.0,0.0487,0.0487,0.0487,0.0487,21.428,0.032142,0.0,0.032142,21.428,3.2142e-07,0.0,3.2142e-07,0.0,0.0,0.0,0.0,1e-11,0.0,0.0,0.0,2.154e-10,0.0,0.0,0.0,0.0,2.154e-10,1e-11,0.0
24452027.0,4995000000.0,5000000.0,5.0,0.0,0.0487,0.0487,0.0487,0.0487,2.2307,2.2307,0.0,2.2307,2.2307,0.019407,0.0,0.019407,0.0,0.0,0.0,0.0,0.001,0.0,0.0,0.0,4.642e-05,0.0,0.0,0.0,0.0,4.642e-05,0.001,0.0
24457761.0,4995000000.0,5000000.0,5.0,0.0,0.0487,0.0487,0.0487,0.0487,21.428,0.032142,0.019598,0.032142,21.428,3.0739e-06,0.019598,3.0739e-06,0.0,0.0,0.0,0.0,0.001,0.0,0.0,0.0,0.001,0.0,0.0,0.0,0.0,0.001,0.001,0.0
24459510.0,4995000000.0,5000000.0,5.0,0.0,0.0487,0.0487,0.0487,0.0487,21.428,0.11571,0.00021428,0.11571,21.428,0.00010583,0.00021428,0.00010583,0.0,0.0,0.0,0.0,2.154e-06,0.0,0.0,0.0,4.642e-05,0.0,0.0,0.0,0.0,4.642e-05,2.154e-06,0.0
24452565.0,4995000000.0,5000000.0,5.0,0.0,0.0487,0.0487,0.0487,0.0487,2.2307,2.2307,0.00021333,2.2307,2.2307,2.2307e-05,0.00021333,2.2307e-05,0.0,0.0,0.0,0.0,0.001,0.0,0.0,0.0,2.154e-06,0.0,0.0,0.0,0.0,2.154e-06,0.001,0.0
24459581.0,4995000000.0,5000000.0,5.0,0.0,0.0487,0.0487,0.0487,0.0487,21.428,0.11571,0.00021428,0.11571,21.428,0.009685,0.00021428,0.009685,0.0,0.0,0.0,0.0,1e-11,0.0,0.0,0.0,0.001,0.0,0.0,0.0,0.0,0.001,1e-11,0.0
24459503.0,4995000000.0,5000000.0,5.0,0.0,0.0487,0.0487,0.0487,0.0487,21.428,0.11571,0.00021428,0.11571,21.428,0.00010583,0.00021428,0.00010583,0.0,0.0,0.0,0.0,1e-07,0.0,0.0,0.0,4.642e-05,0.0,0.0,0.0,0.0,4.642e-05,1e-07,0.0
24452566.0,4995000000.0,5000000.0,5.0,0.0,0.0487,0.0487,0.0487,0.0487,2.2307,2.2307,0.00021333,2.2307,2.2307,2.2307e-05,0.00021333,2.2307e-05,0.0,0.0,0.0,0.0,0.001,0.0,0.0,0.0,4.642e-05,0.0,0.0,0.0,0.0,4.642e-05,0.001,0.0
24457172.0,4995000000.0,5000000.0,5.0,0.0,0.0487,0.0487,0.0487,0.0487,21.428,0.032142,0.00021428,0.032142,21.428,0.00027964,0.00021428,0.00027964,0.0,0.0,0.0,0.0,0.001,0.0,0.0,0.0,4.642e-05,0.0,0.0,0.0,0.0,4.642e-05,0.001,0.0
24450233.0,4995000000.0,5000000.0,5.0,0.0,0.0487,0.0487,0.0487,0.0487,2.2307,0.60541,0.00021333,0.60541,2.2307,0.00055371,0.00021333,0.00055371,0.0,0.0,0.0,0.0,4.642e-09,0.0,0.0,0.0,1e-07,0.0,0.0,0.0,0.0,1e-07,4.642e-09,0.0
24457146.0,4995000000.0,5000000.0,5.0,0.0,0.0487,0.0487,0.0487,0.0487,21.428,0.032142,0.00021428,0.032142,21.428,0.00027964,0.00021428,0.00027964,0.0,0.0,0.0,0.0,1e-07,0.0,0.0,0.0,1e-11,0.0,0.0,0.0,0.0,1e-11,1e-07,0.0
24459115.0,4995000000.0,5000000.0,5.0,0.0,0.0487,0.0487,0.0487,0.0487,21.428,0.11571,0.0,0.11571,21.428,1.1066e-05,0.0,1.1066e-05,0.0,0.0,0.0,0.0,2.154e-06,0.0,0.0,0.0,4.642e-09,0.0,0.0,0.0,0.0,4.642e-09,2.154e-06,0.0
24456795.0,4995000000.0,5000000.0,5.0,0.0,0.0487,0.0487,0.0487,0.0487,21.428,0.032142,0.0,0.032142,21.428,0.00027964,0.0,0.00027964,0.0,0.0,0.0,0.0,2.154e-10,0.0,0.0,0.0,0.001,0.0,0.0,0.0,0.0,0.001,2.154e-10,0.0
24457592.0,4995000000.0,5000000.0,5.0,0.0,0.0487,0.0487,0.0487,0.0487,21.428,0.032142,0.0020493,0.032142,21.428,0.025714,0.0020493,0.025714,0.0,0.0,0.0,0.0,1e-07,0.0,0.0,0.0,4.642e-05,0.0,0.0,0.0,0.0,4.642e-05,1e-07,0.0
24450136.0,4995000000.0,5000000.0,5.0,0.0,0.0487,0.0487,0.0487,0.0487,2.2307,0.60541,0.00021333,0.60541,2.2307,6.0541e-06,0.00021333,6.0541e-06,0.0,0.0,0.0,0.0,4.642e-09,0.0,0.0,0.0,2.154e-06,0.0,0.0,0.0,0.0,2.154e-06,4.642e-09,0.0
24457703.0,4995000000.0,5000000.0,5.0,0.0,0.0487,0.0487,0.0487,0.0487,21.428,0.032142,0.019598,0.032142,21.428,3.2142e-07,0.019598,3.2142e-07,0.0,0.0,0.0,0.0,4.642e-05,0.0,0.0,0.0,2.154e-06,0.0,0.0,0.0,0.0,2.154e-06,4.642e-05,0.0
24457460.0,4995000000.0,5000000.0,5.0,0.0,0.0487,0.0487,0.0487,0.0487,21.428,0.032142,0.0020493,0.032142,21.428,2.9397e-05,0.0020493,2.9397e-05,0.0,0.0,0.0,0.0,4.642e-05,0.0,0.0,0.0,0.001,0.0,0.0,0.0,0.0,0.001,4.642e-05,0.0
24459560.0,4995000000.0,5000000.0,5.0,0.0,0.0487,0.0487,0.0487,0.0487,21.428,0.11571,0.00021428,0.11571,21.428,0.0010067,0.00021428,0.0010067,0.0,0.0,0.0,0.0,2.154e-06,0.0,0.0,0.0,0.001,0.0,0.0,0.0,0.0,0.001,2.154e-06,0.0
24452973.0,4995000000.0,5000000.0,5.0,0.0,0.0487,0.0487,0.0487,0.0487,2.2307,2.2307,0.0020402,2.2307,2.2307,0.0020402,0.0020402,0.0020402,0.0,0.0,0.0,0.0,2.154e-10,0.0,0.0,0.0,0.001,0.0,0.0,0.0,0.0,0.001,2.154e-10,0.0
24457086.0,4995000000.0,5000000.0,5.0,0.0,0.0487,0.0487,0.0487,0.0487,21.428,0.032142,0.00021428,0.032142,21.428,2.9397e-05,0.00021428,2.9397e-05,0.0,0.0,0.0,0.0,2.154e-10,0.0,0.0,0.0,1e-07,0.0,0.0,0.0,0.0,1e-07,2.154e-10,0.0
24453245.0,4995000000.0,5000000.0,5.0,0.0,0.0487,0.0487,0.0487,0.0487,2.2307,2.2307,0.019407,2.2307,2.2307,2.2307e-05,0.019407,2.2307e-05,0.0,0.0,0.0,0.0,4.642e-05,0.0,0.0,0.0,4.642e-05,0.0,0.0,0.0,0.0,4.642e-05,4.642e-05,0.0
24453330.0,4995000000.0,5000000.0,5.0,0.0,0.0487,0.0487,0.0487,0.0487,2.2307,2.2307,0.019407,2.2307,2.2307,0.0020402,0.019407,0.0020402,0.0,0.0,0.0,0.0,1e-07,0.0,0.0,0.0,0.001,0.0,0.0,0.0,0.0,0.001,1e-07,0.0
24451964.0,4995000000.0,5000000.0,5.0,0.0,0.0487,0.0487,0.0487,0.0487,2.2307,2.2307,0.0,2.2307,2.2307,0.0020402,0.0,0.0020402,0.0,0.0,0.0,0.0,2.154e-06,0.0,0.0,0.0,4.642e-05,0.0,0.0,0.0,0.0,4.642e-05,2.154e-06,0.0
24450625.0,4995000000.0,5000000.0,5.0,0.0,0.0487,0.0487,0.0487,0.0487,2.2307,0.60541,0.0020402,0.60541,2.2307,0.005267,0.0020402,0.005267,0.0,0.0,0.0,0.0,4.642e-09,0.0,0.0,0.0,1e-07,0.0,0.0,0.0,0.0,1e-07,4.642e-09,0.0
24459544.0,4995000000.0,5000000.0,5.0,0.0,0.0487,0.0487,0.0487,0.0487,21.428,0.11571,0.00021428,0.11571,21.428,0.0010067,0.00021428,0.0010067,0.0,0.0,0.0,0.0,4.642e-09,0.0,0.0,0.0,2.154e-06,0.0,0.0,0.0,0.0,2.154e-06,4.642e-09,0.0
24457210.0,4995000000.0,5000000.0,5.0,0.0,0.0487,0.0487,0.0487,0.0487,21.428,0.032142,0.00021428,0.032142,21.428,0.0026903,0.00021428,0.0026903,0.0,0.0,0.0,0.0,4.642e-05,0.0,0.0,0.0,2.154e-10,0.0,0.0,0.0,0.0,2.154e-10,4.642e-05,0.0
24457068.0,4995000000.0,5000000.0,5.0,0.0,0.0487,0.0487,0.0487,0.0487,21.428,0.032142,0.00021428,0.032142,21.428,3.0739e-06,0.00021428,3.0739e-06,0.0,0.0,0.0,0.0,4.642e-05,0.0,0.0,0.0,0.001,0.0,0.0,0.0,0.0,0.001,4.642e-05,0.0
24456809.0,4995000000.0,5000000.0,5.0,0.0,0.0487,0.0487,0.0487,0.0487,21.428,0.032142,0.0,0.032142,21.428,0.00027964,0.0,0.00027964,0.0,0.0,0.0,0.0,1e-07,0.0,0.0,0.0,0.001,0.0,0.0,0.0,0.0,0.001,1e-07,0.0
24458996.0,4995000000.0,5000000.0,5.0,0.0,0.0487,0.0487,0.0487,0.0487,21.428,0.11571,0.0,0.11571,21.428,0.0,0.0,0.0,0.0,0.0,0.0,0.0,2.154e-10,0.0,0.0,0.0,4.642e-09,0.0,0.0,0.0,0.0,4.642e-09,2.154e-10,0.0
24457500.0,4995000000.0,5000000.0,5.0,0.0,0.0487,0.0487,0.0487,0.0487,21.428,0.032142,0.0020493,0.032142,21.428,0.00027964,0.0020493,0.00027964,0.0,0.0,0.0,0.0,2.154e-06,0.0,0.0,0.0,2.154e-06,0.0,0.0,0.0,0.0,2.154e-06,2.154e-06,0.0
24459417.0,4995000000.0,5000000.0,5.0,0.0,0.0487,0.0487,0.0487,0.0487,21.428,0.11571,0.00021428,0.11571,21.428,1.1571e-06,0.00021428,1.1571e-06,0.0,0.0,0.0,0.0,4.642e-05,0.0,0.0,0.0,1e-07,0.0,0.0,0.0,0.0,1e-07,4.642e-05,0.0
24450564.0,4995000000.0,5000000.0,5.0,0.0,0.0487,0.0487,0.0487,0.0487,2.2307,0.60541,0.0020402,0.60541,2.2307,0.00055371,0.0020402,0.00055371,0.0,0.0,0.0,0.0,1e-11,0.0,0.0,0.0,4.642e-05,0.0,0.0,0.0,0.0,4.642e-05,1e-11,0.0
24453398.0,4995000000.0,5000000.0,5.0,0.0,0.0487,0.0487,0.0487,0.0487,2.2307,2.2307,0.019407,2.2307,2.2307,0.019407,0.019407,0.019407,0.0,0.0,0.0,0.0,0.001,0.0,0.0,0.0,2.154e-06,0.0,0.0,0.0,0.0,2.154e-06,0.001,0.0
24457490.0,4995000000.0,5000000.0,5.0,0.0,0.0487,0.0487,0.0487,0.0487,21.428,0.032142,0.0020493,0.032142,21.428,0.00027964,0.0020493,0.00027964,0.0,0.0,0.0,0.0,1e-07,0.0,0.0,0.0,2.154e-10,0.0,0.0,0.0,0.0,2.154e-10,1e-07,0.0
24457345.0,4995000000.0,5000000.0,5.0,0.0,0.0487,0.0487,0.0487,0.0487,21.428,0.032142,0.0020493,0.032142,21.428,3.2142e-07,0.0020493,3.2142e-07,0.0,0.0,0.0,0.0,1e-07,0.0,0.0,0.0,1e-07,0.0,0.0,0.0,0.0,1e-07,1e-07,0.0
24457558.0,4995000000.0,5000000.0,5.0,0.0,0.0487,0.0487,0.0487,0.0487,21.428,0.032142,0.0020493,0.032142,21.428,0.0026903,0.0020493,0.0026903,0.0,0.0,0.0,0.0,4.642e-05,0.0,0.0,0.0,0.001,0.0,0.0,0.0,0.0,0.001,4.642e-05,0.0
24458992.0,4995000000.0,5000000.0,5.0,0.0,0.0487,0.0487,0.0487,0.0487,21.428,0.11571,0.0,0.11571,21.428,0.0,0.0,0.0,0.0,0.0,0.0,0.0,1e-11,0.0,0.0,0.0,4.642e-05,0.0,0.0,0.0,0.0,4.642e-05,1e-11,0.0
24452559.0,4995000000.0,5000000.0,5.0,0.0,0.0487,0.0487,0.0487,0.0487,2.2307,2.2307,0.00021333,2.2307,2.2307,2.2307e-05,0.00021333,2.2307e-05,0.0,0.0,0.0,0.0,4.642e-05,0.0,0.0,0.0,4.642e-05,0.0,0.0,0.0,0.0,4.642e-05,4.642e-05,0.0
24450543.0,4995000000.0,5000000.0,5.0,0.0,0.0487,0.0487,0.0487,0.0487,2.2307,0.60541,0.0020402,0.60541,2.2307,5.7898e-05,0.0020402,5.7898e-05,0.0,0.0,0.0,0.0,2.154e-06,0.0,0.0,0.0,4.642e-05,0.0,0.0,0.0,0.0,4.642e-05,2.154e-06,0.0
24459831.0,4995000000.0,5000000.0,5.0,0.0,0.0487,0.0487,0.0487,0.0487,21.428,0.11571,0.0020493,0.11571,21.428,0.00010583,0.0020493,0.00010583,0.0,0.0,0.0,0.0,2.154e-10,0.0,0.0,0.0,2.154e-06,0.0,0.0,0.0,0.0,2.154e-06,2.154e-10,0.0
24467238.0,4995000000.0,5000000.0,5.0,0.0,0.0487,0.0487,0.0487,0.0487,21.428,5.8156,0.019598,5.8156,21.428,0.0,0.019598,0.0,0.0,0.0,0.0,0.0,4.642e-09,0.0,0.0,0.0,4.642e-05,0.0,0.0,0.0,0.0,4.642e-05,4.642e-09,0.0
24464207.0,4995000000.0,5000000.0,5.0,0.0,0.0487,0.0487,0.0487,0.0487,21.428,1.5792,0.00021428,1.5792,21.428,1.5792e-05,0.00021428,1.5792e-05,0.0,0.0,0.0,0.0,1e-07,0.0,0.0,0.0,4.642e-05,0.0,0.0,0.0,0.0,4.642e-05,1e-07,0.0
24460090.0,4995000000.0,5000000.0,5.0,0.0,0.0487,0.0487,0.0487,0.0487,21.428,0.11571,0.019598,0.11571,21.428,1.1571e-06,0.019598,1.1571e-06,0.0,0.0,0.0,0.0,1e-07,0.0,0.0,0.0,2.154e-06,0.0,0.0,0.0,0.0,2.154e-06,1e-07,0.0
24466972.0,4995000000.0,5000000.0,5.0,0.0,0.0487,0.0487,0.0487,0.0487,21.428,5.8156,0.0020493,5.8156,21.428,5.8156e-05,0.0020493,5.8156e-05,0.0,0.0,0.0,0.0,0.001,0.0,0.0,0.0,4.642e-05,0.0,0.0,0.0,0.0,4.642e-05,0.001,0.0
24466711.0,4995000000.0,5000000.0,5.0,0.0,0.0487,0.0487,0.0487,0.0487,21.428,5.8156,0.00021428,5.8156,21.428,0.005319,0.00021428,0.005319,0.0,0.0,0.0,0.0,2.154e-06,0.0,0.0,0.0,1e-07,0.0,0.0,0.0,0.0,1e-07,2.154e-06,0.0
24462248.0,4995000000.0,5000000.0,5.0,0.0,0.0487,0.0487,0.0487,0.0487,21.428,0.42856,0.0020493,0.42856,21.428,0.00039197,0.0020493,0.00039197,0.0,0.0,0.0,0.0,1e-07,0.0,0.0,0.0,0.001,0.0,0.0,0.0,0.0,0.001,1e-07,0.0
24461910.0,4995000000.0,5000000.0,5.0,0.0,0.0487,0.0487,0.0487,0.0487,21.428,0.42856,0.00021428,0.42856,21.428,0.00039197,0.00021428,0.00039197,0.0,0.0,0.0,0.0,2.154e-06,0.0,0.0,0.0,2.154e-06,0.0,0.0,0.0,0.0,2.154e-06,2.154e-06,0.0
24462427.0,4995000000.0,5000000.0,5.0,0.0,0.0487,0.0487,0.0487,0.0487,21.428,0.42856,0.019598,0.42856,21.428,0.0,0.019598,0.0,0.0,0.0,0.0,0.0,2.154e-10,0.0,0.0,0.0,1e-07,0.0,0.0,0.0,0.0,1e-07,2.154e-10,0.0
24462710.0,4995000000.0,5000000.0,5.0,0.0,0.0487,0.0487,0.0487,0.0487,21.428,0.42856,0.019598,0.42856,21.428,0.03587,0.019598,0.03587,0.0,0.0,0.0,0.0,0.001,0.0,0.0,0.0,0.001,0.0,0.0,0.0,0.0,0.001,0.001,0.0
24463854.0,4995000000.0,5000000.0,5.0,0.0,0.0487,0.0487,0.0487,0.0487,21.428,1.5792,0.0,1.5792,21.428,1.5792e-05,0.0,1.5792e-05,0.0,0.0,0.0,0.0,4.642e-09,0.0,0.0,0.0,4.642e-09,0.0,0.0,0.0,0.0,4.642e-09,4.642e-09,0.0
24465011.0,4995000000.0,5000000.0,5.0,0.0,0.0487,0.0487,0.0487,0.0487,21.428,1.5792,0.019598,1.5792,21.428,0.0014444,0.019598,0.0014444,0.0,0.0,0.0,0.0,0.001,0.0,0.0,0.0,2.154e-06,0.0,0.0,0.0,0.0,2.154e-06,0.001,0.0
24462535.0,4995000000.0,5000000.0,5.0,0.0,0.0487,0.0487,0.0487,0.0487,21.428,0.42856,0.019598,0.42856,21.428,4.0985e-05,0.019598,4.0985e-05,0.0,0.0,0.0,0.0,4.642e-09,0.0,0.0,0.0,0.001,0.0,0.0,0.0,0.0,0.001,4.642e-09,0.0
24462694.0,4995000000.0,5000000.0,5.0,0.0,0.0487,0.0487,0.0487,0.0487,21.428,0.42856,0.019598,0.42856,21.428,0.03587,0.019598,0.03587,0.0,0.0,0.0,0.0,2.154e-06,0.0,0.0,0.0,2.154e-06,0.0,0.0,0.0,0.0,2.154e-06,2.154e-06,0.0
24464309.0,4995000000.0,5000000.0,5.0,0.0,0.0487,0.0487,0.0487,0.0487,21.428,1.5792,0.00021428,1.5792,21.428,0.0014444,0.00021428,0.0014444,0.0,0.0,0.0,0.0,2.154e-06,0.0,0.0,0.0,4.642e-09,0.0,0.0,0.0,0.0,4.642e-09,2.154e-06,0.0
24464281.0,4995000000.0,5000000.0,5.0,0.0,0.0487,0.0487,0.0487,0.0487,21.428,1.5792,0.00021428,1.5792,21.428,0.0014444,0.00021428,0.0014444,0.0,0.0,0.0,0.0,1e-11,0.0,0.0,0.0,4.642e-09,0.0,0.0,0.0,0.0,4.642e-09,1e-11,0.0
24469666.0,4995000000.0,5000000.0,5.0,0.0,0.0487,0.0487,0.0487,0.0487,21.428,21.428,0.019598,21.428,21.428,0.0,0.019598,0.0,0.0,0.0,0.0,0.0,0.001,0.0,0.0,0.0,2.154e-06,0.0,0.0,0.0,0.0,2.154e-06,0.001,0.0
24464991.0,4995000000.0,5000000.0,5.0,0.0,0.0487,0.0487,0.0487,0.0487,21.428,1.5792,0.019598,1.5792,21.428,0.0014444,0.019598,0.0014444,0.0,0.0,0.0,0.0,1e-07,0.0,0.0,0.0,4.642e-05,0.0,0.0,0.0,0.0,4.642e-05,1e-07,0.0
24464334.0,4995000000.0,5000000.0,5.0,0.0,0.0487,0.0487,0.0487,0.0487,21.428,1.5792,0.00021428,1.5792,21.428,0.013739,0.00021428,0.013739,0.0,0.0,0.0,0.0,1e-11,0.0,0.0,0.0,0.001,0.0,0.0,0.0,0.0,0.001,1e-11,0.0
24464663.0,4995000000.0,5000000.0,5.0,0.0,0.0487,0.0487,0.0487,0.0487,21.428,1.5792,0.0020493,1.5792,21.428,0.0014444,0.0020493,0.0014444,0.0,0.0,0.0,0.0,4.642e-05,0.0,0.0,0.0,0.001,0.0,0.0,0.0,0.0,0.001,4.642e-05,0.0
24461877.0,4995000000.0,5000000.0,5.0,0.0,0.0487,0.0487,0.0487,0.0487,21.428,0.42856,0.00021428,0.42856,21.428,4.0985e-05,0.00021428,4.0985e-05,0.0,0.0,0.0,0.0,0.001,0.0,0.0,0.0,0.001,0.0,0.0,0.0,0.0,0.001,0.001,0.0
24466718.0,4995000000.0,5000000.0,5.0,0.0,0.0487,0.0487,0.0487,0.0487,21.428,5.8156,0.00021428,5.8156,21.428,0.005319,0.00021428,0.005319,0.0,0.0,0.0,0.0,4.642e-05,0.0,0.0,0.0,1e-07,0.0,0.0,0.0,0.0,1e-07,4.642e-05,0.0
24464682.0,4995000000.0,5000000.0,5.0,0.0,0.0487,0.0487,0.0487,0.0487,21.428,1.5792,0.0020493,1.5792,21.428,0.013739,0.0020493,0.013739,0.0,0.0,0.0,0.0,2.154e-10,0.0,0.0,0.0,2.154e-06,0.0,0.0,0.0,0.0,2.154e-06,2.154e-10,0.0
24462218.0,4995000000.0,5000000.0,5.0,0.0,0.0487,0.0487,0.0487,0.0487,21.428,0.42856,0.0020493,0.42856,21.428,4.0985e-05,0.0020493,4.0985e-05,0.0,0.0,0.0,0.0,0.001,0.0,0.0,0.0,2.154e-06,0.0,0.0,0.0,0.0,2.154e-06,0.001,0.0
24469724.0,4995000000.0,5000000.0,5.0,0.0,0.0487,0.0487,0.0487,0.0487,21.428,21.428,0.019598,21.428,21.428,0.0020493,0.019598,0.0020493,0.0,0.0,0.0,0.0,1e-11,0.0,0.0,0.0,0.001,0.0,0.0,0.0,0.0,0.001,1e-11,0.0
24464961.0,4995000000.0,5000000.0,5.0,0.0,0.0487,0.0487,0.0487,0.0487,21.428,1.5792,0.019598,1.5792,21.428,0.00015103,0.019598,0.00015103,0.0,0.0,0.0,0.0,0.001,0.0,0.0,0.0,1e-07,0.0,0.0,0.0,0.0,1e-07,0.001,0.0
24467057.0,4995000000.0,5000000.0,5.0,0.0,0.0487,0.0487,0.0487,0.0487,21.428,5.8156,0.0020493,5.8156,21.428,0.005319,0.0020493,0.005319,0.0,0.0,0.0,0.0,2.154e-06,0.0,0.0,0.0,0.001,0.0,0.0,0.0,0.0,0.001,2.154e-06,0.0
24461390.0,4995000000.0,5000000.0,5.0,0.0,0.0487,0.0487,0.0487,0.0487,21.428,0.42856,0.0,0.42856,21.428,0.0,0.0,0.0,0.0,0.0,0.0,0.0,1e-11,0.0,0.0,0.0,4.642e-09,0.0,0.0,0.0,0.0,4.642e-09,1e-11,0.0
24460084.0,4995000000.0,5000000.0,5.0,0.0,0.0487,0.0487,0.0487,0.0487,21.428,0.11571,0.019598,0.11571,21.428,1.1571e-06,0.019598,1.1571e-06,0.0,0.0,0.0,0.0,4.642e-09,0.0,0.0,0.0,4.642e-05,0.0,0.0,0.0,0.0,4.642e-05,4.642e-09,0.0
24462120.0,4995000000.0,5000000.0,5.0,0.0,0.0487,0.0487,0.0487,0.0487,21.428,0.42856,0.0020493,0.42856,21.428,0.0,0.0020493,0.0,0.0,0.0,0.0,0.0,0.001,0.0,0.0,0.0,2.154e-06,0.0,0.0,0.0,0.0,2.154e-06,0.001,0.0
24460021.0,4995000000.0,5000000.0,5.0,0.0,0.0487,0.0487,0.0487,0.0487,21.428,0.11571,0.019598,0.11571,21.428,0.0,0.019598,0.0,0.0,0.0,0.0,0.0,1e-11,0.0,0.0,0.0,4.642e-05,0.0,0.0,0.0,0.0,4.642e-05,1e-11,0.0
24464837.0,4995000000.0,5000000.0,5.0,0.0,0.0487,0.0487,0.0487,0.0487,21.428,1.5792,0.019598,1.5792,21.428,0.0,0.019598,0.0,0.0,0.0,0.0,0.0,4.642e-09,0.0,0.0,0.0,4.642e-05,0.0,0.0,0.0,0.0,4.642e-05,4.642e-09,0.0
24466349.0,4995000000.0,5000000.0,5.0,0.0,0.0487,0.0487,0.0487,0.0487,21.428,5.8156,0.0,5.8156,21.428,0.005319,0.0,0.005319,0.0,0.0,0.0,0.0,2.154e-10,0.0,0.0,0.0,4.642e-05,0.0,0.0,0.0,0.0,4.642e-05,2.154e-10,0.0
24468632.0,4995000000.0,5000000.0,5.0,0.0,0.0487,0.0487,0.0487,0.0487,21.428,21.428,0.0,21.428,21.428,0.0,0.0,0.0,0.0,0.0,0.0,0.0,4.642e-05,0.0,0.0,0.0,0.001,0.0,0.0,0.0,0.0,0.001,4.642e-05,0.0
24460029.0,4995000000.0,5000000.0,5.0,0.0,0.0487,0.0487,0.0487,0.0487,21.428,0.11571,0.019598,0.11571,21.428,0.0,0.019598,0.0,0.0,0.0,0.0,0.0,2.154e-10,0.0,0.0,0.0,0.001,0.0,0.0,0.0,0.0,0.001,2.154e-10,0.0
24463983.0,4995000000.0,5000000.0,5.0,0.0,0.0487,0.0487,0.0487,0.0487,21.428,1.5792,0.0,1.5792,21.428,0.0014444,0.0,0.0014444,0.0,0.0,0.0,0.0,0.001,0.0,0.0,0.0,4.642e-05,0.0,0.0,0.0,0.0,4.642e-05,0.001,0.0
24461490.0,4995000000.0,5000000.0,5.0,0.0,0.0487,0.0487,0.0487,0.0487,21.428,0.42856,0.0,0.42856,21.428,4.0985e-05,0.0,4.0985e-05,0.0,0.0,0.0,0.0,1e-11,0.0,0.0,0.0,2.154e-06,0.0,0.0,0.0,0.0,2.154e-06,1e-11,0.0
24462553.0,4995000000.0,5000000.0,5.0,0.0,0.0487,0.0487,0.0487,0.0487,21.428,0.42856,0.019598,0.42856,21.428,4.0985e-05,0.019598,4.0985e-05,0.0,0.0,0.0,0.0,4.642e-05,0.0,0.0,0.0,1e-07,0.0,0.0,0.0,0.0,1e-07,4.642e-05,0.0
24463926.0,4995000000.0,5000000.0,5.0,0.0,0.0487,0.0487,0.0487,0.0487,21.428,1.5792,0.0,1.5792,21.428,0.00015103,0.0,0.00015103,0.0,0.0,0.0,0.0,4.642e-05,0.0,0.0,0.0,2.154e-06,0.0,0.0,0.0,0.0,2.154e-06,4.642e-05,0.0
24466671.0,4995000000.0,5000000.0,5.0,0.0,0.0487,0.0487,0.0487,0.0487,21.428,5.8156,0.00021428,5.8156,21.428,0.00055617,0.00021428,0.00055617,0.0,0.0,0.0,0.0,4.642e-05,0.0,0.0,0.0,4.642e-05,0.0,0.0,0.0,0.0,4.642e-05,4.642e-05,0.0
24464633.0,4995000000.0,5000000.0,5.0,0.0,0.0487,0.0487,0.0487,0.0487,21.428,1.5792,0.0020493,1.5792,21.428,0.0014444,0.0020493,0.0014444,0.0,0.0,0.0,0.0,2.154e-10,0.0,0.0,0.0,2.154e-06,0.0,0.0,0.0,0.0,2.154e-06,2.154e-10,0.0
24466672.0,4995000000.0,5000000.0,5.0,0.0,0.0487,0.0487,0.0487,0.0487,21.428,5.8156,0.00021428,5.8156,21.428,0.00055617,0.00021428,0.00055617,0.0,0.0,0.0,0.0,4.642e-05,0.0,0.0,0.0,0.001,0.0,0.0,0.0,0.0,0.001,4.642e-05,0.0
24462470.0,4995000000.0,5000000.0,5.0,0.0,0.0487,0.0487,0.0487,0.0487,21.428,0.42856,0.019598,0.42856,21.428,4.2856e-06,0.019598,4.2856e-06,0.0,0.0,0.0,0.0,1e-11,0.0,0.0,0.0,2.154e-06,0.0,0.0,0.0,0.0,2.154e-06,1e-11,0.0
24462092.0,4995000000.0,5000000.0,5.0,0.0,0.0487,0.0487,0.0487,0.0487,21.428,0.42856,0.0020493,0.42856,21.428,0.0,0.0020493,0.0,0.0,0.0,0.0,0.0,4.642e-09,0.0,0.0,0.0,2.154e-06,0.0,0.0,0.0,0.0,2.154e-06,4.642e-09,0.0
24463794.0,4995000000.0,5000000.0,5.0,0.0,0.0487,0.0487,0.0487,0.0487,21.428,1.5792,0.0,1.5792,21.428,0.0,0.0,0.0,0.0,0.0,0.0,0.0,1e-11,0.0,0.0,0.0,4.642e-05,0.0,0.0,0.0,0.0,4.642e-05,1e-11,0.0
24461404.0,4995000000.0,5000000.0,5.0,0.0,0.0487,0.0487,0.0487,0.0487,21.428,0.42856,0.0,0.42856,21.428,0.0,0.0,0.0,0.0,0.0,0.0,0.0,4.642e-09,0.0,0.0,0.0,4.642e-09,0.0,0.0,0.0,0.0,4.642e-09,4.642e-09,0.0
24461678.0,4995000000.0,5000000.0,5.0,0.0,0.0487,0.0487,0.0487,0.0487,21.428,0.42856,0.0,0.42856,21.428,0.03587,0.0,0.03587,0.0,0.0,0.0,0.0,0.001,0.0,0.0,0.0,1e-07,0.0,0.0,0.0,0.0,1e-07,0.001,0.0
24462542.0,4995000000.0,5000000.0,5.0,0.0,0.0487,0.0487,0.0487,0.0487,21.428,0.42856,0.019598,0.42856,21.428,4.0985e-05,0.019598,4.0985e-05,0.0,0.0,0.0,0.0,1e-07,0.0,0.0,0.0,0.001,0.0,0.0,0.0,0.0,0.001,1e-07,0.0
24466580.0,4995000000.0,5000000.0,5.0,0.0,0.0487,0.0487,0.0487,0.0487,21.428,5.8156,0.00021428,5.8156,21.428,0.0,0.00021428,0.0,0.0,0.0,0.0,0.0,0.001,0.0,0.0,0.0,4.642e-05,0.0,0.0,0.0,0.0,4.642e-05,0.001,0.0
24460034.0,4995000000.0,5000000.0,5.0,0.0,0.0487,0.0487,0.0487,0.0487,21.428,0.11571,0.019598,0.11571,21.428,0.0,0.019598,0.0,0.0,0.0,0.0,0.0,4.642e-09,0.0,0.0,0.0,2.154e-06,0.0,0.0,0.0,0.0,2.154e-06,4.642e-09,0.0
24461882.0,4995000000.0,5000000.0,5.0,0.0,0.0487,0.0487,0.0487,0.0487,21.428,0.42856,0.00021428,0.42856,21.428,0.00039197,0.00021428,0.00039197,0.0,0.0,0.0,0.0,1e-11,0.0,0.0,0.0,2.154e-06,0.0,0.0,0.0,0.0,2.154e-06,1e-11,0.0
24467013.0,4995000000.0,5000000.0,5.0,0.0,0.0487,0.0487,0.0487,0.0487,21.428,5.8156,0.0020493,5.8156,21.428,0.00055617,0.0020493,0.00055617,0.0,0.0,0.0,0.0,4.642e-05,0.0,0.0,0.0,2.154e-06,0.0,0.0,0.0,0.0,2.154e-06,4.642e-05,0.0
24466677.0,4995000000.0,5000000.0,5.0,0.0,0.0487,0.0487,0.0487,0.0487,21.428,5.8156,0.00021428,5.8156,21.428,0.00055617,0.00021428,0.00055617,0.0,0.0,0.0,0.0,0.001,0.0,0.0,0.0,2.154e-06,0.0,0.0,0.0,0.0,2.154e-06,0.001,0.0
24462301.0,4995000000.0,5000000.0,5.0,0.0,0.0487,0.0487,0.0487,0.0487,21.428,0.42856,0.0020493,0.42856,21.428,0.0037285,0.0020493,0.0037285,0.0,0.0,0.0,0.0,2.154e-06,0.0,0.0,0.0,1e-07,0.0,0.0,0.0,0.0,1e-07,2.154e-06,0.0
24462210.0,4995000000.0,5000000.0,5.0,0.0,0.0487,0.0487,0.0487,0.0487,21.428,0.42856,0.0020493,0.42856,21.428,4.0985e-05,0.0020493,4.0985e-05,0.0,0.0,0.0,0.0,4.642e-05,0.0,0.0,0.0,1e-07,0.0,0.0,0.0,0.0,1e-07,4.642e-05,0.0
24464885.0,4995000000.0,5000000.0,5.0,0.0,0.0487,0.0487,0.0487,0.0487,21.428,1.5792,0.019598,1.5792,21.428,1.5792e-05,0.019598,1.5792e-05,0.0,0.0,0.0,0.0,4.642e-09,0.0,0.0,0.0,2.154e-06,0.0,0.0,0.0,0.0,2.154e-06,4.642e-09,0.0
24469451.0,4995000000.0,5000000.0,5.0,0.0,0.0487,0.0487,0.0487,0.0487,21.428,21.428,0.0020493,21.428,21.428,0.019598,0.0020493,0.019598,0.0,0.0,0.0,0.0,1e-07,0.0,0.0,0.0,0.001,0.0,0.0,0.0,0.0,0.001,1e-07,0.0
24462189.0,4995000000.0,5000000.0,5.0,0.0,0.0487,0.0487,0.0487,0.0487,21.428,0.42856,0.0020493,0.42856,21.428,4.0985e-05,0.0020493,4.0985e-05,0.0,0.0,0.0,0.0,4.642e-09,0.0,0.0,0.0,1e-07,0.0,0.0,0.0,0.0,1e-07,4.642e-09,0.0
24468735.0,4995000000.0,5000000.0,5.0,0.0,0.0487,0.0487,0.0487,0.0487,21.428,21.428,0.0,21.428,21.428,0.0020493,0.0,0.0020493,0.0,0.0,0.0,0.0,0.001,0.0,0.0,0.0,2.154e-06,0.0,0.0,0.0,0.0,2.154e-06,0.001,0.0
24464646.0,4995000000.0,5000000.0,5.0,0.0,0.0487,0.0487,0.0487,0.0487,21.428,1.5792,0.0020493,1.5792,21.428,0.0014444,0.0020493,0.0014444,0.0,0.0,0.0,0.0,1e-07,0.0,0.0,0.0,1e-07,0.0,0.0,0.0,0.0,1e-07,1e-07,0.0
24466377.0,4995000000.0,5000000.0,5.0,0.0,0.0487,0.0487,0.0487,0.0487,21.428,5.8156,0.0,5.8156,21.428,0.005319,0.0,0.005319,0.0,0.0,0.0,0.0,4.642e-05,0.0,0.0,0.0,4.642e-05,0.0,0.0,0.0,0.0,4.642e-05,4.642e-05,0.0
24467301.0,4995000000.0,5000000.0,5.0,0.0,0.0487,0.0487,0.0487,0.0487,21.428,5.8156,0.019598,5.8156,21.428,5.8156e-05,0.019598,5.8156e-05,0.0,0.0,0.0,0.0,2.154e-06,0.0,0.0,0.0,4.642e-05,0.0,0.0,0.0,0.0,4.642e-05,2.154e-06,0.0
24466594.0,4995000000.0,5000000.0,5.0,0.0,0.0487,0.0487,0.0487,0.0487,21.428,5.8156,0.00021428,5.8156,21.428,5.8156e-05,0.00021428,5.8156e-05,0.0,0.0,0.0,0.0,2.154e-10,0.0,0.0,0.0,4.642e-05,0.0,0.0,0.0,0.0,4.642e-05,2.154e-10,0.0
24463828.0,4995000000.0,5000000.0,5.0,0.0,0.0487,0.0487,0.0487,0.0487,21.428,1.5792,0.0,1.5792,21.428,0.0,0.0,0.0,0.0,0.0,0.0,0.0,4.642e-05,0.0,0.0,0.0,2.154e-06,0.0,0.0,0.0,0.0,2.154e-06,4.642e-05,0.0
24463856.0,4995000000.0,5000000.0,5.0,0.0,0.0487,0.0487,0.0487,0.0487,21.428,1.5792,0.0,1.5792,21.428,1.5792e-05,0.0,1.5792e-05,0.0,0.0,0.0,0.0,4.642e-09,0.0,0.0,0.0,2.154e-06,0.0,0.0,0.0,0.0,2.154e-06,4.642e-09,0.0
24466997.0,4995000000.0,5000000.0,5.0,0.0,0.0487,0.0487,0.0487,0.0487,21.428,5.8156,0.0020493,5.8156,21.428,0.00055617,0.0020493,0.00055617,0.0,0.0,0.0,0.0,1e-07,0.0,0.0,0.0,4.642e-09,0.0,0.0,0.0,0.0,4.642e-09,1e-07,0.0
24461664.0,4995000000.0,5000000.0,5.0,0.0,0.0487,0.0487,0.0487,0.0487,21.428,0.42856,0.0,0.42856,21.428,0.03587,0.0,0.03587,0.0,0.0,0.0,0.0,2.154e-06,0.0,0.0,0.0,1e-07,0.0,0.0,0.0,0.0,1e-07,2.154e-06,0.0
24460146.0,4995000000.0,5000000.0,5.0,0.0,0.0487,0.0487,0.0487,0.0487,21.428,0.11571,0.019598,0.11571,21.428,1.1066e-05,0.019598,1.1066e-05,0.0,0.0,0.0,0.0,2.154e-06,0.0,0.0,0.0,2.154e-06,0.0,0.0,0.0,0.0,2.154e-06,2.154e-06,0.0
24466886.0,4995000000.0,5000000.0,5.0,0.0,0.0487,0.0487,0.0487,0.0487,21.428,5.8156,0.0020493,5.8156,21.428,0.0,0.0020493,0.0,0.0,0.0,0.0,0.0,2.154e-10,0.0,0.0,0.0,1e-07,0.0,0.0,0.0,0.0,1e-07,2.154e-10,0.0
24465020.0,4995000000.0,5000000.0,5.0,0.0,0.0487,0.0487,0.0487,0.0487,21.428,1.5792,0.019598,1.5792,21.428,0.013739,0.019598,0.013739,0.0,0.0,0.0,0.0,1e-11,0.0,0.0,0.0,0.001,0.0,0.0,0.0,0.0,0.001,1e-11,0.0
24467231.0,4995000000.0,5000000.0,5.0,0.0,0.0487,0.0487,0.0487,0.0487,21.428,5.8156,0.019598,5.8156,21.428,0.0,0.019598,0.0,0.0,0.0,0.0,0.0,2.154e-10,0.0,0.0,0.0,4.642e-05,0.0,0.0,0.0,0.0,4.642e-05,2.154e-10,0.0
24462512.0,4995000000.0,5000000.0,5.0,0.0,0.0487,0.0487,0.0487,0.0487,21.428,0.42856,0.019598,0.42856,21.428,4.2856e-06,0.019598,4.2856e-06,0.0,0.0,0.0,0.0,0.001,0.0,0.0,0.0,2.154e-06,0.0,0.0,0.0,0.0,2.154e-06,0.001,0.0
24463799.0,4995000000.0,5000000.0,5.0,0.0,0.0487,0.0487,0.0487,0.0487,21.428,1.5792,0.0,1.5792,21.428,0.0,0.0,0.0,0.0,0.0,0.0,0.0,2.154e-10,0.0,0.0,0.0,1e-07,0.0,0.0,0.0,0.0,1e-07,2.154e-10,0.0
24464654.0,4995000000.0,5000000.0,5.0,0.0,0.0487,0.0487,0.0487,0.0487,21.428,1.5792,0.0020493,1.5792,21.428,0.0014444,0.0020493,0.0014444,0.0,0.0,0.0,0.0,2.154e-06,0.0,0.0,0.0,2.154e-06,0.0,0.0,0.0,0.0,2.154e-06,2.154e-06,0.0
24462590.0,4995000000.0,5000000.0,5.0,0.0,0.0487,0.0487,0.0487,0.0487,21.428,0.42856,0.019598,0.42856,21.428,0.00039197,0.019598,0.00039197,0.0,0.0,0.0,0.0,1e-07,0.0,0.0,0.0,4.642e-05,0.0,0.0,0.0,0.0,4.642e-05,1e-07,0.0
24464234.0,4995000000.0,5000000.0,5.0,0.0,0.0487,0.0487,0.0487,0.0487,21.428,1.5792,0.00021428,1.5792,21.428,0.00015103,0.00021428,0.00015103,0.0,0.0,0.0,0.0,1e-11,0.0,0.0,0.0,2.154e-06,0.0,0.0,0.0,0.0,2.154e-06,1e-11,0.0
24460155.0,4995000000.0,5000000.0,5.0,0.0,0.0487,0.0487,0.0487,0.0487,21.428,0.11571,0.019598,0.11571,21.428,1.1066e-05,0.019598,1.1066e-05,0.0,0.0,0.0,0.0,4.642e-05,0.0,0.0,0.0,0.001,0.0,0.0,0.0,0.0,0.001,4.642e-05,0.0
24467019.0,4995000000.0,5000000.0,5.0,0.0,0.0487,0.0487,0.0487,0.0487,21.428,5.8156,0.0020493,5.8156,21.428,0.00055617,0.0020493,0.00055617,0.0,0.0,0.0,0.0,0.001,0.0,0.0,0.0,1e-07,0.0,0.0,0.0,0.0,1e-07,0.001,0.0
24461933.0,4995000000.0,5000000.0,5.0,0.0,0.0487,0.0487,0.0487,0.0487,21.428,0.42856,0.00021428,0.42856,21.428,0.0037285,0.00021428,0.0037285,0.0,0.0,0.0,0.0,1e-11,0.0,0.0,0.0,0.001,0.0,0.0,0.0,0.0,0.001,1e-11,0.0
24463883.0,4995000000.0,5000000.0,5.0,0.0,0.0487,0.0487,0.0487,0.0487,21.428,1.5792,0.0,1.5792,21.428,1.5792e-05,0.0,1.5792e-05,0.0,0.0,0.0,0.0,0.001,0.0,0.0,0.0,1e-07,0.0,0.0,0.0,0.0,1e-07,0.001,0.0
24461481.0,4995000000.0,5000000.0,5.0,0.0,0.0487,0.0487,0.0487,0.0487,21.428,0.42856,0.0,0.42856,21.428,4.2856e-06,0.0,4.2856e-06,0.0,0.0,0.0,0.0,0.001,0.0,0.0,0.0,4.642e-09,0.0,0.0,0.0,0.0,4.642e-09,0.001,0.0
24461800.0,4995000000.0,5000000.0,5.0,0.0,0.0487,0.0487,0.0487,0.0487,21.428,0.42856,0.00021428,0.42856,21.428,4.2856e-06,0.00021428,4.2856e-06,0.0,0.0,0.0,0.0,4.642e-09,0.0,0.0,0.0,0.001,0.0,0.0,0.0,0.0,0.001,4.642e-09,0.0
24466913.0,4995000000.0,5000000.0,5.0,0.0,0.0487,0.0487,0.0487,0.0487,21.428,5.8156,0.0020493,5.8156,21.428,0.0,0.0020493,0.0,0.0,0.0,0.0,0.0,4.642e-05,0.0,0.0,0.0,4.642e-09,0.0,0.0,0.0,0.0,4.642e-09,4.642e-05,0.0
24465024.0,4995000000.0,5000000.0,5.0,0.0,0.0487,0.0487,0.0487,0.0487,21.428,1.5792,0.019598,1.5792,21.428,0.013739,0.019598,0.013739,0.0,0.0,0.0,0.0,2.154e-10,0.0,0.0,0.0,1e-07,0.0,0.0,0.0,0.0,1e-07,2.154e-10,0.0
24461775.0,4995000000.0,5000000.0,5.0,0.0,0.0487,0.0487,0.0487,0.0487,21.428,0.42856,0.00021428,0.42856,21.428,0.0,0.00021428,0.0,0.0,0.0,0.0,0.0,0.001,0.0,0.0,0.0,4.642e-09,0.0,0.0,0.0,0.0,4.642e-09,0.001,0.0
24464891.0,4995000000.0,5000000.0,5.0,0.0,0.0487,0.0487,0.0487,0.0487,21.428,1.5792,0.019598,1.5792,21.428,1.5792e-05,0.019598,1.5792e-05,0.0,0.0,0.0,0.0,1e-07,0.0,0.0,0.0,1e-07,0.0,0.0,0.0,0.0,1e-07,1e-07,0.0
24464005.0,4995000000.0,5000000.0,5.0,0.0,0.0487,0.0487,0.0487,0.0487,21.428,1.5792,0.0,1.5792,21.428,0.013739,0.0,0.013739,0.0,0.0,0.0,0.0,4.642e-09,0.0,0.0,0.0,0.001,0.0,0.0,0.0,0.0,0.001,4.642e-09,0.0
24466278.0,4995000000.0,5000000.0,5.0,0.0,0.0487,0.0487,0.0487,0.0487,21.428,5.8156,0.0,5.8156,21.428,5.8156e-05,0.0,5.8156e-05,0.0,0.0,0.0,0.0,4.642e-05,0.0,0.0,0.0,2.154e-06,0.0,0.0,0.0,0.0,2.154e-06,4.642e-05,0.0
24466977.0,4995000000.0,5000000.0,5.0,0.0,0.0487,0.0487,0.0487,0.0487,21.428,5.8156,0.0020493,5.8156,21.428,0.00055617,0.0020493,0.00055617,0.0,0.0,0.0,0.0,1e-11,0.0,0.0,0.0,1e-07,0.0,0.0,0.0,0.0,1e-07,1e-11,0.0
24461576.0,4995000000.0,5000000.0,5.0,0.0,0.0487,0.0487,0.0487,0.0487,21.428,0.42856,0.0,0.42856,21.428,0.00039197,0.0,0.00039197,0.0,0.0,0.0,0.0,4.642e-05,0.0,0.0,0.0,0.001,0.0,0.0,0.0,0.0,0.001,4.642e-05,0.0
24464681.0,4995000000.0,5000000.0,5.0,0.0,0.0487,0.0487,0.0487,0.0487,21.428,1.5792,0.0020493,1.5792,21.428,0.013739,0.0020493,0.013739,0.0,0.0,0.0,0.0,2.154e-10,0.0,0.0,0.0,1e-07,0.0,0.0,0.0,0.0,1e-07,2.154e-10,0.0
24466686.0,4995000000.0,5000000.0,5.0,0.0,0.0487,0.0487,0.0487,0.0487,21.428,5.8156,0.00021428,5.8156,21.428,0.005319,0.00021428,0.005319,0.0,0.0,0.0,0.0,1e-11,0.0,0.0,0.0,0.001,0.0,0.0,0.0,0.0,0.001,1e-11,0.0
24464179.0,4995000000.0,5000000.0,5.0,0.0,0.0487,0.0487,0.0487,0.0487,21.428,1.5792,0.00021428,1.5792,21.428,0.0,0.00021428,0.0,0.0,0.0,0.0,0.0,0.001,0.0,0.0,0.0,4.642e-05,0.0,0.0,0.0,0.0,4.642e-05,0.001,0.0
24469066.0,4995000000.0,5000000.0,5.0,0.0,0.0487,0.0487,0.0487,0.0487,21.428,21.428,0.00021428,21.428,21.428,0.0020493,0.00021428,0.0020493,0.0,0.0,0.0,0.0,2.154e-06,0.0,0.0,0.0,0.001,0.0,0.0,0.0,0.0,0.001,2.154e-06,0.0
24466665.0,4995000000.0,5000000.0,5.0,0.0,0.0487,0.0487,0.0487,0.0487,21.428,5.8156,0.00021428,5.8156,21.428,0.00055617,0.00021428,0.00055617,0.0,0.0,0.0,0.0,2.154e-06,0.0,0.0,0.0,0.001,0.0,0.0,0.0,0.0,0.001,2.154e-06,0.0
24461824.0,4995000000.0,5000000.0,5.0,0.0,0.0487,0.0487,0.0487,0.0487,21.428,0.42856,0.00021428,0.42856,21.428,4.2856e-06,0.00021428,4.2856e-06,0.0,0.0,0.0,0.0,0.001,0.0,0.0,0.0,4.642e-09,0.0,0.0,0.0,0.0,4.642e-09,0.001,0.0
24464480.0,4995000000.0,5000000.0,5.0,0.0,0.0487,0.0487,0.0487,0.0487,21.428,1.5792,0.0020493,1.5792,21.428,0.0,0.0020493,0.0,0.0,0.0,0.0,0.0,1e-11,0.0,0.0,0.0,4.642e-05,0.0,0.0,0.0,0.0,4.642e-05,1e-11,0.0
24467032.0,4995000000.0,5000000.0,5.0,0.0,0.0487,0.0487,0.0487,0.0487,21.428,5.8156,0.0020493,5.8156,21.428,0.005319,0.0020493,0.005319,0.0,0.0,0.0,0.0,2.154e-10,0.0,0.0,0.0,4.642e-09,0.0,0.0,0.0,0.0,4.642e-09,2.154e-10,0.0
24462288.0,4995000000.0,5000000.0,5.0,0.0,0.0487,0.0487,0.0487,0.0487,21.428,0.42856,0.0020493,0.42856,21.428,0.0037285,0.0020493,0.0037285,0.0,0.0,0.0,0.0,4.642e-09,0.0,0.0,0.0,2.154e-06,0.0,0.0,0.0,0.0,2.154e-06,4.642e-09,0.0
24469324.0,4995000000.0,5000000.0,5.0,0.0,0.0487,0.0487,0.0487,0.0487,21.428,21.428,0.0020493,21.428,21.428,0.0,0.0020493,0.0,0.0,0.0,0.0,0.0,0.001,0.0,0.0,0.0,4.642e-05,0.0,0.0,0.0,0.0,4.642e-05,0.001,0.0
24464628.0,4995000000.0,5000000.0,5.0,0.0,0.0487,0.0487,0.0487,0.0487,21.428,1.5792,0.0020493,1.5792,21.428,0.0014444,0.0020493,0.0014444,0.0,0.0,0.0,0.0,1e-11,0.0,0.0,0.0,0.001,0.0,0.0,0.0,0.0,0.001,1e-11,0.0
24462132.0,4995000000.0,5000000.0,5.0,0.0,0.0487,0.0487,0.0487,0.0487,21.428,0.42856,0.0020493,0.42856,21.428,4.2856e-06,0.0020493,4.2856e-06,0.0,0.0,0.0,0.0,2.154e-10,0.0,0.0,0.0,4.642e-09,0.0,0.0,0.0,0.0,4.642e-09,2.154e-10,0.0
24466895.0,4995000000.0,5000000.0,5.0,0.0,0.0487,0.0487,0.0487,0.0487,21.428,5.8156,0.0020493,5.8156,21.428,0.0,0.0020493,0.0,0.0,0.0,0.0,0.0,4.642e-09,0.0,0.0,0.0,4.642e-05,0.0,0.0,0.0,0.0,4.642e-05,4.642e-09,0.0
24466935.0,4995000000.0,5000000.0,5.0,0.0,0.0487,0.0487,0.0487,0.0487,21.428,5.8156,0.0020493,5.8156,21.428,5.8156e-05,0.0020493,5.8156e-05,0.0,0.0,0.0,0.0,2.154e-10,0.0,0.0,0.0,1e-07,0.0,0.0,0.0,0.0,1e-07,2.154e-10,0.0
24462539.0,4995000000.0,5000000.0,5.0,0.0,0.0487,0.0487,0.0487,0.0487,21.428,0.42856,0.019598,0.42856,21.428,4.0985e-05,0.019598,4.0985e-05,0.0,0.0,0.0,0.0,1e-07,0.0,0.0,0.0,1e-07,0.0,0.0,0.0,0.0,1e-07,1e-07,0.0
24466579.0,4995000000.0,5000000.0,5.0,0.0,0.0487,0.0487,0.0487,0.0487,21.428,5.8156,0.00021428,5.8156,21.428,0.0,0.00021428,0.0,0.0,0.0,0.0,0.0,0.001,0.0,0.0,0.0,2.154e-06,0.0,0.0,0.0,0.0,2.154e-06,0.001,0.0
24469794.0,4995000000.0,5000000.0,5.0,0.0,0.0487,0.0487,0.0487,0.0487,21.428,21.428,0.019598,21.428,21.428,0.019598,0.019598,0.019598,0.0,0.0,0.0,0.0,1e-07,0.0,0.0,0.0,0.001,0.0,0.0,0.0,0.0,0.001,1e-07,0.0
24462436.0,4995000000.0,5000000.0,5.0,0.0,0.0487,0.0487,0.0487,0.0487,21.428,0.42856,0.019598,0.42856,21.428,0.0,0.019598,0.0,0.0,0.0,0.0,0.0,4.642e-09,0.0,0.0,0.0,4.642e-05,0.0,0.0,0.0,0.0,4.642e-05,4.642e-09,0.0
24462638.0,4995000000.0,5000000.0,5.0,0.0,0.0487,0.0487,0.0487,0.0487,21.428,0.42856,0.019598,0.42856,21.428,0.0037285,0.019598,0.0037285,0.0,0.0,0.0,0.0,1e-07,0.0,0.0,0.0,2.154e-06,0.0,0.0,0.0,0.0,2.154e-06,1e-07,0.0
24464359.0,4995000000.0,5000000.0,5.0,0.0,0.0487,0.0487,0.0487,0.0487,21.428,1.5792,0.00021428,1.5792,21.428,0.013739,0.00021428,0.013739,0.0,0.0,0.0,0.0,2.154e-06,0.0,0.0,0.0,1e-07,0.0,0.0,0.0,0.0,1e-07,2.154e-06,0.0
24466304.0,4995000000.0,5000000.0,5.0,0.0,0.0487,0.0487,0.0487,0.0487,21.428,5.8156,0.0,5.8156,21.428,0.00055617,0.0,0.00055617,0.0,0.0,0.0,0.0,4.642e-09,0.0,0.0,0.0,4.642e-09,0.0,0.0,0.0,0.0,4.642e-09,4.642e-09,0.0
24463884.0,4995000000.0,5000000.0,5.0,0.0,0.0487,0.0487,0.0487,0.0487,21.428,1.5792,0.0,1.5792,21.428,1.5792e-05,0.0,1.5792e-05,0.0,0.0,0.0,0.0,0.001,0.0,0.0,0.0,2.154e-06,0.0,0.0,0.0,0.0,2.154e-06,0.001,0.0
24461796.0,4995000000.0,5000000.0,5.0,0.0,0.0487,0.0487,0.0487,0.0487,21.428,0.42856,0.00021428,0.42856,21.428,4.2856e-06,0.00021428,4.2856e-06,0.0,0.0,0.0,0.0,4.642e-09,0.0,0.0,0.0,4.642e-09,0.0,0.0,0.0,0.0,4.642e-09,4.642e-09,0.0
24464477.0,4995000000.0,5000000.0,5.0,0.0,0.0487,0.0487,0.0487,0.0487,21.428,1.5792,0.0020493,1.5792,21.428,0.0,0.0020493,0.0,0.0,0.0,0.0,0.0,1e-11,0.0,0.0,0.0,4.642e-09,0.0,0.0,0.0,0.0,4.642e-09,1e-11,0.0
24463808.0,4995000000.0,5000000.0,5.0,0.0,0.0487,0.0487,0.0487,0.0487,21.428,1.5792,0.0,1.5792,21.428,0.0,0.0,0.0,0.0,0.0,0.0,0.0,4.642e-09,0.0,0.0,0.0,4.642e-05,0.0,0.0,0.0,0.0,4.642e-05,4.642e-09,0.0
24466563.0,4995000000.0,5000000.0,5.0,0.0,0.0487,0.0487,0.0487,0.0487,21.428,5.8156,0.00021428,5.8156,21.428,0.0,0.00021428,0.0,0.0,0.0,0.0,0.0,2.154e-06,0.0,0.0,0.0,4.642e-09,0.0,0.0,0.0,0.0,4.642e-09,2.154e-06,0.0
24462429.0,4995000000.0,5000000.0,5.0,0.0,0.0487,0.0487,0.0487,0.0487,21.428,0.42856,0.019598,0.42856,21.428,0.0,0.019598,0.0,0.0,0.0,0.0,0.0,2.154e-10,0.0,0.0,0.0,4.642e-05,0.0,0.0,0.0,0.0,4.642e-05,2.154e-10,0.0
24463847.0,4995000000.0,5000000.0,5.0,0.0,0.0487,0.0487,0.0487,0.0487,21.428,1.5792,0.0,1.5792,21.428,1.5792e-05,0.0,1.5792e-05,0.0,0.0,0.0,0.0,2.154e-10,0.0,0.0,0.0,4.642e-09,0.0,0.0,0.0,0.0,4.642e-09,2.154e-10,0.0
24463889.0,4995000000.0,5000000.0,5.0,0.0,0.0487,0.0487,0.0487,0.0487,21.428,1.5792,0.0,1.5792,21.428,0.00015103,0.0,0.00015103,0.0,0.0,0.0,0.0,1e-11,0.0,0.0,0.0,4.642e-09,0.0,0.0,0.0,0.0,4.642e-09,1e-11,0.0
24467307.0,4995000000.0,5000000.0,5.0,0.0,0.0487,0.0487,0.0487,0.0487,21.428,5.8156,0.019598,5.8156,21.428,5.8156e-05,0.019598,5.8156e-05,0.0,0.0,0.0,0.0,4.642e-05,0.0,0.0,0.0,2.154e-06,0.0,0.0,0.0,0.0,2.154e-06,4.642e-05,0.0
24461966.0,4995000000.0,5000000.0,5.0,0.0,0.0487,0.0487,0.0487,0.0487,21.428,0.42856,0.00021428,0.42856,21.428,0.0037285,0.00021428,0.0037285,0.0,0.0,0.0,0.0,4.642e-05,0.0,0.0,0.0,2.154e-06,0.0,0.0,0.0,0.0,2.154e-06,4.642e-05,0.0
24463974.0,4995000000.0,5000000.0,5.0,0.0,0.0487,0.0487,0.0487,0.0487,21.428,1.5792,0.0,1.5792,21.428,0.0014444,0.0,0.0014444,0.0,0.0,0.0,0.0,4.642e-05,0.0,0.0,0.0,1e-07,0.0,0.0,0.0,0.0,1e-07,4.642e-05,0.0
24466690.0,4995000000.0,5000000.0,5.0,0.0,0.0487,0.0487,0.0487,0.0487,21.428,5.8156,0.00021428,5.8156,21.428,0.005319,0.00021428,0.005319,0.0,0.0,0.0,0.0,2.154e-10,0.0,0.0,0.0,1e-07,0.0,0.0,0.0,0.0,1e-07,2.154e-10,0.0
24461467.0,4995000000.0,5000000.0,5.0,0.0,0.0487,0.0487,0.0487,0.0487,21.428,0.42856,0.0,0.42856,21.428,4.2856e-06,0.0,4.2856e-06,0.0,0.0,0.0,0.0,2.154e-06,0.0,0.0,0.0,4.642e-09,0.0,0.0,0.0,0.0,4.642e-09,2.154e-06,0.0
24464176.0,4995000000.0,5000000.0,5.0,0.0,0.0487,0.0487,0.0487,0.0487,21.428,1.5792,0.00021428,1.5792,21.428,0.0,0.00021428,0.0,0.0,0.0,0.0,0.0,0.001,0.0,0.0,0.0,4.642e-09,0.0,0.0,0.0,0.0,4.642e-09,0.001,0.0
24461806.0,4995000000.0,5000000.0,5.0,0.0,0.0487,0.0487,0.0487,0.0487,21.428,0.42856,0.00021428,0.42856,21.428,4.2856e-06,0.00021428,4.2856e-06,0.0,0.0,0.0,0.0,1e-07,0.0,0.0,0.0,4.642e-05,0.0,0.0,0.0,0.0,4.642e-05,1e-07,0.0
24469654.0,4995000000.0,5000000.0,5.0,0.0,0.0487,0.0487,0.0487,0.0487,21.428,21.428,0.019598,21.428,21.428,0.0,0.019598,0.0,0.0,0.0,0.0,0.0,2.154e-06,0.0,0.0,0.0,0.001,0.0,0.0,0.0,0.0,0.001,2.154e-06,0.0
24464866.0,4995000000.0,5000000.0,5.0,0.0,0.0487,0.0487,0.0487,0.0487,21.428,1.5792,0.019598,1.5792,21.428,0.0,0.019598,0.0,0.0,0.0,0.0,0.0,0.001,0.0,0.0,0.0,0.001,0.0,0.0,0.0,0.0,0.001,0.001,0.0
24464703.0,4995000000.0,5000000.0,5.0,0.0,0.0487,0.0487,0.0487,0.0487,21.428,1.5792,0.0020493,1.5792,21.428,0.013739,0.0020493,0.013739,0.0,0.0,0.0,0.0,2.154e-06,0.0,0.0,0.0,2.154e-06,0.0,0.0,0.0,0.0,2.154e-06,2.154e-06,0.0
24464240.0,4995000000.0,5000000.0,5.0,0.0,0.0487,0.0487,0.0487,0.0487,21.428,1.5792,0.00021428,1.5792,21.428,0.00015103,0.00021428,0.00015103,0.0,0.0,0.0,0.0,2.154e-10,0.0,0.0,0.0,1e-07,0.0,0.0,0.0,0.0,1e-07,2.154e-10,0.0
24464144.0,4995000000.0,5000000.0,5.0,0.0,0.0487,0.0487,0.0487,0.0487,21.428,1.5792,0.00021428,1.5792,21.428,0.0,0.00021428,0.0,0.0,0.0,0.0,0.0,2.154e-10,0.0,0.0,0.0,4.642e-05,0.0,0.0,0.0,0.0,4.642e-05,2.154e-10,0.0
24465006.0,4995000000.0,5000000.0,5.0,0.0,0.0487,0.0487,0.0487,0.0487,21.428,1.5792,0.019598,1.5792,21.428,0.0014444,0.019598,0.0014444,0.0,0.0,0.0,0.0,4.642e-05,0.0,0.0,0.0,0.001,0.0,0.0,0.0,0.0,0.001,4.642e-05,0.0
24462126.0,4995000000.0,5000000.0,5.0,0.0,0.0487,0.0487,0.0487,0.0487,21.428,0.42856,0.0020493,0.42856,21.428,4.2856e-06,0.0020493,4.2856e-06,0.0,0.0,0.0,0.0,1e-11,0.0,0.0,0.0,1e-07,0.0,0.0,0.0,0.0,1e-07,1e-11,0.0
24462335.0,4995000000.0,5000000.0,5.0,0.0,0.0487,0.0487,0.0487,0.0487,21.428,0.42856,0.0020493,0.42856,21.428,0.03587,0.0020493,0.03587,0.0,0.0,0.0,0.0,4.642e-09,0.0,0.0,0.0,4.642e-09,0.0,0.0,0.0,0.0,4.642e-09,4.642e-09,0.0
24460301.0,4995000000.0,5000000.0,5.0,0.0,0.0487,0.0487,0.0487,0.0487,21.428,0.11571,0.019598,0.11571,21.428,0.009685,0.019598,0.009685,0.0,0.0,0.0,0.0,4.642e-05,0.0,0.0,0.0,4.642e-05,0.0,0.0,0.0,0.0,4.642e-05,4.642e-05,0.0
24466609.0,4995000000.0,5000000.0,5.0,0.0,0.0487,0.0487,0.0487,0.0487,21.428,5.8156,0.00021428,5.8156,21.428,5.8156e-05,0.00021428,5.8156e-05,0.0,0.0,0.0,0.0,1e-07,0.0,0.0,0.0,0.001,0.0,0.0,0.0,0.0,0.001,1e-07,0.0
24469360.0,4995000000.0,5000000.0,5.0,0.0,0.0487,0.0487,0.0487,0.0487,21.428,21.428,0.0020493,21.428,21.428,0.00021428,0.0020493,0.00021428,0.0,0.0,0.0,0.0,2.154e-06,0.0,0.0,0.0,0.001,0.0,0.0,0.0,0.0,0.001,2.154e-06,0.0
24466612.0,4995000000.0,5000000.0,5.0,0.0,0.0487,0.0487,0.0487,0.0487,21.428,5.8156,0.00021428,5.8156,21.428,5.8156e-05,0.00021428,5.8156e-05,0.0,0.0,0.0,0.0,2.154e-06,0.0,0.0,0.0,4.642e-09,0.0,0.0,0.0,0.0,4.642e-09,2.154e-06,0.0
24462281.0,4995000000.0,5000000.0,5.0,0.0,0.0487,0.0487,0.0487,0.0487,21.428,0.42856,0.0020493,0.42856,21.428,0.0037285,0.0020493,0.0037285,0.0,0.0,0.0,0.0,2.154e-10,0.0,0.0,0.0,2.154e-06,0.0,0.0,0.0,0.0,2.154e-06,2.154e-10,0.0
24461464.0,4995000000.0,5000000.0,5.0,0.0,0.0487,0.0487,0.0487,0.0487,21.428,0.42856,0.0,0.42856,21.428,4.2856e-06,0.0,4.2856e-06,0.0,0.0,0.0,0.0,1e-07,0.0,0.0,0.0,0.001,0.0,0.0,0.0,0.0,0.001,1e-07,0.0
24466650.0,4995000000.0,5000000.0,5.0,0.0,0.0487,0.0487,0.0487,0.0487,21.428,5.8156,0.00021428,5.8156,21.428,0.00055617,0.00021428,0.00055617,0.0,0.0,0.0,0.0,4.642e-09,0.0,0.0,0.0,4.642e-05,0.0,0.0,0.0,0.0,4.642e-05,4.642e-09,0.0
24466353.0,4995000000.0,5000000.0,5.0,0.0,0.0487,0.0487,0.0487,0.0487,21.428,5.8156,0.0,5.8156,21.428,0.005319,0.0,0.005319,0.0,0.0,0.0,0.0,4.642e-09,0.0,0.0,0.0,4.642e-09,0.0,0.0,0.0,0.0,4.642e-09,4.642e-09,0.0
24462708.0,4995000000.0,5000000.0,5.0,0.0,0.0487,0.0487,0.0487,0.0487,21.428,0.42856,0.019598,0.42856,21.428,0.03587,0.019598,0.03587,0.0,0.0,0.0,0.0,0.001,0.0,0.0,0.0,2.154e-06,0.0,0.0,0.0,0.0,2.154e-06,0.001,0.0
24461771.0,4995000000.0,5000000.0,5.0,0.0,0.0487,0.0487,0.0487,0.0487,21.428,0.42856,0.00021428,0.42856,21.428,0.0,0.00021428,0.0,0.0,0.0,0.0,0.0,4.642e-05,0.0,0.0,0.0,4.642e-05,0.0,0.0,0.0,0.0,4.642e-05,4.642e-05,0.0
24462493.0,4995000000.0,5000000.0,5.0,0.0,0.0487,0.0487,0.0487,0.0487,21.428,0.42856,0.019598,0.42856,21.428,4.2856e-06,0.019598,4.2856e-06,0.0,0.0,0.0,0.0,1e-07,0.0,0.0,0.0,0.001,0.0,0.0,0.0,0.0,0.001,1e-07,0.0
24468765.0,4995000000.0,5000000.0,5.0,0.0,0.0487,0.0487,0.0487,0.0487,21.428,21.428,0.0,21.428,21.428,0.019598,0.0,0.019598,0.0,0.0,0.0,0.0,1e-07,0.0,0.0,0.0,0.001,0.0,0.0,0.0,0.0,0.001,1e-07,0.0
24466294.0,4995000000.0,5000000.0,5.0,0.0,0.0487,0.0487,0.0487,0.0487,21.428,5.8156,0.0,5.8156,21.428,0.00055617,0.0,0.00055617,0.0,0.0,0.0,0.0,1e-11,0.0,0.0,0.0,0.001,0.0,0.0,0.0,0.0,0.001,1e-11,0.0
24466586.0,4995000000.0,5000000.0,5.0,0.0,0.0487,0.0487,0.0487,0.0487,21.428,5.8156,0.00021428,5.8156,21.428,5.8156e-05,0.00021428,5.8156e-05,0.0,0.0,0.0,0.0,1e-11,0.0,0.0,0.0,2.154e-06,0.0,0.0,0.0,0.0,2.154e-06,1e-11,0.0
24466929.0,4995000000.0,5000000.0,5.0,0.0,0.0487,0.0487,0.0487,0.0487,21.428,5.8156,0.0020493,5.8156,21.428,5.8156e-05,0.0020493,5.8156e-05,0.0,0.0,0.0,0.0,1e-11,0.0,0.0,0.0,2.154e-06,0.0,0.0,0.0,0.0,2.154e-06,1e-11,0.0
24464948.0,4995000000.0,5000000.0,5.0,0.0,0.0487,0.0487,0.0487,0.0487,21.428,1.5792,0.019598,1.5792,21.428,0.00015103,0.019598,0.00015103,0.0,0.0,0.0,0.0,2.154e-06,0.0,0.0,0.0,2.154e-06,0.0,0.0,0.0,0.0,2.154e-06,2.154e-06,0.0
24461645.0,4995000000.0,5000000.0,5.0,0.0,0.0487,0.0487,0.0487,0.0487,21.428,0.42856,0.0,0.42856,21.428,0.03587,0.0,0.03587,0.0,0.0,0.0,0.0,2.154e-10,0.0,0.0,0.0,4.642e-05,0.0,0.0,0.0,0.0,4.642e-05,2.154e-10,0.0
24461421.0,4995000000.0,5000000.0,5.0,0.0,0.0487,0.0487,0.0487,0.0487,21.428,0.42856,0.0,0.42856,21.428,0.0,0.0,0.0,0.0,0.0,0.0,0.0,2.154e-06,0.0,0.0,0.0,4.642e-05,0.0,0.0,0.0,0.0,4.642e-05,2.154e-06,0.0
24462500.0,4995000000.0,5000000.0,5.0,0.0,0.0487,0.0487,0.0487,0.0487,21.428,0.42856,0.019598,0.42856,21.428,4.2856e-06,0.019598,4.2856e-06,0.0,0.0,0.0,0.0,2.154e-06,0.0,0.0,0.0,0.001,0.0,0.0,0.0,0.0,0.001,2.154e-06,0.0
24460048.0,4995000000.0,5000000.0,5.0,0.0,0.0487,0.0487,0.0487,0.0487,21.428,0.11571,0.019598,0.11571,21.428,0.0,0.019598,0.0,0.0,0.0,0.0,0.0,2.154e-06,0.0,0.0,0.0,2.154e-06,0.0,0.0,0.0,0.0,2.154e-06,2.154e-06,0.0
24464872.0,4995000000.0,5000000.0,5.0,0.0,0.0487,0.0487,0.0487,0.0487,21.428,1.5792,0.019598,1.5792,21.428,1.5792e-05,0.019598,1.5792e-05,0.0,0.0,0.0,0.0,1e-11,0.0,0.0,0.0,4.642e-05,0.0,0.0,0.0,0.0,4.642e-05,1e-11,0.0
24466262.0,4995000000.0,5000000.0,5.0,0.0,0.0487,0.0487,0.0487,0.0487,21.428,5.8156,0.0,5.8156,21.428,5.8156e-05,0.0,5.8156e-05,0.0,0.0,0.0,0.0,1e-07,0.0,0.0,0.0,4.642e-09,0.0,0.0,0.0,0.0,4.642e-09,1e-07,0.0
24466655.0,4995000000.0,5000000.0,5.0,0.0,0.0487,0.0487,0.0487,0.0487,21.428,5.8156,0.00021428,5.8156,21.428,0.00055617,0.00021428,0.00055617,0.0,0.0,0.0,0.0,1e-07,0.0,0.0,0.0,1e-07,0.0,0.0,0.0,0.0,1e-07,1e-07,0.0
24461422.0,4995000000.0,5000000.0,5.0,0.0,0.0487,0.0487,0.0487,0.0487,21.428,0.42856,0.0,0.42856,21.428,0.0,0.0,0.0,0.0,0.0,0.0,0.0,2.154e-06,0.0,0.0,0.0,0.001,0.0,0.0,0.0,0.0,0.001,2.154e-06,0.0
24461541.0,4995000000.0,5000000.0,5.0,0.0,0.0487,0.0487,0.0487,0.0487,21.428,0.42856,0.0,0.42856,21.428,0.00039197,0.0,0.00039197,0.0,0.0,0.0,0.0,1e-11,0.0,0.0,0.0,0.001,0.0,0.0,0.0,0.0,0.001,1e-11,0.0
24461792.0,4995000000.0,5000000.0,5.0,0.0,0.0487,0.0487,0.0487,0.0487,21.428,0.42856,0.00021428,0.42856,21.428,4.2856e-06,0.00021428,4.2856e-06,0.0,0.0,0.0,0.0,2.154e-10,0.0,0.0,0.0,4.642e-05,0.0,0.0,0.0,0.0,4.642e-05,2.154e-10,0.0
24466241.0,4995000000.0,5000000.0,5.0,0.0,0.0487,0.0487,0.0487,0.0487,21.428,5.8156,0.0,5.8156,21.428,5.8156e-05,0.0,5.8156e-05,0.0,0.0,0.0,0.0,1e-11,0.0,0.0,0.0,4.642e-09,0.0,0.0,0.0,0.0,4.642e-09,1e-11,0.0
24466693.0,4995000000.0,5000000.0,5.0,0.0,0.0487,0.0487,0.0487,0.0487,21.428,5.8156,0.00021428,5.8156,21.428,0.005319,0.00021428,0.005319,0.0,0.0,0.0,0.0,2.154e-10,0.0,0.0,0.0,0.001,0.0,0.0,0.0,0.0,0.001,2.154e-10,0.0
24461617.0,4995000000.0,5000000.0,5.0,0.0,0.0487,0.0487,0.0487,0.0487,21.428,0.42856,0.0,0.42856,21.428,0.0037285,0.0,0.0037285,0.0,0.0,0.0,0.0,2.154e-06,0.0,0.0,0.0,4.642e-05,0.0,0.0,0.0,0.0,4.642e-05,2.154e-06,0.0
24461923.0,4995000000.0,5000000.0,5.0,0.0,0.0487,0.0487,0.0487,0.0487,21.428,0.42856,0.00021428,0.42856,21.428,0.00039197,0.00021428,0.00039197,0.0,0.0,0.0,0.0,0.001,0.0,0.0,0.0,1e-07,0.0,0.0,0.0,0.0,1e-07,0.001,0.0
24464845.0,4995000000.0,5000000.0,5.0,0.0,0.0487,0.0487,0.0487,0.0487,21.428,1.5792,0.019598,1.5792,21.428,0.0,0.019598,0.0,0.0,0.0,0.0,0.0,1e-07,0.0,0.0,0.0,0.001,0.0,0.0,0.0,0.0,0.001,1e-07,0.0
24467386.0,4995000000.0,5000000.0,5.0,0.0,0.0487,0.0487,0.0487,0.0487,21.428,5.8156,0.019598,5.8156,21.428,0.005319,0.019598,0.005319,0.0,0.0,0.0,0.0,4.642e-09,0.0,0.0,0.0,0.001,0.0,0.0,0.0,0.0,0.001,4.642e-09,0.0
24464606.0,4995000000.0,5000000.0,5.0,0.0,0.0487,0.0487,0.0487,0.0487,21.428,1.5792,0.0020493,1.5792,21.428,0.00015103,0.0020493,0.00015103,0.0,0.0,0.0,0.0,2.154e-06,0.0,0.0,0.0,4.642e-05,0.0,0.0,0.0,0.0,4.642e-05,2.154e-06,0.0
24464830.0,4995000000.0,5000000.0,5.0,0.0,0.0487,0.0487,0.0487,0.0487,21.428,1.5792,0.019598,1.5792,21.428,0.0,0.019598,0.0,0.0,0.0,0.0,0.0,2.154e-10,0.0,0.0,0.0,4.642e-05,0.0,0.0,0.0,0.0,4.642e-05,2.154e-10,0.0
24464859.0,4995000000.0,5000000.0,5.0,0.0,0.0487,0.0487,0.0487,0.0487,21.428,1.5792,0.019598,1.5792,21.428,0.0,0.019598,0.0,0.0,0.0,0.0,0.0,4.642e-05,0.0,0.0,0.0,0.001,0.0,0.0,0.0,0.0,0.001,4.642e-05,0.0
24467334.0,4995000000.0,5000000.0,5.0,0.0,0.0487,0.0487,0.0487,0.0487,21.428,5.8156,0.019598,5.8156,21.428,0.00055617,0.019598,0.00055617,0.0,0.0,0.0,0.0,4.642e-09,0.0,0.0,0.0,1e-07,0.0,0.0,0.0,0.0,1e-07,4.642e-09,0.0
24464652.0,4995000000.0,5000000.0,5.0,0.0,0.0487,0.0487,0.0487,0.0487,21.428,1.5792,0.0020493,1.5792,21.428,0.0014444,0.0020493,0.0014444,0.0,0.0,0.0,0.0,2.154e-06,0.0,0.0,0.0,4.642e-09,0.0,0.0,0.0,0.0,4.642e-09,2.154e-06,0.0
24461778.0,4995000000.0,5000000.0,5.0,0.0,0.0487,0.0487,0.0487,0.0487,21.428,0.42856,0.00021428,0.42856,21.428,0.0,0.00021428,0.0,0.0,0.0,0.0,0.0,0.001,0.0,0.0,0.0,4.642e-05,0.0,0.0,0.0,0.0,4.642e-05,0.001,0.0
24464367.0,4995000000.0,5000000.0,5.0,0.0,0.0487,0.0487,0.0487,0.0487,21.428,1.5792,0.00021428,1.5792,21.428,0.013739,0.00021428,0.013739,0.0,0.0,0.0,0.0,4.642e-05,0.0,0.0,0.0,2.154e-06,0.0,0.0,0.0,0.0,2.154e-06,4.642e-05,0.0
24463963.0,4995000000.0,5000000.0,5.0,0.0,0.0487,0.0487,0.0487,0.0487,21.428,1.5792,0.0,1.5792,21.428,0.0014444,0.0,0.0014444,0.0,0.0,0.0,0.0,1e-07,0.0,0.0,0.0,0.001,0.0,0.0,0.0,0.0,0.001,1e-07,0.0
24461944.0,4995000000.0,5000000.0,5.0,0.0,0.0487,0.0487,0.0487,0.0487,21.428,0.42856,0.00021428,0.42856,21.428,0.0037285,0.00021428,0.0037285,0.0,0.0,0.0,0.0,4.642e-09,0.0,0.0,0.0,1e-07,0.0,0.0,0.0,0.0,1e-07,4.642e-09,0.0
24464291.0,4995000000.0,5000000.0,5.0,0.0,0.0487,0.0487,0.0487,0.0487,21.428,1.5792,0.00021428,1.5792,21.428,0.0014444,0.00021428,0.0014444,0.0,0.0,0.0,0.0,2.154e-10,0.0,0.0,0.0,4.642e-05,0.0,0.0,0.0,0.0,4.642e-05,2.154e-10,0.0
24466900.0,4995000000.0,5000000.0,5.0,0.0,0.0487,0.0487,0.0487,0.0487,21.428,5.8156,0.0020493,5.8156,21.428,0.0,0.0020493,0.0,0.0,0.0,0.0,0.0,1e-07,0.0,0.0,0.0,1e-07,0.0,0.0,0.0,0.0,1e-07,1e-07,0.0
24462279.0,4995000000.0,5000000.0,5.0,0.0,0.0487,0.0487,0.0487,0.0487,21.428,0.42856,0.0020493,0.42856,21.428,0.0037285,0.0020493,0.0037285,0.0,0.0,0.0,0.0,2.154e-10,0.0,0.0,0.0,4.642e-09,0.0,0.0,0.0,0.0,4.642e-09,2.154e-10,0.0
24468597.0,4995000000.0,5000000.0,5.0,0.0,0.0487,0.0487,0.0487,0.0487,21.428,21.428,0.0,21.428,21.428,0.0,0.0,0.0,0.0,0.0,0.0,0.0,1e-11,0.0,0.0,0.0,0.001,0.0,0.0,0.0,0.0,0.001,1e-11,0.0
24461468.0,4995000000.0,5000000.0,5.0,0.0,0.0487,0.0487,0.0487,0.0487,21.428,0.42856,0.0,0.42856,21.428,4.2856e-06,0.0,4.2856e-06,0.0,0.0,0.0,0.0,2.154e-06,0.0,0.0,0.0,1e-07,0.0,0.0,0.0,0.0,1e-07,2.154e-06,0.0
24462239.0,4995000000.0,5000000.0,5.0,0.0,0.0487,0.0487,0.0487,0.0487,21.428,0.42856,0.0020493,0.42856,21.428,0.00039197,0.0020493,0.00039197,0.0,0.0,0.0,0.0,4.642e-09,0.0,0.0,0.0,2.154e-06,0.0,0.0,0.0,0.0,2.154e-06,4.642e-09,0.0
24466378.0,4995000000.0,5000000.0,5.0,0.0,0.0487,0.0487,0.0487,0.0487,21.428,5.8156,0.0,5.8156,21.428,0.005319,0.0,0.005319,0.0,0.0,0.0,0.0,4.642e-05,0.0,0.0,0.0,0.001,0.0,0.0,0.0,0.0,0.001,4.642e-05,0.0
24462176.0,4995000000.0,5000000.0,5.0,0.0,0.0487,0.0487,0.0487,0.0487,21.428,0.42856,0.0020493,0.42856,21.428,4.0985e-05,0.0020493,4.0985e-05,0.0,0.0,0.0,0.0,1e-11,0.0,0.0,0.0,2.154e-06,0.0,0.0,0.0,0.0,2.154e-06,1e-11,0.0
24465026.0,4995000000.0,5000000.0,5.0,0.0,0.0487,0.0487,0.0487,0.0487,21.428,1.5792,0.019598,1.5792,21.428,0.013739,0.019598,0.013739,0.0,0.0,0.0,0.0,2.154e-10,0.0,0.0,0.0,4.642e-05,0.0,0.0,0.0,0.0,4.642e-05,2.154e-10,0.0
24462346.0,4995000000.0,5000000.0,5.0,0.0,0.0487,0.0487,0.0487,0.0487,21.428,0.42856,0.0020493,0.42856,21.428,0.03587,0.0020493,0.03587,0.0,0.0,0.0,0.0,1e-07,0.0,0.0,0.0,0.001,0.0,0.0,0.0,0.0,0.001,1e-07,0.0
24463868.0,4995000000.0,5000000.0,5.0,0.0,0.0487,0.0487,0.0487,0.0487,21.428,1.5792,0.0,1.5792,21.428,1.5792e-05,0.0,1.5792e-05,0.0,0.0,0.0,0.0,2.154e-06,0.0,0.0,0.0,4.642e-09,0.0,0.0,0.0,0.0,4.642e-09,2.154e-06,0.0
24463952.0,4995000000.0,5000000.0,5.0,0.0,0.0487,0.0487,0.0487,0.0487,21.428,1.5792,0.0,1.5792,21.428,0.0014444,0.0,0.0014444,0.0,0.0,0.0,0.0,4.642e-09,0.0,0.0,0.0,4.642e-09,0.0,0.0,0.0,0.0,4.642e-09,4.642e-09,0.0
24460230.0,4995000000.0,5000000.0,5.0,0.0,0.0487,0.0487,0.0487,0.0487,21.428,0.11571,0.019598,0.11571,21.428,0.0010067,0.019598,0.0010067,0.0,0.0,0.0,0.0,4.642e-09,0.0,0.0,0.0,2.154e-06,0.0,0.0,0.0,0.0,2.154e-06,4.642e-09,0.0
24466355.0,4995000000.0,5000000.0,5.0,0.0,0.0487,0.0487,0.0487,0.0487,21.428,5.8156,0.0,5.8156,21.428,0.005319,0.0,0.005319,0.0,0.0,0.0,0.0,4.642e-09,0.0,0.0,0.0,2.154e-06,0.0,0.0,0.0,0.0,2.154e-06,4.642e-09,0.0
24463850.0,4995000000.0,5000000.0,5.0,0.0,0.0487,0.0487,0.0487,0.0487,21.428,1.5792,0.0,1.5792,21.428,1.5792e-05,0.0,1.5792e-05,0.0,0.0,0.0,0.0,2.154e-10,0.0,0.0,0.0,4.642e-05,0.0,0.0,0.0,0.0,4.642e-05,2.154e-10,0.0
24466892.0,4995000000.0,5000000.0,5.0,0.0,0.0487,0.0487,0.0487,0.0487,21.428,5.8156,0.0020493,5.8156,21.428,0.0,0.0020493,0.0,0.0,0.0,0.0,0.0,4.642e-09,0.0,0.0,0.0,4.642e-09,0.0,0.0,0.0,0.0,4.642e-09,4.642e-09,0.0
24466549.0,4995000000.0,5000000.0,5.0,0.0,0.0487,0.0487,0.0487,0.0487,21.428,5.8156,0.00021428,5.8156,21.428,0.0,0.00021428,0.0,0.0,0.0,0.0,0.0,4.642e-09,0.0,0.0,0.0,4.642e-09,0.0,0.0,0.0,0.0,4.642e-09,4.642e-09,0.0
24464572.0,4995000000.0,5000000.0,5.0,0.0,0.0487,0.0487,0.0487,0.0487,21.428,1.5792,0.0020493,1.5792,21.428,1.5792e-05,0.0020493,1.5792e-05,0.0,0.0,0.0,0.0,0.001,0.0,0.0,0.0,0.001,0.0,0.0,0.0,0.0,0.001,0.001,0.0
24460215.0,4995000000.0,5000000.0,5.0,0.0,0.0487,0.0487,0.0487,0.0487,21.428,0.11571,0.019598,0.11571,21.428,0.0010067,0.019598,0.0010067,0.0,0.0,0.0,0.0,1e-11,0.0,0.0,0.0,1e-07,0.0,0.0,0.0,0.0,1e-07,1e-11,0.0
24460054.0,4995000000.0,5000000.0,5.0,0.0,0.0487,0.0487,0.0487,0.0487,21.428,0.11571,0.019598,0.11571,21.428,0.0,0.019598,0.0,0.0,0.0,0.0,0.0,4.642e-05,0.0,0.0,0.0,1e-07,0.0,0.0,0.0,0.0,1e-07,4.642e-05,0.0
24460113.0,4995000000.0,5000000.0,5.0,0.0,0.0487,0.0487,0.0487,0.0487,21.428,0.11571,0.019598,0.11571,21.428,1.1571e-06,0.019598,1.1571e-06,0.0,0.0,0.0,0.0,0.001,0.0,0.0,0.0,0.001,0.0,0.0,0.0,0.0,0.001,0.001,0.0
24469010.0,4995000000.0,5000000.0,5.0,0.0,0.0487,0.0487,0.0487,0.0487,21.428,21.428,0.00021428,21.428,21.428,0.00021428,0.00021428,0.00021428,0.0,0.0,0.0,0.0,1e-07,0.0,0.0,0.0,0.001,0.0,0.0,0.0,0.0,0.001,1e-07,0.0
24464374.0,4995000000.0,5000000.0,5.0,0.0,0.0487,0.0487,0.0487,0.0487,21.428,1.5792,0.00021428,1.5792,21.428,0.013739,0.00021428,0.013739,0.0,0.0,0.0,0.0,0.001,0.0,0.0,0.0,2.154e-06,0.0,0.0,0.0,0.0,2.154e-06,0.001,0.0
24462360.0,4995000000.0,5000000.0,5.0,0.0,0.0487,0.0487,0.0487,0.0487,21.428,0.42856,0.0020493,0.42856,21.428,0.03587,0.0020493,0.03587,0.0,0.0,0.0,0.0,4.642e-05,0.0,0.0,0.0,0.001,0.0,0.0,0.0,0.0,0.001,4.642e-05,0.0
24460057.0,4995000000.0,5000000.0,5.0,0.0,0.0487,0.0487,0.0487,0.0487,21.428,0.11571,0.019598,0.11571,21.428,0.0,0.019598,0.0,0.0,0.0,0.0,0.0,4.642e-05,0.0,0.0,0.0,0.001,0.0,0.0,0.0,0.0,0.001,4.642e-05,0.0
24469031.0,4995000000.0,5000000.0,5.0,0.0,0.0487,0.0487,0.0487,0.0487,21.428,21.428,0.00021428,21.428,21.428,0.00021428,0.00021428,0.00021428,0.0,0.0,0.0,0.0,0.001,0.0,0.0,0.0,0.001,0.0,0.0,0.0,0.0,0.001,0.001,0.0
24467232.0,4995000000.0,5000000.0,5.0,0.0,0.0487,0.0487,0.0487,0.0487,21.428,5.8156,0.019598,5.8156,21.428,0.0,0.019598,0.0,0.0,0.0,0.0,0.0,2.154e-10,0.0,0.0,0.0,0.001,0.0,0.0,0.0,0.0,0.001,2.154e-10,0.0
24468989.0,4995000000.0,5000000.0,5.0,0.0,0.0487,0.0487,0.0487,0.0487,21.428,21.428,0.00021428,21.428,21.428,0.00021428,0.00021428,0.00021428,0.0,0.0,0.0,0.0,1e-11,0.0,0.0,0.0,0.001,0.0,0.0,0.0,0.0,0.001,1e-11,0.0
24467029.0,4995000000.0,5000000.0,5.0,0.0,0.0487,0.0487,0.0487,0.0487,21.428,5.8156,0.0020493,5.8156,21.428,0.005319,0.0020493,0.005319,0.0,0.0,0.0,0.0,1e-11,0.0,0.0,0.0,0.001,0.0,0.0,0.0,0.0,0.001,1e-11,0.0
24461960.0,4995000000.0,5000000.0,5.0,0.0,0.0487,0.0487,0.0487,0.0487,21.428,0.42856,0.00021428,0.42856,21.428,0.0037285,0.00021428,0.0037285,0.0,0.0,0.0,0.0,2.154e-06,0.0,0.0,0.0,4.642e-05,0.0,0.0,0.0,0.0,4.642e-05,2.154e-06,0.0
24468786.0,4995000000.0,5000000.0,5.0,0.0,0.0487,0.0487,0.0487,0.0487,21.428,21.428,0.0,21.428,21.428,0.019598,0.0,0.019598,0.0,0.0,0.0,0.0,0.001,0.0,0.0,0.0,0.001,0.0,0.0,0.0,0.0,0.001,0.001,0.0
24462455.0,4995000000.0,5000000.0,5.0,0.0,0.0487,0.0487,0.0487,0.0487,21.428,0.42856,0.019598,0.42856,21.428,0.0,0.019598,0.0,0.0,0.0,0.0,0.0,4.642e-05,0.0,0.0,0.0,1e-07,0.0,0.0,0.0,0.0,1e-07,4.642e-05,0.0
24466370.0,4995000000.0,5000000.0,5.0,0.0,0.0487,0.0487,0.0487,0.0487,21.428,5.8156,0.0,5.8156,21.428,0.005319,0.0,0.005319,0.0,0.0,0.0,0.0,2.154e-06,0.0,0.0,0.0,4.642e-05,0.0,0.0,0.0,0.0,4.642e-05,2.154e-06,0.0
24460134.0,4995000000.0,5000000.0,5.0,0.0,0.0487,0.0487,0.0487,0.0487,21.428,0.11571,0.019598,0.11571,21.428,1.1066e-05,0.019598,1.1066e-05,0.0,0.0,0.0,0.0,4.642e-09,0.0,0.0,0.0,0.001,0.0,0.0,0.0,0.0,0.001,4.642e-09,0.0
24460062.0,4995000000.0,5000000.0,5.0,0.0,0.0487,0.0487,0.0487,0.0487,21.428,0.11571,0.019598,0.11571,21.428,0.0,0.019598,0.0,0.0,0.0,0.0,0.0,0.001,0.0,0.0,0.0,2.154e-06,0.0,0.0,0.0,0.0,2.154e-06,0.001,0.0
24462252.0,4995000000.0,5000000.0,5.0,0.0,0.0487,0.0487,0.0487,0.0487,21.428,0.42856,0.0020493,0.42856,21.428,0.00039197,0.0020493,0.00039197,0.0,0.0,0.0,0.0,2.154e-06,0.0,0.0,0.0,1e-07,0.0,0.0,0.0,0.0,1e-07,2.154e-06,0.0
24462290.0,4995000000.0,5000000.0,5.0,0.0,0.0487,0.0487,0.0487,0.0487,21.428,0.42856,0.0020493,0.42856,21.428,0.0037285,0.0020493,0.0037285,0.0,0.0,0.0,0.0,4.642e-09,0.0,0.0,0.0,0.001,0.0,0.0,0.0,0.0,0.001,4.642e-09,0.0
24466615.0,4995000000.0,5000000.0,5.0,0.0,0.0487,0.0487,0.0487,0.0487,21.428,5.8156,0.00021428,5.8156,21.428,5.8156e-05,0.00021428,5.8156e-05,0.0,0.0,0.0,0.0,2.154e-06,0.0,0.0,0.0,4.642e-05,0.0,0.0,0.0,0.0,4.642e-05,2.154e-06,0.0
24464543.0,4995000000.0,5000000.0,5.0,0.0,0.0487,0.0487,0.0487,0.0487,21.428,1.5792,0.0020493,1.5792,21.428,1.5792e-05,0.0020493,1.5792e-05,0.0,0.0,0.0,0.0,4.642e-09,0.0,0.0,0.0,4.642e-05,0.0,0.0,0.0,0.0,4.642e-05,4.642e-09,0.0
24462133.0,4995000000.0,5000000.0,5.0,0.0,0.0487,0.0487,0.0487,0.0487,21.428,0.42856,0.0020493,0.42856,21.428,4.2856e-06,0.0020493,4.2856e-06,0.0,0.0,0.0,0.0,2.154e-10,0.0,0.0,0.0,1e-07,0.0,0.0,0.0,0.0,1e-07,2.154e-10,0.0
24464901.0,4995000000.0,5000000.0,5.0,0.0,0.0487,0.0487,0.0487,0.0487,21.428,1.5792,0.019598,1.5792,21.428,1.5792e-05,0.019598,1.5792e-05,0.0,0.0,0.0,0.0,2.154e-06,0.0,0.0,0.0,0.001,0.0,0.0,0.0,0.0,0.001,2.154e-06,0.0
24461980.0,4995000000.0,5000000.0,5.0,0.0,0.0487,0.0487,0.0487,0.0487,21.428,0.42856,0.00021428,0.42856,21.428,0.03587,0.00021428,0.03587,0.0,0.0,0.0,0.0,1e-11,0.0,0.0,0.0,2.154e-06,0.0,0.0,0.0,0.0,2.154e-06,1e-11,0.0
24468688.0,4995000000.0,5000000.0,5.0,0.0,0.0487,0.0487,0.0487,0.0487,21.428,21.428,0.0,21.428,21.428,0.00021428,0.0,0.00021428,0.0,0.0,0.0,0.0,0.001,0.0,0.0,0.0,0.001,0.0,0.0,0.0,0.0,0.001,0.001,0.0
24461525.0,4995000000.0,5000000.0,5.0,0.0,0.0487,0.0487,0.0487,0.0487,21.428,0.42856,0.0,0.42856,21.428,4.0985e-05,0.0,4.0985e-05,0.0,0.0,0.0,0.0,4.642e-05,0.0,0.0,0.0,2.154e-06,0.0,0.0,0.0,0.0,2.154e-06,4.642e-05,0.0
24462087.0,4995000000.0,5000000.0,5.0,0.0,0.0487,0.0487,0.0487,0.0487,21.428,0.42856,0.0020493,0.42856,21.428,0.0,0.0020493,0.0,0.0,0.0,0.0,0.0,2.154e-10,0.0,0.0,0.0,0.001,0.0,0.0,0.0,0.0,0.001,2.154e-10,0.0
24466964.0,4995000000.0,5000000.0,5.0,0.0,0.0487,0.0487,0.0487,0.0487,21.428,5.8156,0.0020493,5.8156,21.428,5.8156e-05,0.0020493,5.8156e-05,0.0,0.0,0.0,0.0,4.642e-05,0.0,0.0,0.0,2.154e-06,0.0,0.0,0.0,0.0,2.154e-06,4.642e-05,0.0
24466973.0,4995000000.0,5000000.0,5.0,0.0,0.0487,0.0487,0.0487,0.0487,21.428,5.8156,0.0020493,5.8156,21.428,5.8156e-05,0.0020493,5.8156e-05,0.0,0.0,0.0,0.0,0.001,0.0,0.0,0.0,0.001,0.0,0.0,0.0,0.0,0.001,0.001,0.0
24463946.0,4995000000.0,5000000.0,5.0,0.0,0.0487,0.0487,0.0487,0.0487,21.428,1.5792,0.0,1.5792,21.428,0.0014444,0.0,0.0014444,0.0,0.0,0.0,0.0,2.154e-10,0.0,0.0,0.0,1e-07,0.0,0.0,0.0,0.0,1e-07,2.154e-10,0.0
24468723.0,4995000000.0,5000000.0,5.0,0.0,0.0487,0.0487,0.0487,0.0487,21.428,21.428,0.0,21.428,21.428,0.0020493,0.0,0.0020493,0.0,0.0,0.0,0.0,2.154e-06,0.0,0.0,0.0,0.001,0.0,0.0,0.0,0.0,0.001,2.154e-06,0.0
24462702.0,4995000000.0,5000000.0,5.0,0.0,0.0487,0.0487,0.0487,0.0487,21.428,0.42856,0.019598,0.42856,21.428,0.03587,0.019598,0.03587,0.0,0.0,0.0,0.0,4.642e-05,0.0,0.0,0.0,4.642e-05,0.0,0.0,0.0,0.0,4.642e-05,4.642e-05,0.0
24464666.0,4995000000.0,5000000.0,5.0,0.0,0.0487,0.0487,0.0487,0.0487,21.428,1.5792,0.0020493,1.5792,21.428,0.0014444,0.0020493,0.0014444,0.0,0.0,0.0,0.0,0.001,0.0,0.0,0.0,4.642e-09,0.0,0.0,0.0,0.0,4.642e-09,0.001,0.0
24462442.0,4995000000.0,5000000.0,5.0,0.0,0.0487,0.0487,0.0487,0.0487,21.428,0.42856,0.019598,0.42856,21.428,0.0,0.019598,0.0,0.0,0.0,0.0,0.0,1e-07,0.0,0.0,0.0,2.154e-06,0.0,0.0,0.0,0.0,2.154e-06,1e-07,0.0
24463882.0,4995000000.0,5000000.0,5.0,0.0,0.0487,0.0487,0.0487,0.0487,21.428,1.5792,0.0,1.5792,21.428,1.5792e-05,0.0,1.5792e-05,0.0,0.0,0.0,0.0,0.001,0.0,0.0,0.0,4.642e-09,0.0,0.0,0.0,0.0,4.642e-09,0.001,0.0
24461560.0,4995000000.0,5000000.0,5.0,0.0,0.0487,0.0487,0.0487,0.0487,21.428,0.42856,0.0,0.42856,21.428,0.00039197,0.0,0.00039197,0.0,0.0,0.0,0.0,1e-07,0.0,0.0,0.0,2.154e-06,0.0,0.0,0.0,0.0,2.154e-06,1e-07,0.0
24462596.0,4995000000.0,5000000.0,5.0,0.0,0.0487,0.0487,0.0487,0.0487,21.428,0.42856,0.019598,0.42856,21.428,0.00039197,0.019598,0.00039197,0.0,0.0,0.0,0.0,2.154e-06,0.0,0.0,0.0,2.154e-06,0.0,0.0,0.0,0.0,2.154e-06,2.154e-06,0.0
24462184.0,4995000000.0,5000000.0,5.0,0.0,0.0487,0.0487,0.0487,0.0487,21.428,0.42856,0.0020493,0.42856,21.428,4.0985e-05,0.0020493,4.0985e-05,0.0,0.0,0.0,0.0,2.154e-10,0.0,0.0,0.0,4.642e-05,0.0,0.0,0.0,0.0,4.642e-05,2.154e-10,0.0
24461757.0,4995000000.0,5000000.0,5.0,0.0,0.0487,0.0487,0.0487,0.0487,21.428,0.42856,0.00021428,0.42856,21.428,0.0,0.00021428,0.0,0.0,0.0,0.0,0.0,1e-07,0.0,0.0,0.0,4.642e-05,0.0,0.0,0.0,0.0,4.642e-05,1e-07,0.0
24461842.0,4995000000.0,5000000.0,5.0,0.0,0.0487,0.0487,0.0487,0.0487,21.428,0.42856,0.00021428,0.42856,21.428,4.0985e-05,0.00021428,4.0985e-05,0.0,0.0,0.0,0.0,2.154e-10,0.0,0.0,0.0,0.001,0.0,0.0,0.0,0.0,0.001,2.154e-10,0.0
24461994.0,4995000000.0,5000000.0,5.0,0.0,0.0487,0.0487,0.0487,0.0487,21.428,0.42856,0.00021428,0.42856,21.428,0.03587,0.00021428,0.03587,0.0,0.0,0.0,0.0,4.642e-09,0.0,0.0,0.0,2.154e-06,0.0,0.0,0.0,0.0,2.154e-06,4.642e-09,0.0
24466924.0,4995000000.0,5000000.0,5.0,0.0,0.0487,0.0487,0.0487,0.0487,21.428,5.8156,0.0020493,5.8156,21.428,0.0,0.0020493,0.0,0.0,0.0,0.0,0.0,0.001,0.0,0.0,0.0,0.001,0.0,0.0,0.0,0.0,0.001,0.001,0.0
24464551.0,4995000000.0,5000000.0,5.0,0.0,0.0487,0.0487,0.0487,0.0487,21.428,1.5792,0.0020493,1.5792,21.428,1.5792e-05,0.0020493,1.5792e-05,0.0,0.0,0.0,0.0,1e-07,0.0,0.0,0.0,0.001,0.0,0.0,0.0,0.0,0.001,1e-07,0.0
24464617.0,4995000000.0,5000000.0,5.0,0.0,0.0487,0.0487,0.0487,0.0487,21.428,1.5792,0.0020493,1.5792,21.428,0.00015103,0.0020493,0.00015103,0.0,0.0,0.0,0.0,0.001,0.0,0.0,0.0,4.642e-09,0.0,0.0,0.0,0.0,4.642e-09,0.001,0.0
24460064.0,4995000000.0,5000000.0,5.0,0.0,0.0487,0.0487,0.0487,0.0487,21.428,0.11571,0.019598,0.11571,21.428,0.0,0.019598,0.0,0.0,0.0,0.0,0.0,0.001,0.0,0.0,0.0,0.001,0.0,0.0,0.0,0.0,0.001,0.001,0.0
24464695.0,4995000000.0,5000000.0,5.0,0.0,0.0487,0.0487,0.0487,0.0487,21.428,1.5792,0.0020493,1.5792,21.428,0.013739,0.0020493,0.013739,0.0,0.0,0.0,0.0,1e-07,0.0,0.0,0.0,1e-07,0.0,0.0,0.0,0.0,1e-07,1e-07,0.0
24466364.0,4995000000.0,5000000.0,5.0,0.0,0.0487,0.0487,0.0487,0.0487,21.428,5.8156,0.0,5.8156,21.428,0.005319,0.0,0.005319,0.0,0.0,0.0,0.0,1e-07,0.0,0.0,0.0,0.001,0.0,0.0,0.0,0.0,0.001,1e-07,0.0
24463802.0,4995000000.0,5000000.0,5.0,0.0,0.0487,0.0487,0.0487,0.0487,21.428,1.5792,0.0,1.5792,21.428,0.0,0.0,0.0,0.0,0.0,0.0,0.0,2.154e-10,0.0,0.0,0.0,0.001,0.0,0.0,0.0,0.0,0.001,2.154e-10,0.0
24464262.0,4995000000.0,5000000.0,5.0,0.0,0.0487,0.0487,0.0487,0.0487,21.428,1.5792,0.00021428,1.5792,21.428,0.00015103,0.00021428,0.00015103,0.0,0.0,0.0,0.0,2.154e-06,0.0,0.0,0.0,2.154e-06,0.0,0.0,0.0,0.0,2.154e-06,2.154e-06,0.0
24464870.0,4995000000.0,5000000.0,5.0,0.0,0.0487,0.0487,0.0487,0.0487,21.428,1.5792,0.019598,1.5792,21.428,1.5792e-05,0.019598,1.5792e-05,0.0,0.0,0.0,0.0,1e-11,0.0,0.0,0.0,1e-07,0.0,0.0,0.0,0.0,1e-07,1e-11,0.0
24464295.0,4995000000.0,5000000.0,5.0,0.0,0.0487,0.0487,0.0487,0.0487,21.428,1.5792,0.00021428,1.5792,21.428,0.0014444,0.00021428,0.0014444,0.0,0.0,0.0,0.0,4.642e-09,0.0,0.0,0.0,4.642e-09,0.0,0.0,0.0,0.0,4.642e-09,4.642e-09,0.0
24467404.0,4995000000.0,5000000.0,5.0,0.0,0.0487,0.0487,0.0487,0.0487,21.428,5.8156,0.019598,5.8156,21.428,0.005319,0.019598,0.005319,0.0,0.0,0.0,0.0,4.642e-05,0.0,0.0,0.0,1e-07,0.0,0.0,0.0,0.0,1e-07,4.642e-05,0.0
24467252.0,4995000000.0,5000000.0,5.0,0.0,0.0487,0.0487,0.0487,0.0487,21.428,5.8156,0.019598,5.8156,21.428,0.0,0.019598,0.0,0.0,0.0,0.0,0.0,2.154e-06,0.0,0.0,0.0,4.642e-05,0.0,0.0,0.0,0.0,4.642e-05,2.154e-06,0.0
24460280.0,4995000000.0,5000000.0,5.0,0.0,0.0487,0.0487,0.0487,0.0487,21.428,0.11571,0.019598,0.11571,21.428,0.009685,0.019598,0.009685,0.0,0.0,0.0,0.0,4.642e-09,0.0,0.0,0.0,4.642e-05,0.0,0.0,0.0,0.0,4.642e-05,4.642e-09,0.0
24460049.0,4995000000.0,5000000.0,5.0,0.0,0.0487,0.0487,0.0487,0.0487,21.428,0.11571,0.019598,0.11571,21.428,0.0,0.019598,0.0,0.0,0.0,0.0,0.0,2.154e-06,0.0,0.0,0.0,4.642e-05,0.0,0.0,0.0,0.0,4.642e-05,2.154e-06,0.0
24461861.0,4995000000.0,5000000.0,5.0,0.0,0.0487,0.0487,0.0487,0.0487,21.428,0.42856,0.00021428,0.42856,21.428,4.0985e-05,0.00021428,4.0985e-05,0.0,0.0,0.0,0.0,2.154e-06,0.0,0.0,0.0,2.154e-06,0.0,0.0,0.0,0.0,2.154e-06,2.154e-06,0.0
24469101.0,4995000000.0,5000000.0,5.0,0.0,0.0487,0.0487,0.0487,0.0487,21.428,21.428,0.00021428,21.428,21.428,0.019598,0.00021428,0.019598,0.0,0.0,0.0,0.0,4.642e-09,0.0,0.0,0.0,0.001,0.0,0.0,0.0,0.0,0.001,4.642e-09,0.0
24468667.0,4995000000.0,5000000.0,5.0,0.0,0.0487,0.0487,0.0487,0.0487,21.428,21.428,0.0,21.428,21.428,0.00021428,0.0,0.00021428,0.0,0.0,0.0,0.0,1e-07,0.0,0.0,0.0,0.001,0.0,0.0,0.0,0.0,0.001,1e-07,0.0
24464030.0,4995000000.0,5000000.0,5.0,0.0,0.0487,0.0487,0.0487,0.0487,21.428,1.5792,0.0,1.5792,21.428,0.013739,0.0,0.013739,0.0,0.0,0.0,0.0,0.001,0.0,0.0,0.0,1e-07,0.0,0.0,0.0,0.0,1e-07,0.001,0.0
24462632.0,4995000000.0,5000000.0,5.0,0.0,0.0487,0.0487,0.0487,0.0487,21.428,0.42856,0.019598,0.42856,21.428,0.0037285,0.019598,0.0037285,0.0,0.0,0.0,0.0,4.642e-09,0.0,0.0,0.0,4.642e-05,0.0,0.0,0.0,0.0,4.642e-05,4.642e-09,0.0
24469647.0,4995000000.0,5000000.0,5.0,0.0,0.0487,0.0487,0.0487,0.0487,21.428,21.428,0.019598,21.428,21.428,0.0,0.019598,0.0,0.0,0.0,0.0,0.0,1e-07,0.0,0.0,0.0,0.001,0.0,0.0,0.0,0.0,0.001,1e-07,0.0
24462363.0,4995000000.0,5000000.0,5.0,0.0,0.0487,0.0487,0.0487,0.0487,21.428,0.42856,0.0020493,0.42856,21.428,0.03587,0.0020493,0.03587,0.0,0.0,0.0,0.0,0.001,0.0,0.0,0.0,4.642e-09,0.0,0.0,0.0,0.0,4.642e-09,0.001,0.0
24467378.0,4995000000.0,5000000.0,5.0,0.0,0.0487,0.0487,0.0487,0.0487,21.428,5.8156,0.019598,5.8156,21.428,0.005319,0.019598,0.005319,0.0,0.0,0.0,0.0,2.154e-10,0.0,0.0,0.0,4.642e-05,0.0,0.0,0.0,0.0,4.642e-05,2.154e-10,0.0
24462101.0,4995000000.0,5000000.0,5.0,0.0,0.0487,0.0487,0.0487,0.0487,21.428,0.42856,0.0020493,0.42856,21.428,0.0,0.0020493,0.0,0.0,0.0,0.0,0.0,1e-07,0.0,0.0,0.0,0.001,0.0,0.0,0.0,0.0,0.001,1e-07,0.0
24468674.0,4995000000.0,5000000.0,5.0,0.0,0.0487,0.0487,0.0487,0.0487,21.428,21.428,0.0,21.428,21.428,0.00021428,0.0,0.00021428,0.0,0.0,0.0,0.0,2.154e-06,0.0,0.0,0.0,0.001,0.0,0.0,0.0,0.0,0.001,2.154e-06,0.0
24462448.0,4995000000.0,5000000.0,5.0,0.0,0.0487,0.0487,0.0487,0.0487,21.428,0.42856,0.019598,0.42856,21.428,0.0,0.019598,0.0,0.0,0.0,0.0,0.0,2.154e-06,0.0,0.0,0.0,1e-07,0.0,0.0,0.0,0.0,1e-07,2.154e-06,0.0
24466550.0,4995000000.0,5000000.0,5.0,0.0,0.0487,0.0487,0.0487,0.0487,21.428,5.8156,0.00021428,5.8156,21.428,0.0,0.00021428,0.0,0.0,0.0,0.0,0.0,4.642e-09,0.0,0.0,0.0,1e-07,0.0,0.0,0.0,0.0,1e-07,4.642e-09,0.0
24466916.0,4995000000.0,5000000.0,5.0,0.0,0.0487,0.0487,0.0487,0.0487,21.428,5.8156,0.0020493,5.8156,21.428,0.0,0.0020493,0.0,0.0,0.0,0.0,0.0,4.642e-05,0.0,0.0,0.0,4.642e-05,0.0,0.0,0.0,0.0,4.642e-05,4.642e-05,0.0
24462266.0,4995000000.0,5000000.0,5.0,0.0,0.0487,0.0487,0.0487,0.0487,21.428,0.42856,0.0020493,0.42856,21.428,0.00039197,0.0020493,0.00039197,0.0,0.0,0.0,0.0,0.001,0.0,0.0,0.0,1e-07,0.0,0.0,0.0,0.0,1e-07,0.001,0.0
24464185.0,4995000000.0,5000000.0,5.0,0.0,0.0487,0.0487,0.0487,0.0487,21.428,1.5792,0.00021428,1.5792,21.428,1.5792e-05,0.00021428,1.5792e-05,0.0,0.0,0.0,0.0,1e-11,0.0,0.0,0.0,2.154e-06,0.0,0.0,0.0,0.0,2.154e-06,1e-11,0.0
24466374.0,4995000000.0,5000000.0,5.0,0.0,0.0487,0.0487,0.0487,0.0487,21.428,5.8156,0.0,5.8156,21.428,0.005319,0.0,0.005319,0.0,0.0,0.0,0.0,4.642e-05,0.0,0.0,0.0,4.642e-09,0.0,0.0,0.0,0.0,4.642e-09,4.642e-05,0.0
24466881.0,4995000000.0,5000000.0,5.0,0.0,0.0487,0.0487,0.0487,0.0487,21.428,5.8156,0.0020493,5.8156,21.428,0.0,0.0020493,0.0,0.0,0.0,0.0,0.0,1e-11,0.0,0.0,0.0,4.642e-05,0.0,0.0,0.0,0.0,4.642e-05,1e-11,0.0
24469766.0,4995000000.0,5000000.0,5.0,0.0,0.0487,0.0487,0.0487,0.0487,21.428,21.428,0.019598,21.428,21.428,0.0020493,0.019598,0.0020493,0.0,0.0,0.0,0.0,0.001,0.0,0.0,0.0,0.001,0.0,0.0,0.0,0.0,0.001,0.001,0.0
24461520.0,4995000000.0,5000000.0,5.0,0.0,0.0487,0.0487,0.0487,0.0487,21.428,0.42856,0.0,0.42856,21.428,4.0985e-05,0.0,4.0985e-05,0.0,0.0,0.0,0.0,2.154e-06,0.0,0.0,0.0,0.001,0.0,0.0,0.0,0.0,0.001,2.154e-06,0.0
24462162.0,4995000000.0,5000000.0,5.0,0.0,0.0487,0.0487,0.0487,0.0487,21.428,0.42856,0.0020493,0.42856,21.428,4.2856e-06,0.0020493,4.2856e-06,0.0,0.0,0.0,0.0,4.642e-05,0.0,0.0,0.0,2.154e-06,0.0,0.0,0.0,0.0,2.154e-06,4.642e-05,0.0
24465062.0,4995000000.0,5000000.0,5.0,0.0,0.0487,0.0487,0.0487,0.0487,21.428,1.5792,0.019598,1.5792,21.428,0.013739,0.019598,0.013739,0.0,0.0,0.0,0.0,0.001,0.0,0.0,0.0,0.001,0.0,0.0,0.0,0.0,0.001,0.001,0.0
24464928.0,4995000000.0,5000000.0,5.0,0.0,0.0487,0.0487,0.0487,0.0487,21.428,1.5792,0.019598,1.5792,21.428,0.00015103,0.019598,0.00015103,0.0,0.0,0.0,0.0,2.154e-10,0.0,0.0,0.0,4.642e-05,0.0,0.0,0.0,0.0,4.642e-05,2.154e-10,0.0
24461511.0,4995000000.0,5000000.0,5.0,0.0,0.0487,0.0487,0.0487,0.0487,21.428,0.42856,0.0,0.42856,21.428,4.0985e-05,0.0,4.0985e-05,0.0,0.0,0.0,0.0,1e-07,0.0,0.0,0.0,2.154e-06,0.0,0.0,0.0,0.0,2.154e-06,1e-07,0.0
24461639.0,4995000000.0,5000000.0,5.0,0.0,0.0487,0.0487,0.0487,0.0487,21.428,0.42856,0.0,0.42856,21.428,0.03587,0.0,0.03587,0.0,0.0,0.0,0.0,1e-11,0.0,0.0,0.0,0.001,0.0,0.0,0.0,0.0,0.001,1e-11,0.0
24464215.0,4995000000.0,5000000.0,5.0,0.0,0.0487,0.0487,0.0487,0.0487,21.428,1.5792,0.00021428,1.5792,21.428,1.5792e-05,0.00021428,1.5792e-05,0.0,0.0,0.0,0.0,2.154e-06,0.0,0.0,0.0,0.001,0.0,0.0,0.0,0.0,0.001,2.154e-06,0.0
24464668.0,4995000000.0,5000000.0,5.0,0.0,0.0487,0.0487,0.0487,0.0487,21.428,1.5792,0.0020493,1.5792,21.428,0.0014444,0.0020493,0.0014444,0.0,0.0,0.0,0.0,0.001,0.0,0.0,0.0,2.154e-06,0.0,0.0,0.0,0.0,2.154e-06,0.001,0.0
24466614.0,4995000000.0,5000000.0,5.0,0.0,0.0487,0.0487,0.0487,0.0487,21.428,5.8156,0.00021428,5.8156,21.428,5.8156e-05,0.00021428,5.8156e-05,0.0,0.0,0.0,0.0,2.154e-06,0.0,0.0,0.0,2.154e-06,0.0,0.0,0.0,0.0,2.154e-06,2.154e-06,0.0
24461429.0,4995000000.0,5000000.0,5.0,0.0,0.0487,0.0487,0.0487,0.0487,21.428,0.42856,0.0,0.42856,21.428,0.0,0.0,0.0,0.0,0.0,0.0,0.0,4.642e-05,0.0,0.0,0.0,0.001,0.0,0.0,0.0,0.0,0.001,4.642e-05,0.0
24461545.0,4995000000.0,5000000.0,5.0,0.0,0.0487,0.0487,0.0487,0.0487,21.428,0.42856,0.0,0.42856,21.428,0.00039197,0.0,0.00039197,0.0,0.0,0.0,0.0,2.154e-10,0.0,0.0,0.0,1e-07,0.0,0.0,0.0,0.0,1e-07,2.154e-10,0.0
24466920.0,4995000000.0,5000000.0,5.0,0.0,0.0487,0.0487,0.0487,0.0487,21.428,5.8156,0.0020493,5.8156,21.428,0.0,0.0020493,0.0,0.0,0.0,0.0,0.0,0.001,0.0,0.0,0.0,4.642e-09,0.0,0.0,0.0,0.0,4.642e-09,0.001,0.0
24460047.0,4995000000.0,5000000.0,5.0,0.0,0.0487,0.0487,0.0487,0.0487,21.428,0.11571,0.019598,0.11571,21.428,0.0,0.019598,0.0,0.0,0.0,0.0,0.0,2.154e-06,0.0,0.0,0.0,1e-07,0.0,0.0,0.0,0.0,1e-07,2.154e-06,0.0
24463966.0,4995000000.0,5000000.0,5.0,0.0,0.0487,0.0487,0.0487,0.0487,21.428,1.5792,0.0,1.5792,21.428,0.0014444,0.0,0.0014444,0.0,0.0,0.0,0.0,2.154e-06,0.0,0.0,0.0,4.642e-09,0.0,0.0,0.0,0.0,4.642e-09,2.154e-06,0.0
24464612.0,4995000000.0,5000000.0,5.0,0.0,0.0487,0.0487,0.0487,0.0487,21.428,1.5792,0.0020493,1.5792,21.428,0.00015103,0.0020493,0.00015103,0.0,0.0,0.0,0.0,4.642e-05,0.0,0.0,0.0,2.154e-06,0.0,0.0,0.0,0.0,2.154e-06,4.642e-05,0.0
24462344.0,4995000000.0,5000000.0,5.0,0.0,0.0487,0.0487,0.0487,0.0487,21.428,0.42856,0.0020493,0.42856,21.428,0.03587,0.0020493,0.03587,0.0,0.0,0.0,0.0,1e-07,0.0,0.0,0.0,2.154e-06,0.0,0.0,0.0,0.0,2.154e-06,1e-07,0.0
24460264.0,4995000000.0,5000000.0,5.0,0.0,0.0487,0.0487,0.0487,0.0487,21.428,0.11571,0.019598,0.11571,21.428,0.009685,0.019598,0.009685,0.0,0.0,0.0,0.0,1e-11,0.0,0.0,0.0,1e-07,0.0,0.0,0.0,0.0,1e-07,1e-11,0.0
24464361.0,4995000000.0,5000000.0,5.0,0.0,0.0487,0.0487,0.0487,0.0487,21.428,1.5792,0.00021428,1.5792,21.428,0.013739,0.00021428,0.013739,0.0,0.0,0.0,0.0,2.154e-06,0.0,0.0,0.0,4.642e-05,0.0,0.0,0.0,0.0,4.642e-05,2.154e-06,0.0
24463879.0,4995000000.0,5000000.0,5.0,0.0,0.0487,0.0487,0.0487,0.0487,21.428,1.5792,0.0,1.5792,21.428,1.5792e-05,0.0,1.5792e-05,0.0,0.0,0.0,0.0,4.642e-05,0.0,0.0,0.0,0.001,0.0,0.0,0.0,0.0,0.001,4.642e-05,0.0
24463801.0,4995000000.0,5000000.0,5.0,0.0,0.0487,0.0487,0.0487,0.0487,21.428,1.5792,0.0,1.5792,21.428,0.0,0.0,0.0,0.0,0.0,0.0,0.0,2.154e-10,0.0,0.0,0.0,4.642e-05,0.0,0.0,0.0,0.0,4.642e-05,2.154e-10,0.0
24466633.0,4995000000.0,5000000.0,5.0,0.0,0.0487,0.0487,0.0487,0.0487,21.428,5.8156,0.00021428,5.8156,21.428,0.00055617,0.00021428,0.00055617,0.0,0.0,0.0,0.0,1e-11,0.0,0.0,0.0,4.642e-09,0.0,0.0,0.0,0.0,4.642e-09,1e-11,0.0
24464227.0,4995000000.0,5000000.0,5.0,0.0,0.0487,0.0487,0.0487,0.0487,21.428,1.5792,0.00021428,1.5792,21.428,1.5792e-05,0.00021428,1.5792e-05,0.0,0.0,0.0,0.0,0.001,0.0,0.0,0.0,2.154e-06,0.0,0.0,0.0,0.0,2.154e-06,0.001,0.0
24462528.0,4995000000.0,5000000.0,5.0,0.0,0.0487,0.0487,0.0487,0.0487,21.428,0.42856,0.019598,0.42856,21.428,4.0985e-05,0.019598,4.0985e-05,0.0,0.0,0.0,0.0,2.154e-10,0.0,0.0,0.0,0.001,0.0,0.0,0.0,0.0,0.001,2.154e-10,0.0
24461950.0,4995000000.0,5000000.0,5.0,0.0,0.0487,0.0487,0.0487,0.0487,21.428,0.42856,0.00021428,0.42856,21.428,0.0037285,0.00021428,0.0037285,0.0,0.0,0.0,0.0,1e-07,0.0,0.0,0.0,4.642e-09,0.0,0.0,0.0,0.0,4.642e-09,1e-07,0.0
24461776.0,4995000000.0,5000000.0,5.0,0.0,0.0487,0.0487,0.0487,0.0487,21.428,0.42856,0.00021428,0.42856,21.428,0.0,0.00021428,0.0,0.0,0.0,0.0,0.0,0.001,0.0,0.0,0.0,1e-07,0.0,0.0,0.0,0.0,1e-07,0.001,0.0
24461841.0,4995000000.0,5000000.0,5.0,0.0,0.0487,0.0487,0.0487,0.0487,21.428,0.42856,0.00021428,0.42856,21.428,4.0985e-05,0.00021428,4.0985e-05,0.0,0.0,0.0,0.0,2.154e-10,0.0,0.0,0.0,4.642e-05,0.0,0.0,0.0,0.0,4.642e-05,2.154e-10,0.0
24462660.0,4995000000.0,5000000.0,5.0,0.0,0.0487,0.0487,0.0487,0.0487,21.428,0.42856,0.019598,0.42856,21.428,0.0037285,0.019598,0.0037285,0.0,0.0,0.0,0.0,0.001,0.0,0.0,0.0,4.642e-05,0.0,0.0,0.0,0.0,4.642e-05,0.001,0.0
24464289.0,4995000000.0,5000000.0,5.0,0.0,0.0487,0.0487,0.0487,0.0487,21.428,1.5792,0.00021428,1.5792,21.428,0.0014444,0.00021428,0.0014444,0.0,0.0,0.0,0.0,2.154e-10,0.0,0.0,0.0,1e-07,0.0,0.0,0.0,0.0,1e-07,2.154e-10,0.0
24462639.0,4995000000.0,5000000.0,5.0,0.0,0.0487,0.0487,0.0487,0.0487,21.428,0.42856,0.019598,0.42856,21.428,0.0037285,0.019598,0.0037285,0.0,0.0,0.0,0.0,1e-07,0.0,0.0,0.0,4.642e-05,0.0,0.0,0.0,0.0,4.642e-05,1e-07,0.0
24464157.0,4995000000.0,5000000.0,5.0,0.0,0.0487,0.0487,0.0487,0.0487,21.428,1.5792,0.00021428,1.5792,21.428,0.0,0.00021428,0.0,0.0,0.0,0.0,0.0,1e-07,0.0,0.0,0.0,2.154e-06,0.0,0.0,0.0,0.0,2.154e-06,1e-07,0.0
24464943.0,4995000000.0,5000000.0,5.0,0.0,0.0487,0.0487,0.0487,0.0487,21.428,1.5792,0.019598,1.5792,21.428,0.00015103,0.019598,0.00015103,0.0,0.0,0.0,0.0,1e-07,0.0,0.0,0.0,0.001,0.0,0.0,0.0,0.0,0.001,1e-07,0.0
24464305.0,4995000000.0,5000000.0,5.0,0.0,0.0487,0.0487,0.0487,0.0487,21.428,1.5792,0.00021428,1.5792,21.428,0.0014444,0.00021428,0.0014444,0.0,0.0,0.0,0.0,1e-07,0.0,0.0,0.0,4.642e-05,0.0,0.0,0.0,0.0,4.642e-05,1e-07,0.0
24464201.0,4995000000.0,5000000.0,5.0,0.0,0.0487,0.0487,0.0487,0.0487,21.428,1.5792,0.00021428,1.5792,21.428,1.5792e-05,0.00021428,1.5792e-05,0.0,0.0,0.0,0.0,4.642e-09,0.0,0.0,0.0,0.001,0.0,0.0,0.0,0.0,0.001,4.642e-09,0.0
24464277.0,4995000000.0,5000000.0,5.0,0.0,0.0487,0.0487,0.0487,0.0487,21.428,1.5792,0.00021428,1.5792,21.428,0.00015103,0.00021428,0.00015103,0.0,0.0,0.0,0.0,0.001,0.0,0.0,0.0,4.642e-05,0.0,0.0,0.0,0.0,4.642e-05,0.001,0.0
24464835.0,4995000000.0,5000000.0,5.0,0.0,0.0487,0.0487,0.0487,0.0487,21.428,1.5792,0.019598,1.5792,21.428,0.0,0.019598,0.0,0.0,0.0,0.0,0.0,4.642e-09,0.0,0.0,0.0,1e-07,0.0,0.0,0.0,0.0,1e-07,4.642e-09,0.0
24462007.0,4995000000.0,5000000.0,5.0,0.0,0.0487,0.0487,0.0487,0.0487,21.428,0.42856,0.00021428,0.42856,21.428,0.03587,0.00021428,0.03587,0.0,0.0,0.0,0.0,2.154e-06,0.0,0.0,0.0,1e-07,0.0,0.0,0.0,0.0,1e-07,2.154e-06,0.0
24461607.0,4995000000.0,5000000.0,5.0,0.0,0.0487,0.0487,0.0487,0.0487,21.428,0.42856,0.0,0.42856,21.428,0.0037285,0.0,0.0037285,0.0,0.0,0.0,0.0,1e-07,0.0,0.0,0.0,4.642e-09,0.0,0.0,0.0,0.0,4.642e-09,1e-07,0.0
24461821.0,4995000000.0,5000000.0,5.0,0.0,0.0487,0.0487,0.0487,0.0487,21.428,0.42856,0.00021428,0.42856,21.428,4.2856e-06,0.00021428,4.2856e-06,0.0,0.0,0.0,0.0,4.642e-05,0.0,0.0,0.0,0.001,0.0,0.0,0.0,0.0,0.001,4.642e-05,0.0
24465027.0,4995000000.0,5000000.0,5.0,0.0,0.0487,0.0487,0.0487,0.0487,21.428,1.5792,0.019598,1.5792,21.428,0.013739,0.019598,0.013739,0.0,0.0,0.0,0.0,2.154e-10,0.0,0.0,0.0,0.001,0.0,0.0,0.0,0.0,0.001,2.154e-10,0.0
24464330.0,4995000000.0,5000000.0,5.0,0.0,0.0487,0.0487,0.0487,0.0487,21.428,1.5792,0.00021428,1.5792,21.428,0.013739,0.00021428,0.013739,0.0,0.0,0.0,0.0,1e-11,0.0,0.0,0.0,4.642e-09,0.0,0.0,0.0,0.0,4.642e-09,1e-11,0.0
24462581.0,4995000000.0,5000000.0,5.0,0.0,0.0487,0.0487,0.0487,0.0487,21.428,0.42856,0.019598,0.42856,21.428,0.00039197,0.019598,0.00039197,0.0,0.0,0.0,0.0,4.642e-09,0.0,0.0,0.0,1e-07,0.0,0.0,0.0,0.0,1e-07,4.642e-09,0.0
24462618.0,4995000000.0,5000000.0,5.0,0.0,0.0487,0.0487,0.0487,0.0487,21.428,0.42856,0.019598,0.42856,21.428,0.0037285,0.019598,0.0037285,0.0,0.0,0.0,0.0,1e-11,0.0,0.0,0.0,4.642e-05,0.0,0.0,0.0,0.0,4.642e-05,1e-11,0.0
24461610.0,4995000000.0,5000000.0,5.0,0.0,0.0487,0.0487,0.0487,0.0487,21.428,0.42856,0.0,0.42856,21.428,0.0037285,0.0,0.0037285,0.0,0.0,0.0,0.0,1e-07,0.0,0.0,0.0,4.642e-05,0.0,0.0,0.0,0.0,4.642e-05,1e-07,0.0
24467053.0,4995000000.0,5000000.0,5.0,0.0,0.0487,0.0487,0.0487,0.0487,21.428,5.8156,0.0020493,5.8156,21.428,0.005319,0.0020493,0.005319,0.0,0.0,0.0,0.0,2.154e-06,0.0,0.0,0.0,4.642e-09,0.0,0.0,0.0,0.0,4.642e-09,2.154e-06,0.0
24461455.0,4995000000.0,5000000.0,5.0,0.0,0.0487,0.0487,0.0487,0.0487,21.428,0.42856,0.0,0.42856,21.428,4.2856e-06,0.0,4.2856e-06,0.0,0.0,0.0,0.0,4.642e-09,0.0,0.0,0.0,2.154e-06,0.0,0.0,0.0,0.0,2.154e-06,4.642e-09,0.0
24464632.0,4995000000.0,5000000.0,5.0,0.0,0.0487,0.0487,0.0487,0.0487,21.428,1.5792,0.0020493,1.5792,21.428,0.0014444,0.0020493,0.0014444,0.0,0.0,0.0,0.0,2.154e-10,0.0,0.0,0.0,1e-07,0.0,0.0,0.0,0.0,1e-07,2.154e-10,0.0
24466896.0,4995000000.0,5000000.0,5.0,0.0,0.0487,0.0487,0.0487,0.0487,21.428,5.8156,0.0020493,5.8156,21.428,0.0,0.0020493,0.0,0.0,0.0,0.0,0.0,4.642e-09,0.0,0.0,0.0,0.001,0.0,0.0,0.0,0.0,0.001,4.642e-09,0.0
24467398.0,4995000000.0,5000000.0,5.0,0.0,0.0487,0.0487,0.0487,0.0487,21.428,5.8156,0.019598,5.8156,21.428,0.005319,0.019598,0.005319,0.0,0.0,0.0,0.0,2.154e-06,0.0,0.0,0.0,2.154e-06,0.0,0.0,0.0,0.0,2.154e-06,2.154e-06,0.0
24464170.0,4995000000.0,5000000.0,5.0,0.0,0.0487,0.0487,0.0487,0.0487,21.428,1.5792,0.00021428,1.5792,21.428,0.0,0.00021428,0.0,0.0,0.0,0.0,0.0,4.642e-05,0.0,0.0,0.0,1e-07,0.0,0.0,0.0,0.0,1e-07,4.642e-05,0.0
24466354.0,4995000000.0,5000000.0,5.0,0.0,0.0487,0.0487,0.0487,0.0487,21.428,5.8156,0.0,5.8156,21.428,0.005319,0.0,0.005319,0.0,0.0,0.0,0.0,4.642e-09,0.0,0.0,0.0,1e-07,0.0,0.0,0.0,0.0,1e-07,4.642e-09,0.0
24464537.0,4995000000.0,5000000.0,5.0,0.0,0.0487,0.0487,0.0487,0.0487,21.428,1.5792,0.0020493,1.5792,21.428,1.5792e-05,0.0020493,1.5792e-05,0.0,0.0,0.0,0.0,2.154e-10,0.0,0.0,0.0,0.001,0.0,0.0,0.0,0.0,0.001,2.154e-10,0.0
24465004.0,4995000000.0,5000000.0,5.0,0.0,0.0487,0.0487,0.0487,0.0487,21.428,1.5792,0.019598,1.5792,21.428,0.0014444,0.019598,0.0014444,0.0,0.0,0.0,0.0,4.642e-05,0.0,0.0,0.0,2.154e-06,0.0,0.0,0.0,0.0,2.154e-06,4.642e-05,0.0
24462237.0,4995000000.0,5000000.0,5.0,0.0,0.0487,0.0487,0.0487,0.0487,21.428,0.42856,0.0020493,0.42856,21.428,0.00039197,0.0020493,0.00039197,0.0,0.0,0.0,0.0,4.642e-09,0.0,0.0,0.0,4.642e-09,0.0,0.0,0.0,0.0,4.642e-09,4.642e-09,0.0
24469415.0,4995000000.0,5000000.0,5.0,0.0,0.0487,0.0487,0.0487,0.0487,21.428,21.428,0.0020493,21.428,21.428,0.0020493,0.0020493,0.0020493,0.0,0.0,0.0,0.0,4.642e-05,0.0,0.0,0.0,4.642e-05,0.0,0.0,0.0,0.0,4.642e-05,4.642e-05,0.0
24463984.0,4995000000.0,5000000.0,5.0,0.0,0.0487,0.0487,0.0487,0.0487,21.428,1.5792,0.0,1.5792,21.428,0.0014444,0.0,0.0014444,0.0,0.0,0.0,0.0,0.001,0.0,0.0,0.0,0.001,0.0,0.0,0.0,0.0,0.001,0.001,0.0
24464592.0,4995000000.0,5000000.0,5.0,0.0,0.0487,0.0487,0.0487,0.0487,21.428,1.5792,0.0020493,1.5792,21.428,0.00015103,0.0020493,0.00015103,0.0,0.0,0.0,0.0,4.642e-09,0.0,0.0,0.0,4.642e-05,0.0,0.0,0.0,0.0,4.642e-05,4.642e-09,0.0
24467358.0,4995000000.0,5000000.0,5.0,0.0,0.0487,0.0487,0.0487,0.0487,21.428,5.8156,0.019598,5.8156,21.428,0.00055617,0.019598,0.00055617,0.0,0.0,0.0,0.0,4.642e-05,0.0,0.0,0.0,0.001,0.0,0.0,0.0,0.0,0.001,4.642e-05,0.0
24462171.0,4995000000.0,5000000.0,5.0,0.0,0.0487,0.0487,0.0487,0.0487,21.428,0.42856,0.0020493,0.42856,21.428,4.2856e-06,0.0020493,4.2856e-06,0.0,0.0,0.0,0.0,0.001,0.0,0.0,0.0,0.001,0.0,0.0,0.0,0.0,0.001,0.001,0.0
24467048.0,4995000000.0,5000000.0,5.0,0.0,0.0487,0.0487,0.0487,0.0487,21.428,5.8156,0.0020493,5.8156,21.428,0.005319,0.0020493,0.005319,0.0,0.0,0.0,0.0,1e-07,0.0,0.0,0.0,2.154e-06,0.0,0.0,0.0,0.0,2.154e-06,1e-07,0.0
24461769.0,4995000000.0,5000000.0,5.0,0.0,0.0487,0.0487,0.0487,0.0487,21.428,0.42856,0.00021428,0.42856,21.428,0.0,0.00021428,0.0,0.0,0.0,0.0,0.0,4.642e-05,0.0,0.0,0.0,1e-07,0.0,0.0,0.0,0.0,1e-07,4.642e-05,0.0
24460231.0,4995000000.0,5000000.0,5.0,0.0,0.0487,0.0487,0.0487,0.0487,21.428,0.11571,0.019598,0.11571,21.428,0.0010067,0.019598,0.0010067,0.0,0.0,0.0,0.0,4.642e-09,0.0,0.0,0.0,4.642e-05,0.0,0.0,0.0,0.0,4.642e-05,4.642e-09,0.0
24461538.0,4995000000.0,5000000.0,5.0,0.0,0.0487,0.0487,0.0487,0.0487,21.428,0.42856,0.0,0.42856,21.428,0.00039197,0.0,0.00039197,0.0,0.0,0.0,0.0,1e-11,0.0,0.0,0.0,1e-07,0.0,0.0,0.0,0.0,1e-07,1e-11,0.0
24461546.0,4995000000.0,5000000.0,5.0,0.0,0.0487,0.0487,0.0487,0.0487,21.428,0.42856,0.0,0.42856,21.428,0.00039197,0.0,0.00039197,0.0,0.0,0.0,0.0,2.154e-10,0.0,0.0,0.0,2.154e-06,0.0,0.0,0.0,0.0,2.154e-06,2.154e-10,0.0
24467391.0,4995000000.0,5000000.0,5.0,0.0,0.0487,0.0487,0.0487,0.0487,21.428,5.8156,0.019598,5.8156,21.428,0.005319,0.019598,0.005319,0.0,0.0,0.0,0.0,1e-07,0.0,0.0,0.0,2.154e-06,0.0,0.0,0.0,0.0,2.154e-06,1e-07,0.0
24462254.0,4995000000.0,5000000.0,5.0,0.0,0.0487,0.0487,0.0487,0.0487,21.428,0.42856,0.0020493,0.42856,21.428,0.00039197,0.0020493,0.00039197,0.0,0.0,0.0,0.0,2.154e-06,0.0,0.0,0.0,4.642e-05,0.0,0.0,0.0,0.0,4.642e-05,2.154e-06,0.0
24466305.0,4995000000.0,5000000.0,5.0,0.0,0.0487,0.0487,0.0487,0.0487,21.428,5.8156,0.0,5.8156,21.428,0.00055617,0.0,0.00055617,0.0,0.0,0.0,0.0,4.642e-09,0.0,0.0,0.0,1e-07,0.0,0.0,0.0,0.0,1e-07,4.642e-09,0.0
24461635.0,4995000000.0,5000000.0,5.0,0.0,0.0487,0.0487,0.0487,0.0487,21.428,0.42856,0.0,0.42856,21.428,0.03587,0.0,0.03587,0.0,0.0,0.0,0.0,1e-11,0.0,0.0,0.0,4.642e-09,0.0,0.0,0.0,0.0,4.642e-09,1e-11,0.0
24462230.0,4995000000.0,5000000.0,5.0,0.0,0.0487,0.0487,0.0487,0.0487,21.428,0.42856,0.0020493,0.42856,21.428,0.00039197,0.0020493,0.00039197,0.0,0.0,0.0,0.0,2.154e-10,0.0,0.0,0.0,4.642e-09,0.0,0.0,0.0,0.0,4.642e-09,2.154e-10,0.0
24469633.0,4995000000.0,5000000.0,5.0,0.0,0.0487,0.0487,0.0487,0.0487,21.428,21.428,0.019598,21.428,21.428,0.0,0.019598,0.0,0.0,0.0,0.0,0.0,2.154e-10,0.0,0.0,0.0,0.001,0.0,0.0,0.0,0.0,0.001,2.154e-10,0.0
24464010.0,4995000000.0,5000000.0,5.0,0.0,0.0487,0.0487,0.0487,0.0487,21.428,1.5792,0.0,1.5792,21.428,0.013739,0.0,0.013739,0.0,0.0,0.0,0.0,1e-07,0.0,0.0,0.0,2.154e-06,0.0,0.0,0.0,0.0,2.154e-06,1e-07,0.0
24462675.0,4995000000.0,5000000.0,5.0,0.0,0.0487,0.0487,0.0487,0.0487,21.428,0.42856,0.019598,0.42856,21.428,0.03587,0.019598,0.03587,0.0,0.0,0.0,0.0,2.154e-10,0.0,0.0,0.0,0.001,0.0,0.0,0.0,0.0,0.001,2.154e-10,0.0
24462213.0,4995000000.0,5000000.0,5.0,0.0,0.0487,0.0487,0.0487,0.0487,21.428,0.42856,0.0020493,0.42856,21.428,4.0985e-05,0.0020493,4.0985e-05,0.0,0.0,0.0,0.0,4.642e-05,0.0,0.0,0.0,0.001,0.0,0.0,0.0,0.0,0.001,4.642e-05,0.0
24465033.0,4995000000.0,5000000.0,5.0,0.0,0.0487,0.0487,0.0487,0.0487,21.428,1.5792,0.019598,1.5792,21.428,0.013739,0.019598,0.013739,0.0,0.0,0.0,0.0,4.642e-09,0.0,0.0,0.0,4.642e-05,0.0,0.0,0.0,0.0,4.642e-05,4.642e-09,0.0
24462196.0,4995000000.0,5000000.0,5.0,0.0,0.0487,0.0487,0.0487,0.0487,21.428,0.42856,0.0020493,0.42856,21.428,4.0985e-05,0.0020493,4.0985e-05,0.0,0.0,0.0,0.0,1e-07,0.0,0.0,0.0,1e-07,0.0,0.0,0.0,0.0,1e-07,1e-07,0.0
24467321.0,4995000000.0,5000000.0,5.0,0.0,0.0487,0.0487,0.0487,0.0487,21.428,5.8156,0.019598,5.8156,21.428,0.00055617,0.019598,0.00055617,0.0,0.0,0.0,0.0,1e-11,0.0,0.0,0.0,2.154e-06,0.0,0.0,0.0,0.0,2.154e-06,1e-11,0.0
24464969.0,4995000000.0,5000000.0,5.0,0.0,0.0487,0.0487,0.0487,0.0487,21.428,1.5792,0.019598,1.5792,21.428,0.0014444,0.019598,0.0014444,0.0,0.0,0.0,0.0,1e-11,0.0,0.0,0.0,2.154e-06,0.0,0.0,0.0,0.0,2.154e-06,1e-11,0.0
24464501.0,4995000000.0,5000000.0,5.0,0.0,0.0487,0.0487,0.0487,0.0487,21.428,1.5792,0.0020493,1.5792,21.428,0.0,0.0020493,0.0,0.0,0.0,0.0,0.0,1e-07,0.0,0.0,0.0,4.642e-05,0.0,0.0,0.0,0.0,4.642e-05,1e-07,0.0
24462478.0,4995000000.0,5000000.0,5.0,0.0,0.0487,0.0487,0.0487,0.0487,21.428,0.42856,0.019598,0.42856,21.428,4.2856e-06,0.019598,4.2856e-06,0.0,0.0,0.0,0.0,2.154e-10,0.0,0.0,0.0,4.642e-05,0.0,0.0,0.0,0.0,4.642e-05,2.154e-10,0.0
24461433.0,4995000000.0,5000000.0,5.0,0.0,0.0487,0.0487,0.0487,0.0487,21.428,0.42856,0.0,0.42856,21.428,0.0,0.0,0.0,0.0,0.0,0.0,0.0,0.001,0.0,0.0,0.0,1e-07,0.0,0.0,0.0,0.0,1e-07,0.001,0.0
24466726.0,4995000000.0,5000000.0,5.0,0.0,0.0487,0.0487,0.0487,0.0487,21.428,5.8156,0.00021428,5.8156,21.428,0.005319,0.00021428,0.005319,0.0,0.0,0.0,0.0,0.001,0.0,0.0,0.0,2.154e-06,0.0,0.0,0.0,0.0,2.154e-06,0.001,0.0
24462258.0,4995000000.0,5000000.0,5.0,0.0,0.0487,0.0487,0.0487,0.0487,21.428,0.42856,0.0020493,0.42856,21.428,0.00039197,0.0020493,0.00039197,0.0,0.0,0.0,0.0,4.642e-05,0.0,0.0,0.0,4.642e-09,0.0,0.0,0.0,0.0,4.642e-09,4.642e-05,0.0
24464228.0,4995000000.0,5000000.0,5.0,0.0,0.0487,0.0487,0.0487,0.0487,21.428,1.5792,0.00021428,1.5792,21.428,1.5792e-05,0.00021428,1.5792e-05,0.0,0.0,0.0,0.0,0.001,0.0,0.0,0.0,4.642e-05,0.0,0.0,0.0,0.0,4.642e-05,0.001,0.0
24462220.0,4995000000.0,5000000.0,5.0,0.0,0.0487,0.0487,0.0487,0.0487,21.428,0.42856,0.0020493,0.42856,21.428,4.0985e-05,0.0020493,4.0985e-05,0.0,0.0,0.0,0.0,0.001,0.0,0.0,0.0,0.001,0.0,0.0,0.0,0.0,0.001,0.001,0.0
24464509.0,4995000000.0,5000000.0,5.0,0.0,0.0487,0.0487,0.0487,0.0487,21.428,1.5792,0.0020493,1.5792,21.428,0.0,0.0020493,0.0,0.0,0.0,0.0,0.0,2.154e-06,0.0,0.0,0.0,0.001,0.0,0.0,0.0,0.0,0.001,2.154e-06,0.0
24465010.0,4995000000.0,5000000.0,5.0,0.0,0.0487,0.0487,0.0487,0.0487,21.428,1.5792,0.019598,1.5792,21.428,0.0014444,0.019598,0.0014444,0.0,0.0,0.0,0.0,0.001,0.0,0.0,0.0,1e-07,0.0,0.0,0.0,0.0,1e-07,0.001,0.0
24462486.0,4995000000.0,5000000.0,5.0,0.0,0.0487,0.0487,0.0487,0.0487,21.428,0.42856,0.019598,0.42856,21.428,4.2856e-06,0.019598,4.2856e-06,0.0,0.0,0.0,0.0,4.642e-09,0.0,0.0,0.0,0.001,0.0,0.0,0.0,0.0,0.001,4.642e-09,0.0
24464935.0,4995000000.0,5000000.0,5.0,0.0,0.0487,0.0487,0.0487,0.0487,21.428,1.5792,0.019598,1.5792,21.428,0.00015103,0.019598,0.00015103,0.0,0.0,0.0,0.0,4.642e-09,0.0,0.0,0.0,4.642e-05,0.0,0.0,0.0,0.0,4.642e-05,4.642e-09,0.0
24466710.0,4995000000.0,5000000.0,5.0,0.0,0.0487,0.0487,0.0487,0.0487,21.428,5.8156,0.00021428,5.8156,21.428,0.005319,0.00021428,0.005319,0.0,0.0,0.0,0.0,2.154e-06,0.0,0.0,0.0,4.642e-09,0.0,0.0,0.0,0.0,4.642e-09,2.154e-06,0.0
24466286.0,4995000000.0,5000000.0,5.0,0.0,0.0487,0.0487,0.0487,0.0487,21.428,5.8156,0.0,5.8156,21.428,5.8156e-05,0.0,5.8156e-05,0.0,0.0,0.0,0.0,0.001,0.0,0.0,0.0,4.642e-05,0.0,0.0,0.0,0.0,4.642e-05,0.001,0.0
24469423.0,4995000000.0,5000000.0,5.0,0.0,0.0487,0.0487,0.0487,0.0487,21.428,21.428,0.0020493,21.428,21.428,0.0020493,0.0020493,0.0020493,0.0,0.0,0.0,0.0,0.001,0.0,0.0,0.0,0.001,0.0,0.0,0.0,0.0,0.001,0.001,0.0
24462423.0,4995000000.0,5000000.0,5.0,0.0,0.0487,0.0487,0.0487,0.0487,21.428,0.42856,0.019598,0.42856,21.428,0.0,0.019598,0.0,0.0,0.0,0.0,0.0,1e-11,0.0,0.0,0.0,0.001,0.0,0.0,0.0,0.0,0.001,1e-11,0.0
24464526.0,4995000000.0,5000000.0,5.0,0.0,0.0487,0.0487,0.0487,0.0487,21.428,1.5792,0.0020493,1.5792,21.428,1.5792e-05,0.0020493,1.5792e-05,0.0,0.0,0.0,0.0,1e-11,0.0,0.0,0.0,4.642e-09,0.0,0.0,0.0,0.0,4.642e-09,1e-11,0.0
24464689.0,4995000000.0,5000000.0,5.0,0.0,0.0487,0.0487,0.0487,0.0487,21.428,1.5792,0.0020493,1.5792,21.428,0.013739,0.0020493,0.013739,0.0,0.0,0.0,0.0,4.642e-09,0.0,0.0,0.0,2.154e-06,0.0,0.0,0.0,0.0,2.154e-06,4.642e-09,0.0
24465061.0,4995000000.0,5000000.0,5.0,0.0,0.0487,0.0487,0.0487,0.0487,21.428,1.5792,0.019598,1.5792,21.428,0.013739,0.019598,0.013739,0.0,0.0,0.0,0.0,0.001,0.0,0.0,0.0,4.642e-05,0.0,0.0,0.0,0.0,4.642e-05,0.001,0.0
24461618.0,4995000000.0,5000000.0,5.0,0.0,0.0487,0.0487,0.0487,0.0487,21.428,0.42856,0.0,0.42856,21.428,0.0037285,0.0,0.0037285,0.0,0.0,0.0,0.0,2.154e-06,0.0,0.0,0.0,0.001,0.0,0.0,0.0,0.0,0.001,2.154e-06,0.0
24464222.0,4995000000.0,5000000.0,5.0,0.0,0.0487,0.0487,0.0487,0.0487,21.428,1.5792,0.00021428,1.5792,21.428,1.5792e-05,0.00021428,1.5792e-05,0.0,0.0,0.0,0.0,4.642e-05,0.0,0.0,0.0,0.001,0.0,0.0,0.0,0.0,0.001,4.642e-05,0.0
24469667.0,4995000000.0,5000000.0,5.0,0.0,0.0487,0.0487,0.0487,0.0487,21.428,21.428,0.019598,21.428,21.428,0.0,0.019598,0.0,0.0,0.0,0.0,0.0,0.001,0.0,0.0,0.0,4.642e-05,0.0,0.0,0.0,0.0,4.642e-05,0.001,0.0
24468604.0,4995000000.0,5000000.0,5.0,0.0,0.0487,0.0487,0.0487,0.0487,21.428,21.428,0.0,21.428,21.428,0.0,0.0,0.0,0.0,0.0,0.0,0.0,2.154e-10,0.0,0.0,0.0,0.001,0.0,0.0,0.0,0.0,0.001,2.154e-10,0.0
24461572.0,4995000000.0,5000000.0,5.0,0.0,0.0487,0.0487,0.0487,0.0487,21.428,0.42856,0.0,0.42856,21.428,0.00039197,0.0,0.00039197,0.0,0.0,0.0,0.0,4.642e-05,0.0,0.0,0.0,4.642e-09,0.0,0.0,0.0,0.0,4.642e-09,4.642e-05,0.0
24464556.0,4995000000.0,5000000.0,5.0,0.0,0.0487,0.0487,0.0487,0.0487,21.428,1.5792,0.0020493,1.5792,21.428,1.5792e-05,0.0020493,1.5792e-05,0.0,0.0,0.0,0.0,2.154e-06,0.0,0.0,0.0,2.154e-06,0.0,0.0,0.0,0.0,2.154e-06,2.154e-06,0.0
24466931.0,4995000000.0,5000000.0,5.0,0.0,0.0487,0.0487,0.0487,0.0487,21.428,5.8156,0.0020493,5.8156,21.428,5.8156e-05,0.0020493,5.8156e-05,0.0,0.0,0.0,0.0,1e-11,0.0,0.0,0.0,0.001,0.0,0.0,0.0,0.0,0.001,1e-11,0.0
24466567.0,4995000000.0,5000000.0,5.0,0.0,0.0487,0.0487,0.0487,0.0487,21.428,5.8156,0.00021428,5.8156,21.428,0.0,0.00021428,0.0,0.0,0.0,0.0,0.0,2.154e-06,0.0,0.0,0.0,0.001,0.0,0.0,0.0,0.0,0.001,2.154e-06,0.0
24460209.0,4995000000.0,5000000.0,5.0,0.0,0.0487,0.0487,0.0487,0.0487,21.428,0.11571,0.019598,0.11571,21.428,0.00010583,0.019598,0.00010583,0.0,0.0,0.0,0.0,0.001,0.0,0.0,0.0,2.154e-06,0.0,0.0,0.0,0.0,2.154e-06,0.001,0.0
24461832.0,4995000000.0,5000000.0,5.0,0.0,0.0487,0.0487,0.0487,0.0487,21.428,0.42856,0.00021428,0.42856,21.428,4.0985e-05,0.00021428,4.0985e-05,0.0,0.0,0.0,0.0,1e-11,0.0,0.0,0.0,1e-07,0.0,0.0,0.0,0.0,1e-07,1e-11,0.0
24463931.0,4995000000.0,5000000.0,5.0,0.0,0.0487,0.0487,0.0487,0.0487,21.428,1.5792,0.0,1.5792,21.428,0.00015103,0.0,0.00015103,0.0,0.0,0.0,0.0,0.001,0.0,0.0,0.0,4.642e-09,0.0,0.0,0.0,0.0,4.642e-09,0.001,0.0
24462308.0,4995000000.0,5000000.0,5.0,0.0,0.0487,0.0487,0.0487,0.0487,21.428,0.42856,0.0020493,0.42856,21.428,0.0037285,0.0020493,0.0037285,0.0,0.0,0.0,0.0,4.642e-05,0.0,0.0,0.0,1e-07,0.0,0.0,0.0,0.0,1e-07,4.642e-05,0.0
24460110.0,4995000000.0,5000000.0,5.0,0.0,0.0487,0.0487,0.0487,0.0487,21.428,0.11571,0.019598,0.11571,21.428,1.1571e-06,0.019598,1.1571e-06,0.0,0.0,0.0,0.0,0.001,0.0,0.0,0.0,1e-07,0.0,0.0,0.0,0.0,1e-07,0.001,0.0
24468637.0,4995000000.0,5000000.0,5.0,0.0,0.0487,0.0487,0.0487,0.0487,21.428,21.428,0.0,21.428,21.428,0.0,0.0,0.0,0.0,0.0,0.0,0.0,0.001,0.0,0.0,0.0,2.154e-06,0.0,0.0,0.0,0.0,2.154e-06,0.001,0.0
24465017.0,4995000000.0,5000000.0,5.0,0.0,0.0487,0.0487,0.0487,0.0487,21.428,1.5792,0.019598,1.5792,21.428,0.013739,0.019598,0.013739,0.0,0.0,0.0,0.0,1e-11,0.0,0.0,0.0,1e-07,0.0,0.0,0.0,0.0,1e-07,1e-11,0.0
24464894.0,4995000000.0,5000000.0,5.0,0.0,0.0487,0.0487,0.0487,0.0487,21.428,1.5792,0.019598,1.5792,21.428,1.5792e-05,0.019598,1.5792e-05,0.0,0.0,0.0,0.0,1e-07,0.0,0.0,0.0,0.001,0.0,0.0,0.0,0.0,0.001,1e-07,0.0
24464019.0,4995000000.0,5000000.0,5.0,0.0,0.0487,0.0487,0.0487,0.0487,21.428,1.5792,0.0,1.5792,21.428,0.013739,0.0,0.013739,0.0,0.0,0.0,0.0,2.154e-06,0.0,0.0,0.0,0.001,0.0,0.0,0.0,0.0,0.001,2.154e-06,0.0
24462125.0,4995000000.0,5000000.0,5.0,0.0,0.0487,0.0487,0.0487,0.0487,21.428,0.42856,0.0020493,0.42856,21.428,4.2856e-06,0.0020493,4.2856e-06,0.0,0.0,0.0,0.0,1e-11,0.0,0.0,0.0,4.642e-09,0.0,0.0,0.0,0.0,4.642e-09,1e-11,0.0
24463820.0,4995000000.0,5000000.0,5.0,0.0,0.0487,0.0487,0.0487,0.0487,21.428,1.5792,0.0,1.5792,21.428,0.0,0.0,0.0,0.0,0.0,0.0,0.0,2.154e-06,0.0,0.0,0.0,1e-07,0.0,0.0,0.0,0.0,1e-07,2.154e-06,0.0
24461565.0,4995000000.0,5000000.0,5.0,0.0,0.0487,0.0487,0.0487,0.0487,21.428,0.42856,0.0,0.42856,21.428,0.00039197,0.0,0.00039197,0.0,0.0,0.0,0.0,2.154e-06,0.0,0.0,0.0,4.642e-09,0.0,0.0,0.0,0.0,4.642e-09,2.154e-06,0.0
24464200.0,4995000000.0,5000000.0,5.0,0.0,0.0487,0.0487,0.0487,0.0487,21.428,1.5792,0.00021428,1.5792,21.428,1.5792e-05,0.00021428,1.5792e-05,0.0,0.0,0.0,0.0,4.642e-09,0.0,0.0,0.0,4.642e-05,0.0,0.0,0.0,0.0,4.642e-05,4.642e-09,0.0
24464554.0,4995000000.0,5000000.0,5.0,0.0,0.0487,0.0487,0.0487,0.0487,21.428,1.5792,0.0020493,1.5792,21.428,1.5792e-05,0.0020493,1.5792e-05,0.0,0.0,0.0,0.0,2.154e-06,0.0,0.0,0.0,4.642e-09,0.0,0.0,0.0,0.0,4.642e-09,2.154e-06,0.0
24462562.0,4995000000.0,5000000.0,5.0,0.0,0.0487,0.0487,0.0487,0.0487,21.428,0.42856,0.019598,0.42856,21.428,4.0985e-05,0.019598,4.0985e-05,0.0,0.0,0.0,0.0,0.001,0.0,0.0,0.0,4.642e-05,0.0,0.0,0.0,0.0,4.642e-05,0.001,0.0
24462352.0,4995000000.0,5000000.0,5.0,0.0,0.0487,0.0487,0.0487,0.0487,21.428,0.42856,0.0020493,0.42856,21.428,0.03587,0.0020493,0.03587,0.0,0.0,0.0,0.0,2.154e-06,0.0,0.0,0.0,4.642e-05,0.0,0.0,0.0,0.0,4.642e-05,2.154e-06,0.0
24460154.0,4995000000.0,5000000.0,5.0,0.0,0.0487,0.0487,0.0487,0.0487,21.428,0.11571,0.019598,0.11571,21.428,1.1066e-05,0.019598,1.1066e-05,0.0,0.0,0.0,0.0,4.642e-05,0.0,0.0,0.0,4.642e-05,0.0,0.0,0.0,0.0,4.642e-05,4.642e-05,0.0
24462338.0,4995000000.0,5000000.0,5.0,0.0,0.0487,0.0487,0.0487,0.0487,21.428,0.42856,0.0020493,0.42856,21.428,0.03587,0.0020493,0.03587,0.0,0.0,0.0,0.0,4.642e-09,0.0,0.0,0.0,4.642e-05,0.0,0.0,0.0,0.0,4.642e-05,4.642e-09,0.0
24466724.0,4995000000.0,5000000.0,5.0,0.0,0.0487,0.0487,0.0487,0.0487,21.428,5.8156,0.00021428,5.8156,21.428,0.005319,0.00021428,0.005319,0.0,0.0,0.0,0.0,0.001,0.0,0.0,0.0,4.642e-09,0.0,0.0,0.0,0.0,4.642e-09,0.001,0.0
24467293.0,4995000000.0,5000000.0,5.0,0.0,0.0487,0.0487,0.0487,0.0487,21.428,5.8156,0.019598,5.8156,21.428,5.8156e-05,0.019598,5.8156e-05,0.0,0.0,0.0,0.0,1e-07,0.0,0.0,0.0,2.154e-06,0.0,0.0,0.0,0.0,2.154e-06,1e-07,0.0
24464997.0,4995000000.0,5000000.0,5.0,0.0,0.0487,0.0487,0.0487,0.0487,21.428,1.5792,0.019598,1.5792,21.428,0.0014444,0.019598,0.0014444,0.0,0.0,0.0,0.0,2.154e-06,0.0,0.0,0.0,2.154e-06,0.0,0.0,0.0,0.0,2.154e-06,2.154e-06,0.0
24464558.0,4995000000.0,5000000.0,5.0,0.0,0.0487,0.0487,0.0487,0.0487,21.428,1.5792,0.0020493,1.5792,21.428,1.5792e-05,0.0020493,1.5792e-05,0.0,0.0,0.0,0.0,2.154e-06,0.0,0.0,0.0,0.001,0.0,0.0,0.0,0.0,0.001,2.154e-06,0.0
24461779.0,4995000000.0,5000000.0,5.0,0.0,0.0487,0.0487,0.0487,0.0487,21.428,0.42856,0.00021428,0.42856,21.428,0.0,0.00021428,0.0,0.0,0.0,0.0,0.0,0.001,0.0,0.0,0.0,0.001,0.0,0.0,0.0,0.0,0.001,0.001,0.0
24461588.0,4995000000.0,5000000.0,5.0,0.0,0.0487,0.0487,0.0487,0.0487,21.428,0.42856,0.0,0.42856,21.428,0.0037285,0.0,0.0037285,0.0,0.0,0.0,0.0,1e-11,0.0,0.0,0.0,2.154e-06,0.0,0.0,0.0,0.0,2.154e-06,1e-11,0.0
24462204.0,4995000000.0,5000000.0,5.0,0.0,0.0487,0.0487,0.0487,0.0487,21.428,0.42856,0.0020493,0.42856,21.428,4.0985e-05,0.0020493,4.0985e-05,0.0,0.0,0.0,0.0,2.154e-06,0.0,0.0,0.0,2.154e-06,0.0,0.0,0.0,0.0,2.154e-06,2.154e-06,0.0
24466263.0,4995000000.0,5000000.0,5.0,0.0,0.0487,0.0487,0.0487,0.0487,21.428,5.8156,0.0,5.8156,21.428,5.8156e-05,0.0,5.8156e-05,0.0,0.0,0.0,0.0,1e-07,0.0,0.0,0.0,1e-07,0.0,0.0,0.0,0.0,1e-07,1e-07,0.0
24466322.0,4995000000.0,5000000.0,5.0,0.0,0.0487,0.0487,0.0487,0.0487,21.428,5.8156,0.0,5.8156,21.428,0.00055617,0.0,0.00055617,0.0,0.0,0.0,0.0,2.154e-06,0.0,0.0,0.0,0.001,0.0,0.0,0.0,0.0,0.001,2.154e-06,0.0
24461735.0,4995000000.0,5000000.0,5.0,0.0,0.0487,0.0487,0.0487,0.0487,21.428,0.42856,0.00021428,0.42856,21.428,0.0,0.00021428,0.0,0.0,0.0,0.0,0.0,1e-11,0.0,0.0,0.0,2.154e-06,0.0,0.0,0.0,0.0,2.154e-06,1e-11,0.0
24462198.0,4995000000.0,5000000.0,5.0,0.0,0.0487,0.0487,0.0487,0.0487,21.428,0.42856,0.0020493,0.42856,21.428,4.0985e-05,0.0020493,4.0985e-05,0.0,0.0,0.0,0.0,1e-07,0.0,0.0,0.0,4.642e-05,0.0,0.0,0.0,0.0,4.642e-05,1e-07,0.0
24461834.0,4995000000.0,5000000.0,5.0,0.0,0.0487,0.0487,0.0487,0.0487,21.428,0.42856,0.00021428,0.42856,21.428,4.0985e-05,0.00021428,4.0985e-05,0.0,0.0,0.0,0.0,1e-11,0.0,0.0,0.0,4.642e-05,0.0,0.0,0.0,0.0,4.642e-05,1e-11,0.0
24460273.0,4995000000.0,5000000.0,5.0,0.0,0.0487,0.0487,0.0487,0.0487,21.428,0.11571,0.019598,0.11571,21.428,0.009685,0.019598,0.009685,0.0,0.0,0.0,0.0,2.154e-10,0.0,0.0,0.0,4.642e-05,0.0,0.0,0.0,0.0,4.642e-05,2.154e-10,0.0
24464690.0,4995000000.0,5000000.0,5.0,0.0,0.0487,0.0487,0.0487,0.0487,21.428,1.5792,0.0020493,1.5792,21.428,0.013739,0.0020493,0.013739,0.0,0.0,0.0,0.0,4.642e-09,0.0,0.0,0.0,4.642e-05,0.0,0.0,0.0,0.0,4.642e-05,4.642e-09,0.0
24461939.0,4995000000.0,5000000.0,5.0,0.0,0.0487,0.0487,0.0487,0.0487,21.428,0.42856,0.00021428,0.42856,21.428,0.0037285,0.00021428,0.0037285,0.0,0.0,0.0,0.0,2.154e-10,0.0,0.0,0.0,4.642e-05,0.0,0.0,0.0,0.0,4.642e-05,2.154e-10,0.0
24464348.0,4995000000.0,5000000.0,5.0,0.0,0.0487,0.0487,0.0487,0.0487,21.428,1.5792,0.00021428,1.5792,21.428,0.013739,0.00021428,0.013739,0.0,0.0,0.0,0.0,4.642e-09,0.0,0.0,0.0,0.001,0.0,0.0,0.0,0.0,0.001,4.642e-09,0.0
24466216.0,4995000000.0,5000000.0,5.0,0.0,0.0487,0.0487,0.0487,0.0487,21.428,5.8156,0.0,5.8156,21.428,0.0,0.0,0.0,0.0,0.0,0.0,0.0,1e-07,0.0,0.0,0.0,4.642e-05,0.0,0.0,0.0,0.0,4.642e-05,1e-07,0.0
24469325.0,4995000000.0,5000000.0,5.0,0.0,0.0487,0.0487,0.0487,0.0487,21.428,21.428,0.0020493,21.428,21.428,0.0,0.0020493,0.0,0.0,0.0,0.0,0.0,0.001,0.0,0.0,0.0,0.001,0.0,0.0,0.0,0.0,0.001,0.001,0.0
24463997.0,4995000000.0,5000000.0,5.0,0.0,0.0487,0.0487,0.0487,0.0487,21.428,1.5792,0.0,1.5792,21.428,0.013739,0.0,0.013739,0.0,0.0,0.0,0.0,2.154e-10,0.0,0.0,0.0,4.642e-05,0.0,0.0,0.0,0.0,4.642e-05,2.154e-10,0.0
24466229.0,4995000000.0,5000000.0,5.0,0.0,0.0487,0.0487,0.0487,0.0487,21.428,5.8156,0.0,5.8156,21.428,0.0,0.0,0.0,0.0,0.0,0.0,0.0,4.642e-05,0.0,0.0,0.0,2.154e-06,0.0,0.0,0.0,0.0,2.154e-06,4.642e-05,0.0
24467286.0,4995000000.0,5000000.0,5.0,0.0,0.0487,0.0487,0.0487,0.0487,21.428,5.8156,0.019598,5.8156,21.428,5.8156e-05,0.019598,5.8156e-05,0.0,0.0,0.0,0.0,4.642e-09,0.0,0.0,0.0,2.154e-06,0.0,0.0,0.0,0.0,2.154e-06,4.642e-09,0.0
24466348.0,4995000000.0,5000000.0,5.0,0.0,0.0487,0.0487,0.0487,0.0487,21.428,5.8156,0.0,5.8156,21.428,0.005319,0.0,0.005319,0.0,0.0,0.0,0.0,2.154e-10,0.0,0.0,0.0,2.154e-06,0.0,0.0,0.0,0.0,2.154e-06,2.154e-10,0.0
24461835.0,4995000000.0,5000000.0,5.0,0.0,0.0487,0.0487,0.0487,0.0487,21.428,0.42856,0.00021428,0.42856,21.428,4.0985e-05,0.00021428,4.0985e-05,0.0,0.0,0.0,0.0,1e-11,0.0,0.0,0.0,0.001,0.0,0.0,0.0,0.0,0.001,1e-11,0.0
24464950.0,4995000000.0,5000000.0,5.0,0.0,0.0487,0.0487,0.0487,0.0487,21.428,1.5792,0.019598,1.5792,21.428,0.00015103,0.019598,0.00015103,0.0,0.0,0.0,0.0,2.154e-06,0.0,0.0,0.0,0.001,0.0,0.0,0.0,0.0,0.001,2.154e-06,0.0
24462181.0,4995000000.0,5000000.0,5.0,0.0,0.0487,0.0487,0.0487,0.0487,21.428,0.42856,0.0020493,0.42856,21.428,4.0985e-05,0.0020493,4.0985e-05,0.0,0.0,0.0,0.0,2.154e-10,0.0,0.0,0.0,4.642e-09,0.0,0.0,0.0,0.0,4.642e-09,2.154e-10,0.0
24464171.0,4995000000.0,5000000.0,5.0,0.0,0.0487,0.0487,0.0487,0.0487,21.428,1.5792,0.00021428,1.5792,21.428,0.0,0.00021428,0.0,0.0,0.0,0.0,0.0,4.642e-05,0.0,0.0,0.0,2.154e-06,0.0,0.0,0.0,0.0,2.154e-06,4.642e-05,0.0
24464186.0,4995000000.0,5000000.0,5.0,0.0,0.0487,0.0487,0.0487,0.0487,21.428,1.5792,0.00021428,1.5792,21.428,1.5792e-05,0.00021428,1.5792e-05,0.0,0.0,0.0,0.0,1e-11,0.0,0.0,0.0,4.642e-05,0.0,0.0,0.0,0.0,4.642e-05,1e-11,0.0
24464702.0,4995000000.0,5000000.0,5.0,0.0,0.0487,0.0487,0.0487,0.0487,21.428,1.5792,0.0020493,1.5792,21.428,0.013739,0.0020493,0.013739,0.0,0.0,0.0,0.0,2.154e-06,0.0,0.0,0.0,1e-07,0.0,0.0,0.0,0.0,1e-07,2.154e-06,0.0
24467069.0,4995000000.0,5000000.0,5.0,0.0,0.0487,0.0487,0.0487,0.0487,21.428,5.8156,0.0020493,5.8156,21.428,0.005319,0.0020493,0.005319,0.0,0.0,0.0,0.0,0.001,0.0,0.0,0.0,2.154e-06,0.0,0.0,0.0,0.0,2.154e-06,0.001,0.0
24468772.0,4995000000.0,5000000.0,5.0,0.0,0.0487,0.0487,0.0487,0.0487,21.428,21.428,0.0,21.428,21.428,0.019598,0.0,0.019598,0.0,0.0,0.0,0.0,2.154e-06,0.0,0.0,0.0,0.001,0.0,0.0,0.0,0.0,0.001,2.154e-06,0.0
24467364.0,4995000000.0,5000000.0,5.0,0.0,0.0487,0.0487,0.0487,0.0487,21.428,5.8156,0.019598,5.8156,21.428,0.00055617,0.019598,0.00055617,0.0,0.0,0.0,0.0,0.001,0.0,0.0,0.0,4.642e-05,0.0,0.0,0.0,0.0,4.642e-05,0.001,0.0
24461973.0,4995000000.0,5000000.0,5.0,0.0,0.0487,0.0487,0.0487,0.0487,21.428,0.42856,0.00021428,0.42856,21.428,0.0037285,0.00021428,0.0037285,0.0,0.0,0.0,0.0,0.001,0.0,0.0,0.0,2.154e-06,0.0,0.0,0.0,0.0,2.154e-06,0.001,0.0
24460201.0,4995000000.0,5000000.0,5.0,0.0,0.0487,0.0487,0.0487,0.0487,21.428,0.11571,0.019598,0.11571,21.428,0.00010583,0.019598,0.00010583,0.0,0.0,0.0,0.0,4.642e-05,0.0,0.0,0.0,1e-07,0.0,0.0,0.0,0.0,1e-07,4.642e-05,0.0
24462617.0,4995000000.0,5000000.0,5.0,0.0,0.0487,0.0487,0.0487,0.0487,21.428,0.42856,0.019598,0.42856,21.428,0.0037285,0.019598,0.0037285,0.0,0.0,0.0,0.0,1e-11,0.0,0.0,0.0,2.154e-06,0.0,0.0,0.0,0.0,2.154e-06,1e-11,0.0
24462695.0,4995000000.0,5000000.0,5.0,0.0,0.0487,0.0487,0.0487,0.0487,21.428,0.42856,0.019598,0.42856,21.428,0.03587,0.019598,0.03587,0.0,0.0,0.0,0.0,2.154e-06,0.0,0.0,0.0,4.642e-05,0.0,0.0,0.0,0.0,4.642e-05,2.154e-06,0.0
24463961.0,4995000000.0,5000000.0,5.0,0.0,0.0487,0.0487,0.0487,0.0487,21.428,1.5792,0.0,1.5792,21.428,0.0014444,0.0,0.0014444,0.0,0.0,0.0,0.0,1e-07,0.0,0.0,0.0,2.154e-06,0.0,0.0,0.0,0.0,2.154e-06,1e-07,0.0
24461499.0,4995000000.0,5000000.0,5.0,0.0,0.0487,0.0487,0.0487,0.0487,21.428,0.42856,0.0,0.42856,21.428,4.0985e-05,0.0,4.0985e-05,0.0,0.0,0.0,0.0,2.154e-10,0.0,0.0,0.0,0.001,0.0,0.0,0.0,0.0,0.001,2.154e-10,0.0
24467060.0,4995000000.0,5000000.0,5.0,0.0,0.0487,0.0487,0.0487,0.0487,21.428,5.8156,0.0020493,5.8156,21.428,0.005319,0.0020493,0.005319,0.0,0.0,0.0,0.0,4.642e-05,0.0,0.0,0.0,4.642e-09,0.0,0.0,0.0,0.0,4.642e-09,4.642e-05,0.0
24467413.0,4995000000.0,5000000.0,5.0,0.0,0.0487,0.0487,0.0487,0.0487,21.428,5.8156,0.019598,5.8156,21.428,0.005319,0.019598,0.005319,0.0,0.0,0.0,0.0,0.001,0.0,0.0,0.0,4.642e-05,0.0,0.0,0.0,0.0,4.642e-05,0.001,0.0
24460300.0,4995000000.0,5000000.0,5.0,0.0,0.0487,0.0487,0.0487,0.0487,21.428,0.11571,0.019598,0.11571,21.428,0.009685,0.019598,0.009685,0.0,0.0,0.0,0.0,4.642e-05,0.0,0.0,0.0,2.154e-06,0.0,0.0,0.0,0.0,2.154e-06,4.642e-05,0.0
24460162.0,4995000000.0,5000000.0,5.0,0.0,0.0487,0.0487,0.0487,0.0487,21.428,0.11571,0.019598,0.11571,21.428,1.1066e-05,0.019598,1.1066e-05,0.0,0.0,0.0,0.0,0.001,0.0,0.0,0.0,0.001,0.0,0.0,0.0,0.0,0.001,0.001,0.0
24461863.0,4995000000.0,5000000.0,5.0,0.0,0.0487,0.0487,0.0487,0.0487,21.428,0.42856,0.00021428,0.42856,21.428,4.0985e-05,0.00021428,4.0985e-05,0.0,0.0,0.0,0.0,2.154e-06,0.0,0.0,0.0,0.001,0.0,0.0,0.0,0.0,0.001,2.154e-06,0.0
24462630.0,4995000000.0,5000000.0,5.0,0.0,0.0487,0.0487,0.0487,0.0487,21.428,0.42856,0.019598,0.42856,21.428,0.0037285,0.019598,0.0037285,0.0,0.0,0.0,0.0,4.642e-09,0.0,0.0,0.0,1e-07,0.0,0.0,0.0,0.0,1e-07,4.642e-09,0.0
24462336.0,4995000000.0,5000000.0,5.0,0.0,0.0487,0.0487,0.0487,0.0487,21.428,0.42856,0.0020493,0.42856,21.428,0.03587,0.0020493,0.03587,0.0,0.0,0.0,0.0,4.642e-09,0.0,0.0,0.0,1e-07,0.0,0.0,0.0,0.0,1e-07,4.642e-09,0.0
24467357.0,4995000000.0,5000000.0,5.0,0.0,0.0487,0.0487,0.0487,0.0487,21.428,5.8156,0.019598,5.8156,21.428,0.00055617,0.019598,0.00055617,0.0,0.0,0.0,0.0,4.642e-05,0.0,0.0,0.0,4.642e-05,0.0,0.0,0.0,0.0,4.642e-05,4.642e-05,0.0
24466599.0,4995000000.0,5000000.0,5.0,0.0,0.0487,0.0487,0.0487,0.0487,21.428,5.8156,0.00021428,5.8156,21.428,5.8156e-05,0.00021428,5.8156e-05,0.0,0.0,0.0,0.0,4.642e-09,0.0,0.0,0.0,1e-07,0.0,0.0,0.0,0.0,1e-07,4.642e-09,0.0
24466577.0,4995000000.0,5000000.0,5.0,0.0,0.0487,0.0487,0.0487,0.0487,21.428,5.8156,0.00021428,5.8156,21.428,0.0,0.00021428,0.0,0.0,0.0,0.0,0.0,0.001,0.0,0.0,0.0,4.642e-09,0.0,0.0,0.0,0.0,4.642e-09,0.001,0.0
24466290.0,4995000000.0,5000000.0,5.0,0.0,0.0487,0.0487,0.0487,0.0487,21.428,5.8156,0.0,5.8156,21.428,0.00055617,0.0,0.00055617,0.0,0.0,0.0,0.0,1e-11,0.0,0.0,0.0,4.642e-09,0.0,0.0,0.0,0.0,4.642e-09,1e-11,0.0
24464694.0,4995000000.0,5000000.0,5.0,0.0,0.0487,0.0487,0.0487,0.0487,21.428,1.5792,0.0020493,1.5792,21.428,0.013739,0.0020493,0.013739,0.0,0.0,0.0,0.0,1e-07,0.0,0.0,0.0,4.642e-09,0.0,0.0,0.0,0.0,4.642e-09,1e-07,0.0
24466235.0,4995000000.0,5000000.0,5.0,0.0,0.0487,0.0487,0.0487,0.0487,21.428,5.8156,0.0,5.8156,21.428,0.0,0.0,0.0,0.0,0.0,0.0,0.0,0.001,0.0,0.0,0.0,1e-07,0.0,0.0,0.0,0.0,1e-07,0.001,0.0
24461533.0,4995000000.0,5000000.0,5.0,0.0,0.0487,0.0487,0.0487,0.0487,21.428,0.42856,0.0,0.42856,21.428,4.0985e-05,0.0,4.0985e-05,0.0,0.0,0.0,0.0,0.001,0.0,0.0,0.0,4.642e-05,0.0,0.0,0.0,0.0,4.642e-05,0.001,0.0
24461974.0,4995000000.0,5000000.0,5.0,0.0,0.0487,0.0487,0.0487,0.0487,21.428,0.42856,0.00021428,0.42856,21.428,0.0037285,0.00021428,0.0037285,0.0,0.0,0.0,0.0,0.001,0.0,0.0,0.0,4.642e-05,0.0,0.0,0.0,0.0,4.642e-05,0.001,0.0
24460106.0,4995000000.0,5000000.0,5.0,0.0,0.0487,0.0487,0.0487,0.0487,21.428,0.11571,0.019598,0.11571,21.428,1.1571e-06,0.019598,1.1571e-06,0.0,0.0,0.0,0.0,4.642e-05,0.0,0.0,0.0,0.001,0.0,0.0,0.0,0.0,0.001,4.642e-05,0.0
24469471.0,4995000000.0,5000000.0,5.0,0.0,0.0487,0.0487,0.0487,0.0487,21.428,21.428,0.0020493,21.428,21.428,0.019598,0.0020493,0.019598,0.0,0.0,0.0,0.0,0.001,0.0,0.0,0.0,4.642e-05,0.0,0.0,0.0,0.0,4.642e-05,0.001,0.0
24461951.0,4995000000.0,5000000.0,5.0,0.0,0.0487,0.0487,0.0487,0.0487,21.428,0.42856,0.00021428,0.42856,21.428,0.0037285,0.00021428,0.0037285,0.0,0.0,0.0,0.0,1e-07,0.0,0.0,0.0,1e-07,0.0,0.0,0.0,0.0,1e-07,1e-07,0.0
24462202.0,4995000000.0,5000000.0,5.0,0.0,0.0487,0.0487,0.0487,0.0487,21.428,0.42856,0.0020493,0.42856,21.428,4.0985e-05,0.0020493,4.0985e-05,0.0,0.0,0.0,0.0,2.154e-06,0.0,0.0,0.0,4.642e-09,0.0,0.0,0.0,0.0,4.642e-09,2.154e-06,0.0
24462149.0,4995000000.0,5000000.0,5.0,0.0,0.0487,0.0487,0.0487,0.0487,21.428,0.42856,0.0020493,0.42856,21.428,4.2856e-06,0.0020493,4.2856e-06,0.0,0.0,0.0,0.0,1e-07,0.0,0.0,0.0,4.642e-05,0.0,0.0,0.0,0.0,4.642e-05,1e-07,0.0
24468779.0,4995000000.0,5000000.0,5.0,0.0,0.0487,0.0487,0.0487,0.0487,21.428,21.428,0.0,21.428,21.428,0.019598,0.0,0.019598,0.0,0.0,0.0,0.0,4.642e-05,0.0,0.0,0.0,0.001,0.0,0.0,0.0,0.0,0.001,4.642e-05,0.0
24467014.0,4995000000.0,5000000.0,5.0,0.0,0.0487,0.0487,0.0487,0.0487,21.428,5.8156,0.0020493,5.8156,21.428,0.00055617,0.0020493,0.00055617,0.0,0.0,0.0,0.0,4.642e-05,0.0,0.0,0.0,4.642e-05,0.0,0.0,0.0,0.0,4.642e-05,4.642e-05,0.0
24466630.0,4995000000.0,5000000.0,5.0,0.0,0.0487,0.0487,0.0487,0.0487,21.428,5.8156,0.00021428,5.8156,21.428,5.8156e-05,0.00021428,5.8156e-05,0.0,0.0,0.0,0.0,0.001,0.0,0.0,0.0,0.001,0.0,0.0,0.0,0.0,0.001,0.001,0.0
24463987.0,4995000000.0,5000000.0,5.0,0.0,0.0487,0.0487,0.0487,0.0487,21.428,1.5792,0.0,1.5792,21.428,0.013739,0.0,0.013739,0.0,0.0,0.0,0.0,1e-11,0.0,0.0,0.0,4.642e-09,0.0,0.0,0.0,0.0,4.642e-09,1e-11,0.0
24464226.0,4995000000.0,5000000.0,5.0,0.0,0.0487,0.0487,0.0487,0.0487,21.428,1.5792,0.00021428,1.5792,21.428,1.5792e-05,0.00021428,1.5792e-05,0.0,0.0,0.0,0.0,0.001,0.0,0.0,0.0,1e-07,0.0,0.0,0.0,0.0,1e-07,0.001,0.0
24461859.0,4995000000.0,5000000.0,5.0,0.0,0.0487,0.0487,0.0487,0.0487,21.428,0.42856,0.00021428,0.42856,21.428,4.0985e-05,0.00021428,4.0985e-05,0.0,0.0,0.0,0.0,2.154e-06,0.0,0.0,0.0,4.642e-09,0.0,0.0,0.0,0.0,4.642e-09,2.154e-06,0.0
24464369.0,4995000000.0,5000000.0,5.0,0.0,0.0487,0.0487,0.0487,0.0487,21.428,1.5792,0.00021428,1.5792,21.428,0.013739,0.00021428,0.013739,0.0,0.0,0.0,0.0,4.642e-05,0.0,0.0,0.0,0.001,0.0,0.0,0.0,0.0,0.001,4.642e-05,0.0
24464914.0,4995000000.0,5000000.0,5.0,0.0,0.0487,0.0487,0.0487,0.0487,21.428,1.5792,0.019598,1.5792,21.428,1.5792e-05,0.019598,1.5792e-05,0.0,0.0,0.0,0.0,0.001,0.0,0.0,0.0,4.642e-05,0.0,0.0,0.0,0.0,4.642e-05,0.001,0.0
24460307.0,4995000000.0,5000000.0,5.0,0.0,0.0487,0.0487,0.0487,0.0487,21.428,0.11571,0.019598,0.11571,21.428,0.009685,0.019598,0.009685,0.0,0.0,0.0,0.0,0.001,0.0,0.0,0.0,2.154e-06,0.0,0.0,0.0,0.0,2.154e-06,0.001,0.0
24464522.0,4995000000.0,5000000.0,5.0,0.0,0.0487,0.0487,0.0487,0.0487,21.428,1.5792,0.0020493,1.5792,21.428,0.0,0.0020493,0.0,0.0,0.0,0.0,0.0,0.001,0.0,0.0,0.0,4.642e-05,0.0,0.0,0.0,0.0,4.642e-05,0.001,0.0
24466552.0,4995000000.0,5000000.0,5.0,0.0,0.0487,0.0487,0.0487,0.0487,21.428,5.8156,0.00021428,5.8156,21.428,0.0,0.00021428,0.0,0.0,0.0,0.0,0.0,4.642e-09,0.0,0.0,0.0,4.642e-05,0.0,0.0,0.0,0.0,4.642e-05,4.642e-09,0.0
24464288.0,4995000000.0,5000000.0,5.0,0.0,0.0487,0.0487,0.0487,0.0487,21.428,1.5792,0.00021428,1.5792,21.428,0.0014444,0.00021428,0.0014444,0.0,0.0,0.0,0.0,2.154e-10,0.0,0.0,0.0,4.642e-09,0.0,0.0,0.0,0.0,4.642e-09,2.154e-10,0.0
24462197.0,4995000000.0,5000000.0,5.0,0.0,0.0487,0.0487,0.0487,0.0487,21.428,0.42856,0.0020493,0.42856,21.428,4.0985e-05,0.0020493,4.0985e-05,0.0,0.0,0.0,0.0,1e-07,0.0,0.0,0.0,2.154e-06,0.0,0.0,0.0,0.0,2.154e-06,1e-07,0.0
24460111.0,4995000000.0,5000000.0,5.0,0.0,0.0487,0.0487,0.0487,0.0487,21.428,0.11571,0.019598,0.11571,21.428,1.1571e-06,0.019598,1.1571e-06,0.0,0.0,0.0,0.0,0.001,0.0,0.0,0.0,2.154e-06,0.0,0.0,0.0,0.0,2.154e-06,0.001,0.0
24464150.0,4995000000.0,5000000.0,5.0,0.0,0.0487,0.0487,0.0487,0.0487,21.428,1.5792,0.00021428,1.5792,21.428,0.0,0.00021428,0.0,0.0,0.0,0.0,0.0,4.642e-09,0.0,0.0,0.0,2.154e-06,0.0,0.0,0.0,0.0,2.154e-06,4.642e-09,0.0
24466578.0,4995000000.0,5000000.0,5.0,0.0,0.0487,0.0487,0.0487,0.0487,21.428,5.8156,0.00021428,5.8156,21.428,0.0,0.00021428,0.0,0.0,0.0,0.0,0.0,0.001,0.0,0.0,0.0,1e-07,0.0,0.0,0.0,0.0,1e-07,0.001,0.0
24469758.0,4995000000.0,5000000.0,5.0,0.0,0.0487,0.0487,0.0487,0.0487,21.428,21.428,0.019598,21.428,21.428,0.0020493,0.019598,0.0020493,0.0,0.0,0.0,0.0,4.642e-05,0.0,0.0,0.0,4.642e-05,0.0,0.0,0.0,0.0,4.642e-05,4.642e-05,0.0
24463996.0,4995000000.0,5000000.0,5.0,0.0,0.0487,0.0487,0.0487,0.0487,21.428,1.5792,0.0,1.5792,21.428,0.013739,0.0,0.013739,0.0,0.0,0.0,0.0,2.154e-10,0.0,0.0,0.0,2.154e-06,0.0,0.0,0.0,0.0,2.154e-06,2.154e-10,0.0
24467246.0,4995000000.0,5000000.0,5.0,0.0,0.0487,0.0487,0.0487,0.0487,21.428,5.8156,0.019598,5.8156,21.428,0.0,0.019598,0.0,0.0,0.0,0.0,0.0,1e-07,0.0,0.0,0.0,0.001,0.0,0.0,0.0,0.0,0.001,1e-07,0.0
24466965.0,4995000000.0,5000000.0,5.0,0.0,0.0487,0.0487,0.0487,0.0487,21.428,5.8156,0.0020493,5.8156,21.428,5.8156e-05,0.0020493,5.8156e-05,0.0,0.0,0.0,0.0,4.642e-05,0.0,0.0,0.0,4.642e-05,0.0,0.0,0.0,0.0,4.642e-05,4.642e-05,0.0
24466669.0,4995000000.0,5000000.0,5.0,0.0,0.0487,0.0487,0.0487,0.0487,21.428,5.8156,0.00021428,5.8156,21.428,0.00055617,0.00021428,0.00055617,0.0,0.0,0.0,0.0,4.642e-05,0.0,0.0,0.0,1e-07,0.0,0.0,0.0,0.0,1e-07,4.642e-05,0.0
24461643.0,4995000000.0,5000000.0,5.0,0.0,0.0487,0.0487,0.0487,0.0487,21.428,0.42856,0.0,0.42856,21.428,0.03587,0.0,0.03587,0.0,0.0,0.0,0.0,2.154e-10,0.0,0.0,0.0,1e-07,0.0,0.0,0.0,0.0,1e-07,2.154e-10,0.0
24462637.0,4995000000.0,5000000.0,5.0,0.0,0.0487,0.0487,0.0487,0.0487,21.428,0.42856,0.019598,0.42856,21.428,0.0037285,0.019598,0.0037285,0.0,0.0,0.0,0.0,1e-07,0.0,0.0,0.0,1e-07,0.0,0.0,0.0,0.0,1e-07,1e-07,0.0
24462302.0,4995000000.0,5000000.0,5.0,0.0,0.0487,0.0487,0.0487,0.0487,21.428,0.42856,0.0020493,0.42856,21.428,0.0037285,0.0020493,0.0037285,0.0,0.0,0.0,0.0,2.154e-06,0.0,0.0,0.0,2.154e-06,0.0,0.0,0.0,0.0,2.154e-06,2.154e-06,0.0
24461986.0,4995000000.0,5000000.0,5.0,0.0,0.0487,0.0487,0.0487,0.0487,21.428,0.42856,0.00021428,0.42856,21.428,0.03587,0.00021428,0.03587,0.0,0.0,0.0,0.0,2.154e-10,0.0,0.0,0.0,1e-07,0.0,0.0,0.0,0.0,1e-07,2.154e-10,0.0
24462199.0,4995000000.0,5000000.0,5.0,0.0,0.0487,0.0487,0.0487,0.0487,21.428,0.42856,0.0020493,0.42856,21.428,4.0985e-05,0.0020493,4.0985e-05,0.0,0.0,0.0,0.0,1e-07,0.0,0.0,0.0,0.001,0.0,0.0,0.0,0.0,0.001,1e-07,0.0
24467365.0,4995000000.0,5000000.0,5.0,0.0,0.0487,0.0487,0.0487,0.0487,21.428,5.8156,0.019598,5.8156,21.428,0.00055617,0.019598,0.00055617,0.0,0.0,0.0,0.0,0.001,0.0,0.0,0.0,0.001,0.0,0.0,0.0,0.0,0.001,0.001,0.0
24462211.0,4995000000.0,5000000.0,5.0,0.0,0.0487,0.0487,0.0487,0.0487,21.428,0.42856,0.0020493,0.42856,21.428,4.0985e-05,0.0020493,4.0985e-05,0.0,0.0,0.0,0.0,4.642e-05,0.0,0.0,0.0,2.154e-06,0.0,0.0,0.0,0.0,2.154e-06,4.642e-05,0.0
24464283.0,4995000000.0,5000000.0,5.0,0.0,0.0487,0.0487,0.0487,0.0487,21.428,1.5792,0.00021428,1.5792,21.428,0.0014444,0.00021428,0.0014444,0.0,0.0,0.0,0.0,1e-11,0.0,0.0,0.0,2.154e-06,0.0,0.0,0.0,0.0,2.154e-06,1e-11,0.0
24467348.0,4995000000.0,5000000.0,5.0,0.0,0.0487,0.0487,0.0487,0.0487,21.428,5.8156,0.019598,5.8156,21.428,0.00055617,0.019598,0.00055617,0.0,0.0,0.0,0.0,2.154e-06,0.0,0.0,0.0,1e-07,0.0,0.0,0.0,0.0,1e-07,2.154e-06,0.0
24463953.0,4995000000.0,5000000.0,5.0,0.0,0.0487,0.0487,0.0487,0.0487,21.428,1.5792,0.0,1.5792,21.428,0.0014444,0.0,0.0014444,0.0,0.0,0.0,0.0,4.642e-09,0.0,0.0,0.0,1e-07,0.0,0.0,0.0,0.0,1e-07,4.642e-09,0.0
24466287.0,4995000000.0,5000000.0,5.0,0.0,0.0487,0.0487,0.0487,0.0487,21.428,5.8156,0.0,5.8156,21.428,5.8156e-05,0.0,5.8156e-05,0.0,0.0,0.0,0.0,0.001,0.0,0.0,0.0,0.001,0.0,0.0,0.0,0.0,0.001,0.001,0.0
24462547.0,4995000000.0,5000000.0,5.0,0.0,0.0487,0.0487,0.0487,0.0487,21.428,0.42856,0.019598,0.42856,21.428,4.0985e-05,0.019598,4.0985e-05,0.0,0.0,0.0,0.0,2.154e-06,0.0,0.0,0.0,2.154e-06,0.0,0.0,0.0,0.0,2.154e-06,2.154e-06,0.0
24464982.0,4995000000.0,5000000.0,5.0,0.0,0.0487,0.0487,0.0487,0.0487,21.428,1.5792,0.019598,1.5792,21.428,0.0014444,0.019598,0.0014444,0.0,0.0,0.0,0.0,4.642e-09,0.0,0.0,0.0,1e-07,0.0,0.0,0.0,0.0,1e-07,4.642e-09,0.0
24462098.0,4995000000.0,5000000.0,5.0,0.0,0.0487,0.0487,0.0487,0.0487,21.428,0.42856,0.0020493,0.42856,21.428,0.0,0.0020493,0.0,0.0,0.0,0.0,0.0,1e-07,0.0,0.0,0.0,1e-07,0.0,0.0,0.0,0.0,1e-07,1e-07,0.0
24464570.0,4995000000.0,5000000.0,5.0,0.0,0.0487,0.0487,0.0487,0.0487,21.428,1.5792,0.0020493,1.5792,21.428,1.5792e-05,0.0020493,1.5792e-05,0.0,0.0,0.0,0.0,0.001,0.0,0.0,0.0,2.154e-06,0.0,0.0,0.0,0.0,2.154e-06,0.001,0.0
24461558.0,4995000000.0,5000000.0,5.0,0.0,0.0487,0.0487,0.0487,0.0487,21.428,0.42856,0.0,0.42856,21.428,0.00039197,0.0,0.00039197,0.0,0.0,0.0,0.0,1e-07,0.0,0.0,0.0,4.642e-09,0.0,0.0,0.0,0.0,4.642e-09,1e-07,0.0
24467406.0,4995000000.0,5000000.0,5.0,0.0,0.0487,0.0487,0.0487,0.0487,21.428,5.8156,0.019598,5.8156,21.428,0.005319,0.019598,0.005319,0.0,0.0,0.0,0.0,4.642e-05,0.0,0.0,0.0,4.642e-05,0.0,0.0,0.0,0.0,4.642e-05,4.642e-05,0.0
24462247.0,4995000000.0,5000000.0,5.0,0.0,0.0487,0.0487,0.0487,0.0487,21.428,0.42856,0.0020493,0.42856,21.428,0.00039197,0.0020493,0.00039197,0.0,0.0,0.0,0.0,1e-07,0.0,0.0,0.0,4.642e-05,0.0,0.0,0.0,0.0,4.642e-05,1e-07,0.0
24461995.0,4995000000.0,5000000.0,5.0,0.0,0.0487,0.0487,0.0487,0.0487,21.428,0.42856,0.00021428,0.42856,21.428,0.03587,0.00021428,0.03587,0.0,0.0,0.0,0.0,4.642e-09,0.0,0.0,0.0,4.642e-05,0.0,0.0,0.0,0.0,4.642e-05,4.642e-09,0.0
24464639.0,4995000000.0,5000000.0,5.0,0.0,0.0487,0.0487,0.0487,0.0487,21.428,1.5792,0.0020493,1.5792,21.428,0.0014444,0.0020493,0.0014444,0.0,0.0,0.0,0.0,4.642e-09,0.0,0.0,0.0,1e-07,0.0,0.0,0.0,0.0,1e-07,4.642e-09,0.0
24461870.0,4995000000.0,5000000.0,5.0,0.0,0.0487,0.0487,0.0487,0.0487,21.428,0.42856,0.00021428,0.42856,21.428,4.0985e-05,0.00021428,4.0985e-05,0.0,0.0,0.0,0.0,4.642e-05,0.0,0.0,0.0,0.001,0.0,0.0,0.0,0.0,0.001,4.642e-05,0.0
24466616.0,4995000000.0,5000000.0,5.0,0.0,0.0487,0.0487,0.0487,0.0487,21.428,5.8156,0.00021428,5.8156,21.428,5.8156e-05,0.00021428,5.8156e-05,0.0,0.0,0.0,0.0,2.154e-06,0.0,0.0,0.0,0.001,0.0,0.0,0.0,0.0,0.001,2.154e-06,0.0
24464941.0,4995000000.0,5000000.0,5.0,0.0,0.0487,0.0487,0.0487,0.0487,21.428,1.5792,0.019598,1.5792,21.428,0.00015103,0.019598,0.00015103,0.0,0.0,0.0,0.0,1e-07,0.0,0.0,0.0,2.154e-06,0.0,0.0,0.0,0.0,2.154e-06,1e-07,0.0
24460124.0,4995000000.0,5000000.0,5.0,0.0,0.0487,0.0487,0.0487,0.0487,21.428,0.11571,0.019598,0.11571,21.428,1.1066e-05,0.019598,1.1066e-05,0.0,0.0,0.0,0.0,2.154e-10,0.0,0.0,0.0,1e-07,0.0,0.0,0.0,0.0,1e-07,2.154e-10,0.0
24461979.0,4995000000.0,5000000.0,5.0,0.0,0.0487,0.0487,0.0487,0.0487,21.428,0.42856,0.00021428,0.42856,21.428,0.03587,0.00021428,0.03587,0.0,0.0,0.0,0.0,1e-11,0.0,0.0,0.0,1e-07,0.0,0.0,0.0,0.0,1e-07,1e-11,0.0
24461604.0,4995000000.0,5000000.0,5.0,0.0,0.0487,0.0487,0.0487,0.0487,21.428,0.42856,0.0,0.42856,21.428,0.0037285,0.0,0.0037285,0.0,0.0,0.0,0.0,4.642e-09,0.0,0.0,0.0,0.001,0.0,0.0,0.0,0.0,0.001,4.642e-09,0.0
24461415.0,4995000000.0,5000000.0,5.0,0.0,0.0487,0.0487,0.0487,0.0487,21.428,0.42856,0.0,0.42856,21.428,0.0,0.0,0.0,0.0,0.0,0.0,0.0,1e-07,0.0,0.0,0.0,0.001,0.0,0.0,0.0,0.0,0.001,1e-07,0.0
24462343.0,4995000000.0,5000000.0,5.0,0.0,0.0487,0.0487,0.0487,0.0487,21.428,0.42856,0.0020493,0.42856,21.428,0.03587,0.0020493,0.03587,0.0,0.0,0.0,0.0,1e-07,0.0,0.0,0.0,1e-07,0.0,0.0,0.0,0.0,1e-07,1e-07,0.0
24466539.0,4995000000.0,5000000.0,5.0,0.0,0.0487,0.0487,0.0487,0.0487,21.428,5.8156,0.00021428,5.8156,21.428,0.0,0.00021428,0.0,0.0,0.0,0.0,0.0,1e-11,0.0,0.0,0.0,0.001,0.0,0.0,0.0,0.0,0.001,1e-11,0.0
24466544.0,4995000000.0,5000000.0,5.0,0.0,0.0487,0.0487,0.0487,0.0487,21.428,5.8156,0.00021428,5.8156,21.428,0.0,0.00021428,0.0,0.0,0.0,0.0,0.0,2.154e-10,0.0,0.0,0.0,2.154e-06,0.0,0.0,0.0,0.0,2.154e-06,2.154e-10,0.0
24461785.0,4995000000.0,5000000.0,5.0,0.0,0.0487,0.0487,0.0487,0.0487,21.428,0.42856,0.00021428,0.42856,21.428,4.2856e-06,0.00021428,4.2856e-06,0.0,0.0,0.0,0.0,1e-11,0.0,0.0,0.0,4.642e-05,0.0,0.0,0.0,0.0,4.642e-05,1e-11,0.0
24469626.0,4995000000.0,5000000.0,5.0,0.0,0.0487,0.0487,0.0487,0.0487,21.428,21.428,0.019598,21.428,21.428,0.0,0.019598,0.0,0.0,0.0,0.0,0.0,1e-11,0.0,0.0,0.0,0.001,0.0,0.0,0.0,0.0,0.001,1e-11,0.0
24466581.0,4995000000.0,5000000.0,5.0,0.0,0.0487,0.0487,0.0487,0.0487,21.428,5.8156,0.00021428,5.8156,21.428,0.0,0.00021428,0.0,0.0,0.0,0.0,0.0,0.001,0.0,0.0,0.0,0.001,0.0,0.0,0.0,0.0,0.001,0.001,0.0
24460104.0,4995000000.0,5000000.0,5.0,0.0,0.0487,0.0487,0.0487,0.0487,21.428,0.11571,0.019598,0.11571,21.428,1.1571e-06,0.019598,1.1571e-06,0.0,0.0,0.0,0.0,4.642e-05,0.0,0.0,0.0,2.154e-06,0.0,0.0,0.0,0.0,2.154e-06,4.642e-05,0.0
24464550.0,4995000000.0,5000000.0,5.0,0.0,0.0487,0.0487,0.0487,0.0487,21.428,1.5792,0.0020493,1.5792,21.428,1.5792e-05,0.0020493,1.5792e-05,0.0,0.0,0.0,0.0,1e-07,0.0,0.0,0.0,4.642e-05,0.0,0.0,0.0,0.0,4.642e-05,1e-07,0.0
24466245.0,4995000000.0,5000000.0,5.0,0.0,0.0487,0.0487,0.0487,0.0487,21.428,5.8156,0.0,5.8156,21.428,5.8156e-05,0.0,5.8156e-05,0.0,0.0,0.0,0.0,1e-11,0.0,0.0,0.0,0.001,0.0,0.0,0.0,0.0,0.001,1e-11,0.0
24464614.0,4995000000.0,5000000.0,5.0,0.0,0.0487,0.0487,0.0487,0.0487,21.428,1.5792,0.0020493,1.5792,21.428,0.00015103,0.0020493,0.00015103,0.0,0.0,0.0,0.0,4.642e-05,0.0,0.0,0.0,0.001,0.0,0.0,0.0,0.0,0.001,4.642e-05,0.0
24464017.0,4995000000.0,5000000.0,5.0,0.0,0.0487,0.0487,0.0487,0.0487,21.428,1.5792,0.0,1.5792,21.428,0.013739,0.0,0.013739,0.0,0.0,0.0,0.0,2.154e-06,0.0,0.0,0.0,2.154e-06,0.0,0.0,0.0,0.0,2.154e-06,2.154e-06,0.0
24460022.0,4995000000.0,5000000.0,5.0,0.0,0.0487,0.0487,0.0487,0.0487,21.428,0.11571,0.019598,0.11571,21.428,0.0,0.019598,0.0,0.0,0.0,0.0,0.0,1e-11,0.0,0.0,0.0,0.001,0.0,0.0,0.0,0.0,0.001,1e-11,0.0
24467314.0,4995000000.0,5000000.0,5.0,0.0,0.0487,0.0487,0.0487,0.0487,21.428,5.8156,0.019598,5.8156,21.428,5.8156e-05,0.019598,5.8156e-05,0.0,0.0,0.0,0.0,0.001,0.0,0.0,0.0,2.154e-06,0.0,0.0,0.0,0.0,2.154e-06,0.001,0.0
24461428.0,4995000000.0,5000000.0,5.0,0.0,0.0487,0.0487,0.0487,0.0487,21.428,0.42856,0.0,0.42856,21.428,0.0,0.0,0.0,0.0,0.0,0.0,0.0,4.642e-05,0.0,0.0,0.0,4.642e-05,0.0,0.0,0.0,0.0,4.642e-05,4.642e-05,0.0
24468729.0,4995000000.0,5000000.0,5.0,0.0,0.0487,0.0487,0.0487,0.0487,21.428,21.428,0.0,21.428,21.428,0.0020493,0.0,0.0020493,0.0,0.0,0.0,0.0,4.642e-05,0.0,0.0,0.0,4.642e-05,0.0,0.0,0.0,0.0,4.642e-05,4.642e-05,0.0
24466676.0,4995000000.0,5000000.0,5.0,0.0,0.0487,0.0487,0.0487,0.0487,21.428,5.8156,0.00021428,5.8156,21.428,0.00055617,0.00021428,0.00055617,0.0,0.0,0.0,0.0,0.001,0.0,0.0,0.0,1e-07,0.0,0.0,0.0,0.0,1e-07,0.001,0.0
24466728.0,4995000000.0,5000000.0,5.0,0.0,0.0487,0.0487,0.0487,0.0487,21.428,5.8156,0.00021428,5.8156,21.428,0.005319,0.00021428,0.005319,0.0,0.0,0.0,0.0,0.001,0.0,0.0,0.0,0.001,0.0,0.0,0.0,0.0,0.001,0.001,0.0
24465003.0,4995000000.0,5000000.0,5.0,0.0,0.0487,0.0487,0.0487,0.0487,21.428,1.5792,0.019598,1.5792,21.428,0.0014444,0.019598,0.0014444,0.0,0.0,0.0,0.0,4.642e-05,0.0,0.0,0.0,1e-07,0.0,0.0,0.0,0.0,1e-07,4.642e-05,0.0
24466201.0,4995000000.0,5000000.0,5.0,0.0,0.0487,0.0487,0.0487,0.0487,21.428,5.8156,0.0,5.8156,21.428,0.0,0.0,0.0,0.0,0.0,0.0,0.0,2.154e-10,0.0,0.0,0.0,2.154e-06,0.0,0.0,0.0,0.0,2.154e-06,2.154e-10,0.0
24460132.0,4995000000.0,5000000.0,5.0,0.0,0.0487,0.0487,0.0487,0.0487,21.428,0.11571,0.019598,0.11571,21.428,1.1066e-05,0.019598,1.1066e-05,0.0,0.0,0.0,0.0,4.642e-09,0.0,0.0,0.0,2.154e-06,0.0,0.0,0.0,0.0,2.154e-06,4.642e-09,0.0
24464922.0,4995000000.0,5000000.0,5.0,0.0,0.0487,0.0487,0.0487,0.0487,21.428,1.5792,0.019598,1.5792,21.428,0.00015103,0.019598,0.00015103,0.0,0.0,0.0,0.0,1e-11,0.0,0.0,0.0,0.001,0.0,0.0,0.0,0.0,0.001,1e-11,0.0
24469715.0,4995000000.0,5000000.0,5.0,0.0,0.0487,0.0487,0.0487,0.0487,21.428,21.428,0.019598,21.428,21.428,0.00021428,0.019598,0.00021428,0.0,0.0,0.0,0.0,0.001,0.0,0.0,0.0,2.154e-06,0.0,0.0,0.0,0.0,2.154e-06,0.001,0.0
24461663.0,4995000000.0,5000000.0,5.0,0.0,0.0487,0.0487,0.0487,0.0487,21.428,0.42856,0.0,0.42856,21.428,0.03587,0.0,0.03587,0.0,0.0,0.0,0.0,2.154e-06,0.0,0.0,0.0,4.642e-09,0.0,0.0,0.0,0.0,4.642e-09,2.154e-06,0.0
24462604.0,4995000000.0,5000000.0,5.0,0.0,0.0487,0.0487,0.0487,0.0487,21.428,0.42856,0.019598,0.42856,21.428,0.00039197,0.019598,0.00039197,0.0,0.0,0.0,0.0,4.642e-05,0.0,0.0,0.0,4.642e-05,0.0,0.0,0.0,0.0,4.642e-05,4.642e-05,0.0
24462216.0,4995000000.0,5000000.0,5.0,0.0,0.0487,0.0487,0.0487,0.0487,21.428,0.42856,0.0020493,0.42856,21.428,4.0985e-05,0.0020493,4.0985e-05,0.0,0.0,0.0,0.0,0.001,0.0,0.0,0.0,4.642e-09,0.0,0.0,0.0,0.0,4.642e-09,0.001,0.0
24464541.0,4995000000.0,5000000.0,5.0,0.0,0.0487,0.0487,0.0487,0.0487,21.428,1.5792,0.0020493,1.5792,21.428,1.5792e-05,0.0020493,1.5792e-05,0.0,0.0,0.0,0.0,4.642e-09,0.0,0.0,0.0,1e-07,0.0,0.0,0.0,0.0,1e-07,4.642e-09,0.0
24466678.0,4995000000.0,5000000.0,5.0,0.0,0.0487,0.0487,0.0487,0.0487,21.428,5.8156,0.00021428,5.8156,21.428,0.00055617,0.00021428,0.00055617,0.0,0.0,0.0,0.0,0.001,0.0,0.0,0.0,4.642e-05,0.0,0.0,0.0,0.0,4.642e-05,0.001,0.0
24464544.0,4995000000.0,5000000.0,5.0,0.0,0.0487,0.0487,0.0487,0.0487,21.428,1.5792,0.0020493,1.5792,21.428,1.5792e-05,0.0020493,1.5792e-05,0.0,0.0,0.0,0.0,4.642e-09,0.0,0.0,0.0,0.001,0.0,0.0,0.0,0.0,0.001,4.642e-09,0.0
24461544.0,4995000000.0,5000000.0,5.0,0.0,0.0487,0.0487,0.0487,0.0487,21.428,0.42856,0.0,0.42856,21.428,0.00039197,0.0,0.00039197,0.0,0.0,0.0,0.0,2.154e-10,0.0,0.0,0.0,4.642e-09,0.0,0.0,0.0,0.0,4.642e-09,2.154e-10,0.0
24466635.0,4995000000.0,5000000.0,5.0,0.0,0.0487,0.0487,0.0487,0.0487,21.428,5.8156,0.00021428,5.8156,21.428,0.00055617,0.00021428,0.00055617,0.0,0.0,0.0,0.0,1e-11,0.0,0.0,0.0,2.154e-06,0.0,0.0,0.0,0.0,2.154e-06,1e-11,0.0
24467372.0,4995000000.0,5000000.0,5.0,0.0,0.0487,0.0487,0.0487,0.0487,21.428,5.8156,0.019598,5.8156,21.428,0.005319,0.019598,0.005319,0.0,0.0,0.0,0.0,1e-11,0.0,0.0,0.0,0.001,0.0,0.0,0.0,0.0,0.001,1e-11,0.0
24467316.0,4995000000.0,5000000.0,5.0,0.0,0.0487,0.0487,0.0487,0.0487,21.428,5.8156,0.019598,5.8156,21.428,5.8156e-05,0.019598,5.8156e-05,0.0,0.0,0.0,0.0,0.001,0.0,0.0,0.0,0.001,0.0,0.0,0.0,0.0,0.001,0.001,0.0
24462107.0,4995000000.0,5000000.0,5.0,0.0,0.0487,0.0487,0.0487,0.0487,21.428,0.42856,0.0020493,0.42856,21.428,0.0,0.0020493,0.0,0.0,0.0,0.0,0.0,2.154e-06,0.0,0.0,0.0,4.642e-05,0.0,0.0,0.0,0.0,4.642e-05,2.154e-06,0.0
24466384.0,4995000000.0,5000000.0,5.0,0.0,0.0487,0.0487,0.0487,0.0487,21.428,5.8156,0.0,5.8156,21.428,0.005319,0.0,0.005319,0.0,0.0,0.0,0.0,0.001,0.0,0.0,0.0,4.642e-05,0.0,0.0,0.0,0.0,4.642e-05,0.001,0.0
24464589.0,4995000000.0,5000000.0,5.0,0.0,0.0487,0.0487,0.0487,0.0487,21.428,1.5792,0.0020493,1.5792,21.428,0.00015103,0.0020493,0.00015103,0.0,0.0,0.0,0.0,4.642e-09,0.0,0.0,0.0,4.642e-09,0.0,0.0,0.0,0.0,4.642e-09,4.642e-09,0.0
24462323.0,4995000000.0,5000000.0,5.0,0.0,0.0487,0.0487,0.0487,0.0487,21.428,0.42856,0.0020493,0.42856,21.428,0.03587,0.0020493,0.03587,0.0,0.0,0.0,0.0,1e-11,0.0,0.0,0.0,2.154e-06,0.0,0.0,0.0,0.0,2.154e-06,1e-11,0.0
24462203.0,4995000000.0,5000000.0,5.0,0.0,0.0487,0.0487,0.0487,0.0487,21.428,0.42856,0.0020493,0.42856,21.428,4.0985e-05,0.0020493,4.0985e-05,0.0,0.0,0.0,0.0,2.154e-06,0.0,0.0,0.0,1e-07,0.0,0.0,0.0,0.0,1e-07,2.154e-06,0.0
24460183.0,4995000000.0,5000000.0,5.0,0.0,0.0487,0.0487,0.0487,0.0487,21.428,0.11571,0.019598,0.11571,21.428,0.00010583,0.019598,0.00010583,0.0,0.0,0.0,0.0,4.642e-09,0.0,0.0,0.0,0.001,0.0,0.0,0.0,0.0,0.001,4.642e-09,0.0
24462013.0,4995000000.0,5000000.0,5.0,0.0,0.0487,0.0487,0.0487,0.0487,21.428,0.42856,0.00021428,0.42856,21.428,0.03587,0.00021428,0.03587,0.0,0.0,0.0,0.0,4.642e-05,0.0,0.0,0.0,4.642e-09,0.0,0.0,0.0,0.0,4.642e-09,4.642e-05,0.0
24460285.0,4995000000.0,5000000.0,5.0,0.0,0.0487,0.0487,0.0487,0.0487,21.428,0.11571,0.019598,0.11571,21.428,0.009685,0.019598,0.009685,0.0,0.0,0.0,0.0,1e-07,0.0,0.0,0.0,1e-07,0.0,0.0,0.0,0.0,1e-07,1e-07,0.0
24466962.0,4995000000.0,5000000.0,5.0,0.0,0.0487,0.0487,0.0487,0.0487,21.428,5.8156,0.0020493,5.8156,21.428,5.8156e-05,0.0020493,5.8156e-05,0.0,0.0,0.0,0.0,4.642e-05,0.0,0.0,0.0,4.642e-09,0.0,0.0,0.0,0.0,4.642e-09,4.642e-05,0.0
24464137.0,4995000000.0,5000000.0,5.0,0.0,0.0487,0.0487,0.0487,0.0487,21.428,1.5792,0.00021428,1.5792,21.428,0.0,0.00021428,0.0,0.0,0.0,0.0,0.0,1e-11,0.0,0.0,0.0,4.642e-05,0.0,0.0,0.0,0.0,4.642e-05,1e-11,0.0
24463970.0,4995000000.0,5000000.0,5.0,0.0,0.0487,0.0487,0.0487,0.0487,21.428,1.5792,0.0,1.5792,21.428,0.0014444,0.0,0.0014444,0.0,0.0,0.0,0.0,2.154e-06,0.0,0.0,0.0,0.001,0.0,0.0,0.0,0.0,0.001,2.154e-06,0.0
24460098.0,4995000000.0,5000000.0,5.0,0.0,0.0487,0.0487,0.0487,0.0487,21.428,0.11571,0.019598,0.11571,21.428,1.1571e-06,0.019598,1.1571e-06,0.0,0.0,0.0,0.0,2.154e-06,0.0,0.0,0.0,4.642e-05,0.0,0.0,0.0,0.0,4.642e-05,2.154e-06,0.0
24463905.0,4995000000.0,5000000.0,5.0,0.0,0.0487,0.0487,0.0487,0.0487,21.428,1.5792,0.0,1.5792,21.428,0.00015103,0.0,0.00015103,0.0,0.0,0.0,0.0,4.642e-09,0.0,0.0,0.0,2.154e-06,0.0,0.0,0.0,0.0,2.154e-06,4.642e-09,0.0
24469764.0,4995000000.0,5000000.0,5.0,0.0,0.0487,0.0487,0.0487,0.0487,21.428,21.428,0.019598,21.428,21.428,0.0020493,0.019598,0.0020493,0.0,0.0,0.0,0.0,0.001,0.0,0.0,0.0,2.154e-06,0.0,0.0,0.0,0.0,2.154e-06,0.001,0.0
24466934.0,4995000000.0,5000000.0,5.0,0.0,0.0487,0.0487,0.0487,0.0487,21.428,5.8156,0.0020493,5.8156,21.428,5.8156e-05,0.0020493,5.8156e-05,0.0,0.0,0.0,0.0,2.154e-10,0.0,0.0,0.0,4.642e-09,0.0,0.0,0.0,0.0,4.642e-09,2.154e-10,0.0
24464865.0,4995000000.0,5000000.0,5.0,0.0,0.0487,0.0487,0.0487,0.0487,21.428,1.5792,0.019598,1.5792,21.428,0.0,0.019598,0.0,0.0,0.0,0.0,0.0,0.001,0.0,0.0,0.0,4.642e-05,0.0,0.0,0.0,0.0,4.642e-05,0.001,0.0
24466318.0,4995000000.0,5000000.0,5.0,0.0,0.0487,0.0487,0.0487,0.0487,21.428,5.8156,0.0,5.8156,21.428,0.00055617,0.0,0.00055617,0.0,0.0,0.0,0.0,2.154e-06,0.0,0.0,0.0,4.642e-09,0.0,0.0,0.0,0.0,4.642e-09,2.154e-06,0.0
24461590.0,4995000000.0,5000000.0,5.0,0.0,0.0487,0.0487,0.0487,0.0487,21.428,0.42856,0.0,0.42856,21.428,0.0037285,0.0,0.0037285,0.0,0.0,0.0,0.0,1e-11,0.0,0.0,0.0,0.001,0.0,0.0,0.0,0.0,0.001,1e-11,0.0
24466312.0,4995000000.0,5000000.0,5.0,0.0,0.0487,0.0487,0.0487,0.0487,21.428,5.8156,0.0,5.8156,21.428,0.00055617,0.0,0.00055617,0.0,0.0,0.0,0.0,1e-07,0.0,0.0,0.0,1e-07,0.0,0.0,0.0,0.0,1e-07,1e-07,0.0
24461954.0,4995000000.0,5000000.0,5.0,0.0,0.0487,0.0487,0.0487,0.0487,21.428,0.42856,0.00021428,0.42856,21.428,0.0037285,0.00021428,0.0037285,0.0,0.0,0.0,0.0,1e-07,0.0,0.0,0.0,0.001,0.0,0.0,0.0,0.0,0.001,1e-07,0.0
24466195.0,4995000000.0,5000000.0,5.0,0.0,0.0487,0.0487,0.0487,0.0487,21.428,5.8156,0.0,5.8156,21.428,0.0,0.0,0.0,0.0,0.0,0.0,0.0,1e-11,0.0,0.0,0.0,4.642e-05,0.0,0.0,0.0,0.0,4.642e-05,1e-11,0.0
24466315.0,4995000000.0,5000000.0,5.0,0.0,0.0487,0.0487,0.0487,0.0487,21.428,5.8156,0.0,5.8156,21.428,0.00055617,0.0,0.00055617,0.0,0.0,0.0,0.0,1e-07,0.0,0.0,0.0,0.001,0.0,0.0,0.0,0.0,0.001,1e-07,0.0
24461644.0,4995000000.0,5000000.0,5.0,0.0,0.0487,0.0487,0.0487,0.0487,21.428,0.42856,0.0,0.42856,21.428,0.03587,0.0,0.03587,0.0,0.0,0.0,0.0,2.154e-10,0.0,0.0,0.0,2.154e-06,0.0,0.0,0.0,0.0,2.154e-06,2.154e-10,0.0
24466588.0,4995000000.0,5000000.0,5.0,0.0,0.0487,0.0487,0.0487,0.0487,21.428,5.8156,0.00021428,5.8156,21.428,5.8156e-05,0.00021428,5.8156e-05,0.0,0.0,0.0,0.0,1e-11,0.0,0.0,0.0,0.001,0.0,0.0,0.0,0.0,0.001,1e-11,0.0
24464905.0,4995000000.0,5000000.0,5.0,0.0,0.0487,0.0487,0.0487,0.0487,21.428,1.5792,0.019598,1.5792,21.428,1.5792e-05,0.019598,1.5792e-05,0.0,0.0,0.0,0.0,4.642e-05,0.0,0.0,0.0,1e-07,0.0,0.0,0.0,0.0,1e-07,4.642e-05,0.0
24462316.0,4995000000.0,5000000.0,5.0,0.0,0.0487,0.0487,0.0487,0.0487,21.428,0.42856,0.0020493,0.42856,21.428,0.0037285,0.0020493,0.0037285,0.0,0.0,0.0,0.0,0.001,0.0,0.0,0.0,2.154e-06,0.0,0.0,0.0,0.0,2.154e-06,0.001,0.0
24462093.0,4995000000.0,5000000.0,5.0,0.0,0.0487,0.0487,0.0487,0.0487,21.428,0.42856,0.0020493,0.42856,21.428,0.0,0.0020493,0.0,0.0,0.0,0.0,0.0,4.642e-09,0.0,0.0,0.0,4.642e-05,0.0,0.0,0.0,0.0,4.642e-05,4.642e-09,0.0
24461881.0,4995000000.0,5000000.0,5.0,0.0,0.0487,0.0487,0.0487,0.0487,21.428,0.42856,0.00021428,0.42856,21.428,0.00039197,0.00021428,0.00039197,0.0,0.0,0.0,0.0,1e-11,0.0,0.0,0.0,1e-07,0.0,0.0,0.0,0.0,1e-07,1e-11,0.0
24464851.0,4995000000.0,5000000.0,5.0,0.0,0.0487,0.0487,0.0487,0.0487,21.428,1.5792,0.019598,1.5792,21.428,0.0,0.019598,0.0,0.0,0.0,0.0,0.0,2.154e-06,0.0,0.0,0.0,4.642e-05,0.0,0.0,0.0,0.0,4.642e-05,2.154e-06,0.0
24462575.0,4995000000.0,5000000.0,5.0,0.0,0.0487,0.0487,0.0487,0.0487,21.428,0.42856,0.019598,0.42856,21.428,0.00039197,0.019598,0.00039197,0.0,0.0,0.0,0.0,2.154e-10,0.0,0.0,0.0,2.154e-06,0.0,0.0,0.0,0.0,2.154e-06,2.154e-10,0.0
24464591.0,4995000000.0,5000000.0,5.0,0.0,0.0487,0.0487,0.0487,0.0487,21.428,1.5792,0.0020493,1.5792,21.428,0.00015103,0.0020493,0.00015103,0.0,0.0,0.0,0.0,4.642e-09,0.0,0.0,0.0,2.154e-06,0.0,0.0,0.0,0.0,2.154e-06,4.642e-09,0.0
24461666.0,4995000000.0,5000000.0,5.0,0.0,0.0487,0.0487,0.0487,0.0487,21.428,0.42856,0.0,0.42856,21.428,0.03587,0.0,0.03587,0.0,0.0,0.0,0.0,2.154e-06,0.0,0.0,0.0,4.642e-05,0.0,0.0,0.0,0.0,4.642e-05,2.154e-06,0.0
24467224.0,4995000000.0,5000000.0,5.0,0.0,0.0487,0.0487,0.0487,0.0487,21.428,5.8156,0.019598,5.8156,21.428,0.0,0.019598,0.0,0.0,0.0,0.0,0.0,1e-11,0.0,0.0,0.0,4.642e-05,0.0,0.0,0.0,0.0,4.642e-05,1e-11,0.0
24460099.0,4995000000.0,5000000.0,5.0,0.0,0.0487,0.0487,0.0487,0.0487,21.428,0.11571,0.019598,0.11571,21.428,1.1571e-06,0.019598,1.1571e-06,0.0,0.0,0.0,0.0,2.154e-06,0.0,0.0,0.0,0.001,0.0,0.0,0.0,0.0,0.001,2.154e-06,0.0
24466192.0,4995000000.0,5000000.0,5.0,0.0,0.0487,0.0487,0.0487,0.0487,21.428,5.8156,0.0,5.8156,21.428,0.0,0.0,0.0,0.0,0.0,0.0,0.0,1e-11,0.0,0.0,0.0,4.642e-09,0.0,0.0,0.0,0.0,4.642e-09,1e-11,0.0
24464022.0,4995000000.0,5000000.0,5.0,0.0,0.0487,0.0487,0.0487,0.0487,21.428,1.5792,0.0,1.5792,21.428,0.013739,0.0,0.013739,0.0,0.0,0.0,0.0,4.642e-05,0.0,0.0,0.0,4.642e-09,0.0,0.0,0.0,0.0,4.642e-09,4.642e-05,0.0
24461426.0,4995000000.0,5000000.0,5.0,0.0,0.0487,0.0487,0.0487,0.0487,21.428,0.42856,0.0,0.42856,21.428,0.0,0.0,0.0,0.0,0.0,0.0,0.0,4.642e-05,0.0,0.0,0.0,1e-07,0.0,0.0,0.0,0.0,1e-07,4.642e-05,0.0
24464535.0,4995000000.0,5000000.0,5.0,0.0,0.0487,0.0487,0.0487,0.0487,21.428,1.5792,0.0020493,1.5792,21.428,1.5792e-05,0.0020493,1.5792e-05,0.0,0.0,0.0,0.0,2.154e-10,0.0,0.0,0.0,2.154e-06,0.0,0.0,0.0,0.0,2.154e-06,2.154e-10,0.0
24462224.0,4995000000.0,5000000.0,5.0,0.0,0.0487,0.0487,0.0487,0.0487,21.428,0.42856,0.0020493,0.42856,21.428,0.00039197,0.0020493,0.00039197,0.0,0.0,0.0,0.0,1e-11,0.0,0.0,0.0,1e-07,0.0,0.0,0.0,0.0,1e-07,1e-11,0.0
24461875.0,4995000000.0,5000000.0,5.0,0.0,0.0487,0.0487,0.0487,0.0487,21.428,0.42856,0.00021428,0.42856,21.428,4.0985e-05,0.00021428,4.0985e-05,0.0,0.0,0.0,0.0,0.001,0.0,0.0,0.0,2.154e-06,0.0,0.0,0.0,0.0,2.154e-06,0.001,0.0
24464701.0,4995000000.0,5000000.0,5.0,0.0,0.0487,0.0487,0.0487,0.0487,21.428,1.5792,0.0020493,1.5792,21.428,0.013739,0.0020493,0.013739,0.0,0.0,0.0,0.0,2.154e-06,0.0,0.0,0.0,4.642e-09,0.0,0.0,0.0,0.0,4.642e-09,2.154e-06,0.0
24462139.0,4995000000.0,5000000.0,5.0,0.0,0.0487,0.0487,0.0487,0.0487,21.428,0.42856,0.0020493,0.42856,21.428,4.2856e-06,0.0020493,4.2856e-06,0.0,0.0,0.0,0.0,4.642e-09,0.0,0.0,0.0,4.642e-09,0.0,0.0,0.0,0.0,4.642e-09,4.642e-09,0.0
24461491.0,4995000000.0,5000000.0,5.0,0.0,0.0487,0.0487,0.0487,0.0487,21.428,0.42856,0.0,0.42856,21.428,4.0985e-05,0.0,4.0985e-05,0.0,0.0,0.0,0.0,1e-11,0.0,0.0,0.0,4.642e-05,0.0,0.0,0.0,0.0,4.642e-05,1e-11,0.0
24467055.0,4995000000.0,5000000.0,5.0,0.0,0.0487,0.0487,0.0487,0.0487,21.428,5.8156,0.0020493,5.8156,21.428,0.005319,0.0020493,0.005319,0.0,0.0,0.0,0.0,2.154e-06,0.0,0.0,0.0,2.154e-06,0.0,0.0,0.0,0.0,2.154e-06,2.154e-06,0.0
24464906.0,4995000000.0,5000000.0,5.0,0.0,0.0487,0.0487,0.0487,0.0487,21.428,1.5792,0.019598,1.5792,21.428,1.5792e-05,0.019598,1.5792e-05,0.0,0.0,0.0,0.0,4.642e-05,0.0,0.0,0.0,2.154e-06,0.0,0.0,0.0,0.0,2.154e-06,4.642e-05,0.0
24468687.0,4995000000.0,5000000.0,5.0,0.0,0.0487,0.0487,0.0487,0.0487,21.428,21.428,0.0,21.428,21.428,0.00021428,0.0,0.00021428,0.0,0.0,0.0,0.0,0.001,0.0,0.0,0.0,4.642e-05,0.0,0.0,0.0,0.0,4.642e-05,0.001,0.0
24464669.0,4995000000.0,5000000.0,5.0,0.0,0.0487,0.0487,0.0487,0.0487,21.428,1.5792,0.0020493,1.5792,21.428,0.0014444,0.0020493,0.0014444,0.0,0.0,0.0,0.0,0.001,0.0,0.0,0.0,4.642e-05,0.0,0.0,0.0,0.0,4.642e-05,0.001,0.0
24461672.0,4995000000.0,5000000.0,5.0,0.0,0.0487,0.0487,0.0487,0.0487,21.428,0.42856,0.0,0.42856,21.428,0.03587,0.0,0.03587,0.0,0.0,0.0,0.0,4.642e-05,0.0,0.0,0.0,2.154e-06,0.0,0.0,0.0,0.0,2.154e-06,4.642e-05,0.0
24464884.0,4995000000.0,5000000.0,5.0,0.0,0.0487,0.0487,0.0487,0.0487,21.428,1.5792,0.019598,1.5792,21.428,1.5792e-05,0.019598,1.5792e-05,0.0,0.0,0.0,0.0,4.642e-09,0.0,0.0,0.0,1e-07,0.0,0.0,0.0,0.0,1e-07,4.642e-09,0.0
24464025.0,4995000000.0,5000000.0,5.0,0.0,0.0487,0.0487,0.0487,0.0487,21.428,1.5792,0.0,1.5792,21.428,0.013739,0.0,0.013739,0.0,0.0,0.0,0.0,4.642e-05,0.0,0.0,0.0,4.642e-05,0.0,0.0,0.0,0.0,4.642e-05,4.642e-05,0.0
24466640.0,4995000000.0,5000000.0,5.0,0.0,0.0487,0.0487,0.0487,0.0487,21.428,5.8156,0.00021428,5.8156,21.428,0.00055617,0.00021428,0.00055617,0.0,0.0,0.0,0.0,2.154e-10,0.0,0.0,0.0,4.642e-09,0.0,0.0,0.0,0.0,4.642e-09,2.154e-10,0.0
24460056.0,4995000000.0,5000000.0,5.0,0.0,0.0487,0.0487,0.0487,0.0487,21.428,0.11571,0.019598,0.11571,21.428,0.0,0.019598,0.0,0.0,0.0,0.0,0.0,4.642e-05,0.0,0.0,0.0,4.642e-05,0.0,0.0,0.0,0.0,4.642e-05,4.642e-05,0.0
24466284.0,4995000000.0,5000000.0,5.0,0.0,0.0487,0.0487,0.0487,0.0487,21.428,5.8156,0.0,5.8156,21.428,5.8156e-05,0.0,5.8156e-05,0.0,0.0,0.0,0.0,0.001,0.0,0.0,0.0,1e-07,0.0,0.0,0.0,0.0,1e-07,0.001,0.0
24464676.0,4995000000.0,5000000.0,5.0,0.0,0.0487,0.0487,0.0487,0.0487,21.428,1.5792,0.0020493,1.5792,21.428,0.013739,0.0020493,0.013739,0.0,0.0,0.0,0.0,1e-11,0.0,0.0,0.0,4.642e-05,0.0,0.0,0.0,0.0,4.642e-05,1e-11,0.0
24466279.0,4995000000.0,5000000.0,5.0,0.0,0.0487,0.0487,0.0487,0.0487,21.428,5.8156,0.0,5.8156,21.428,5.8156e-05,0.0,5.8156e-05,0.0,0.0,0.0,0.0,4.642e-05,0.0,0.0,0.0,4.642e-05,0.0,0.0,0.0,0.0,4.642e-05,4.642e-05,0.0
24467264.0,4995000000.0,5000000.0,5.0,0.0,0.0487,0.0487,0.0487,0.0487,21.428,5.8156,0.019598,5.8156,21.428,0.0,0.019598,0.0,0.0,0.0,0.0,0.0,0.001,0.0,0.0,0.0,1e-07,0.0,0.0,0.0,0.0,1e-07,0.001,0.0
24462154.0,4995000000.0,5000000.0,5.0,0.0,0.0487,0.0487,0.0487,0.0487,21.428,0.42856,0.0020493,0.42856,21.428,4.2856e-06,0.0020493,4.2856e-06,0.0,0.0,0.0,0.0,2.154e-06,0.0,0.0,0.0,1e-07,0.0,0.0,0.0,0.0,1e-07,2.154e-06,0.0
24464220.0,4995000000.0,5000000.0,5.0,0.0,0.0487,0.0487,0.0487,0.0487,21.428,1.5792,0.00021428,1.5792,21.428,1.5792e-05,0.00021428,1.5792e-05,0.0,0.0,0.0,0.0,4.642e-05,0.0,0.0,0.0,2.154e-06,0.0,0.0,0.0,0.0,2.154e-06,4.642e-05,0.0
24466238.0,4995000000.0,5000000.0,5.0,0.0,0.0487,0.0487,0.0487,0.0487,21.428,5.8156,0.0,5.8156,21.428,0.0,0.0,0.0,0.0,0.0,0.0,0.0,0.001,0.0,0.0,0.0,0.001,0.0,0.0,0.0,0.0,0.001,0.001,0.0
24467005.0,4995000000.0,5000000.0,5.0,0.0,0.0487,0.0487,0.0487,0.0487,21.428,5.8156,0.0020493,5.8156,21.428,0.00055617,0.0020493,0.00055617,0.0,0.0,0.0,0.0,2.154e-06,0.0,0.0,0.0,1e-07,0.0,0.0,0.0,0.0,1e-07,2.154e-06,0.0
24464358.0,4995000000.0,5000000.0,5.0,0.0,0.0487,0.0487,0.0487,0.0487,21.428,1.5792,0.00021428,1.5792,21.428,0.013739,0.00021428,0.013739,0.0,0.0,0.0,0.0,2.154e-06,0.0,0.0,0.0,4.642e-09,0.0,0.0,0.0,0.0,4.642e-09,2.154e-06,0.0
24460211.0,4995000000.0,5000000.0,5.0,0.0,0.0487,0.0487,0.0487,0.0487,21.428,0.11571,0.019598,0.11571,21.428,0.00010583,0.019598,0.00010583,0.0,0.0,0.0,0.0,0.001,0.0,0.0,0.0,0.001,0.0,0.0,0.0,0.0,0.001,0.001,0.0
24466333.0,4995000000.0,5000000.0,5.0,0.0,0.0487,0.0487,0.0487,0.0487,21.428,5.8156,0.0,5.8156,21.428,0.00055617,0.0,0.00055617,0.0,0.0,0.0,0.0,0.001,0.0,0.0,0.0,1e-07,0.0,0.0,0.0,0.0,1e-07,0.001,0.0
24468982.0,4995000000.0,5000000.0,5.0,0.0,0.0487,0.0487,0.0487,0.0487,21.428,21.428,0.00021428,21.428,21.428,0.0,0.00021428,0.0,0.0,0.0,0.0,0.0,0.001,0.0,0.0,0.0,0.001,0.0,0.0,0.0,0.0,0.001,0.001,0.0
24461531.0,4995000000.0,5000000.0,5.0,0.0,0.0487,0.0487,0.0487,0.0487,21.428,0.42856,0.0,0.42856,21.428,4.0985e-05,0.0,4.0985e-05,0.0,0.0,0.0,0.0,0.001,0.0,0.0,0.0,1e-07,0.0,0.0,0.0,0.0,1e-07,0.001,0.0
24461580.0,4995000000.0,5000000.0,5.0,0.0,0.0487,0.0487,0.0487,0.0487,21.428,0.42856,0.0,0.42856,21.428,0.00039197,0.0,0.00039197,0.0,0.0,0.0,0.0,0.001,0.0,0.0,0.0,1e-07,0.0,0.0,0.0,0.0,1e-07,0.001,0.0
24460126.0,4995000000.0,5000000.0,5.0,0.0,0.0487,0.0487,0.0487,0.0487,21.428,0.11571,0.019598,0.11571,21.428,1.1066e-05,0.019598,1.1066e-05,0.0,0.0,0.0,0.0,2.154e-10,0.0,0.0,0.0,4.642e-05,0.0,0.0,0.0,0.0,4.642e-05,2.154e-10,0.0
24468639.0,4995000000.0,5000000.0,5.0,0.0,0.0487,0.0487,0.0487,0.0487,21.428,21.428,0.0,21.428,21.428,0.0,0.0,0.0,0.0,0.0,0.0,0.0,0.001,0.0,0.0,0.0,0.001,0.0,0.0,0.0,0.0,0.001,0.001,0.0
24469115.0,4995000000.0,5000000.0,5.0,0.0,0.0487,0.0487,0.0487,0.0487,21.428,21.428,0.00021428,21.428,21.428,0.019598,0.00021428,0.019598,0.0,0.0,0.0,0.0,2.154e-06,0.0,0.0,0.0,0.001,0.0,0.0,0.0,0.0,0.001,2.154e-06,0.0
24465047.0,4995000000.0,5000000.0,5.0,0.0,0.0487,0.0487,0.0487,0.0487,21.428,1.5792,0.019598,1.5792,21.428,0.013739,0.019598,0.013739,0.0,0.0,0.0,0.0,2.154e-06,0.0,0.0,0.0,4.642e-05,0.0,0.0,0.0,0.0,4.642e-05,2.154e-06,0.0
24461586.0,4995000000.0,5000000.0,5.0,0.0,0.0487,0.0487,0.0487,0.0487,21.428,0.42856,0.0,0.42856,21.428,0.0037285,0.0,0.0037285,0.0,0.0,0.0,0.0,1e-11,0.0,0.0,0.0,4.642e-09,0.0,0.0,0.0,0.0,4.642e-09,1e-11,0.0
24464243.0,4995000000.0,5000000.0,5.0,0.0,0.0487,0.0487,0.0487,0.0487,21.428,1.5792,0.00021428,1.5792,21.428,0.00015103,0.00021428,0.00015103,0.0,0.0,0.0,0.0,2.154e-10,0.0,0.0,0.0,0.001,0.0,0.0,0.0,0.0,0.001,2.154e-10,0.0
24462328.0,4995000000.0,5000000.0,5.0,0.0,0.0487,0.0487,0.0487,0.0487,21.428,0.42856,0.0020493,0.42856,21.428,0.03587,0.0020493,0.03587,0.0,0.0,0.0,0.0,2.154e-10,0.0,0.0,0.0,4.642e-09,0.0,0.0,0.0,0.0,4.642e-09,2.154e-10,0.0
24461461.0,4995000000.0,5000000.0,5.0,0.0,0.0487,0.0487,0.0487,0.0487,21.428,0.42856,0.0,0.42856,21.428,4.2856e-06,0.0,4.2856e-06,0.0,0.0,0.0,0.0,1e-07,0.0,0.0,0.0,1e-07,0.0,0.0,0.0,0.0,1e-07,1e-07,0.0
24467330.0,4995000000.0,5000000.0,5.0,0.0,0.0487,0.0487,0.0487,0.0487,21.428,5.8156,0.019598,5.8156,21.428,0.00055617,0.019598,0.00055617,0.0,0.0,0.0,0.0,2.154e-10,0.0,0.0,0.0,0.001,0.0,0.0,0.0,0.0,0.001,2.154e-10,0.0
24464641.0,4995000000.0,5000000.0,5.0,0.0,0.0487,0.0487,0.0487,0.0487,21.428,1.5792,0.0020493,1.5792,21.428,0.0014444,0.0020493,0.0014444,0.0,0.0,0.0,0.0,4.642e-09,0.0,0.0,0.0,4.642e-05,0.0,0.0,0.0,0.0,4.642e-05,4.642e-09,0.0
24467021.0,4995000000.0,5000000.0,5.0,0.0,0.0487,0.0487,0.0487,0.0487,21.428,5.8156,0.0020493,5.8156,21.428,0.00055617,0.0020493,0.00055617,0.0,0.0,0.0,0.0,0.001,0.0,0.0,0.0,4.642e-05,0.0,0.0,0.0,0.0,4.642e-05,0.001,0.0
24461838.0,4995000000.0,5000000.0,5.0,0.0,0.0487,0.0487,0.0487,0.0487,21.428,0.42856,0.00021428,0.42856,21.428,4.0985e-05,0.00021428,4.0985e-05,0.0,0.0,0.0,0.0,2.154e-10,0.0,0.0,0.0,4.642e-09,0.0,0.0,0.0,0.0,4.642e-09,2.154e-10,0.0
24466270.0,4995000000.0,5000000.0,5.0,0.0,0.0487,0.0487,0.0487,0.0487,21.428,5.8156,0.0,5.8156,21.428,5.8156e-05,0.0,5.8156e-05,0.0,0.0,0.0,0.0,2.154e-06,0.0,0.0,0.0,1e-07,0.0,0.0,0.0,0.0,1e-07,2.154e-06,0.0
24462155.0,4995000000.0,5000000.0,5.0,0.0,0.0487,0.0487,0.0487,0.0487,21.428,0.42856,0.0020493,0.42856,21.428,4.2856e-06,0.0020493,4.2856e-06,0.0,0.0,0.0,0.0,2.154e-06,0.0,0.0,0.0,2.154e-06,0.0,0.0,0.0,0.0,2.154e-06,2.154e-06,0.0
24460260.0,4995000000.0,5000000.0,5.0,0.0,0.0487,0.0487,0.0487,0.0487,21.428,0.11571,0.019598,0.11571,21.428,0.0010067,0.019598,0.0010067,0.0,0.0,0.0,0.0,0.001,0.0,0.0,0.0,0.001,0.0,0.0,0.0,0.0,0.001,0.001,0.0
24463792.0,4995000000.0,5000000.0,5.0,0.0,0.0487,0.0487,0.0487,0.0487,21.428,1.5792,0.0,1.5792,21.428,0.0,0.0,0.0,0.0,0.0,0.0,0.0,1e-11,0.0,0.0,0.0,1e-07,0.0,0.0,0.0,0.0,1e-07,1e-11,0.0
24467225.0,4995000000.0,5000000.0,5.0,0.0,0.0487,0.0487,0.0487,0.0487,21.428,5.8156,0.019598,5.8156,21.428,0.0,0.019598,0.0,0.0,0.0,0.0,0.0,1e-11,0.0,0.0,0.0,0.001,0.0,0.0,0.0,0.0,0.001,1e-11,0.0
24466293.0,4995000000.0,5000000.0,5.0,0.0,0.0487,0.0487,0.0487,0.0487,21.428,5.8156,0.0,5.8156,21.428,0.00055617,0.0,0.00055617,0.0,0.0,0.0,0.0,1e-11,0.0,0.0,0.0,4.642e-05,0.0,0.0,0.0,0.0,4.642e-05,1e-11,0.0
24461790.0,4995000000.0,5000000.0,5.0,0.0,0.0487,0.0487,0.0487,0.0487,21.428,0.42856,0.00021428,0.42856,21.428,4.2856e-06,0.00021428,4.2856e-06,0.0,0.0,0.0,0.0,2.154e-10,0.0,0.0,0.0,1e-07,0.0,0.0,0.0,0.0,1e-07,2.154e-10,0.0
24462651.0,4995000000.0,5000000.0,5.0,0.0,0.0487,0.0487,0.0487,0.0487,21.428,0.42856,0.019598,0.42856,21.428,0.0037285,0.019598,0.0037285,0.0,0.0,0.0,0.0,4.642e-05,0.0,0.0,0.0,1e-07,0.0,0.0,0.0,0.0,1e-07,4.642e-05,0.0
24460167.0,4995000000.0,5000000.0,5.0,0.0,0.0487,0.0487,0.0487,0.0487,21.428,0.11571,0.019598,0.11571,21.428,0.00010583,0.019598,0.00010583,0.0,0.0,0.0,0.0,1e-11,0.0,0.0,0.0,2.154e-06,0.0,0.0,0.0,0.0,2.154e-06,1e-11,0.0
24463982.0,4995000000.0,5000000.0,5.0,0.0,0.0487,0.0487,0.0487,0.0487,21.428,1.5792,0.0,1.5792,21.428,0.0014444,0.0,0.0014444,0.0,0.0,0.0,0.0,0.001,0.0,0.0,0.0,2.154e-06,0.0,0.0,0.0,0.0,2.154e-06,0.001,0.0
24464829.0,4995000000.0,5000000.0,5.0,0.0,0.0487,0.0487,0.0487,0.0487,21.428,1.5792,0.019598,1.5792,21.428,0.0,0.019598,0.0,0.0,0.0,0.0,0.0,2.154e-10,0.0,0.0,0.0,2.154e-06,0.0,0.0,0.0,0.0,2.154e-06,2.154e-10,0.0
24464557.0,4995000000.0,5000000.0,5.0,0.0,0.0487,0.0487,0.0487,0.0487,21.428,1.5792,0.0020493,1.5792,21.428,1.5792e-05,0.0020493,1.5792e-05,0.0,0.0,0.0,0.0,2.154e-06,0.0,0.0,0.0,4.642e-05,0.0,0.0,0.0,0.0,4.642e-05,2.154e-06,0.0
24461547.0,4995000000.0,5000000.0,5.0,0.0,0.0487,0.0487,0.0487,0.0487,21.428,0.42856,0.0,0.42856,21.428,0.00039197,0.0,0.00039197,0.0,0.0,0.0,0.0,2.154e-10,0.0,0.0,0.0,4.642e-05,0.0,0.0,0.0,0.0,4.642e-05,2.154e-10,0.0
24461761.0,4995000000.0,5000000.0,5.0,0.0,0.0487,0.0487,0.0487,0.0487,21.428,0.42856,0.00021428,0.42856,21.428,0.0,0.00021428,0.0,0.0,0.0,0.0,0.0,2.154e-06,0.0,0.0,0.0,4.642e-09,0.0,0.0,0.0,0.0,4.642e-09,2.154e-06,0.0
24466959.0,4995000000.0,5000000.0,5.0,0.0,0.0487,0.0487,0.0487,0.0487,21.428,5.8156,0.0020493,5.8156,21.428,5.8156e-05,0.0020493,5.8156e-05,0.0,0.0,0.0,0.0,2.154e-06,0.0,0.0,0.0,0.001,0.0,0.0,0.0,0.0,0.001,2.154e-06,0.0
24466363.0,4995000000.0,5000000.0,5.0,0.0,0.0487,0.0487,0.0487,0.0487,21.428,5.8156,0.0,5.8156,21.428,0.005319,0.0,0.005319,0.0,0.0,0.0,0.0,1e-07,0.0,0.0,0.0,4.642e-05,0.0,0.0,0.0,0.0,4.642e-05,1e-07,0.0
24467302.0,4995000000.0,5000000.0,5.0,0.0,0.0487,0.0487,0.0487,0.0487,21.428,5.8156,0.019598,5.8156,21.428,5.8156e-05,0.019598,5.8156e-05,0.0,0.0,0.0,0.0,2.154e-06,0.0,0.0,0.0,0.001,0.0,0.0,0.0,0.0,0.001,2.154e-06,0.0
24463906.0,4995000000.0,5000000.0,5.0,0.0,0.0487,0.0487,0.0487,0.0487,21.428,1.5792,0.0,1.5792,21.428,0.00015103,0.0,0.00015103,0.0,0.0,0.0,0.0,4.642e-09,0.0,0.0,0.0,4.642e-05,0.0,0.0,0.0,0.0,4.642e-05,4.642e-09,0.0
24467006.0,4995000000.0,5000000.0,5.0,0.0,0.0487,0.0487,0.0487,0.0487,21.428,5.8156,0.0020493,5.8156,21.428,0.00055617,0.0020493,0.00055617,0.0,0.0,0.0,0.0,2.154e-06,0.0,0.0,0.0,2.154e-06,0.0,0.0,0.0,0.0,2.154e-06,2.154e-06,0.0
24466705.0,4995000000.0,5000000.0,5.0,0.0,0.0487,0.0487,0.0487,0.0487,21.428,5.8156,0.00021428,5.8156,21.428,0.005319,0.00021428,0.005319,0.0,0.0,0.0,0.0,1e-07,0.0,0.0,0.0,2.154e-06,0.0,0.0,0.0,0.0,2.154e-06,1e-07,0.0
24464989.0,4995000000.0,5000000.0,5.0,0.0,0.0487,0.0487,0.0487,0.0487,21.428,1.5792,0.019598,1.5792,21.428,0.0014444,0.019598,0.0014444,0.0,0.0,0.0,0.0,1e-07,0.0,0.0,0.0,1e-07,0.0,0.0,0.0,0.0,1e-07,1e-07,0.0
24466565.0,4995000000.0,5000000.0,5.0,0.0,0.0487,0.0487,0.0487,0.0487,21.428,5.8156,0.00021428,5.8156,21.428,0.0,0.00021428,0.0,0.0,0.0,0.0,0.0,2.154e-06,0.0,0.0,0.0,2.154e-06,0.0,0.0,0.0,0.0,2.154e-06,2.154e-06,0.0
24464016.0,4995000000.0,5000000.0,5.0,0.0,0.0487,0.0487,0.0487,0.0487,21.428,1.5792,0.0,1.5792,21.428,0.013739,0.0,0.013739,0.0,0.0,0.0,0.0,2.154e-06,0.0,0.0,0.0,1e-07,0.0,0.0,0.0,0.0,1e-07,2.154e-06,0.0
24466537.0,4995000000.0,5000000.0,5.0,0.0,0.0487,0.0487,0.0487,0.0487,21.428,5.8156,0.00021428,5.8156,21.428,0.0,0.00021428,0.0,0.0,0.0,0.0,0.0,1e-11,0.0,0.0,0.0,2.154e-06,0.0,0.0,0.0,0.0,2.154e-06,1e-11,0.0
24464271.0,4995000000.0,5000000.0,5.0,0.0,0.0487,0.0487,0.0487,0.0487,21.428,1.5792,0.00021428,1.5792,21.428,0.00015103,0.00021428,0.00015103,0.0,0.0,0.0,0.0,4.642e-05,0.0,0.0,0.0,0.001,0.0,0.0,0.0,0.0,0.001,4.642e-05,0.0
24464878.0,4995000000.0,5000000.0,5.0,0.0,0.0487,0.0487,0.0487,0.0487,21.428,1.5792,0.019598,1.5792,21.428,1.5792e-05,0.019598,1.5792e-05,0.0,0.0,0.0,0.0,2.154e-10,0.0,0.0,0.0,2.154e-06,0.0,0.0,0.0,0.0,2.154e-06,2.154e-10,0.0
24466307.0,4995000000.0,5000000.0,5.0,0.0,0.0487,0.0487,0.0487,0.0487,21.428,5.8156,0.0,5.8156,21.428,0.00055617,0.0,0.00055617,0.0,0.0,0.0,0.0,4.642e-09,0.0,0.0,0.0,4.642e-05,0.0,0.0,0.0,0.0,4.642e-05,4.642e-09,0.0
24461964.0,4995000000.0,5000000.0,5.0,0.0,0.0487,0.0487,0.0487,0.0487,21.428,0.42856,0.00021428,0.42856,21.428,0.0037285,0.00021428,0.0037285,0.0,0.0,0.0,0.0,4.642e-05,0.0,0.0,0.0,4.642e-09,0.0,0.0,0.0,0.0,4.642e-09,4.642e-05,0.0
24464492.0,4995000000.0,5000000.0,5.0,0.0,0.0487,0.0487,0.0487,0.0487,21.428,1.5792,0.0020493,1.5792,21.428,0.0,0.0020493,0.0,0.0,0.0,0.0,0.0,4.642e-09,0.0,0.0,0.0,1e-07,0.0,0.0,0.0,0.0,1e-07,4.642e-09,0.0
24462465.0,4995000000.0,5000000.0,5.0,0.0,0.0487,0.0487,0.0487,0.0487,21.428,0.42856,0.019598,0.42856,21.428,0.0,0.019598,0.0,0.0,0.0,0.0,0.0,0.001,0.0,0.0,0.0,0.001,0.0,0.0,0.0,0.0,0.001,0.001,0.0
24462567.0,4995000000.0,5000000.0,5.0,0.0,0.0487,0.0487,0.0487,0.0487,21.428,0.42856,0.019598,0.42856,21.428,0.00039197,0.019598,0.00039197,0.0,0.0,0.0,0.0,1e-11,0.0,0.0,0.0,1e-07,0.0,0.0,0.0,0.0,1e-07,1e-11,0.0
24462297.0,4995000000.0,5000000.0,5.0,0.0,0.0487,0.0487,0.0487,0.0487,21.428,0.42856,0.0020493,0.42856,21.428,0.0037285,0.0020493,0.0037285,0.0,0.0,0.0,0.0,1e-07,0.0,0.0,0.0,0.001,0.0,0.0,0.0,0.0,0.001,1e-07,0.0
24460019.0,4995000000.0,5000000.0,5.0,0.0,0.0487,0.0487,0.0487,0.0487,21.428,0.11571,0.019598,0.11571,21.428,0.0,0.019598,0.0,0.0,0.0,0.0,0.0,1e-11,0.0,0.0,0.0,1e-07,0.0,0.0,0.0,0.0,1e-07,1e-11,0.0
24464691.0,4995000000.0,5000000.0,5.0,0.0,0.0487,0.0487,0.0487,0.0487,21.428,1.5792,0.0020493,1.5792,21.428,0.013739,0.0020493,0.013739,0.0,0.0,0.0,0.0,4.642e-09,0.0,0.0,0.0,0.001,0.0,0.0,0.0,0.0,0.001,4.642e-09,0.0
24464936.0,4995000000.0,5000000.0,5.0,0.0,0.0487,0.0487,0.0487,0.0487,21.428,1.5792,0.019598,1.5792,21.428,0.00015103,0.019598,0.00015103,0.0,0.0,0.0,0.0,4.642e-09,0.0,0.0,0.0,0.001,0.0,0.0,0.0,0.0,0.001,4.642e-09,0.0
24461810.0,4995000000.0,5000000.0,5.0,0.0,0.0487,0.0487,0.0487,0.0487,21.428,0.42856,0.00021428,0.42856,21.428,4.2856e-06,0.00021428,4.2856e-06,0.0,0.0,0.0,0.0,2.154e-06,0.0,0.0,0.0,4.642e-09,0.0,0.0,0.0,0.0,4.642e-09,2.154e-06,0.0
24466593.0,4995000000.0,5000000.0,5.0,0.0,0.0487,0.0487,0.0487,0.0487,21.428,5.8156,0.00021428,5.8156,21.428,5.8156e-05,0.00021428,5.8156e-05,0.0,0.0,0.0,0.0,2.154e-10,0.0,0.0,0.0,2.154e-06,0.0,0.0,0.0,0.0,2.154e-06,2.154e-10,0.0
24469464.0,4995000000.0,5000000.0,5.0,0.0,0.0487,0.0487,0.0487,0.0487,21.428,21.428,0.0020493,21.428,21.428,0.019598,0.0020493,0.019598,0.0,0.0,0.0,0.0,4.642e-05,0.0,0.0,0.0,4.642e-05,0.0,0.0,0.0,0.0,4.642e-05,4.642e-05,0.0
24462238.0,4995000000.0,5000000.0,5.0,0.0,0.0487,0.0487,0.0487,0.0487,21.428,0.42856,0.0020493,0.42856,21.428,0.00039197,0.0020493,0.00039197,0.0,0.0,0.0,0.0,4.642e-09,0.0,0.0,0.0,1e-07,0.0,0.0,0.0,0.0,1e-07,4.642e-09,0.0
24466346.0,4995000000.0,5000000.0,5.0,0.0,0.0487,0.0487,0.0487,0.0487,21.428,5.8156,0.0,5.8156,21.428,0.005319,0.0,0.005319,0.0,0.0,0.0,0.0,2.154e-10,0.0,0.0,0.0,4.642e-09,0.0,0.0,0.0,0.0,4.642e-09,2.154e-10,0.0
24462185.0,4995000000.0,5000000.0,5.0,0.0,0.0487,0.0487,0.0487,0.0487,21.428,0.42856,0.0020493,0.42856,21.428,4.0985e-05,0.0020493,4.0985e-05,0.0,0.0,0.0,0.0,2.154e-10,0.0,0.0,0.0,0.001,0.0,0.0,0.0,0.0,0.001,2.154e-10,0.0
24464957.0,4995000000.0,5000000.0,5.0,0.0,0.0487,0.0487,0.0487,0.0487,21.428,1.5792,0.019598,1.5792,21.428,0.00015103,0.019598,0.00015103,0.0,0.0,0.0,0.0,4.642e-05,0.0,0.0,0.0,0.001,0.0,0.0,0.0,0.0,0.001,4.642e-05,0.0
24462219.0,4995000000.0,5000000.0,5.0,0.0,0.0487,0.0487,0.0487,0.0487,21.428,0.42856,0.0020493,0.42856,21.428,4.0985e-05,0.0020493,4.0985e-05,0.0,0.0,0.0,0.0,0.001,0.0,0.0,0.0,4.642e-05,0.0,0.0,0.0,0.0,4.642e-05,0.001,0.0
24461489.0,4995000000.0,5000000.0,5.0,0.0,0.0487,0.0487,0.0487,0.0487,21.428,0.42856,0.0,0.42856,21.428,4.0985e-05,0.0,4.0985e-05,0.0,0.0,0.0,0.0,1e-11,0.0,0.0,0.0,1e-07,0.0,0.0,0.0,0.0,1e-07,1e-11,0.0
24462097.0,4995000000.0,5000000.0,5.0,0.0,0.0487,0.0487,0.0487,0.0487,21.428,0.42856,0.0020493,0.42856,21.428,0.0,0.0020493,0.0,0.0,0.0,0.0,0.0,1e-07,0.0,0.0,0.0,4.642e-09,0.0,0.0,0.0,0.0,4.642e-09,1e-07,0.0
24466249.0,4995000000.0,5000000.0,5.0,0.0,0.0487,0.0487,0.0487,0.0487,21.428,5.8156,0.0,5.8156,21.428,5.8156e-05,0.0,5.8156e-05,0.0,0.0,0.0,0.0,2.154e-10,0.0,0.0,0.0,1e-07,0.0,0.0,0.0,0.0,1e-07,2.154e-10,0.0
24464351.0,4995000000.0,5000000.0,5.0,0.0,0.0487,0.0487,0.0487,0.0487,21.428,1.5792,0.00021428,1.5792,21.428,0.013739,0.00021428,0.013739,0.0,0.0,0.0,0.0,1e-07,0.0,0.0,0.0,4.642e-09,0.0,0.0,0.0,0.0,4.642e-09,1e-07,0.0
24466963.0,4995000000.0,5000000.0,5.0,0.0,0.0487,0.0487,0.0487,0.0487,21.428,5.8156,0.0020493,5.8156,21.428,5.8156e-05,0.0020493,5.8156e-05,0.0,0.0,0.0,0.0,4.642e-05,0.0,0.0,0.0,1e-07,0.0,0.0,0.0,0.0,1e-07,4.642e-05,0.0
24461925.0,4995000000.0,5000000.0,5.0,0.0,0.0487,0.0487,0.0487,0.0487,21.428,0.42856,0.00021428,0.42856,21.428,0.00039197,0.00021428,0.00039197,0.0,0.0,0.0,0.0,0.001,0.0,0.0,0.0,4.642e-05,0.0,0.0,0.0,0.0,4.642e-05,0.001,0.0
24461992.0,4995000000.0,5000000.0,5.0,0.0,0.0487,0.0487,0.0487,0.0487,21.428,0.42856,0.00021428,0.42856,21.428,0.03587,0.00021428,0.03587,0.0,0.0,0.0,0.0,4.642e-09,0.0,0.0,0.0,4.642e-09,0.0,0.0,0.0,0.0,4.642e-09,4.642e-09,0.0
24464530.0,4995000000.0,5000000.0,5.0,0.0,0.0487,0.0487,0.0487,0.0487,21.428,1.5792,0.0020493,1.5792,21.428,1.5792e-05,0.0020493,1.5792e-05,0.0,0.0,0.0,0.0,1e-11,0.0,0.0,0.0,0.001,0.0,0.0,0.0,0.0,0.001,1e-11,0.0
24462420.0,4995000000.0,5000000.0,5.0,0.0,0.0487,0.0487,0.0487,0.0487,21.428,0.42856,0.019598,0.42856,21.428,0.0,0.019598,0.0,0.0,0.0,0.0,0.0,1e-11,0.0,0.0,0.0,1e-07,0.0,0.0,0.0,0.0,1e-07,1e-11,0.0
24464009.0,4995000000.0,5000000.0,5.0,0.0,0.0487,0.0487,0.0487,0.0487,21.428,1.5792,0.0,1.5792,21.428,0.013739,0.0,0.013739,0.0,0.0,0.0,0.0,1e-07,0.0,0.0,0.0,1e-07,0.0,0.0,0.0,0.0,1e-07,1e-07,0.0
24463975.0,4995000000.0,5000000.0,5.0,0.0,0.0487,0.0487,0.0487,0.0487,21.428,1.5792,0.0,1.5792,21.428,0.0014444,0.0,0.0014444,0.0,0.0,0.0,0.0,4.642e-05,0.0,0.0,0.0,2.154e-06,0.0,0.0,0.0,0.0,2.154e-06,4.642e-05,0.0
24463977.0,4995000000.0,5000000.0,5.0,0.0,0.0487,0.0487,0.0487,0.0487,21.428,1.5792,0.0,1.5792,21.428,0.0014444,0.0,0.0014444,0.0,0.0,0.0,0.0,4.642e-05,0.0,0.0,0.0,0.001,0.0,0.0,0.0,0.0,0.001,4.642e-05,0.0
24463835.0,4995000000.0,5000000.0,5.0,0.0,0.0487,0.0487,0.0487,0.0487,21.428,1.5792,0.0,1.5792,21.428,0.0,0.0,0.0,0.0,0.0,0.0,0.0,0.001,0.0,0.0,0.0,2.154e-06,0.0,0.0,0.0,0.0,2.154e-06,0.001,0.0
24461411.0,4995000000.0,5000000.0,5.0,0.0,0.0487,0.0487,0.0487,0.0487,21.428,0.42856,0.0,0.42856,21.428,0.0,0.0,0.0,0.0,0.0,0.0,0.0,1e-07,0.0,0.0,0.0,4.642e-09,0.0,0.0,0.0,0.0,4.642e-09,1e-07,0.0
24464655.0,4995000000.0,5000000.0,5.0,0.0,0.0487,0.0487,0.0487,0.0487,21.428,1.5792,0.0020493,1.5792,21.428,0.0014444,0.0020493,0.0014444,0.0,0.0,0.0,0.0,2.154e-06,0.0,0.0,0.0,4.642e-05,0.0,0.0,0.0,0.0,4.642e-05,2.154e-06,0.0
24464499.0,4995000000.0,5000000.0,5.0,0.0,0.0487,0.0487,0.0487,0.0487,21.428,1.5792,0.0020493,1.5792,21.428,0.0,0.0020493,0.0,0.0,0.0,0.0,0.0,1e-07,0.0,0.0,0.0,1e-07,0.0,0.0,0.0,0.0,1e-07,1e-07,0.0
24469045.0,4995000000.0,5000000.0,5.0,0.0,0.0487,0.0487,0.0487,0.0487,21.428,21.428,0.00021428,21.428,21.428,0.0020493,0.00021428,0.0020493,0.0,0.0,0.0,0.0,2.154e-10,0.0,0.0,0.0,0.001,0.0,0.0,0.0,0.0,0.001,2.154e-10,0.0
24467392.0,4995000000.0,5000000.0,5.0,0.0,0.0487,0.0487,0.0487,0.0487,21.428,5.8156,0.019598,5.8156,21.428,0.005319,0.019598,0.005319,0.0,0.0,0.0,0.0,1e-07,0.0,0.0,0.0,4.642e-05,0.0,0.0,0.0,0.0,4.642e-05,1e-07,0.0
24467222.0,4995000000.0,5000000.0,5.0,0.0,0.0487,0.0487,0.0487,0.0487,21.428,5.8156,0.019598,5.8156,21.428,0.0,0.019598,0.0,0.0,0.0,0.0,0.0,1e-11,0.0,0.0,0.0,1e-07,0.0,0.0,0.0,0.0,1e-07,1e-11,0.0
24464278.0,4995000000.0,5000000.0,5.0,0.0,0.0487,0.0487,0.0487,0.0487,21.428,1.5792,0.00021428,1.5792,21.428,0.00015103,0.00021428,0.00015103,0.0,0.0,0.0,0.0,0.001,0.0,0.0,0.0,0.001,0.0,0.0,0.0,0.0,0.001,0.001,0.0
24467054.0,4995000000.0,5000000.0,5.0,0.0,0.0487,0.0487,0.0487,0.0487,21.428,5.8156,0.0020493,5.8156,21.428,0.005319,0.0020493,0.005319,0.0,0.0,0.0,0.0,2.154e-06,0.0,0.0,0.0,1e-07,0.0,0.0,0.0,0.0,1e-07,2.154e-06,0.0
24464141.0,4995000000.0,5000000.0,5.0,0.0,0.0487,0.0487,0.0487,0.0487,21.428,1.5792,0.00021428,1.5792,21.428,0.0,0.00021428,0.0,0.0,0.0,0.0,0.0,2.154e-10,0.0,0.0,0.0,4.642e-09,0.0,0.0,0.0,0.0,4.642e-09,2.154e-10,0.0
24462597.0,4995000000.0,5000000.0,5.0,0.0,0.0487,0.0487,0.0487,0.0487,21.428,0.42856,0.019598,0.42856,21.428,0.00039197,0.019598,0.00039197,0.0,0.0,0.0,0.0,2.154e-06,0.0,0.0,0.0,4.642e-05,0.0,0.0,0.0,0.0,4.642e-05,2.154e-06,0.0
24467343.0,4995000000.0,5000000.0,5.0,0.0,0.0487,0.0487,0.0487,0.0487,21.428,5.8156,0.019598,5.8156,21.428,0.00055617,0.019598,0.00055617,0.0,0.0,0.0,0.0,1e-07,0.0,0.0,0.0,4.642e-05,0.0,0.0,0.0,0.0,4.642e-05,1e-07,0.0
24464970.0,4995000000.0,5000000.0,5.0,0.0,0.0487,0.0487,0.0487,0.0487,21.428,1.5792,0.019598,1.5792,21.428,0.0014444,0.019598,0.0014444,0.0,0.0,0.0,0.0,1e-11,0.0,0.0,0.0,4.642e-05,0.0,0.0,0.0,0.0,4.642e-05,1e-11,0.0
24464332.0,4995000000.0,5000000.0,5.0,0.0,0.0487,0.0487,0.0487,0.0487,21.428,1.5792,0.00021428,1.5792,21.428,0.013739,0.00021428,0.013739,0.0,0.0,0.0,0.0,1e-11,0.0,0.0,0.0,2.154e-06,0.0,0.0,0.0,0.0,2.154e-06,1e-11,0.0
24464177.0,4995000000.0,5000000.0,5.0,0.0,0.0487,0.0487,0.0487,0.0487,21.428,1.5792,0.00021428,1.5792,21.428,0.0,0.00021428,0.0,0.0,0.0,0.0,0.0,0.001,0.0,0.0,0.0,1e-07,0.0,0.0,0.0,0.0,1e-07,0.001,0.0
24469675.0,4995000000.0,5000000.0,5.0,0.0,0.0487,0.0487,0.0487,0.0487,21.428,21.428,0.019598,21.428,21.428,0.00021428,0.019598,0.00021428,0.0,0.0,0.0,0.0,1e-11,0.0,0.0,0.0,0.001,0.0,0.0,0.0,0.0,0.001,1e-11,0.0
24466237.0,4995000000.0,5000000.0,5.0,0.0,0.0487,0.0487,0.0487,0.0487,21.428,5.8156,0.0,5.8156,21.428,0.0,0.0,0.0,0.0,0.0,0.0,0.0,0.001,0.0,0.0,0.0,4.642e-05,0.0,0.0,0.0,0.0,4.642e-05,0.001,0.0
24466636.0,4995000000.0,5000000.0,5.0,0.0,0.0487,0.0487,0.0487,0.0487,21.428,5.8156,0.00021428,5.8156,21.428,0.00055617,0.00021428,0.00055617,0.0,0.0,0.0,0.0,1e-11,0.0,0.0,0.0,4.642e-05,0.0,0.0,0.0,0.0,4.642e-05,1e-11,0.0
24463981.0,4995000000.0,5000000.0,5.0,0.0,0.0487,0.0487,0.0487,0.0487,21.428,1.5792,0.0,1.5792,21.428,0.0014444,0.0,0.0014444,0.0,0.0,0.0,0.0,0.001,0.0,0.0,0.0,1e-07,0.0,0.0,0.0,0.0,1e-07,0.001,0.0
24466602.0,4995000000.0,5000000.0,5.0,0.0,0.0487,0.0487,0.0487,0.0487,21.428,5.8156,0.00021428,5.8156,21.428,5.8156e-05,0.00021428,5.8156e-05,0.0,0.0,0.0,0.0,4.642e-09,0.0,0.0,0.0,0.001,0.0,0.0,0.0,0.0,0.001,4.642e-09,0.0
24466208.0,4995000000.0,5000000.0,5.0,0.0,0.0487,0.0487,0.0487,0.0487,21.428,5.8156,0.0,5.8156,21.428,0.0,0.0,0.0,0.0,0.0,0.0,0.0,4.642e-09,0.0,0.0,0.0,2.154e-06,0.0,0.0,0.0,0.0,2.154e-06,4.642e-09,0.0
24466559.0,4995000000.0,5000000.0,5.0,0.0,0.0487,0.0487,0.0487,0.0487,21.428,5.8156,0.00021428,5.8156,21.428,0.0,0.00021428,0.0,0.0,0.0,0.0,0.0,1e-07,0.0,0.0,0.0,4.642e-05,0.0,0.0,0.0,0.0,4.642e-05,1e-07,0.0
24464152.0,4995000000.0,5000000.0,5.0,0.0,0.0487,0.0487,0.0487,0.0487,21.428,1.5792,0.00021428,1.5792,21.428,0.0,0.00021428,0.0,0.0,0.0,0.0,0.0,4.642e-09,0.0,0.0,0.0,0.001,0.0,0.0,0.0,0.0,0.001,4.642e-09,0.0
24466983.0,4995000000.0,5000000.0,5.0,0.0,0.0487,0.0487,0.0487,0.0487,21.428,5.8156,0.0020493,5.8156,21.428,0.00055617,0.0020493,0.00055617,0.0,0.0,0.0,0.0,2.154e-10,0.0,0.0,0.0,4.642e-09,0.0,0.0,0.0,0.0,4.642e-09,2.154e-10,0.0
24464515.0,4995000000.0,5000000.0,5.0,0.0,0.0487,0.0487,0.0487,0.0487,21.428,1.5792,0.0020493,1.5792,21.428,0.0,0.0020493,0.0,0.0,0.0,0.0,0.0,4.642e-05,0.0,0.0,0.0,4.642e-05,0.0,0.0,0.0,0.0,4.642e-05,4.642e-05,0.0
24467299.0,4995000000.0,5000000.0,5.0,0.0,0.0487,0.0487,0.0487,0.0487,21.428,5.8156,0.019598,5.8156,21.428,5.8156e-05,0.019598,5.8156e-05,0.0,0.0,0.0,0.0,2.154e-06,0.0,0.0,0.0,1e-07,0.0,0.0,0.0,0.0,1e-07,2.154e-06,0.0
24463812.0,4995000000.0,5000000.0,5.0,0.0,0.0487,0.0487,0.0487,0.0487,21.428,1.5792,0.0,1.5792,21.428,0.0,0.0,0.0,0.0,0.0,0.0,0.0,1e-07,0.0,0.0,0.0,4.642e-09,0.0,0.0,0.0,0.0,4.642e-09,1e-07,0.0
24466644.0,4995000000.0,5000000.0,5.0,0.0,0.0487,0.0487,0.0487,0.0487,21.428,5.8156,0.00021428,5.8156,21.428,0.00055617,0.00021428,0.00055617,0.0,0.0,0.0,0.0,2.154e-10,0.0,0.0,0.0,0.001,0.0,0.0,0.0,0.0,0.001,2.154e-10,0.0
24466255.0,4995000000.0,5000000.0,5.0,0.0,0.0487,0.0487,0.0487,0.0487,21.428,5.8156,0.0,5.8156,21.428,5.8156e-05,0.0,5.8156e-05,0.0,0.0,0.0,0.0,4.642e-09,0.0,0.0,0.0,4.642e-09,0.0,0.0,0.0,0.0,4.642e-09,4.642e-09,0.0
24467369.0,4995000000.0,5000000.0,5.0,0.0,0.0487,0.0487,0.0487,0.0487,21.428,5.8156,0.019598,5.8156,21.428,0.005319,0.019598,0.005319,0.0,0.0,0.0,0.0,1e-11,0.0,0.0,0.0,1e-07,0.0,0.0,0.0,0.0,1e-07,1e-11,0.0
24460082.0,4995000000.0,5000000.0,5.0,0.0,0.0487,0.0487,0.0487,0.0487,21.428,0.11571,0.019598,0.11571,21.428,1.1571e-06,0.019598,1.1571e-06,0.0,0.0,0.0,0.0,4.642e-09,0.0,0.0,0.0,1e-07,0.0,0.0,0.0,0.0,1e-07,4.642e-09,0.0
24468695.0,4995000000.0,5000000.0,5.0,0.0,0.0487,0.0487,0.0487,0.0487,21.428,21.428,0.0,21.428,21.428,0.0020493,0.0,0.0020493,0.0,0.0,0.0,0.0,1e-11,0.0,0.0,0.0,0.001,0.0,0.0,0.0,0.0,0.001,1e-11,0.0
24462113.0,4995000000.0,5000000.0,5.0,0.0,0.0487,0.0487,0.0487,0.0487,21.428,0.42856,0.0020493,0.42856,21.428,0.0,0.0020493,0.0,0.0,0.0,0.0,0.0,4.642e-05,0.0,0.0,0.0,2.154e-06,0.0,0.0,0.0,0.0,2.154e-06,4.642e-05,0.0
24464513.0,4995000000.0,5000000.0,5.0,0.0,0.0487,0.0487,0.0487,0.0487,21.428,1.5792,0.0020493,1.5792,21.428,0.0,0.0020493,0.0,0.0,0.0,0.0,0.0,4.642e-05,0.0,0.0,0.0,1e-07,0.0,0.0,0.0,0.0,1e-07,4.642e-05,0.0
24461581.0,4995000000.0,5000000.0,5.0,0.0,0.0487,0.0487,0.0487,0.0487,21.428,0.42856,0.0,0.42856,21.428,0.00039197,0.0,0.00039197,0.0,0.0,0.0,0.0,0.001,0.0,0.0,0.0,2.154e-06,0.0,0.0,0.0,0.0,2.154e-06,0.001,0.0
24466657.0,4995000000.0,5000000.0,5.0,0.0,0.0487,0.0487,0.0487,0.0487,21.428,5.8156,0.00021428,5.8156,21.428,0.00055617,0.00021428,0.00055617,0.0,0.0,0.0,0.0,1e-07,0.0,0.0,0.0,4.642e-05,0.0,0.0,0.0,0.0,4.642e-05,1e-07,0.0
24464624.0,4995000000.0,5000000.0,5.0,0.0,0.0487,0.0487,0.0487,0.0487,21.428,1.5792,0.0020493,1.5792,21.428,0.0014444,0.0020493,0.0014444,0.0,0.0,0.0,0.0,1e-11,0.0,0.0,0.0,4.642e-09,0.0,0.0,0.0,0.0,4.642e-09,1e-11,0.0
24467350.0,4995000000.0,5000000.0,5.0,0.0,0.0487,0.0487,0.0487,0.0487,21.428,5.8156,0.019598,5.8156,21.428,0.00055617,0.019598,0.00055617,0.0,0.0,0.0,0.0,2.154e-06,0.0,0.0,0.0,4.642e-05,0.0,0.0,0.0,0.0,4.642e-05,2.154e-06,0.0
24469129.0,4995000000.0,5000000.0,5.0,0.0,0.0487,0.0487,0.0487,0.0487,21.428,21.428,0.00021428,21.428,21.428,0.019598,0.00021428,0.019598,0.0,0.0,0.0,0.0,0.001,0.0,0.0,0.0,0.001,0.0,0.0,0.0,0.0,0.001,0.001,0.0
24466300.0,4995000000.0,5000000.0,5.0,0.0,0.0487,0.0487,0.0487,0.0487,21.428,5.8156,0.0,5.8156,21.428,0.00055617,0.0,0.00055617,0.0,0.0,0.0,0.0,2.154e-10,0.0,0.0,0.0,4.642e-05,0.0,0.0,0.0,0.0,4.642e-05,2.154e-10,0.0
24464627.0,4995000000.0,5000000.0,5.0,0.0,0.0487,0.0487,0.0487,0.0487,21.428,1.5792,0.0020493,1.5792,21.428,0.0014444,0.0020493,0.0014444,0.0,0.0,0.0,0.0,1e-11,0.0,0.0,0.0,4.642e-05,0.0,0.0,0.0,0.0,4.642e-05,1e-11,0.0
24460166.0,4995000000.0,5000000.0,5.0,0.0,0.0487,0.0487,0.0487,0.0487,21.428,0.11571,0.019598,0.11571,21.428,0.00010583,0.019598,0.00010583,0.0,0.0,0.0,0.0,1e-11,0.0,0.0,0.0,1e-07,0.0,0.0,0.0,0.0,1e-07,1e-11,0.0
24464239.0,4995000000.0,5000000.0,5.0,0.0,0.0487,0.0487,0.0487,0.0487,21.428,1.5792,0.00021428,1.5792,21.428,0.00015103,0.00021428,0.00015103,0.0,0.0,0.0,0.0,2.154e-10,0.0,0.0,0.0,4.642e-09,0.0,0.0,0.0,0.0,4.642e-09,2.154e-10,0.0
24466272.0,4995000000.0,5000000.0,5.0,0.0,0.0487,0.0487,0.0487,0.0487,21.428,5.8156,0.0,5.8156,21.428,5.8156e-05,0.0,5.8156e-05,0.0,0.0,0.0,0.0,2.154e-06,0.0,0.0,0.0,4.642e-05,0.0,0.0,0.0,0.0,4.642e-05,2.154e-06,0.0
24460175.0,4995000000.0,5000000.0,5.0,0.0,0.0487,0.0487,0.0487,0.0487,21.428,0.11571,0.019598,0.11571,21.428,0.00010583,0.019598,0.00010583,0.0,0.0,0.0,0.0,2.154e-10,0.0,0.0,0.0,4.642e-05,0.0,0.0,0.0,0.0,4.642e-05,2.154e-10,0.0
24462611.0,4995000000.0,5000000.0,5.0,0.0,0.0487,0.0487,0.0487,0.0487,21.428,0.42856,0.019598,0.42856,21.428,0.00039197,0.019598,0.00039197,0.0,0.0,0.0,0.0,0.001,0.0,0.0,0.0,4.642e-05,0.0,0.0,0.0,0.0,4.642e-05,0.001,0.0
24464136.0,4995000000.0,5000000.0,5.0,0.0,0.0487,0.0487,0.0487,0.0487,21.428,1.5792,0.00021428,1.5792,21.428,0.0,0.00021428,0.0,0.0,0.0,0.0,0.0,1e-11,0.0,0.0,0.0,2.154e-06,0.0,0.0,0.0,0.0,2.154e-06,1e-11,0.0
24466223.0,4995000000.0,5000000.0,5.0,0.0,0.0487,0.0487,0.0487,0.0487,21.428,5.8156,0.0,5.8156,21.428,0.0,0.0,0.0,0.0,0.0,0.0,0.0,2.154e-06,0.0,0.0,0.0,4.642e-05,0.0,0.0,0.0,0.0,4.642e-05,2.154e-06,0.0
24460068.0,4995000000.0,5000000.0,5.0,0.0,0.0487,0.0487,0.0487,0.0487,21.428,0.11571,0.019598,0.11571,21.428,1.1571e-06,0.019598,1.1571e-06,0.0,0.0,0.0,0.0,1e-11,0.0,0.0,0.0,1e-07,0.0,0.0,0.0,0.0,1e-07,1e-11,0.0
24463875.0,4995000000.0,5000000.0,5.0,0.0,0.0487,0.0487,0.0487,0.0487,21.428,1.5792,0.0,1.5792,21.428,1.5792e-05,0.0,1.5792e-05,0.0,0.0,0.0,0.0,4.642e-05,0.0,0.0,0.0,4.642e-09,0.0,0.0,0.0,0.0,4.642e-09,4.642e-05,0.0
24462106.0,4995000000.0,5000000.0,5.0,0.0,0.0487,0.0487,0.0487,0.0487,21.428,0.42856,0.0020493,0.42856,21.428,0.0,0.0020493,0.0,0.0,0.0,0.0,0.0,2.154e-06,0.0,0.0,0.0,2.154e-06,0.0,0.0,0.0,0.0,2.154e-06,2.154e-06,0.0
24463885.0,4995000000.0,5000000.0,5.0,0.0,0.0487,0.0487,0.0487,0.0487,21.428,1.5792,0.0,1.5792,21.428,1.5792e-05,0.0,1.5792e-05,0.0,0.0,0.0,0.0,0.001,0.0,0.0,0.0,4.642e-05,0.0,0.0,0.0,0.0,4.642e-05,0.001,0.0
24461937.0,4995000000.0,5000000.0,5.0,0.0,0.0487,0.0487,0.0487,0.0487,21.428,0.42856,0.00021428,0.42856,21.428,0.0037285,0.00021428,0.0037285,0.0,0.0,0.0,0.0,2.154e-10,0.0,0.0,0.0,1e-07,0.0,0.0,0.0,0.0,1e-07,2.154e-10,0.0
24467025.0,4995000000.0,5000000.0,5.0,0.0,0.0487,0.0487,0.0487,0.0487,21.428,5.8156,0.0020493,5.8156,21.428,0.005319,0.0020493,0.005319,0.0,0.0,0.0,0.0,1e-11,0.0,0.0,0.0,4.642e-09,0.0,0.0,0.0,0.0,4.642e-09,1e-11,0.0
24466227.0,4995000000.0,5000000.0,5.0,0.0,0.0487,0.0487,0.0487,0.0487,21.428,5.8156,0.0,5.8156,21.428,0.0,0.0,0.0,0.0,0.0,0.0,0.0,4.642e-05,0.0,0.0,0.0,4.642e-09,0.0,0.0,0.0,0.0,4.642e-09,4.642e-05,0.0
24465031.0,4995000000.0,5000000.0,5.0,0.0,0.0487,0.0487,0.0487,0.0487,21.428,1.5792,0.019598,1.5792,21.428,0.013739,0.019598,0.013739,0.0,0.0,0.0,0.0,4.642e-09,0.0,0.0,0.0,1e-07,0.0,0.0,0.0,0.0,1e-07,4.642e-09,0.0
24462507.0,4995000000.0,5000000.0,5.0,0.0,0.0487,0.0487,0.0487,0.0487,21.428,0.42856,0.019598,0.42856,21.428,4.2856e-06,0.019598,4.2856e-06,0.0,0.0,0.0,0.0,4.642e-05,0.0,0.0,0.0,0.001,0.0,0.0,0.0,0.0,0.001,4.642e-05,0.0
24462255.0,4995000000.0,5000000.0,5.0,0.0,0.0487,0.0487,0.0487,0.0487,21.428,0.42856,0.0020493,0.42856,21.428,0.00039197,0.0020493,0.00039197,0.0,0.0,0.0,0.0,2.154e-06,0.0,0.0,0.0,0.001,0.0,0.0,0.0,0.0,0.001,2.154e-06,0.0
24461818.0,4995000000.0,5000000.0,5.0,0.0,0.0487,0.0487,0.0487,0.0487,21.428,0.42856,0.00021428,0.42856,21.428,4.2856e-06,0.00021428,4.2856e-06,0.0,0.0,0.0,0.0,4.642e-05,0.0,0.0,0.0,1e-07,0.0,0.0,0.0,0.0,1e-07,4.642e-05,0.0
24462156.0,4995000000.0,5000000.0,5.0,0.0,0.0487,0.0487,0.0487,0.0487,21.428,0.42856,0.0020493,0.42856,21.428,4.2856e-06,0.0020493,4.2856e-06,0.0,0.0,0.0,0.0,2.154e-06,0.0,0.0,0.0,4.642e-05,0.0,0.0,0.0,0.0,4.642e-05,2.154e-06,0.0
24462008.0,4995000000.0,5000000.0,5.0,0.0,0.0487,0.0487,0.0487,0.0487,21.428,0.42856,0.00021428,0.42856,21.428,0.03587,0.00021428,0.03587,0.0,0.0,0.0,0.0,2.154e-06,0.0,0.0,0.0,2.154e-06,0.0,0.0,0.0,0.0,2.154e-06,2.154e-06,0.0
24460161.0,4995000000.0,5000000.0,5.0,0.0,0.0487,0.0487,0.0487,0.0487,21.428,0.11571,0.019598,0.11571,21.428,1.1066e-05,0.019598,1.1066e-05,0.0,0.0,0.0,0.0,0.001,0.0,0.0,0.0,4.642e-05,0.0,0.0,0.0,0.0,4.642e-05,0.001,0.0
24462022.0,4995000000.0,5000000.0,5.0,0.0,0.0487,0.0487,0.0487,0.0487,21.428,0.42856,0.00021428,0.42856,21.428,0.03587,0.00021428,0.03587,0.0,0.0,0.0,0.0,0.001,0.0,0.0,0.0,2.154e-06,0.0,0.0,0.0,0.0,2.154e-06,0.001,0.0
24464505.0,4995000000.0,5000000.0,5.0,0.0,0.0487,0.0487,0.0487,0.0487,21.428,1.5792,0.0020493,1.5792,21.428,0.0,0.0020493,0.0,0.0,0.0,0.0,0.0,2.154e-06,0.0,0.0,0.0,4.642e-09,0.0,0.0,0.0,0.0,4.642e-09,2.154e-06,0.0
24466217.0,4995000000.0,5000000.0,5.0,0.0,0.0487,0.0487,0.0487,0.0487,21.428,5.8156,0.0,5.8156,21.428,0.0,0.0,0.0,0.0,0.0,0.0,0.0,1e-07,0.0,0.0,0.0,0.001,0.0,0.0,0.0,0.0,0.001,1e-07,0.0
24466206.0,4995000000.0,5000000.0,5.0,0.0,0.0487,0.0487,0.0487,0.0487,21.428,5.8156,0.0,5.8156,21.428,0.0,0.0,0.0,0.0,0.0,0.0,0.0,4.642e-09,0.0,0.0,0.0,4.642e-09,0.0,0.0,0.0,0.0,4.642e-09,4.642e-09,0.0
24462136.0,4995000000.0,5000000.0,5.0,0.0,0.0487,0.0487,0.0487,0.0487,21.428,0.42856,0.0020493,0.42856,21.428,4.2856e-06,0.0020493,4.2856e-06,0.0,0.0,0.0,0.0,2.154e-10,0.0,0.0,0.0,0.001,0.0,0.0,0.0,0.0,0.001,2.154e-10,0.0
24464992.0,4995000000.0,5000000.0,5.0,0.0,0.0487,0.0487,0.0487,0.0487,21.428,1.5792,0.019598,1.5792,21.428,0.0014444,0.019598,0.0014444,0.0,0.0,0.0,0.0,1e-07,0.0,0.0,0.0,0.001,0.0,0.0,0.0,0.0,0.001,1e-07,0.0
24462422.0,4995000000.0,5000000.0,5.0,0.0,0.0487,0.0487,0.0487,0.0487,21.428,0.42856,0.019598,0.42856,21.428,0.0,0.019598,0.0,0.0,0.0,0.0,0.0,1e-11,0.0,0.0,0.0,4.642e-05,0.0,0.0,0.0,0.0,4.642e-05,1e-11,0.0
24461631.0,4995000000.0,5000000.0,5.0,0.0,0.0487,0.0487,0.0487,0.0487,21.428,0.42856,0.0,0.42856,21.428,0.0037285,0.0,0.0037285,0.0,0.0,0.0,0.0,0.001,0.0,0.0,0.0,4.642e-05,0.0,0.0,0.0,0.0,4.642e-05,0.001,0.0
24460092.0,4995000000.0,5000000.0,5.0,0.0,0.0487,0.0487,0.0487,0.0487,21.428,0.11571,0.019598,0.11571,21.428,1.1571e-06,0.019598,1.1571e-06,0.0,0.0,0.0,0.0,1e-07,0.0,0.0,0.0,0.001,0.0,0.0,0.0,0.0,0.001,1e-07,0.0
24462667.0,4995000000.0,5000000.0,5.0,0.0,0.0487,0.0487,0.0487,0.0487,21.428,0.42856,0.019598,0.42856,21.428,0.03587,0.019598,0.03587,0.0,0.0,0.0,0.0,1e-11,0.0,0.0,0.0,4.642e-05,0.0,0.0,0.0,0.0,4.642e-05,1e-11,0.0
24463921.0,4995000000.0,5000000.0,5.0,0.0,0.0487,0.0487,0.0487,0.0487,21.428,1.5792,0.0,1.5792,21.428,0.00015103,0.0,0.00015103,0.0,0.0,0.0,0.0,2.154e-06,0.0,0.0,0.0,0.001,0.0,0.0,0.0,0.0,0.001,2.154e-06,0.0
24463871.0,4995000000.0,5000000.0,5.0,0.0,0.0487,0.0487,0.0487,0.0487,21.428,1.5792,0.0,1.5792,21.428,1.5792e-05,0.0,1.5792e-05,0.0,0.0,0.0,0.0,2.154e-06,0.0,0.0,0.0,4.642e-05,0.0,0.0,0.0,0.0,4.642e-05,2.154e-06,0.0
24460287.0,4995000000.0,5000000.0,5.0,0.0,0.0487,0.0487,0.0487,0.0487,21.428,0.11571,0.019598,0.11571,21.428,0.009685,0.019598,0.009685,0.0,0.0,0.0,0.0,1e-07,0.0,0.0,0.0,4.642e-05,0.0,0.0,0.0,0.0,4.642e-05,1e-07,0.0
24469409.0,4995000000.0,5000000.0,5.0,0.0,0.0487,0.0487,0.0487,0.0487,21.428,21.428,0.0020493,21.428,21.428,0.0020493,0.0020493,0.0020493,0.0,0.0,0.0,0.0,2.154e-06,0.0,0.0,0.0,0.001,0.0,0.0,0.0,0.0,0.001,2.154e-06,0.0
24468730.0,4995000000.0,5000000.0,5.0,0.0,0.0487,0.0487,0.0487,0.0487,21.428,21.428,0.0,21.428,21.428,0.0020493,0.0,0.0020493,0.0,0.0,0.0,0.0,4.642e-05,0.0,0.0,0.0,0.001,0.0,0.0,0.0,0.0,0.001,4.642e-05,0.0
24462111.0,4995000000.0,5000000.0,5.0,0.0,0.0487,0.0487,0.0487,0.0487,21.428,0.42856,0.0020493,0.42856,21.428,0.0,0.0020493,0.0,0.0,0.0,0.0,0.0,4.642e-05,0.0,0.0,0.0,4.642e-09,0.0,0.0,0.0,0.0,4.642e-09,4.642e-05,0.0
24461622.0,4995000000.0,5000000.0,5.0,0.0,0.0487,0.0487,0.0487,0.0487,21.428,0.42856,0.0,0.42856,21.428,0.0037285,0.0,0.0037285,0.0,0.0,0.0,0.0,4.642e-05,0.0,0.0,0.0,1e-07,0.0,0.0,0.0,0.0,1e-07,4.642e-05,0.0
24462321.0,4995000000.0,5000000.0,5.0,0.0,0.0487,0.0487,0.0487,0.0487,21.428,0.42856,0.0020493,0.42856,21.428,0.03587,0.0020493,0.03587,0.0,0.0,0.0,0.0,1e-11,0.0,0.0,0.0,4.642e-09,0.0,0.0,0.0,0.0,4.642e-09,1e-11,0.0
24463844.0,4995000000.0,5000000.0,5.0,0.0,0.0487,0.0487,0.0487,0.0487,21.428,1.5792,0.0,1.5792,21.428,1.5792e-05,0.0,1.5792e-05,0.0,0.0,0.0,0.0,1e-11,0.0,0.0,0.0,0.001,0.0,0.0,0.0,0.0,0.001,1e-11,0.0
24461755.0,4995000000.0,5000000.0,5.0,0.0,0.0487,0.0487,0.0487,0.0487,21.428,0.42856,0.00021428,0.42856,21.428,0.0,0.00021428,0.0,0.0,0.0,0.0,0.0,1e-07,0.0,0.0,0.0,1e-07,0.0,0.0,0.0,0.0,1e-07,1e-07,0.0
24463836.0,4995000000.0,5000000.0,5.0,0.0,0.0487,0.0487,0.0487,0.0487,21.428,1.5792,0.0,1.5792,21.428,0.0,0.0,0.0,0.0,0.0,0.0,0.0,0.001,0.0,0.0,0.0,4.642e-05,0.0,0.0,0.0,0.0,4.642e-05,0.001,0.0
24466654.0,4995000000.0,5000000.0,5.0,0.0,0.0487,0.0487,0.0487,0.0487,21.428,5.8156,0.00021428,5.8156,21.428,0.00055617,0.00021428,0.00055617,0.0,0.0,0.0,0.0,1e-07,0.0,0.0,0.0,4.642e-09,0.0,0.0,0.0,0.0,4.642e-09,1e-07,0.0
24463822.0,4995000000.0,5000000.0,5.0,0.0,0.0487,0.0487,0.0487,0.0487,21.428,1.5792,0.0,1.5792,21.428,0.0,0.0,0.0,0.0,0.0,0.0,0.0,2.154e-06,0.0,0.0,0.0,4.642e-05,0.0,0.0,0.0,0.0,4.642e-05,2.154e-06,0.0
24461931.0,4995000000.0,5000000.0,5.0,0.0,0.0487,0.0487,0.0487,0.0487,21.428,0.42856,0.00021428,0.42856,21.428,0.0037285,0.00021428,0.0037285,0.0,0.0,0.0,0.0,1e-11,0.0,0.0,0.0,2.154e-06,0.0,0.0,0.0,0.0,2.154e-06,1e-11,0.0
24462555.0,4995000000.0,5000000.0,5.0,0.0,0.0487,0.0487,0.0487,0.0487,21.428,0.42856,0.019598,0.42856,21.428,4.0985e-05,0.019598,4.0985e-05,0.0,0.0,0.0,0.0,4.642e-05,0.0,0.0,0.0,4.642e-05,0.0,0.0,0.0,0.0,4.642e-05,4.642e-05,0.0
24469815.0,4995000000.0,5000000.0,5.0,0.0,0.0487,0.0487,0.0487,0.0487,21.428,21.428,0.019598,21.428,21.428,0.019598,0.019598,0.019598,0.0,0.0,0.0,0.0,0.001,0.0,0.0,0.0,0.001,0.0,0.0,0.0,0.0,0.001,0.001,0.0
24464001.0,4995000000.0,5000000.0,5.0,0.0,0.0487,0.0487,0.0487,0.0487,21.428,1.5792,0.0,1.5792,21.428,0.013739,0.0,0.013739,0.0,0.0,0.0,0.0,4.642e-09,0.0,0.0,0.0,4.642e-09,0.0,0.0,0.0,0.0,4.642e-09,4.642e-09,0.0
24460266.0,4995000000.0,5000000.0,5.0,0.0,0.0487,0.0487,0.0487,0.0487,21.428,0.11571,0.019598,0.11571,21.428,0.009685,0.019598,0.009685,0.0,0.0,0.0,0.0,1e-11,0.0,0.0,0.0,4.642e-05,0.0,0.0,0.0,0.0,4.642e-05,1e-11,0.0
24462079.0,4995000000.0,5000000.0,5.0,0.0,0.0487,0.0487,0.0487,0.0487,21.428,0.42856,0.0020493,0.42856,21.428,0.0,0.0020493,0.0,0.0,0.0,0.0,0.0,1e-11,0.0,0.0,0.0,4.642e-05,0.0,0.0,0.0,0.0,4.642e-05,1e-11,0.0
24464613.0,4995000000.0,5000000.0,5.0,0.0,0.0487,0.0487,0.0487,0.0487,21.428,1.5792,0.0020493,1.5792,21.428,0.00015103,0.0020493,0.00015103,0.0,0.0,0.0,0.0,4.642e-05,0.0,0.0,0.0,4.642e-05,0.0,0.0,0.0,0.0,4.642e-05,4.642e-05,0.0
24463878.0,4995000000.0,5000000.0,5.0,0.0,0.0487,0.0487,0.0487,0.0487,21.428,1.5792,0.0,1.5792,21.428,1.5792e-05,0.0,1.5792e-05,0.0,0.0,0.0,0.0,4.642e-05,0.0,0.0,0.0,4.642e-05,0.0,0.0,0.0,0.0,4.642e-05,4.642e-05,0.0
24464877.0,4995000000.0,5000000.0,5.0,0.0,0.0487,0.0487,0.0487,0.0487,21.428,1.5792,0.019598,1.5792,21.428,1.5792e-05,0.019598,1.5792e-05,0.0,0.0,0.0,0.0,2.154e-10,0.0,0.0,0.0,1e-07,0.0,0.0,0.0,0.0,1e-07,2.154e-10,0.0
24463848.0,4995000000.0,5000000.0,5.0,0.0,0.0487,0.0487,0.0487,0.0487,21.428,1.5792,0.0,1.5792,21.428,1.5792e-05,0.0,1.5792e-05,0.0,0.0,0.0,0.0,2.154e-10,0.0,0.0,0.0,1e-07,0.0,0.0,0.0,0.0,1e-07,2.154e-10,0.0
24462331.0,4995000000.0,5000000.0,5.0,0.0,0.0487,0.0487,0.0487,0.0487,21.428,0.42856,0.0020493,0.42856,21.428,0.03587,0.0020493,0.03587,0.0,0.0,0.0,0.0,2.154e-10,0.0,0.0,0.0,4.642e-05,0.0,0.0,0.0,0.0,4.642e-05,2.154e-10,0.0
24460292.0,4995000000.0,5000000.0,5.0,0.0,0.0487,0.0487,0.0487,0.0487,21.428,0.11571,0.019598,0.11571,21.428,0.009685,0.019598,0.009685,0.0,0.0,0.0,0.0,2.154e-06,0.0,0.0,0.0,1e-07,0.0,0.0,0.0,0.0,1e-07,2.154e-06,0.0
24467245.0,4995000000.0,5000000.0,5.0,0.0,0.0487,0.0487,0.0487,0.0487,21.428,5.8156,0.019598,5.8156,21.428,0.0,0.019598,0.0,0.0,0.0,0.0,0.0,1e-07,0.0,0.0,0.0,4.642e-05,0.0,0.0,0.0,0.0,4.642e-05,1e-07,0.0
24461968.0,4995000000.0,5000000.0,5.0,0.0,0.0487,0.0487,0.0487,0.0487,21.428,0.42856,0.00021428,0.42856,21.428,0.0037285,0.00021428,0.0037285,0.0,0.0,0.0,0.0,4.642e-05,0.0,0.0,0.0,0.001,0.0,0.0,0.0,0.0,0.001,4.642e-05,0.0
24460041.0,4995000000.0,5000000.0,5.0,0.0,0.0487,0.0487,0.0487,0.0487,21.428,0.11571,0.019598,0.11571,21.428,0.0,0.019598,0.0,0.0,0.0,0.0,0.0,1e-07,0.0,0.0,0.0,2.154e-06,0.0,0.0,0.0,0.0,2.154e-06,1e-07,0.0
24464824.0,4995000000.0,5000000.0,5.0,0.0,0.0487,0.0487,0.0487,0.0487,21.428,1.5792,0.019598,1.5792,21.428,0.0,0.019598,0.0,0.0,0.0,0.0,0.0,1e-11,0.0,0.0,0.0,0.001,0.0,0.0,0.0,0.0,0.001,1e-11,0.0
24469472.0,4995000000.0,5000000.0,5.0,0.0,0.0487,0.0487,0.0487,0.0487,21.428,21.428,0.0020493,21.428,21.428,0.019598,0.0020493,0.019598,0.0,0.0,0.0,0.0,0.001,0.0,0.0,0.0,0.001,0.0,0.0,0.0,0.0,0.001,0.001,0.0
24461670.0,4995000000.0,5000000.0,5.0,0.0,0.0487,0.0487,0.0487,0.0487,21.428,0.42856,0.0,0.42856,21.428,0.03587,0.0,0.03587,0.0,0.0,0.0,0.0,4.642e-05,0.0,0.0,0.0,4.642e-09,0.0,0.0,0.0,0.0,4.642e-09,4.642e-05,0.0
24461624.0,4995000000.0,5000000.0,5.0,0.0,0.0487,0.0487,0.0487,0.0487,21.428,0.42856,0.0,0.42856,21.428,0.0037285,0.0,0.0037285,0.0,0.0,0.0,0.0,4.642e-05,0.0,0.0,0.0,4.642e-05,0.0,0.0,0.0,0.0,4.642e-05,4.642e-05,0.0
24461908.0,4995000000.0,5000000.0,5.0,0.0,0.0487,0.0487,0.0487,0.0487,21.428,0.42856,0.00021428,0.42856,21.428,0.00039197,0.00021428,0.00039197,0.0,0.0,0.0,0.0,2.154e-06,0.0,0.0,0.0,4.642e-09,0.0,0.0,0.0,0.0,4.642e-09,2.154e-06,0.0
24464719.0,4995000000.0,5000000.0,5.0,0.0,0.0487,0.0487,0.0487,0.0487,21.428,1.5792,0.0020493,1.5792,21.428,0.013739,0.0020493,0.013739,0.0,0.0,0.0,0.0,0.001,0.0,0.0,0.0,0.001,0.0,0.0,0.0,0.0,0.001,0.001,0.0
24461999.0,4995000000.0,5000000.0,5.0,0.0,0.0487,0.0487,0.0487,0.0487,21.428,0.42856,0.00021428,0.42856,21.428,0.03587,0.00021428,0.03587,0.0,0.0,0.0,0.0,1e-07,0.0,0.0,0.0,4.642e-09,0.0,0.0,0.0,0.0,4.642e-09,1e-07,0.0
24466662.0,4995000000.0,5000000.0,5.0,0.0,0.0487,0.0487,0.0487,0.0487,21.428,5.8156,0.00021428,5.8156,21.428,0.00055617,0.00021428,0.00055617,0.0,0.0,0.0,0.0,2.154e-06,0.0,0.0,0.0,1e-07,0.0,0.0,0.0,0.0,1e-07,2.154e-06,0.0
24466888.0,4995000000.0,5000000.0,5.0,0.0,0.0487,0.0487,0.0487,0.0487,21.428,5.8156,0.0020493,5.8156,21.428,0.0,0.0020493,0.0,0.0,0.0,0.0,0.0,2.154e-10,0.0,0.0,0.0,4.642e-05,0.0,0.0,0.0,0.0,4.642e-05,2.154e-10,0.0
24467377.0,4995000000.0,5000000.0,5.0,0.0,0.0487,0.0487,0.0487,0.0487,21.428,5.8156,0.019598,5.8156,21.428,0.005319,0.019598,0.005319,0.0,0.0,0.0,0.0,2.154e-10,0.0,0.0,0.0,2.154e-06,0.0,0.0,0.0,0.0,2.154e-06,2.154e-10,0.0
24460204.0,4995000000.0,5000000.0,5.0,0.0,0.0487,0.0487,0.0487,0.0487,21.428,0.11571,0.019598,0.11571,21.428,0.00010583,0.019598,0.00010583,0.0,0.0,0.0,0.0,4.642e-05,0.0,0.0,0.0,0.001,0.0,0.0,0.0,0.0,0.001,4.642e-05,0.0
24462307.0,4995000000.0,5000000.0,5.0,0.0,0.0487,0.0487,0.0487,0.0487,21.428,0.42856,0.0020493,0.42856,21.428,0.0037285,0.0020493,0.0037285,0.0,0.0,0.0,0.0,4.642e-05,0.0,0.0,0.0,4.642e-09,0.0,0.0,0.0,0.0,4.642e-09,4.642e-05,0.0
24460036.0,4995000000.0,5000000.0,5.0,0.0,0.0487,0.0487,0.0487,0.0487,21.428,0.11571,0.019598,0.11571,21.428,0.0,0.019598,0.0,0.0,0.0,0.0,0.0,4.642e-09,0.0,0.0,0.0,0.001,0.0,0.0,0.0,0.0,0.001,4.642e-09,0.0
24460210.0,4995000000.0,5000000.0,5.0,0.0,0.0487,0.0487,0.0487,0.0487,21.428,0.11571,0.019598,0.11571,21.428,0.00010583,0.019598,0.00010583,0.0,0.0,0.0,0.0,0.001,0.0,0.0,0.0,4.642e-05,0.0,0.0,0.0,0.0,4.642e-05,0.001,0.0
24461740.0,4995000000.0,5000000.0,5.0,0.0,0.0487,0.0487,0.0487,0.0487,21.428,0.42856,0.00021428,0.42856,21.428,0.0,0.00021428,0.0,0.0,0.0,0.0,0.0,2.154e-10,0.0,0.0,0.0,4.642e-09,0.0,0.0,0.0,0.0,4.642e-09,2.154e-10,0.0
24466600.0,4995000000.0,5000000.0,5.0,0.0,0.0487,0.0487,0.0487,0.0487,21.428,5.8156,0.00021428,5.8156,21.428,5.8156e-05,0.00021428,5.8156e-05,0.0,0.0,0.0,0.0,4.642e-09,0.0,0.0,0.0,2.154e-06,0.0,0.0,0.0,0.0,2.154e-06,4.642e-09,0.0
24464873.0,4995000000.0,5000000.0,5.0,0.0,0.0487,0.0487,0.0487,0.0487,21.428,1.5792,0.019598,1.5792,21.428,1.5792e-05,0.019598,1.5792e-05,0.0,0.0,0.0,0.0,1e-11,0.0,0.0,0.0,0.001,0.0,0.0,0.0,0.0,0.001,1e-11,0.0
24464586.0,4995000000.0,5000000.0,5.0,0.0,0.0487,0.0487,0.0487,0.0487,21.428,1.5792,0.0020493,1.5792,21.428,0.00015103,0.0020493,0.00015103,0.0,0.0,0.0,0.0,2.154e-10,0.0,0.0,0.0,0.001,0.0,0.0,0.0,0.0,0.001,2.154e-10,0.0
24467039.0,4995000000.0,5000000.0,5.0,0.0,0.0487,0.0487,0.0487,0.0487,21.428,5.8156,0.0020493,5.8156,21.428,0.005319,0.0020493,0.005319,0.0,0.0,0.0,0.0,4.642e-09,0.0,0.0,0.0,4.642e-09,0.0,0.0,0.0,0.0,4.642e-09,4.642e-09,0.0
24469668.0,4995000000.0,5000000.0,5.0,0.0,0.0487,0.0487,0.0487,0.0487,21.428,21.428,0.019598,21.428,21.428,0.0,0.019598,0.0,0.0,0.0,0.0,0.0,0.001,0.0,0.0,0.0,0.001,0.0,0.0,0.0,0.0,0.001,0.001,0.0
24461609.0,4995000000.0,5000000.0,5.0,0.0,0.0487,0.0487,0.0487,0.0487,21.428,0.42856,0.0,0.42856,21.428,0.0037285,0.0,0.0037285,0.0,0.0,0.0,0.0,1e-07,0.0,0.0,0.0,2.154e-06,0.0,0.0,0.0,0.0,2.154e-06,1e-07,0.0
24466990.0,4995000000.0,5000000.0,5.0,0.0,0.0487,0.0487,0.0487,0.0487,21.428,5.8156,0.0020493,5.8156,21.428,0.00055617,0.0020493,0.00055617,0.0,0.0,0.0,0.0,4.642e-09,0.0,0.0,0.0,4.642e-09,0.0,0.0,0.0,0.0,4.642e-09,4.642e-09,0.0
24466308.0,4995000000.0,5000000.0,5.0,0.0,0.0487,0.0487,0.0487,0.0487,21.428,5.8156,0.0,5.8156,21.428,0.00055617,0.0,0.00055617,0.0,0.0,0.0,0.0,4.642e-09,0.0,0.0,0.0,0.001,0.0,0.0,0.0,0.0,0.001,4.642e-09,0.0
24466551.0,4995000000.0,5000000.0,5.0,0.0,0.0487,0.0487,0.0487,0.0487,21.428,5.8156,0.00021428,5.8156,21.428,0.0,0.00021428,0.0,0.0,0.0,0.0,0.0,4.642e-09,0.0,0.0,0.0,2.154e-06,0.0,0.0,0.0,0.0,2.154e-06,4.642e-09,0.0
24463833.0,4995000000.0,5000000.0,5.0,0.0,0.0487,0.0487,0.0487,0.0487,21.428,1.5792,0.0,1.5792,21.428,0.0,0.0,0.0,0.0,0.0,0.0,0.0,0.001,0.0,0.0,0.0,4.642e-09,0.0,0.0,0.0,0.0,4.642e-09,0.001,0.0
24461922.0,4995000000.0,5000000.0,5.0,0.0,0.0487,0.0487,0.0487,0.0487,21.428,0.42856,0.00021428,0.42856,21.428,0.00039197,0.00021428,0.00039197,0.0,0.0,0.0,0.0,0.001,0.0,0.0,0.0,4.642e-09,0.0,0.0,0.0,0.0,4.642e-09,0.001,0.0
24461414.0,4995000000.0,5000000.0,5.0,0.0,0.0487,0.0487,0.0487,0.0487,21.428,0.42856,0.0,0.42856,21.428,0.0,0.0,0.0,0.0,0.0,0.0,0.0,1e-07,0.0,0.0,0.0,4.642e-05,0.0,0.0,0.0,0.0,4.642e-05,1e-07,0.0
24466700.0,4995000000.0,5000000.0,5.0,0.0,0.0487,0.0487,0.0487,0.0487,21.428,5.8156,0.00021428,5.8156,21.428,0.005319,0.00021428,0.005319,0.0,0.0,0.0,0.0,4.642e-09,0.0,0.0,0.0,0.001,0.0,0.0,0.0,0.0,0.001,4.642e-09,0.0
24464519.0,4995000000.0,5000000.0,5.0,0.0,0.0487,0.0487,0.0487,0.0487,21.428,1.5792,0.0020493,1.5792,21.428,0.0,0.0020493,0.0,0.0,0.0,0.0,0.0,0.001,0.0,0.0,0.0,4.642e-09,0.0,0.0,0.0,0.0,4.642e-09,0.001,0.0
24461903.0,4995000000.0,5000000.0,5.0,0.0,0.0487,0.0487,0.0487,0.0487,21.428,0.42856,0.00021428,0.42856,21.428,0.00039197,0.00021428,0.00039197,0.0,0.0,0.0,0.0,1e-07,0.0,0.0,0.0,2.154e-06,0.0,0.0,0.0,0.0,2.154e-06,1e-07,0.0
24462262.0,4995000000.0,5000000.0,5.0,0.0,0.0487,0.0487,0.0487,0.0487,21.428,0.42856,0.0020493,0.42856,21.428,0.00039197,0.0020493,0.00039197,0.0,0.0,0.0,0.0,4.642e-05,0.0,0.0,0.0,0.001,0.0,0.0,0.0,0.0,0.001,4.642e-05,0.0
24462682.0,4995000000.0,5000000.0,5.0,0.0,0.0487,0.0487,0.0487,0.0487,21.428,0.42856,0.019598,0.42856,21.428,0.03587,0.019598,0.03587,0.0,0.0,0.0,0.0,4.642e-09,0.0,0.0,0.0,0.001,0.0,0.0,0.0,0.0,0.001,4.642e-09,0.0
24466712.0,4995000000.0,5000000.0,5.0,0.0,0.0487,0.0487,0.0487,0.0487,21.428,5.8156,0.00021428,5.8156,21.428,0.005319,0.00021428,0.005319,0.0,0.0,0.0,0.0,2.154e-06,0.0,0.0,0.0,2.154e-06,0.0,0.0,0.0,0.0,2.154e-06,2.154e-06,0.0
24461450.0,4995000000.0,5000000.0,5.0,0.0,0.0487,0.0487,0.0487,0.0487,21.428,0.42856,0.0,0.42856,21.428,4.2856e-06,0.0,4.2856e-06,0.0,0.0,0.0,0.0,2.154e-10,0.0,0.0,0.0,0.001,0.0,0.0,0.0,0.0,0.001,2.154e-10,0.0
24466342.0,4995000000.0,5000000.0,5.0,0.0,0.0487,0.0487,0.0487,0.0487,21.428,5.8156,0.0,5.8156,21.428,0.005319,0.0,0.005319,0.0,0.0,0.0,0.0,1e-11,0.0,0.0,0.0,4.642e-05,0.0,0.0,0.0,0.0,4.642e-05,1e-11,0.0
24462658.0,4995000000.0,5000000.0,5.0,0.0,0.0487,0.0487,0.0487,0.0487,21.428,0.42856,0.019598,0.42856,21.428,0.0037285,0.019598,0.0037285,0.0,0.0,0.0,0.0,0.001,0.0,0.0,0.0,1e-07,0.0,0.0,0.0,0.0,1e-07,0.001,0.0
24466647.0,4995000000.0,5000000.0,5.0,0.0,0.0487,0.0487,0.0487,0.0487,21.428,5.8156,0.00021428,5.8156,21.428,0.00055617,0.00021428,0.00055617,0.0,0.0,0.0,0.0,4.642e-09,0.0,0.0,0.0,4.642e-09,0.0,0.0,0.0,0.0,4.642e-09,4.642e-09,0.0
24464302.0,4995000000.0,5000000.0,5.0,0.0,0.0487,0.0487,0.0487,0.0487,21.428,1.5792,0.00021428,1.5792,21.428,0.0014444,0.00021428,0.0014444,0.0,0.0,0.0,0.0,1e-07,0.0,0.0,0.0,4.642e-09,0.0,0.0,0.0,0.0,4.642e-09,1e-07,0.0
24467295.0,4995000000.0,5000000.0,5.0,0.0,0.0487,0.0487,0.0487,0.0487,21.428,5.8156,0.019598,5.8156,21.428,5.8156e-05,0.019598,5.8156e-05,0.0,0.0,0.0,0.0,1e-07,0.0,0.0,0.0,0.001,0.0,0.0,0.0,0.0,0.001,1e-07,0.0
24467351.0,4995000000.0,5000000.0,5.0,0.0,0.0487,0.0487,0.0487,0.0487,21.428,5.8156,0.019598,5.8156,21.428,0.00055617,0.019598,0.00055617,0.0,0.0,0.0,0.0,2.154e-06,0.0,0.0,0.0,0.001,0.0,0.0,0.0,0.0,0.001,2.154e-06,0.0
24466367.0,4995000000.0,5000000.0,5.0,0.0,0.0487,0.0487,0.0487,0.0487,21.428,5.8156,0.0,5.8156,21.428,0.005319,0.0,0.005319,0.0,0.0,0.0,0.0,2.154e-06,0.0,0.0,0.0,4.642e-09,0.0,0.0,0.0,0.0,4.642e-09,2.154e-06,0.0
24464670.0,4995000000.0,5000000.0,5.0,0.0,0.0487,0.0487,0.0487,0.0487,21.428,1.5792,0.0020493,1.5792,21.428,0.0014444,0.0020493,0.0014444,0.0,0.0,0.0,0.0,0.001,0.0,0.0,0.0,0.001,0.0,0.0,0.0,0.0,0.001,0.001,0.0
24461518.0,4995000000.0,5000000.0,5.0,0.0,0.0487,0.0487,0.0487,0.0487,21.428,0.42856,0.0,0.42856,21.428,4.0985e-05,0.0,4.0985e-05,0.0,0.0,0.0,0.0,2.154e-06,0.0,0.0,0.0,2.154e-06,0.0,0.0,0.0,0.0,2.154e-06,2.154e-06,0.0
24461940.0,4995000000.0,5000000.0,5.0,0.0,0.0487,0.0487,0.0487,0.0487,21.428,0.42856,0.00021428,0.42856,21.428,0.0037285,0.00021428,0.0037285,0.0,0.0,0.0,0.0,2.154e-10,0.0,0.0,0.0,0.001,0.0,0.0,0.0,0.0,0.001,2.154e-10,0.0
24466557.0,4995000000.0,5000000.0,5.0,0.0,0.0487,0.0487,0.0487,0.0487,21.428,5.8156,0.00021428,5.8156,21.428,0.0,0.00021428,0.0,0.0,0.0,0.0,0.0,1e-07,0.0,0.0,0.0,1e-07,0.0,0.0,0.0,0.0,1e-07,1e-07,0.0
24464656.0,4995000000.0,5000000.0,5.0,0.0,0.0487,0.0487,0.0487,0.0487,21.428,1.5792,0.0020493,1.5792,21.428,0.0014444,0.0020493,0.0014444,0.0,0.0,0.0,0.0,2.154e-06,0.0,0.0,0.0,0.001,0.0,0.0,0.0,0.0,0.001,2.154e-06,0.0
24462122.0,4995000000.0,5000000.0,5.0,0.0,0.0487,0.0487,0.0487,0.0487,21.428,0.42856,0.0020493,0.42856,21.428,0.0,0.0020493,0.0,0.0,0.0,0.0,0.0,0.001,0.0,0.0,0.0,0.001,0.0,0.0,0.0,0.0,0.001,0.001,0.0
24469661.0,4995000000.0,5000000.0,5.0,0.0,0.0487,0.0487,0.0487,0.0487,21.428,21.428,0.019598,21.428,21.428,0.0,0.019598,0.0,0.0,0.0,0.0,0.0,4.642e-05,0.0,0.0,0.0,0.001,0.0,0.0,0.0,0.0,0.001,4.642e-05,0.0
24464242.0,4995000000.0,5000000.0,5.0,0.0,0.0487,0.0487,0.0487,0.0487,21.428,1.5792,0.00021428,1.5792,21.428,0.00015103,0.00021428,0.00015103,0.0,0.0,0.0,0.0,2.154e-10,0.0,0.0,0.0,4.642e-05,0.0,0.0,0.0,0.0,4.642e-05,2.154e-10,0.0
24461551.0,4995000000.0,5000000.0,5.0,0.0,0.0487,0.0487,0.0487,0.0487,21.428,0.42856,0.0,0.42856,21.428,0.00039197,0.0,0.00039197,0.0,0.0,0.0,0.0,4.642e-09,0.0,0.0,0.0,4.642e-09,0.0,0.0,0.0,0.0,4.642e-09,4.642e-09,0.0
24463816.0,4995000000.0,5000000.0,5.0,0.0,0.0487,0.0487,0.0487,0.0487,21.428,1.5792,0.0,1.5792,21.428,0.0,0.0,0.0,0.0,0.0,0.0,0.0,1e-07,0.0,0.0,0.0,0.001,0.0,0.0,0.0,0.0,0.001,1e-07,0.0
24469078.0,4995000000.0,5000000.0,5.0,0.0,0.0487,0.0487,0.0487,0.0487,21.428,21.428,0.00021428,21.428,21.428,0.0020493,0.00021428,0.0020493,0.0,0.0,0.0,0.0,0.001,0.0,0.0,0.0,2.154e-06,0.0,0.0,0.0,0.0,2.154e-06,0.001,0.0
24464621.0,4995000000.0,5000000.0,5.0,0.0,0.0487,0.0487,0.0487,0.0487,21.428,1.5792,0.0020493,1.5792,21.428,0.00015103,0.0020493,0.00015103,0.0,0.0,0.0,0.0,0.001,0.0,0.0,0.0,0.001,0.0,0.0,0.0,0.0,0.001,0.001,0.0
24464955.0,4995000000.0,5000000.0,5.0,0.0,0.0487,0.0487,0.0487,0.0487,21.428,1.5792,0.019598,1.5792,21.428,0.00015103,0.019598,0.00015103,0.0,0.0,0.0,0.0,4.642e-05,0.0,0.0,0.0,2.154e-06,0.0,0.0,0.0,0.0,2.154e-06,4.642e-05,0.0
24461660.0,4995000000.0,5000000.0,5.0,0.0,0.0487,0.0487,0.0487,0.0487,21.428,0.42856,0.0,0.42856,21.428,0.03587,0.0,0.03587,0.0,0.0,0.0,0.0,1e-07,0.0,0.0,0.0,0.001,0.0,0.0,0.0,0.0,0.001,1e-07,0.0
24464852.0,4995000000.0,5000000.0,5.0,0.0,0.0487,0.0487,0.0487,0.0487,21.428,1.5792,0.019598,1.5792,21.428,0.0,0.019598,0.0,0.0,0.0,0.0,0.0,2.154e-06,0.0,0.0,0.0,0.001,0.0,0.0,0.0,0.0,0.001,2.154e-06,0.0
24462357.0,4995000000.0,5000000.0,5.0,0.0,0.0487,0.0487,0.0487,0.0487,21.428,0.42856,0.0020493,0.42856,21.428,0.03587,0.0020493,0.03587,0.0,0.0,0.0,0.0,4.642e-05,0.0,0.0,0.0,1e-07,0.0,0.0,0.0,0.0,1e-07,4.642e-05,0.0
24461971.0,4995000000.0,5000000.0,5.0,0.0,0.0487,0.0487,0.0487,0.0487,21.428,0.42856,0.00021428,0.42856,21.428,0.0037285,0.00021428,0.0037285,0.0,0.0,0.0,0.0,0.001,0.0,0.0,0.0,4.642e-09,0.0,0.0,0.0,0.0,4.642e-09,0.001,0.0
24466280.0,4995000000.0,5000000.0,5.0,0.0,0.0487,0.0487,0.0487,0.0487,21.428,5.8156,0.0,5.8156,21.428,5.8156e-05,0.0,5.8156e-05,0.0,0.0,0.0,0.0,4.642e-05,0.0,0.0,0.0,0.001,0.0,0.0,0.0,0.0,0.001,4.642e-05,0.0
24464494.0,4995000000.0,5000000.0,5.0,0.0,0.0487,0.0487,0.0487,0.0487,21.428,1.5792,0.0020493,1.5792,21.428,0.0,0.0020493,0.0,0.0,0.0,0.0,0.0,4.642e-09,0.0,0.0,0.0,4.642e-05,0.0,0.0,0.0,0.0,4.642e-05,4.642e-09,0.0
24461434.0,4995000000.0,5000000.0,5.0,0.0,0.0487,0.0487,0.0487,0.0487,21.428,0.42856,0.0,0.42856,21.428,0.0,0.0,0.0,0.0,0.0,0.0,0.0,0.001,0.0,0.0,0.0,2.154e-06,0.0,0.0,0.0,0.0,2.154e-06,0.001,0.0
24463841.0,4995000000.0,5000000.0,5.0,0.0,0.0487,0.0487,0.0487,0.0487,21.428,1.5792,0.0,1.5792,21.428,1.5792e-05,0.0,1.5792e-05,0.0,0.0,0.0,0.0,1e-11,0.0,0.0,0.0,1e-07,0.0,0.0,0.0,0.0,1e-07,1e-11,0.0
24462280.0,4995000000.0,5000000.0,5.0,0.0,0.0487,0.0487,0.0487,0.0487,21.428,0.42856,0.0020493,0.42856,21.428,0.0037285,0.0020493,0.0037285,0.0,0.0,0.0,0.0,2.154e-10,0.0,0.0,0.0,1e-07,0.0,0.0,0.0,0.0,1e-07,2.154e-10,0.0
24464523.0,4995000000.0,5000000.0,5.0,0.0,0.0487,0.0487,0.0487,0.0487,21.428,1.5792,0.0020493,1.5792,21.428,0.0,0.0020493,0.0,0.0,0.0,0.0,0.0,0.001,0.0,0.0,0.0,0.001,0.0,0.0,0.0,0.0,0.001,0.001,0.0
24464481.0,4995000000.0,5000000.0,5.0,0.0,0.0487,0.0487,0.0487,0.0487,21.428,1.5792,0.0020493,1.5792,21.428,0.0,0.0020493,0.0,0.0,0.0,0.0,0.0,1e-11,0.0,0.0,0.0,0.001,0.0,0.0,0.0,0.0,0.001,1e-11,0.0
24461743.0,4995000000.0,5000000.0,5.0,0.0,0.0487,0.0487,0.0487,0.0487,21.428,0.42856,0.00021428,0.42856,21.428,0.0,0.00021428,0.0,0.0,0.0,0.0,0.0,2.154e-10,0.0,0.0,0.0,4.642e-05,0.0,0.0,0.0,0.0,4.642e-05,2.154e-10,0.0
24460279.0,4995000000.0,5000000.0,5.0,0.0,0.0487,0.0487,0.0487,0.0487,21.428,0.11571,0.019598,0.11571,21.428,0.009685,0.019598,0.009685,0.0,0.0,0.0,0.0,4.642e-09,0.0,0.0,0.0,2.154e-06,0.0,0.0,0.0,0.0,2.154e-06,4.642e-09,0.0
24464268.0,4995000000.0,5000000.0,5.0,0.0,0.0487,0.0487,0.0487,0.0487,21.428,1.5792,0.00021428,1.5792,21.428,0.00015103,0.00021428,0.00015103,0.0,0.0,0.0,0.0,4.642e-05,0.0,0.0,0.0,1e-07,0.0,0.0,0.0,0.0,1e-07,4.642e-05,0.0
24466545.0,4995000000.0,5000000.0,5.0,0.0,0.0487,0.0487,0.0487,0.0487,21.428,5.8156,0.00021428,5.8156,21.428,0.0,0.00021428,0.0,0.0,0.0,0.0,0.0,2.154e-10,0.0,0.0,0.0,4.642e-05,0.0,0.0,0.0,0.0,4.642e-05,2.154e-10,0.0
24461737.0,4995000000.0,5000000.0,5.0,0.0,0.0487,0.0487,0.0487,0.0487,21.428,0.42856,0.00021428,0.42856,21.428,0.0,0.00021428,0.0,0.0,0.0,0.0,0.0,1e-11,0.0,0.0,0.0,0.001,0.0,0.0,0.0,0.0,0.001,1e-11,0.0
24462533.0,4995000000.0,5000000.0,5.0,0.0,0.0487,0.0487,0.0487,0.0487,21.428,0.42856,0.019598,0.42856,21.428,4.0985e-05,0.019598,4.0985e-05,0.0,0.0,0.0,0.0,4.642e-09,0.0,0.0,0.0,2.154e-06,0.0,0.0,0.0,0.0,2.154e-06,4.642e-09,0.0
24466362.0,4995000000.0,5000000.0,5.0,0.0,0.0487,0.0487,0.0487,0.0487,21.428,5.8156,0.0,5.8156,21.428,0.005319,0.0,0.005319,0.0,0.0,0.0,0.0,1e-07,0.0,0.0,0.0,2.154e-06,0.0,0.0,0.0,0.0,2.154e-06,1e-07,0.0
24466375.0,4995000000.0,5000000.0,5.0,0.0,0.0487,0.0487,0.0487,0.0487,21.428,5.8156,0.0,5.8156,21.428,0.005319,0.0,0.005319,0.0,0.0,0.0,0.0,4.642e-05,0.0,0.0,0.0,1e-07,0.0,0.0,0.0,0.0,1e-07,4.642e-05,0.0
24461651.0,4995000000.0,5000000.0,5.0,0.0,0.0487,0.0487,0.0487,0.0487,21.428,0.42856,0.0,0.42856,21.428,0.03587,0.0,0.03587,0.0,0.0,0.0,0.0,4.642e-09,0.0,0.0,0.0,2.154e-06,0.0,0.0,0.0,0.0,2.154e-06,4.642e-09,0.0
24460117.0,4995000000.0,5000000.0,5.0,0.0,0.0487,0.0487,0.0487,0.0487,21.428,0.11571,0.019598,0.11571,21.428,1.1066e-05,0.019598,1.1066e-05,0.0,0.0,0.0,0.0,1e-11,0.0,0.0,0.0,1e-07,0.0,0.0,0.0,0.0,1e-07,1e-11,0.0
24467028.0,4995000000.0,5000000.0,5.0,0.0,0.0487,0.0487,0.0487,0.0487,21.428,5.8156,0.0020493,5.8156,21.428,0.005319,0.0020493,0.005319,0.0,0.0,0.0,0.0,1e-11,0.0,0.0,0.0,4.642e-05,0.0,0.0,0.0,0.0,4.642e-05,1e-11,0.0
24464942.0,4995000000.0,5000000.0,5.0,0.0,0.0487,0.0487,0.0487,0.0487,21.428,1.5792,0.019598,1.5792,21.428,0.00015103,0.019598,0.00015103,0.0,0.0,0.0,0.0,1e-07,0.0,0.0,0.0,4.642e-05,0.0,0.0,0.0,0.0,4.642e-05,1e-07,0.0
24461896.0,4995000000.0,5000000.0,5.0,0.0,0.0487,0.0487,0.0487,0.0487,21.428,0.42856,0.00021428,0.42856,21.428,0.00039197,0.00021428,0.00039197,0.0,0.0,0.0,0.0,4.642e-09,0.0,0.0,0.0,2.154e-06,0.0,0.0,0.0,0.0,2.154e-06,4.642e-09,0.0
24462483.0,4995000000.0,5000000.0,5.0,0.0,0.0487,0.0487,0.0487,0.0487,21.428,0.42856,0.019598,0.42856,21.428,4.2856e-06,0.019598,4.2856e-06,0.0,0.0,0.0,0.0,4.642e-09,0.0,0.0,0.0,1e-07,0.0,0.0,0.0,0.0,1e-07,4.642e-09,0.0
24466605.0,4995000000.0,5000000.0,5.0,0.0,0.0487,0.0487,0.0487,0.0487,21.428,5.8156,0.00021428,5.8156,21.428,5.8156e-05,0.00021428,5.8156e-05,0.0,0.0,0.0,0.0,1e-07,0.0,0.0,0.0,4.642e-09,0.0,0.0,0.0,0.0,4.642e-09,1e-07,0.0
24466901.0,4995000000.0,5000000.0,5.0,0.0,0.0487,0.0487,0.0487,0.0487,21.428,5.8156,0.0020493,5.8156,21.428,0.0,0.0020493,0.0,0.0,0.0,0.0,0.0,1e-07,0.0,0.0,0.0,2.154e-06,0.0,0.0,0.0,0.0,2.154e-06,1e-07,0.0
24466301.0,4995000000.0,5000000.0,5.0,0.0,0.0487,0.0487,0.0487,0.0487,21.428,5.8156,0.0,5.8156,21.428,0.00055617,0.0,0.00055617,0.0,0.0,0.0,0.0,2.154e-10,0.0,0.0,0.0,0.001,0.0,0.0,0.0,0.0,0.001,2.154e-10,0.0
24466956.0,4995000000.0,5000000.0,5.0,0.0,0.0487,0.0487,0.0487,0.0487,21.428,5.8156,0.0020493,5.8156,21.428,5.8156e-05,0.0020493,5.8156e-05,0.0,0.0,0.0,0.0,2.154e-06,0.0,0.0,0.0,1e-07,0.0,0.0,0.0,0.0,1e-07,2.154e-06,0.0
24464376.0,4995000000.0,5000000.0,5.0,0.0,0.0487,0.0487,0.0487,0.0487,21.428,1.5792,0.00021428,1.5792,21.428,0.013739,0.00021428,0.013739,0.0,0.0,0.0,0.0,0.001,0.0,0.0,0.0,0.001,0.0,0.0,0.0,0.0,0.001,0.001,0.0
24460026.0,4995000000.0,5000000.0,5.0,0.0,0.0487,0.0487,0.0487,0.0487,21.428,0.11571,0.019598,0.11571,21.428,0.0,0.019598,0.0,0.0,0.0,0.0,0.0,2.154e-10,0.0,0.0,0.0,1e-07,0.0,0.0,0.0,0.0,1e-07,2.154e-10,0.0
24463869.0,4995000000.0,5000000.0,5.0,0.0,0.0487,0.0487,0.0487,0.0487,21.428,1.5792,0.0,1.5792,21.428,1.5792e-05,0.0,1.5792e-05,0.0,0.0,0.0,0.0,2.154e-06,0.0,0.0,0.0,1e-07,0.0,0.0,0.0,0.0,1e-07,2.154e-06,0.0
24463806.0,4995000000.0,5000000.0,5.0,0.0,0.0487,0.0487,0.0487,0.0487,21.428,1.5792,0.0,1.5792,21.428,0.0,0.0,0.0,0.0,0.0,0.0,0.0,4.642e-09,0.0,0.0,0.0,1e-07,0.0,0.0,0.0,0.0,1e-07,4.642e-09,0.0
24464610.0,4995000000.0,5000000.0,5.0,0.0,0.0487,0.0487,0.0487,0.0487,21.428,1.5792,0.0020493,1.5792,21.428,0.00015103,0.0020493,0.00015103,0.0,0.0,0.0,0.0,4.642e-05,0.0,0.0,0.0,4.642e-09,0.0,0.0,0.0,0.0,4.642e-09,4.642e-05,0.0
24467258.0,4995000000.0,5000000.0,5.0,0.0,0.0487,0.0487,0.0487,0.0487,21.428,5.8156,0.019598,5.8156,21.428,0.0,0.019598,0.0,0.0,0.0,0.0,0.0,4.642e-05,0.0,0.0,0.0,2.154e-06,0.0,0.0,0.0,0.0,2.154e-06,4.642e-05,0.0
24466909.0,4995000000.0,5000000.0,5.0,0.0,0.0487,0.0487,0.0487,0.0487,21.428,5.8156,0.0020493,5.8156,21.428,0.0,0.0020493,0.0,0.0,0.0,0.0,0.0,2.154e-06,0.0,0.0,0.0,4.642e-05,0.0,0.0,0.0,0.0,4.642e-05,2.154e-06,0.0
24464828.0,4995000000.0,5000000.0,5.0,0.0,0.0487,0.0487,0.0487,0.0487,21.428,1.5792,0.019598,1.5792,21.428,0.0,0.019598,0.0,0.0,0.0,0.0,0.0,2.154e-10,0.0,0.0,0.0,1e-07,0.0,0.0,0.0,0.0,1e-07,2.154e-10,0.0
24464193.0,4995000000.0,5000000.0,5.0,0.0,0.0487,0.0487,0.0487,0.0487,21.428,1.5792,0.00021428,1.5792,21.428,1.5792e-05,0.00021428,1.5792e-05,0.0,0.0,0.0,0.0,2.154e-10,0.0,0.0,0.0,4.642e-05,0.0,0.0,0.0,0.0,4.642e-05,2.154e-10,0.0
24463821.0,4995000000.0,5000000.0,5.0,0.0,0.0487,0.0487,0.0487,0.0487,21.428,1.5792,0.0,1.5792,21.428,0.0,0.0,0.0,0.0,0.0,0.0,0.0,2.154e-06,0.0,0.0,0.0,2.154e-06,0.0,0.0,0.0,0.0,2.154e-06,2.154e-06,0.0
24464582.0,4995000000.0,5000000.0,5.0,0.0,0.0487,0.0487,0.0487,0.0487,21.428,1.5792,0.0020493,1.5792,21.428,0.00015103,0.0020493,0.00015103,0.0,0.0,0.0,0.0,2.154e-10,0.0,0.0,0.0,4.642e-09,0.0,0.0,0.0,0.0,4.642e-09,2.154e-10,0.0
24461747.0,4995000000.0,5000000.0,5.0,0.0,0.0487,0.0487,0.0487,0.0487,21.428,0.42856,0.00021428,0.42856,21.428,0.0,0.00021428,0.0,0.0,0.0,0.0,0.0,4.642e-09,0.0,0.0,0.0,4.642e-09,0.0,0.0,0.0,0.0,4.642e-09,4.642e-09,0.0
24466306.0,4995000000.0,5000000.0,5.0,0.0,0.0487,0.0487,0.0487,0.0487,21.428,5.8156,0.0,5.8156,21.428,0.00055617,0.0,0.00055617,0.0,0.0,0.0,0.0,4.642e-09,0.0,0.0,0.0,2.154e-06,0.0,0.0,0.0,0.0,2.154e-06,4.642e-09,0.0
24462205.0,4995000000.0,5000000.0,5.0,0.0,0.0487,0.0487,0.0487,0.0487,21.428,0.42856,0.0020493,0.42856,21.428,4.0985e-05,0.0020493,4.0985e-05,0.0,0.0,0.0,0.0,2.154e-06,0.0,0.0,0.0,4.642e-05,0.0,0.0,0.0,0.0,4.642e-05,2.154e-06,0.0
24464261.0,4995000000.0,5000000.0,5.0,0.0,0.0487,0.0487,0.0487,0.0487,21.428,1.5792,0.00021428,1.5792,21.428,0.00015103,0.00021428,0.00015103,0.0,0.0,0.0,0.0,2.154e-06,0.0,0.0,0.0,1e-07,0.0,0.0,0.0,0.0,1e-07,2.154e-06,0.0
24466627.0,4995000000.0,5000000.0,5.0,0.0,0.0487,0.0487,0.0487,0.0487,21.428,5.8156,0.00021428,5.8156,21.428,5.8156e-05,0.00021428,5.8156e-05,0.0,0.0,0.0,0.0,0.001,0.0,0.0,0.0,1e-07,0.0,0.0,0.0,0.0,1e-07,0.001,0.0
24464166.0,4995000000.0,5000000.0,5.0,0.0,0.0487,0.0487,0.0487,0.0487,21.428,1.5792,0.00021428,1.5792,21.428,0.0,0.00021428,0.0,0.0,0.0,0.0,0.0,2.154e-06,0.0,0.0,0.0,0.001,0.0,0.0,0.0,0.0,0.001,2.154e-06,0.0
24467230.0,4995000000.0,5000000.0,5.0,0.0,0.0487,0.0487,0.0487,0.0487,21.428,5.8156,0.019598,5.8156,21.428,0.0,0.019598,0.0,0.0,0.0,0.0,0.0,2.154e-10,0.0,0.0,0.0,2.154e-06,0.0,0.0,0.0,0.0,2.154e-06,2.154e-10,0.0
24462195.0,4995000000.0,5000000.0,5.0,0.0,0.0487,0.0487,0.0487,0.0487,21.428,0.42856,0.0020493,0.42856,21.428,4.0985e-05,0.0020493,4.0985e-05,0.0,0.0,0.0,0.0,1e-07,0.0,0.0,0.0,4.642e-09,0.0,0.0,0.0,0.0,4.642e-09,1e-07,0.0
24461750.0,4995000000.0,5000000.0,5.0,0.0,0.0487,0.0487,0.0487,0.0487,21.428,0.42856,0.00021428,0.42856,21.428,0.0,0.00021428,0.0,0.0,0.0,0.0,0.0,4.642e-09,0.0,0.0,0.0,4.642e-05,0.0,0.0,0.0,0.0,4.642e-05,4.642e-09,0.0
24460265.0,4995000000.0,5000000.0,5.0,0.0,0.0487,0.0487,0.0487,0.0487,21.428,0.11571,0.019598,0.11571,21.428,0.009685,0.019598,0.009685,0.0,0.0,0.0,0.0,1e-11,0.0,0.0,0.0,2.154e-06,0.0,0.0,0.0,0.0,2.154e-06,1e-11,0.0
24466326.0,4995000000.0,5000000.0,5.0,0.0,0.0487,0.0487,0.0487,0.0487,21.428,5.8156,0.0,5.8156,21.428,0.00055617,0.0,0.00055617,0.0,0.0,0.0,0.0,4.642e-05,0.0,0.0,0.0,1e-07,0.0,0.0,0.0,0.0,1e-07,4.642e-05,0.0
24464880.0,4995000000.0,5000000.0,5.0,0.0,0.0487,0.0487,0.0487,0.0487,21.428,1.5792,0.019598,1.5792,21.428,1.5792e-05,0.019598,1.5792e-05,0.0,0.0,0.0,0.0,2.154e-10,0.0,0.0,0.0,0.001,0.0,0.0,0.0,0.0,0.001,2.154e-10,0.0
24464645.0,4995000000.0,5000000.0,5.0,0.0,0.0487,0.0487,0.0487,0.0487,21.428,1.5792,0.0020493,1.5792,21.428,0.0014444,0.0020493,0.0014444,0.0,0.0,0.0,0.0,1e-07,0.0,0.0,0.0,4.642e-09,0.0,0.0,0.0,0.0,4.642e-09,1e-07,0.0
24466689.0,4995000000.0,5000000.0,5.0,0.0,0.0487,0.0487,0.0487,0.0487,21.428,5.8156,0.00021428,5.8156,21.428,0.005319,0.00021428,0.005319,0.0,0.0,0.0,0.0,2.154e-10,0.0,0.0,0.0,4.642e-09,0.0,0.0,0.0,0.0,4.642e-09,2.154e-10,0.0
24464191.0,4995000000.0,5000000.0,5.0,0.0,0.0487,0.0487,0.0487,0.0487,21.428,1.5792,0.00021428,1.5792,21.428,1.5792e-05,0.00021428,1.5792e-05,0.0,0.0,0.0,0.0,2.154e-10,0.0,0.0,0.0,1e-07,0.0,0.0,0.0,0.0,1e-07,2.154e-10,0.0
24463962.0,4995000000.0,5000000.0,5.0,0.0,0.0487,0.0487,0.0487,0.0487,21.428,1.5792,0.0,1.5792,21.428,0.0014444,0.0,0.0014444,0.0,0.0,0.0,0.0,1e-07,0.0,0.0,0.0,4.642e-05,0.0,0.0,0.0,0.0,4.642e-05,1e-07,0.0
24466608.0,4995000000.0,5000000.0,5.0,0.0,0.0487,0.0487,0.0487,0.0487,21.428,5.8156,0.00021428,5.8156,21.428,5.8156e-05,0.00021428,5.8156e-05,0.0,0.0,0.0,0.0,1e-07,0.0,0.0,0.0,4.642e-05,0.0,0.0,0.0,0.0,4.642e-05,1e-07,0.0
24463914.0,4995000000.0,5000000.0,5.0,0.0,0.0487,0.0487,0.0487,0.0487,21.428,1.5792,0.0,1.5792,21.428,0.00015103,0.0,0.00015103,0.0,0.0,0.0,0.0,1e-07,0.0,0.0,0.0,0.001,0.0,0.0,0.0,0.0,0.001,1e-07,0.0
24461978.0,4995000000.0,5000000.0,5.0,0.0,0.0487,0.0487,0.0487,0.0487,21.428,0.42856,0.00021428,0.42856,21.428,0.03587,0.00021428,0.03587,0.0,0.0,0.0,0.0,1e-11,0.0,0.0,0.0,4.642e-09,0.0,0.0,0.0,0.0,4.642e-09,1e-11,0.0
24464033.0,4995000000.0,5000000.0,5.0,0.0,0.0487,0.0487,0.0487,0.0487,21.428,1.5792,0.0,1.5792,21.428,0.013739,0.0,0.013739,0.0,0.0,0.0,0.0,0.001,0.0,0.0,0.0,0.001,0.0,0.0,0.0,0.0,0.001,0.001,0.0
24464975.0,4995000000.0,5000000.0,5.0,0.0,0.0487,0.0487,0.0487,0.0487,21.428,1.5792,0.019598,1.5792,21.428,0.0014444,0.019598,0.0014444,0.0,0.0,0.0,0.0,2.154e-10,0.0,0.0,0.0,1e-07,0.0,0.0,0.0,0.0,1e-07,2.154e-10,0.0
24463827.0,4995000000.0,5000000.0,5.0,0.0,0.0487,0.0487,0.0487,0.0487,21.428,1.5792,0.0,1.5792,21.428,0.0,0.0,0.0,0.0,0.0,0.0,0.0,4.642e-05,0.0,0.0,0.0,1e-07,0.0,0.0,0.0,0.0,1e-07,4.642e-05,0.0
24462090.0,4995000000.0,5000000.0,5.0,0.0,0.0487,0.0487,0.0487,0.0487,21.428,0.42856,0.0020493,0.42856,21.428,0.0,0.0020493,0.0,0.0,0.0,0.0,0.0,4.642e-09,0.0,0.0,0.0,4.642e-09,0.0,0.0,0.0,0.0,4.642e-09,4.642e-09,0.0
24467260.0,4995000000.0,5000000.0,5.0,0.0,0.0487,0.0487,0.0487,0.0487,21.428,5.8156,0.019598,5.8156,21.428,0.0,0.019598,0.0,0.0,0.0,0.0,0.0,4.642e-05,0.0,0.0,0.0,0.001,0.0,0.0,0.0,0.0,0.001,4.642e-05,0.0
24462624.0,4995000000.0,5000000.0,5.0,0.0,0.0487,0.0487,0.0487,0.0487,21.428,0.42856,0.019598,0.42856,21.428,0.0037285,0.019598,0.0037285,0.0,0.0,0.0,0.0,2.154e-10,0.0,0.0,0.0,2.154e-06,0.0,0.0,0.0,0.0,2.154e-06,2.154e-10,0.0
24461456.0,4995000000.0,5000000.0,5.0,0.0,0.0487,0.0487,0.0487,0.0487,21.428,0.42856,0.0,0.42856,21.428,4.2856e-06,0.0,4.2856e-06,0.0,0.0,0.0,0.0,4.642e-09,0.0,0.0,0.0,4.642e-05,0.0,0.0,0.0,0.0,4.642e-05,4.642e-09,0.0
24462289.0,4995000000.0,5000000.0,5.0,0.0,0.0487,0.0487,0.0487,0.0487,21.428,0.42856,0.0020493,0.42856,21.428,0.0037285,0.0020493,0.0037285,0.0,0.0,0.0,0.0,4.642e-09,0.0,0.0,0.0,4.642e-05,0.0,0.0,0.0,0.0,4.642e-05,4.642e-09,0.0
24460195.0,4995000000.0,5000000.0,5.0,0.0,0.0487,0.0487,0.0487,0.0487,21.428,0.11571,0.019598,0.11571,21.428,0.00010583,0.019598,0.00010583,0.0,0.0,0.0,0.0,2.154e-06,0.0,0.0,0.0,2.154e-06,0.0,0.0,0.0,0.0,2.154e-06,2.154e-06,0.0
24461919.0,4995000000.0,5000000.0,5.0,0.0,0.0487,0.0487,0.0487,0.0487,21.428,0.42856,0.00021428,0.42856,21.428,0.00039197,0.00021428,0.00039197,0.0,0.0,0.0,0.0,4.642e-05,0.0,0.0,0.0,0.001,0.0,0.0,0.0,0.0,0.001,4.642e-05,0.0
24464487.0,4995000000.0,5000000.0,5.0,0.0,0.0487,0.0487,0.0487,0.0487,21.428,1.5792,0.0020493,1.5792,21.428,0.0,0.0020493,0.0,0.0,0.0,0.0,0.0,2.154e-10,0.0,0.0,0.0,4.642e-05,0.0,0.0,0.0,0.0,4.642e-05,2.154e-10,0.0
24462563.0,4995000000.0,5000000.0,5.0,0.0,0.0487,0.0487,0.0487,0.0487,21.428,0.42856,0.019598,0.42856,21.428,4.0985e-05,0.019598,4.0985e-05,0.0,0.0,0.0,0.0,0.001,0.0,0.0,0.0,0.001,0.0,0.0,0.0,0.0,0.001,0.001,0.0
24466202.0,4995000000.0,5000000.0,5.0,0.0,0.0487,0.0487,0.0487,0.0487,21.428,5.8156,0.0,5.8156,21.428,0.0,0.0,0.0,0.0,0.0,0.0,0.0,2.154e-10,0.0,0.0,0.0,4.642e-05,0.0,0.0,0.0,0.0,4.642e-05,2.154e-10,0.0
24462080.0,4995000000.0,5000000.0,5.0,0.0,0.0487,0.0487,0.0487,0.0487,21.428,0.42856,0.0020493,0.42856,21.428,0.0,0.0020493,0.0,0.0,0.0,0.0,0.0,1e-11,0.0,0.0,0.0,0.001,0.0,0.0,0.0,0.0,0.001,1e-11,0.0
24464199.0,4995000000.0,5000000.0,5.0,0.0,0.0487,0.0487,0.0487,0.0487,21.428,1.5792,0.00021428,1.5792,21.428,1.5792e-05,0.00021428,1.5792e-05,0.0,0.0,0.0,0.0,4.642e-09,0.0,0.0,0.0,2.154e-06,0.0,0.0,0.0,0.0,2.154e-06,4.642e-09,0.0
24461765.0,4995000000.0,5000000.0,5.0,0.0,0.0487,0.0487,0.0487,0.0487,21.428,0.42856,0.00021428,0.42856,21.428,0.0,0.00021428,0.0,0.0,0.0,0.0,0.0,2.154e-06,0.0,0.0,0.0,0.001,0.0,0.0,0.0,0.0,0.001,2.154e-06,0.0
24462458.0,4995000000.0,5000000.0,5.0,0.0,0.0487,0.0487,0.0487,0.0487,21.428,0.42856,0.019598,0.42856,21.428,0.0,0.019598,0.0,0.0,0.0,0.0,0.0,4.642e-05,0.0,0.0,0.0,0.001,0.0,0.0,0.0,0.0,0.001,4.642e-05,0.0
24466623.0,4995000000.0,5000000.0,5.0,0.0,0.0487,0.0487,0.0487,0.0487,21.428,5.8156,0.00021428,5.8156,21.428,5.8156e-05,0.00021428,5.8156e-05,0.0,0.0,0.0,0.0,4.642e-05,0.0,0.0,0.0,0.001,0.0,0.0,0.0,0.0,0.001,4.642e-05,0.0
24464018.0,4995000000.0,5000000.0,5.0,0.0,0.0487,0.0487,0.0487,0.0487,21.428,1.5792,0.0,1.5792,21.428,0.013739,0.0,0.013739,0.0,0.0,0.0,0.0,2.154e-06,0.0,0.0,0.0,4.642e-05,0.0,0.0,0.0,0.0,4.642e-05,2.154e-06,0.0
24464138.0,4995000000.0,5000000.0,5.0,0.0,0.0487,0.0487,0.0487,0.0487,21.428,1.5792,0.00021428,1.5792,21.428,0.0,0.00021428,0.0,0.0,0.0,0.0,0.0,1e-11,0.0,0.0,0.0,0.001,0.0,0.0,0.0,0.0,0.001,1e-11,0.0
24464662.0,4995000000.0,5000000.0,5.0,0.0,0.0487,0.0487,0.0487,0.0487,21.428,1.5792,0.0020493,1.5792,21.428,0.0014444,0.0020493,0.0014444,0.0,0.0,0.0,0.0,4.642e-05,0.0,0.0,0.0,4.642e-05,0.0,0.0,0.0,0.0,4.642e-05,4.642e-05,0.0
24466252.0,4995000000.0,5000000.0,5.0,0.0,0.0487,0.0487,0.0487,0.0487,21.428,5.8156,0.0,5.8156,21.428,5.8156e-05,0.0,5.8156e-05,0.0,0.0,0.0,0.0,2.154e-10,0.0,0.0,0.0,0.001,0.0,0.0,0.0,0.0,0.001,2.154e-10,0.0
24461744.0,4995000000.0,5000000.0,5.0,0.0,0.0487,0.0487,0.0487,0.0487,21.428,0.42856,0.00021428,0.42856,21.428,0.0,0.00021428,0.0,0.0,0.0,0.0,0.0,2.154e-10,0.0,0.0,0.0,0.001,0.0,0.0,0.0,0.0,0.001,2.154e-10,0.0
24467320.0,4995000000.0,5000000.0,5.0,0.0,0.0487,0.0487,0.0487,0.0487,21.428,5.8156,0.019598,5.8156,21.428,0.00055617,0.019598,0.00055617,0.0,0.0,0.0,0.0,1e-11,0.0,0.0,0.0,1e-07,0.0,0.0,0.0,0.0,1e-07,1e-11,0.0
24460286.0,4995000000.0,5000000.0,5.0,0.0,0.0487,0.0487,0.0487,0.0487,21.428,0.11571,0.019598,0.11571,21.428,0.009685,0.019598,0.009685,0.0,0.0,0.0,0.0,1e-07,0.0,0.0,0.0,2.154e-06,0.0,0.0,0.0,0.0,2.154e-06,1e-07,0.0
24462504.0,4995000000.0,5000000.0,5.0,0.0,0.0487,0.0487,0.0487,0.0487,21.428,0.42856,0.019598,0.42856,21.428,4.2856e-06,0.019598,4.2856e-06,0.0,0.0,0.0,0.0,4.642e-05,0.0,0.0,0.0,1e-07,0.0,0.0,0.0,0.0,1e-07,4.642e-05,0.0
24461860.0,4995000000.0,5000000.0,5.0,0.0,0.0487,0.0487,0.0487,0.0487,21.428,0.42856,0.00021428,0.42856,21.428,4.0985e-05,0.00021428,4.0985e-05,0.0,0.0,0.0,0.0,2.154e-06,0.0,0.0,0.0,1e-07,0.0,0.0,0.0,0.0,1e-07,2.154e-06,0.0
24467046.0,4995000000.0,5000000.0,5.0,0.0,0.0487,0.0487,0.0487,0.0487,21.428,5.8156,0.0020493,5.8156,21.428,0.005319,0.0020493,0.005319,0.0,0.0,0.0,0.0,1e-07,0.0,0.0,0.0,4.642e-09,0.0,0.0,0.0,0.0,4.642e-09,1e-07,0.0
24466299.0,4995000000.0,5000000.0,5.0,0.0,0.0487,0.0487,0.0487,0.0487,21.428,5.8156,0.0,5.8156,21.428,0.00055617,0.0,0.00055617,0.0,0.0,0.0,0.0,2.154e-10,0.0,0.0,0.0,2.154e-06,0.0,0.0,0.0,0.0,2.154e-06,2.154e-10,0.0
24461764.0,4995000000.0,5000000.0,5.0,0.0,0.0487,0.0487,0.0487,0.0487,21.428,0.42856,0.00021428,0.42856,21.428,0.0,0.00021428,0.0,0.0,0.0,0.0,0.0,2.154e-06,0.0,0.0,0.0,4.642e-05,0.0,0.0,0.0,0.0,4.642e-05,2.154e-06,0.0
24464495.0,4995000000.0,5000000.0,5.0,0.0,0.0487,0.0487,0.0487,0.0487,21.428,1.5792,0.0020493,1.5792,21.428,0.0,0.0020493,0.0,0.0,0.0,0.0,0.0,4.642e-09,0.0,0.0,0.0,0.001,0.0,0.0,0.0,0.0,0.001,4.642e-09,0.0
24464926.0,4995000000.0,5000000.0,5.0,0.0,0.0487,0.0487,0.0487,0.0487,21.428,1.5792,0.019598,1.5792,21.428,0.00015103,0.019598,0.00015103,0.0,0.0,0.0,0.0,2.154e-10,0.0,0.0,0.0,1e-07,0.0,0.0,0.0,0.0,1e-07,2.154e-10,0.0
24462261.0,4995000000.0,5000000.0,5.0,0.0,0.0487,0.0487,0.0487,0.0487,21.428,0.42856,0.0020493,0.42856,21.428,0.00039197,0.0020493,0.00039197,0.0,0.0,0.0,0.0,4.642e-05,0.0,0.0,0.0,4.642e-05,0.0,0.0,0.0,0.0,4.642e-05,4.642e-05,0.0
24461945.0,4995000000.0,5000000.0,5.0,0.0,0.0487,0.0487,0.0487,0.0487,21.428,0.42856,0.00021428,0.42856,21.428,0.0037285,0.00021428,0.0037285,0.0,0.0,0.0,0.0,4.642e-09,0.0,0.0,0.0,2.154e-06,0.0,0.0,0.0,0.0,2.154e-06,4.642e-09,0.0
24467011.0,4995000000.0,5000000.0,5.0,0.0,0.0487,0.0487,0.0487,0.0487,21.428,5.8156,0.0020493,5.8156,21.428,0.00055617,0.0020493,0.00055617,0.0,0.0,0.0,0.0,4.642e-05,0.0,0.0,0.0,4.642e-09,0.0,0.0,0.0,0.0,4.642e-09,4.642e-05,0.0
24466385.0,4995000000.0,5000000.0,5.0,0.0,0.0487,0.0487,0.0487,0.0487,21.428,5.8156,0.0,5.8156,21.428,0.005319,0.0,0.005319,0.0,0.0,0.0,0.0,0.001,0.0,0.0,0.0,0.001,0.0,0.0,0.0,0.0,0.001,0.001,0.0
24466258.0,4995000000.0,5000000.0,5.0,0.0,0.0487,0.0487,0.0487,0.0487,21.428,5.8156,0.0,5.8156,21.428,5.8156e-05,0.0,5.8156e-05,0.0,0.0,0.0,0.0,4.642e-09,0.0,0.0,0.0,4.642e-05,0.0,0.0,0.0,0.0,4.642e-05,4.642e-09,0.0
24464275.0,4995000000.0,5000000.0,5.0,0.0,0.0487,0.0487,0.0487,0.0487,21.428,1.5792,0.00021428,1.5792,21.428,0.00015103,0.00021428,0.00015103,0.0,0.0,0.0,0.0,0.001,0.0,0.0,0.0,1e-07,0.0,0.0,0.0,0.0,1e-07,0.001,0.0
24468646.0,4995000000.0,5000000.0,5.0,0.0,0.0487,0.0487,0.0487,0.0487,21.428,21.428,0.0,21.428,21.428,0.00021428,0.0,0.00021428,0.0,0.0,0.0,0.0,1e-11,0.0,0.0,0.0,0.001,0.0,0.0,0.0,0.0,0.001,1e-11,0.0
24464327.0,4995000000.0,5000000.0,5.0,0.0,0.0487,0.0487,0.0487,0.0487,21.428,1.5792,0.00021428,1.5792,21.428,0.0014444,0.00021428,0.0014444,0.0,0.0,0.0,0.0,0.001,0.0,0.0,0.0,0.001,0.0,0.0,0.0,0.0,0.001,0.001,0.0
24464710.0,4995000000.0,5000000.0,5.0,0.0,0.0487,0.0487,0.0487,0.0487,21.428,1.5792,0.0020493,1.5792,21.428,0.013739,0.0020493,0.013739,0.0,0.0,0.0,0.0,4.642e-05,0.0,0.0,0.0,2.154e-06,0.0,0.0,0.0,0.0,2.154e-06,4.642e-05,0.0
24466228.0,4995000000.0,5000000.0,5.0,0.0,0.0487,0.0487,0.0487,0.0487,21.428,5.8156,0.0,5.8156,21.428,0.0,0.0,0.0,0.0,0.0,0.0,0.0,4.642e-05,0.0,0.0,0.0,1e-07,0.0,0.0,0.0,0.0,1e-07,4.642e-05,0.0
24464653.0,4995000000.0,5000000.0,5.0,0.0,0.0487,0.0487,0.0487,0.0487,21.428,1.5792,0.0020493,1.5792,21.428,0.0014444,0.0020493,0.0014444,0.0,0.0,0.0,0.0,2.154e-06,0.0,0.0,0.0,1e-07,0.0,0.0,0.0,0.0,1e-07,2.154e-06,0.0
24464187.0,4995000000.0,5000000.0,5.0,0.0,0.0487,0.0487,0.0487,0.0487,21.428,1.5792,0.00021428,1.5792,21.428,1.5792e-05,0.00021428,1.5792e-05,0.0,0.0,0.0,0.0,1e-11,0.0,0.0,0.0,0.001,0.0,0.0,0.0,0.0,0.001,1e-11,0.0
24466664.0,4995000000.0,5000000.0,5.0,0.0,0.0487,0.0487,0.0487,0.0487,21.428,5.8156,0.00021428,5.8156,21.428,0.00055617,0.00021428,0.00055617,0.0,0.0,0.0,0.0,2.154e-06,0.0,0.0,0.0,4.642e-05,0.0,0.0,0.0,0.0,4.642e-05,2.154e-06,0.0
24464260.0,4995000000.0,5000000.0,5.0,0.0,0.0487,0.0487,0.0487,0.0487,21.428,1.5792,0.00021428,1.5792,21.428,0.00015103,0.00021428,0.00015103,0.0,0.0,0.0,0.0,2.154e-06,0.0,0.0,0.0,4.642e-09,0.0,0.0,0.0,0.0,4.642e-09,2.154e-06,0.0
24464842.0,4995000000.0,5000000.0,5.0,0.0,0.0487,0.0487,0.0487,0.0487,21.428,1.5792,0.019598,1.5792,21.428,0.0,0.019598,0.0,0.0,0.0,0.0,0.0,1e-07,0.0,0.0,0.0,1e-07,0.0,0.0,0.0,0.0,1e-07,1e-07,0.0
24466566.0,4995000000.0,5000000.0,5.0,0.0,0.0487,0.0487,0.0487,0.0487,21.428,5.8156,0.00021428,5.8156,21.428,0.0,0.00021428,0.0,0.0,0.0,0.0,0.0,2.154e-06,0.0,0.0,0.0,4.642e-05,0.0,0.0,0.0,0.0,4.642e-05,2.154e-06,0.0
24462223.0,4995000000.0,5000000.0,5.0,0.0,0.0487,0.0487,0.0487,0.0487,21.428,0.42856,0.0020493,0.42856,21.428,0.00039197,0.0020493,0.00039197,0.0,0.0,0.0,0.0,1e-11,0.0,0.0,0.0,4.642e-09,0.0,0.0,0.0,0.0,4.642e-09,1e-11,0.0
24466682.0,4995000000.0,5000000.0,5.0,0.0,0.0487,0.0487,0.0487,0.0487,21.428,5.8156,0.00021428,5.8156,21.428,0.005319,0.00021428,0.005319,0.0,0.0,0.0,0.0,1e-11,0.0,0.0,0.0,4.642e-09,0.0,0.0,0.0,0.0,4.642e-09,1e-11,0.0
24461562.0,4995000000.0,5000000.0,5.0,0.0,0.0487,0.0487,0.0487,0.0487,21.428,0.42856,0.0,0.42856,21.428,0.00039197,0.0,0.00039197,0.0,0.0,0.0,0.0,1e-07,0.0,0.0,0.0,0.001,0.0,0.0,0.0,0.0,0.001,1e-07,0.0
24466957.0,4995000000.0,5000000.0,5.0,0.0,0.0487,0.0487,0.0487,0.0487,21.428,5.8156,0.0020493,5.8156,21.428,5.8156e-05,0.0020493,5.8156e-05,0.0,0.0,0.0,0.0,2.154e-06,0.0,0.0,0.0,2.154e-06,0.0,0.0,0.0,0.0,2.154e-06,2.154e-06,0.0
24468974.0,4995000000.0,5000000.0,5.0,0.0,0.0487,0.0487,0.0487,0.0487,21.428,21.428,0.00021428,21.428,21.428,0.0,0.00021428,0.0,0.0,0.0,0.0,0.0,4.642e-05,0.0,0.0,0.0,4.642e-05,0.0,0.0,0.0,0.0,4.642e-05,4.642e-05,0.0
24462083.0,4995000000.0,5000000.0,5.0,0.0,0.0487,0.0487,0.0487,0.0487,21.428,0.42856,0.0020493,0.42856,21.428,0.0,0.0020493,0.0,0.0,0.0,0.0,0.0,2.154e-10,0.0,0.0,0.0,4.642e-09,0.0,0.0,0.0,0.0,4.642e-09,2.154e-10,0.0
24466683.0,4995000000.0,5000000.0,5.0,0.0,0.0487,0.0487,0.0487,0.0487,21.428,5.8156,0.00021428,5.8156,21.428,0.005319,0.00021428,0.005319,0.0,0.0,0.0,0.0,1e-11,0.0,0.0,0.0,1e-07,0.0,0.0,0.0,0.0,1e-07,1e-11,0.0
24464320.0,4995000000.0,5000000.0,5.0,0.0,0.0487,0.0487,0.0487,0.0487,21.428,1.5792,0.00021428,1.5792,21.428,0.0014444,0.00021428,0.0014444,0.0,0.0,0.0,0.0,4.642e-05,0.0,0.0,0.0,0.001,0.0,0.0,0.0,0.0,0.001,4.642e-05,0.0
24461649.0,4995000000.0,5000000.0,5.0,0.0,0.0487,0.0487,0.0487,0.0487,21.428,0.42856,0.0,0.42856,21.428,0.03587,0.0,0.03587,0.0,0.0,0.0,0.0,4.642e-09,0.0,0.0,0.0,4.642e-09,0.0,0.0,0.0,0.0,4.642e-09,4.642e-09,0.0
24466675.0,4995000000.0,5000000.0,5.0,0.0,0.0487,0.0487,0.0487,0.0487,21.428,5.8156,0.00021428,5.8156,21.428,0.00055617,0.00021428,0.00055617,0.0,0.0,0.0,0.0,0.001,0.0,0.0,0.0,4.642e-09,0.0,0.0,0.0,0.0,4.642e-09,0.001,0.0
24461460.0,4995000000.0,5000000.0,5.0,0.0,0.0487,0.0487,0.0487,0.0487,21.428,0.42856,0.0,0.42856,21.428,4.2856e-06,0.0,4.2856e-06,0.0,0.0,0.0,0.0,1e-07,0.0,0.0,0.0,4.642e-09,0.0,0.0,0.0,0.0,4.642e-09,1e-07,0.0
24460294.0,4995000000.0,5000000.0,5.0,0.0,0.0487,0.0487,0.0487,0.0487,21.428,0.11571,0.019598,0.11571,21.428,0.009685,0.019598,0.009685,0.0,0.0,0.0,0.0,2.154e-06,0.0,0.0,0.0,4.642e-05,0.0,0.0,0.0,0.0,4.642e-05,2.154e-06,0.0
24462330.0,4995000000.0,5000000.0,5.0,0.0,0.0487,0.0487,0.0487,0.0487,21.428,0.42856,0.0020493,0.42856,21.428,0.03587,0.0020493,0.03587,0.0,0.0,0.0,0.0,2.154e-10,0.0,0.0,0.0,2.154e-06,0.0,0.0,0.0,0.0,2.154e-06,2.154e-10,0.0
24467363.0,4995000000.0,5000000.0,5.0,0.0,0.0487,0.0487,0.0487,0.0487,21.428,5.8156,0.019598,5.8156,21.428,0.00055617,0.019598,0.00055617,0.0,0.0,0.0,0.0,0.001,0.0,0.0,0.0,2.154e-06,0.0,0.0,0.0,0.0,2.154e-06,0.001,0.0
24464169.0,4995000000.0,5000000.0,5.0,0.0,0.0487,0.0487,0.0487,0.0487,21.428,1.5792,0.00021428,1.5792,21.428,0.0,0.00021428,0.0,0.0,0.0,0.0,0.0,4.642e-05,0.0,0.0,0.0,4.642e-09,0.0,0.0,0.0,0.0,4.642e-09,4.642e-05,0.0
24462490.0,4995000000.0,5000000.0,5.0,0.0,0.0487,0.0487,0.0487,0.0487,21.428,0.42856,0.019598,0.42856,21.428,4.2856e-06,0.019598,4.2856e-06,0.0,0.0,0.0,0.0,1e-07,0.0,0.0,0.0,1e-07,0.0,0.0,0.0,0.0,1e-07,1e-07,0.0
24466592.0,4995000000.0,5000000.0,5.0,0.0,0.0487,0.0487,0.0487,0.0487,21.428,5.8156,0.00021428,5.8156,21.428,5.8156e-05,0.00021428,5.8156e-05,0.0,0.0,0.0,0.0,2.154e-10,0.0,0.0,0.0,1e-07,0.0,0.0,0.0,0.0,1e-07,2.154e-10,0.0
24464264.0,4995000000.0,5000000.0,5.0,0.0,0.0487,0.0487,0.0487,0.0487,21.428,1.5792,0.00021428,1.5792,21.428,0.00015103,0.00021428,0.00015103,0.0,0.0,0.0,0.0,2.154e-06,0.0,0.0,0.0,0.001,0.0,0.0,0.0,0.0,0.001,2.154e-06,0.0
24466903.0,4995000000.0,5000000.0,5.0,0.0,0.0487,0.0487,0.0487,0.0487,21.428,5.8156,0.0020493,5.8156,21.428,0.0,0.0020493,0.0,0.0,0.0,0.0,0.0,1e-07,0.0,0.0,0.0,0.001,0.0,0.0,0.0,0.0,0.001,1e-07,0.0
24464023.0,4995000000.0,5000000.0,5.0,0.0,0.0487,0.0487,0.0487,0.0487,21.428,1.5792,0.0,1.5792,21.428,0.013739,0.0,0.013739,0.0,0.0,0.0,0.0,4.642e-05,0.0,0.0,0.0,1e-07,0.0,0.0,0.0,0.0,1e-07,4.642e-05,0.0
24464208.0,4995000000.0,5000000.0,5.0,0.0,0.0487,0.0487,0.0487,0.0487,21.428,1.5792,0.00021428,1.5792,21.428,1.5792e-05,0.00021428,1.5792e-05,0.0,0.0,0.0,0.0,1e-07,0.0,0.0,0.0,0.001,0.0,0.0,0.0,0.0,0.001,1e-07,0.0
24464864.0,4995000000.0,5000000.0,5.0,0.0,0.0487,0.0487,0.0487,0.0487,21.428,1.5792,0.019598,1.5792,21.428,0.0,0.019598,0.0,0.0,0.0,0.0,0.0,0.001,0.0,0.0,0.0,2.154e-06,0.0,0.0,0.0,0.0,2.154e-06,0.001,0.0
24462121.0,4995000000.0,5000000.0,5.0,0.0,0.0487,0.0487,0.0487,0.0487,21.428,0.42856,0.0020493,0.42856,21.428,0.0,0.0020493,0.0,0.0,0.0,0.0,0.0,0.001,0.0,0.0,0.0,4.642e-05,0.0,0.0,0.0,0.0,4.642e-05,0.001,0.0
24467000.0,4995000000.0,5000000.0,5.0,0.0,0.0487,0.0487,0.0487,0.0487,21.428,5.8156,0.0020493,5.8156,21.428,0.00055617,0.0020493,0.00055617,0.0,0.0,0.0,0.0,1e-07,0.0,0.0,0.0,4.642e-05,0.0,0.0,0.0,0.0,4.642e-05,1e-07,0.0
24461819.0,4995000000.0,5000000.0,5.0,0.0,0.0487,0.0487,0.0487,0.0487,21.428,0.42856,0.00021428,0.42856,21.428,4.2856e-06,0.00021428,4.2856e-06,0.0,0.0,0.0,0.0,4.642e-05,0.0,0.0,0.0,2.154e-06,0.0,0.0,0.0,0.0,2.154e-06,4.642e-05,0.0
24460043.0,4995000000.0,5000000.0,5.0,0.0,0.0487,0.0487,0.0487,0.0487,21.428,0.11571,0.019598,0.11571,21.428,0.0,0.019598,0.0,0.0,0.0,0.0,0.0,1e-07,0.0,0.0,0.0,0.001,0.0,0.0,0.0,0.0,0.001,1e-07,0.0
24466979.0,4995000000.0,5000000.0,5.0,0.0,0.0487,0.0487,0.0487,0.0487,21.428,5.8156,0.0020493,5.8156,21.428,0.00055617,0.0020493,0.00055617,0.0,0.0,0.0,0.0,1e-11,0.0,0.0,0.0,4.642e-05,0.0,0.0,0.0,0.0,4.642e-05,1e-11,0.0
24464892.0,4995000000.0,5000000.0,5.0,0.0,0.0487,0.0487,0.0487,0.0487,21.428,1.5792,0.019598,1.5792,21.428,1.5792e-05,0.019598,1.5792e-05,0.0,0.0,0.0,0.0,1e-07,0.0,0.0,0.0,2.154e-06,0.0,0.0,0.0,0.0,2.154e-06,1e-07,0.0
24469437.0,4995000000.0,5000000.0,5.0,0.0,0.0487,0.0487,0.0487,0.0487,21.428,21.428,0.0020493,21.428,21.428,0.019598,0.0020493,0.019598,0.0,0.0,0.0,0.0,2.154e-10,0.0,0.0,0.0,0.001,0.0,0.0,0.0,0.0,0.001,2.154e-10,0.0
24467071.0,4995000000.0,5000000.0,5.0,0.0,0.0487,0.0487,0.0487,0.0487,21.428,5.8156,0.0020493,5.8156,21.428,0.005319,0.0020493,0.005319,0.0,0.0,0.0,0.0,0.001,0.0,0.0,0.0,0.001,0.0,0.0,0.0,0.0,0.001,0.001,0.0
24462076.0,4995000000.0,5000000.0,5.0,0.0,0.0487,0.0487,0.0487,0.0487,21.428,0.42856,0.0020493,0.42856,21.428,0.0,0.0020493,0.0,0.0,0.0,0.0,0.0,1e-11,0.0,0.0,0.0,4.642e-09,0.0,0.0,0.0,0.0,4.642e-09,1e-11,0.0
24464568.0,4995000000.0,5000000.0,5.0,0.0,0.0487,0.0487,0.0487,0.0487,21.428,1.5792,0.0020493,1.5792,21.428,1.5792e-05,0.0020493,1.5792e-05,0.0,0.0,0.0,0.0,0.001,0.0,0.0,0.0,4.642e-09,0.0,0.0,0.0,0.0,4.642e-09,0.001,0.0
24462143.0,4995000000.0,5000000.0,5.0,0.0,0.0487,0.0487,0.0487,0.0487,21.428,0.42856,0.0020493,0.42856,21.428,4.2856e-06,0.0020493,4.2856e-06,0.0,0.0,0.0,0.0,4.642e-09,0.0,0.0,0.0,0.001,0.0,0.0,0.0,0.0,0.001,4.642e-09,0.0
24467243.0,4995000000.0,5000000.0,5.0,0.0,0.0487,0.0487,0.0487,0.0487,21.428,5.8156,0.019598,5.8156,21.428,0.0,0.019598,0.0,0.0,0.0,0.0,0.0,1e-07,0.0,0.0,0.0,1e-07,0.0,0.0,0.0,0.0,1e-07,1e-07,0.0
24461814.0,4995000000.0,5000000.0,5.0,0.0,0.0487,0.0487,0.0487,0.0487,21.428,0.42856,0.00021428,0.42856,21.428,4.2856e-06,0.00021428,4.2856e-06,0.0,0.0,0.0,0.0,2.154e-06,0.0,0.0,0.0,0.001,0.0,0.0,0.0,0.0,0.001,2.154e-06,0.0
24462506.0,4995000000.0,5000000.0,5.0,0.0,0.0487,0.0487,0.0487,0.0487,21.428,0.42856,0.019598,0.42856,21.428,4.2856e-06,0.019598,4.2856e-06,0.0,0.0,0.0,0.0,4.642e-05,0.0,0.0,0.0,4.642e-05,0.0,0.0,0.0,0.0,4.642e-05,4.642e-05,0.0
24461952.0,4995000000.0,5000000.0,5.0,0.0,0.0487,0.0487,0.0487,0.0487,21.428,0.42856,0.00021428,0.42856,21.428,0.0037285,0.00021428,0.0037285,0.0,0.0,0.0,0.0,1e-07,0.0,0.0,0.0,2.154e-06,0.0,0.0,0.0,0.0,2.154e-06,1e-07,0.0
24467026.0,4995000000.0,5000000.0,5.0,0.0,0.0487,0.0487,0.0487,0.0487,21.428,5.8156,0.0020493,5.8156,21.428,0.005319,0.0020493,0.005319,0.0,0.0,0.0,0.0,1e-11,0.0,0.0,0.0,1e-07,0.0,0.0,0.0,0.0,1e-07,1e-11,0.0
24462659.0,4995000000.0,5000000.0,5.0,0.0,0.0487,0.0487,0.0487,0.0487,21.428,0.42856,0.019598,0.42856,21.428,0.0037285,0.019598,0.0037285,0.0,0.0,0.0,0.0,0.001,0.0,0.0,0.0,2.154e-06,0.0,0.0,0.0,0.0,2.154e-06,0.001,0.0
24464893.0,4995000000.0,5000000.0,5.0,0.0,0.0487,0.0487,0.0487,0.0487,21.428,1.5792,0.019598,1.5792,21.428,1.5792e-05,0.019598,1.5792e-05,0.0,0.0,0.0,0.0,1e-07,0.0,0.0,0.0,4.642e-05,0.0,0.0,0.0,0.0,4.642e-05,1e-07,0.0
24462610.0,4995000000.0,5000000.0,5.0,0.0,0.0487,0.0487,0.0487,0.0487,21.428,0.42856,0.019598,0.42856,21.428,0.00039197,0.019598,0.00039197,0.0,0.0,0.0,0.0,0.001,0.0,0.0,0.0,2.154e-06,0.0,0.0,0.0,0.0,2.154e-06,0.001,0.0
24464323.0,4995000000.0,5000000.0,5.0,0.0,0.0487,0.0487,0.0487,0.0487,21.428,1.5792,0.00021428,1.5792,21.428,0.0014444,0.00021428,0.0014444,0.0,0.0,0.0,0.0,0.001,0.0,0.0,0.0,4.642e-09,0.0,0.0,0.0,0.0,4.642e-09,0.001,0.0
24468611.0,4995000000.0,5000000.0,5.0,0.0,0.0487,0.0487,0.0487,0.0487,21.428,21.428,0.0,21.428,21.428,0.0,0.0,0.0,0.0,0.0,0.0,0.0,4.642e-09,0.0,0.0,0.0,0.001,0.0,0.0,0.0,0.0,0.001,4.642e-09,0.0
24463877.0,4995000000.0,5000000.0,5.0,0.0,0.0487,0.0487,0.0487,0.0487,21.428,1.5792,0.0,1.5792,21.428,1.5792e-05,0.0,1.5792e-05,0.0,0.0,0.0,0.0,4.642e-05,0.0,0.0,0.0,2.154e-06,0.0,0.0,0.0,0.0,2.154e-06,4.642e-05,0.0
24462311.0,4995000000.0,5000000.0,5.0,0.0,0.0487,0.0487,0.0487,0.0487,21.428,0.42856,0.0020493,0.42856,21.428,0.0037285,0.0020493,0.0037285,0.0,0.0,0.0,0.0,4.642e-05,0.0,0.0,0.0,0.001,0.0,0.0,0.0,0.0,0.001,4.642e-05,0.0
24469422.0,4995000000.0,5000000.0,5.0,0.0,0.0487,0.0487,0.0487,0.0487,21.428,21.428,0.0020493,21.428,21.428,0.0020493,0.0020493,0.0020493,0.0,0.0,0.0,0.0,0.001,0.0,0.0,0.0,4.642e-05,0.0,0.0,0.0,0.0,4.642e-05,0.001,0.0
24466558.0,4995000000.0,5000000.0,5.0,0.0,0.0487,0.0487,0.0487,0.0487,21.428,5.8156,0.00021428,5.8156,21.428,0.0,0.00021428,0.0,0.0,0.0,0.0,0.0,1e-07,0.0,0.0,0.0,2.154e-06,0.0,0.0,0.0,0.0,2.154e-06,1e-07,0.0
24462287.0,4995000000.0,5000000.0,5.0,0.0,0.0487,0.0487,0.0487,0.0487,21.428,0.42856,0.0020493,0.42856,21.428,0.0037285,0.0020493,0.0037285,0.0,0.0,0.0,0.0,4.642e-09,0.0,0.0,0.0,1e-07,0.0,0.0,0.0,0.0,1e-07,4.642e-09,0.0
24463900.0,4995000000.0,5000000.0,5.0,0.0,0.0487,0.0487,0.0487,0.0487,21.428,1.5792,0.0,1.5792,21.428,0.00015103,0.0,0.00015103,0.0,0.0,0.0,0.0,2.154e-10,0.0,0.0,0.0,0.001,0.0,0.0,0.0,0.0,0.001,2.154e-10,0.0
24467344.0,4995000000.0,5000000.0,5.0,0.0,0.0487,0.0487,0.0487,0.0487,21.428,5.8156,0.019598,5.8156,21.428,0.00055617,0.019598,0.00055617,0.0,0.0,0.0,0.0,1e-07,0.0,0.0,0.0,0.001,0.0,0.0,0.0,0.0,0.001,1e-07,0.0
24463910.0,4995000000.0,5000000.0,5.0,0.0,0.0487,0.0487,0.0487,0.0487,21.428,1.5792,0.0,1.5792,21.428,0.00015103,0.0,0.00015103,0.0,0.0,0.0,0.0,1e-07,0.0,0.0,0.0,4.642e-09,0.0,0.0,0.0,0.0,4.642e-09,1e-07,0.0
24460188.0,4995000000.0,5000000.0,5.0,0.0,0.0487,0.0487,0.0487,0.0487,21.428,0.11571,0.019598,0.11571,21.428,0.00010583,0.019598,0.00010583,0.0,0.0,0.0,0.0,1e-07,0.0,0.0,0.0,2.154e-06,0.0,0.0,0.0,0.0,2.154e-06,1e-07,0.0
24463989.0,4995000000.0,5000000.0,5.0,0.0,0.0487,0.0487,0.0487,0.0487,21.428,1.5792,0.0,1.5792,21.428,0.013739,0.0,0.013739,0.0,0.0,0.0,0.0,1e-11,0.0,0.0,0.0,2.154e-06,0.0,0.0,0.0,0.0,2.154e-06,1e-11,0.0
24461828.0,4995000000.0,5000000.0,5.0,0.0,0.0487,0.0487,0.0487,0.0487,21.428,0.42856,0.00021428,0.42856,21.428,4.2856e-06,0.00021428,4.2856e-06,0.0,0.0,0.0,0.0,0.001,0.0,0.0,0.0,0.001,0.0,0.0,0.0,0.0,0.001,0.001,0.0
24462128.0,4995000000.0,5000000.0,5.0,0.0,0.0487,0.0487,0.0487,0.0487,21.428,0.42856,0.0020493,0.42856,21.428,4.2856e-06,0.0020493,4.2856e-06,0.0,0.0,0.0,0.0,1e-11,0.0,0.0,0.0,4.642e-05,0.0,0.0,0.0,0.0,4.642e-05,1e-11,0.0
24465045.0,4995000000.0,5000000.0,5.0,0.0,0.0487,0.0487,0.0487,0.0487,21.428,1.5792,0.019598,1.5792,21.428,0.013739,0.019598,0.013739,0.0,0.0,0.0,0.0,2.154e-06,0.0,0.0,0.0,1e-07,0.0,0.0,0.0,0.0,1e-07,2.154e-06,0.0
24465039.0,4995000000.0,5000000.0,5.0,0.0,0.0487,0.0487,0.0487,0.0487,21.428,1.5792,0.019598,1.5792,21.428,0.013739,0.019598,0.013739,0.0,0.0,0.0,0.0,1e-07,0.0,0.0,0.0,2.154e-06,0.0,0.0,0.0,0.0,2.154e-06,1e-07,0.0
24469290.0,4995000000.0,5000000.0,5.0,0.0,0.0487,0.0487,0.0487,0.0487,21.428,21.428,0.0020493,21.428,21.428,0.0,0.0020493,0.0,0.0,0.0,0.0,0.0,2.154e-10,0.0,0.0,0.0,0.001,0.0,0.0,0.0,0.0,0.001,2.154e-10,0.0
24462584.0,4995000000.0,5000000.0,5.0,0.0,0.0487,0.0487,0.0487,0.0487,21.428,0.42856,0.019598,0.42856,21.428,0.00039197,0.019598,0.00039197,0.0,0.0,0.0,0.0,4.642e-09,0.0,0.0,0.0,0.001,0.0,0.0,0.0,0.0,0.001,4.642e-09,0.0
24463938.0,4995000000.0,5000000.0,5.0,0.0,0.0487,0.0487,0.0487,0.0487,21.428,1.5792,0.0,1.5792,21.428,0.0014444,0.0,0.0014444,0.0,0.0,0.0,0.0,1e-11,0.0,0.0,0.0,4.642e-09,0.0,0.0,0.0,0.0,4.642e-09,1e-11,0.0
24466381.0,4995000000.0,5000000.0,5.0,0.0,0.0487,0.0487,0.0487,0.0487,21.428,5.8156,0.0,5.8156,21.428,0.005319,0.0,0.005319,0.0,0.0,0.0,0.0,0.001,0.0,0.0,0.0,4.642e-09,0.0,0.0,0.0,0.0,4.642e-09,0.001,0.0
24464241.0,4995000000.0,5000000.0,5.0,0.0,0.0487,0.0487,0.0487,0.0487,21.428,1.5792,0.00021428,1.5792,21.428,0.00015103,0.00021428,0.00015103,0.0,0.0,0.0,0.0,2.154e-10,0.0,0.0,0.0,2.154e-06,0.0,0.0,0.0,0.0,2.154e-06,2.154e-10,0.0
24467244.0,4995000000.0,5000000.0,5.0,0.0,0.0487,0.0487,0.0487,0.0487,21.428,5.8156,0.019598,5.8156,21.428,0.0,0.019598,0.0,0.0,0.0,0.0,0.0,1e-07,0.0,0.0,0.0,2.154e-06,0.0,0.0,0.0,0.0,2.154e-06,1e-07,0.0
24466951.0,4995000000.0,5000000.0,5.0,0.0,0.0487,0.0487,0.0487,0.0487,21.428,5.8156,0.0020493,5.8156,21.428,5.8156e-05,0.0020493,5.8156e-05,0.0,0.0,0.0,0.0,1e-07,0.0,0.0,0.0,4.642e-05,0.0,0.0,0.0,0.0,4.642e-05,1e-07,0.0
24469773.0,4995000000.0,5000000.0,5.0,0.0,0.0487,0.0487,0.0487,0.0487,21.428,21.428,0.019598,21.428,21.428,0.019598,0.019598,0.019598,0.0,0.0,0.0,0.0,1e-11,0.0,0.0,0.0,0.001,0.0,0.0,0.0,0.0,0.001,1e-11,0.0
24462324.0,4995000000.0,5000000.0,5.0,0.0,0.0487,0.0487,0.0487,0.0487,21.428,0.42856,0.0020493,0.42856,21.428,0.03587,0.0020493,0.03587,0.0,0.0,0.0,0.0,1e-11,0.0,0.0,0.0,4.642e-05,0.0,0.0,0.0,0.0,4.642e-05,1e-11,0.0
24466899.0,4995000000.0,5000000.0,5.0,0.0,0.0487,0.0487,0.0487,0.0487,21.428,5.8156,0.0020493,5.8156,21.428,0.0,0.0020493,0.0,0.0,0.0,0.0,0.0,1e-07,0.0,0.0,0.0,4.642e-09,0.0,0.0,0.0,0.0,4.642e-09,1e-07,0.0
24464823.0,4995000000.0,5000000.0,5.0,0.0,0.0487,0.0487,0.0487,0.0487,21.428,1.5792,0.019598,1.5792,21.428,0.0,0.019598,0.0,0.0,0.0,0.0,0.0,1e-11,0.0,0.0,0.0,4.642e-05,0.0,0.0,0.0,0.0,4.642e-05,1e-11,0.0
24463857.0,4995000000.0,5000000.0,5.0,0.0,0.0487,0.0487,0.0487,0.0487,21.428,1.5792,0.0,1.5792,21.428,1.5792e-05,0.0,1.5792e-05,0.0,0.0,0.0,0.0,4.642e-09,0.0,0.0,0.0,4.642e-05,0.0,0.0,0.0,0.0,4.642e-05,4.642e-09,0.0
24464362.0,4995000000.0,5000000.0,5.0,0.0,0.0487,0.0487,0.0487,0.0487,21.428,1.5792,0.00021428,1.5792,21.428,0.013739,0.00021428,0.013739,0.0,0.0,0.0,0.0,2.154e-06,0.0,0.0,0.0,0.001,0.0,0.0,0.0,0.0,0.001,2.154e-06,0.0
24466692.0,4995000000.0,5000000.0,5.0,0.0,0.0487,0.0487,0.0487,0.0487,21.428,5.8156,0.00021428,5.8156,21.428,0.005319,0.00021428,0.005319,0.0,0.0,0.0,0.0,2.154e-10,0.0,0.0,0.0,4.642e-05,0.0,0.0,0.0,0.0,4.642e-05,2.154e-10,0.0
24462163.0,4995000000.0,5000000.0,5.0,0.0,0.0487,0.0487,0.0487,0.0487,21.428,0.42856,0.0020493,0.42856,21.428,4.2856e-06,0.0020493,4.2856e-06,0.0,0.0,0.0,0.0,4.642e-05,0.0,0.0,0.0,4.642e-05,0.0,0.0,0.0,0.0,4.642e-05,4.642e-05,0.0
24467259.0,4995000000.0,5000000.0,5.0,0.0,0.0487,0.0487,0.0487,0.0487,21.428,5.8156,0.019598,5.8156,21.428,0.0,0.019598,0.0,0.0,0.0,0.0,0.0,4.642e-05,0.0,0.0,0.0,4.642e-05,0.0,0.0,0.0,0.0,4.642e-05,4.642e-05,0.0
24467280.0,4995000000.0,5000000.0,5.0,0.0,0.0487,0.0487,0.0487,0.0487,21.428,5.8156,0.019598,5.8156,21.428,5.8156e-05,0.019598,5.8156e-05,0.0,0.0,0.0,0.0,2.154e-10,0.0,0.0,0.0,4.642e-05,0.0,0.0,0.0,0.0,4.642e-05,2.154e-10,0.0
24463924.0,4995000000.0,5000000.0,5.0,0.0,0.0487,0.0487,0.0487,0.0487,21.428,1.5792,0.0,1.5792,21.428,0.00015103,0.0,0.00015103,0.0,0.0,0.0,0.0,4.642e-05,0.0,0.0,0.0,4.642e-09,0.0,0.0,0.0,0.0,4.642e-09,4.642e-05,0.0
24461975.0,4995000000.0,5000000.0,5.0,0.0,0.0487,0.0487,0.0487,0.0487,21.428,0.42856,0.00021428,0.42856,21.428,0.0037285,0.00021428,0.0037285,0.0,0.0,0.0,0.0,0.001,0.0,0.0,0.0,0.001,0.0,0.0,0.0,0.0,0.001,0.001,0.0
24466713.0,4995000000.0,5000000.0,5.0,0.0,0.0487,0.0487,0.0487,0.0487,21.428,5.8156,0.00021428,5.8156,21.428,0.005319,0.00021428,0.005319,0.0,0.0,0.0,0.0,2.154e-06,0.0,0.0,0.0,4.642e-05,0.0,0.0,0.0,0.0,4.642e-05,2.154e-06,0.0
24464611.0,4995000000.0,5000000.0,5.0,0.0,0.0487,0.0487,0.0487,0.0487,21.428,1.5792,0.0020493,1.5792,21.428,0.00015103,0.0020493,0.00015103,0.0,0.0,0.0,0.0,4.642e-05,0.0,0.0,0.0,1e-07,0.0,0.0,0.0,0.0,1e-07,4.642e-05,0.0
24465048.0,4995000000.0,5000000.0,5.0,0.0,0.0487,0.0487,0.0487,0.0487,21.428,1.5792,0.019598,1.5792,21.428,0.013739,0.019598,0.013739,0.0,0.0,0.0,0.0,2.154e-06,0.0,0.0,0.0,0.001,0.0,0.0,0.0,0.0,0.001,2.154e-06,0.0
24461506.0,4995000000.0,5000000.0,5.0,0.0,0.0487,0.0487,0.0487,0.0487,21.428,0.42856,0.0,0.42856,21.428,4.0985e-05,0.0,4.0985e-05,0.0,0.0,0.0,0.0,4.642e-09,0.0,0.0,0.0,0.001,0.0,0.0,0.0,0.0,0.001,4.642e-09,0.0
24462178.0,4995000000.0,5000000.0,5.0,0.0,0.0487,0.0487,0.0487,0.0487,21.428,0.42856,0.0020493,0.42856,21.428,4.0985e-05,0.0020493,4.0985e-05,0.0,0.0,0.0,0.0,1e-11,0.0,0.0,0.0,0.001,0.0,0.0,0.0,0.0,0.001,1e-11,0.0
24463976.0,4995000000.0,5000000.0,5.0,0.0,0.0487,0.0487,0.0487,0.0487,21.428,1.5792,0.0,1.5792,21.428,0.0014444,0.0,0.0014444,0.0,0.0,0.0,0.0,4.642e-05,0.0,0.0,0.0,4.642e-05,0.0,0.0,0.0,0.0,4.642e-05,4.642e-05,0.0
24461448.0,4995000000.0,5000000.0,5.0,0.0,0.0487,0.0487,0.0487,0.0487,21.428,0.42856,0.0,0.42856,21.428,4.2856e-06,0.0,4.2856e-06,0.0,0.0,0.0,0.0,2.154e-10,0.0,0.0,0.0,2.154e-06,0.0,0.0,0.0,0.0,2.154e-06,2.154e-10,0.0
24464297.0,4995000000.0,5000000.0,5.0,0.0,0.0487,0.0487,0.0487,0.0487,21.428,1.5792,0.00021428,1.5792,21.428,0.0014444,0.00021428,0.0014444,0.0,0.0,0.0,0.0,4.642e-09,0.0,0.0,0.0,2.154e-06,0.0,0.0,0.0,0.0,2.154e-06,4.642e-09,0.0
24462519.0,4995000000.0,5000000.0,5.0,0.0,0.0487,0.0487,0.0487,0.0487,21.428,0.42856,0.019598,0.42856,21.428,4.0985e-05,0.019598,4.0985e-05,0.0,0.0,0.0,0.0,1e-11,0.0,0.0,0.0,2.154e-06,0.0,0.0,0.0,0.0,2.154e-06,1e-11,0.0
24466942.0,4995000000.0,5000000.0,5.0,0.0,0.0487,0.0487,0.0487,0.0487,21.428,5.8156,0.0020493,5.8156,21.428,5.8156e-05,0.0020493,5.8156e-05,0.0,0.0,0.0,0.0,4.642e-09,0.0,0.0,0.0,1e-07,0.0,0.0,0.0,0.0,1e-07,4.642e-09,0.0
24466930.0,4995000000.0,5000000.0,5.0,0.0,0.0487,0.0487,0.0487,0.0487,21.428,5.8156,0.0020493,5.8156,21.428,5.8156e-05,0.0020493,5.8156e-05,0.0,0.0,0.0,0.0,1e-11,0.0,0.0,0.0,4.642e-05,0.0,0.0,0.0,0.0,4.642e-05,1e-11,0.0
24462645.0,4995000000.0,5000000.0,5.0,0.0,0.0487,0.0487,0.0487,0.0487,21.428,0.42856,0.019598,0.42856,21.428,0.0037285,0.019598,0.0037285,0.0,0.0,0.0,0.0,2.154e-06,0.0,0.0,0.0,2.154e-06,0.0,0.0,0.0,0.0,2.154e-06,2.154e-06,0.0
24461867.0,4995000000.0,5000000.0,5.0,0.0,0.0487,0.0487,0.0487,0.0487,21.428,0.42856,0.00021428,0.42856,21.428,4.0985e-05,0.00021428,4.0985e-05,0.0,0.0,0.0,0.0,4.642e-05,0.0,0.0,0.0,1e-07,0.0,0.0,0.0,0.0,1e-07,4.642e-05,0.0
24464372.0,4995000000.0,5000000.0,5.0,0.0,0.0487,0.0487,0.0487,0.0487,21.428,1.5792,0.00021428,1.5792,21.428,0.013739,0.00021428,0.013739,0.0,0.0,0.0,0.0,0.001,0.0,0.0,0.0,4.642e-09,0.0,0.0,0.0,0.0,4.642e-09,0.001,0.0
24461596.0,4995000000.0,5000000.0,5.0,0.0,0.0487,0.0487,0.0487,0.0487,21.428,0.42856,0.0,0.42856,21.428,0.0037285,0.0,0.0037285,0.0,0.0,0.0,0.0,2.154e-10,0.0,0.0,0.0,4.642e-05,0.0,0.0,0.0,0.0,4.642e-05,2.154e-10,0.0
24467035.0,4995000000.0,5000000.0,5.0,0.0,0.0487,0.0487,0.0487,0.0487,21.428,5.8156,0.0020493,5.8156,21.428,0.005319,0.0020493,0.005319,0.0,0.0,0.0,0.0,2.154e-10,0.0,0.0,0.0,4.642e-05,0.0,0.0,0.0,0.0,4.642e-05,2.154e-10,0.0
24468940.0,4995000000.0,5000000.0,5.0,0.0,0.0487,0.0487,0.0487,0.0487,21.428,21.428,0.00021428,21.428,21.428,0.0,0.00021428,0.0,0.0,0.0,0.0,0.0,1e-11,0.0,0.0,0.0,0.001,0.0,0.0,0.0,0.0,0.001,1e-11,0.0
24464324.0,4995000000.0,5000000.0,5.0,0.0,0.0487,0.0487,0.0487,0.0487,21.428,1.5792,0.00021428,1.5792,21.428,0.0014444,0.00021428,0.0014444,0.0,0.0,0.0,0.0,0.001,0.0,0.0,0.0,1e-07,0.0,0.0,0.0,0.0,1e-07,0.001,0.0
24464206.0,4995000000.0,5000000.0,5.0,0.0,0.0487,0.0487,0.0487,0.0487,21.428,1.5792,0.00021428,1.5792,21.428,1.5792e-05,0.00021428,1.5792e-05,0.0,0.0,0.0,0.0,1e-07,0.0,0.0,0.0,2.154e-06,0.0,0.0,0.0,0.0,2.154e-06,1e-07,0.0
24469717.0,4995000000.0,5000000.0,5.0,0.0,0.0487,0.0487,0.0487,0.0487,21.428,21.428,0.019598,21.428,21.428,0.00021428,0.019598,0.00021428,0.0,0.0,0.0,0.0,0.001,0.0,0.0,0.0,0.001,0.0,0.0,0.0,0.0,0.001,0.001,0.0
24466937.0,4995000000.0,5000000.0,5.0,0.0,0.0487,0.0487,0.0487,0.0487,21.428,5.8156,0.0020493,5.8156,21.428,5.8156e-05,0.0020493,5.8156e-05,0.0,0.0,0.0,0.0,2.154e-10,0.0,0.0,0.0,4.642e-05,0.0,0.0,0.0,0.0,4.642e-05,2.154e-10,0.0
24466971.0,4995000000.0,5000000.0,5.0,0.0,0.0487,0.0487,0.0487,0.0487,21.428,5.8156,0.0020493,5.8156,21.428,5.8156e-05,0.0020493,5.8156e-05,0.0,0.0,0.0,0.0,0.001,0.0,0.0,0.0,2.154e-06,0.0,0.0,0.0,0.0,2.154e-06,0.001,0.0
24460027.0,4995000000.0,5000000.0,5.0,0.0,0.0487,0.0487,0.0487,0.0487,21.428,0.11571,0.019598,0.11571,21.428,0.0,0.019598,0.0,0.0,0.0,0.0,0.0,2.154e-10,0.0,0.0,0.0,2.154e-06,0.0,0.0,0.0,0.0,2.154e-06,2.154e-10,0.0
24464172.0,4995000000.0,5000000.0,5.0,0.0,0.0487,0.0487,0.0487,0.0487,21.428,1.5792,0.00021428,1.5792,21.428,0.0,0.00021428,0.0,0.0,0.0,0.0,0.0,4.642e-05,0.0,0.0,0.0,4.642e-05,0.0,0.0,0.0,0.0,4.642e-05,4.642e-05,0.0
24467414.0,4995000000.0,5000000.0,5.0,0.0,0.0487,0.0487,0.0487,0.0487,21.428,5.8156,0.019598,5.8156,21.428,0.005319,0.019598,0.005319,0.0,0.0,0.0,0.0,0.001,0.0,0.0,0.0,0.001,0.0,0.0,0.0,0.0,0.001,0.001,0.0
24465055.0,4995000000.0,5000000.0,5.0,0.0,0.0487,0.0487,0.0487,0.0487,21.428,1.5792,0.019598,1.5792,21.428,0.013739,0.019598,0.013739,0.0,0.0,0.0,0.0,4.642e-05,0.0,0.0,0.0,0.001,0.0,0.0,0.0,0.0,0.001,4.642e-05,0.0
24464708.0,4995000000.0,5000000.0,5.0,0.0,0.0487,0.0487,0.0487,0.0487,21.428,1.5792,0.0020493,1.5792,21.428,0.013739,0.0020493,0.013739,0.0,0.0,0.0,0.0,4.642e-05,0.0,0.0,0.0,4.642e-09,0.0,0.0,0.0,0.0,4.642e-09,4.642e-05,0.0
24469283.0,4995000000.0,5000000.0,5.0,0.0,0.0487,0.0487,0.0487,0.0487,21.428,21.428,0.0020493,21.428,21.428,0.0,0.0020493,0.0,0.0,0.0,0.0,0.0,1e-11,0.0,0.0,0.0,0.001,0.0,0.0,0.0,0.0,0.001,1e-11,0.0
24462318.0,4995000000.0,5000000.0,5.0,0.0,0.0487,0.0487,0.0487,0.0487,21.428,0.42856,0.0020493,0.42856,21.428,0.0037285,0.0020493,0.0037285,0.0,0.0,0.0,0.0,0.001,0.0,0.0,0.0,0.001,0.0,0.0,0.0,0.0,0.001,0.001,0.0
24462240.0,4995000000.0,5000000.0,5.0,0.0,0.0487,0.0487,0.0487,0.0487,21.428,0.42856,0.0020493,0.42856,21.428,0.00039197,0.0020493,0.00039197,0.0,0.0,0.0,0.0,4.642e-09,0.0,0.0,0.0,4.642e-05,0.0,0.0,0.0,0.0,4.642e-05,4.642e-09,0.0
24468653.0,4995000000.0,5000000.0,5.0,0.0,0.0487,0.0487,0.0487,0.0487,21.428,21.428,0.0,21.428,21.428,0.00021428,0.0,0.00021428,0.0,0.0,0.0,0.0,2.154e-10,0.0,0.0,0.0,0.001,0.0,0.0,0.0,0.0,0.001,2.154e-10,0.0
24464947.0,4995000000.0,5000000.0,5.0,0.0,0.0487,0.0487,0.0487,0.0487,21.428,1.5792,0.019598,1.5792,21.428,0.00015103,0.019598,0.00015103,0.0,0.0,0.0,0.0,2.154e-06,0.0,0.0,0.0,1e-07,0.0,0.0,0.0,0.0,1e-07,2.154e-06,0.0
24469388.0,4995000000.0,5000000.0,5.0,0.0,0.0487,0.0487,0.0487,0.0487,21.428,21.428,0.0020493,21.428,21.428,0.0020493,0.0020493,0.0020493,0.0,0.0,0.0,0.0,2.154e-10,0.0,0.0,0.0,0.001,0.0,0.0,0.0,0.0,0.001,2.154e-10,0.0
24464486.0,4995000000.0,5000000.0,5.0,0.0,0.0487,0.0487,0.0487,0.0487,21.428,1.5792,0.0020493,1.5792,21.428,0.0,0.0020493,0.0,0.0,0.0,0.0,0.0,2.154e-10,0.0,0.0,0.0,2.154e-06,0.0,0.0,0.0,0.0,2.154e-06,2.154e-10,0.0
24464990.0,4995000000.0,5000000.0,5.0,0.0,0.0487,0.0487,0.0487,0.0487,21.428,1.5792,0.019598,1.5792,21.428,0.0014444,0.019598,0.0014444,0.0,0.0,0.0,0.0,1e-07,0.0,0.0,0.0,2.154e-06,0.0,0.0,0.0,0.0,2.154e-06,1e-07,0.0
24462119.0,4995000000.0,5000000.0,5.0,0.0,0.0487,0.0487,0.0487,0.0487,21.428,0.42856,0.0020493,0.42856,21.428,0.0,0.0020493,0.0,0.0,0.0,0.0,0.0,0.001,0.0,0.0,0.0,1e-07,0.0,0.0,0.0,0.0,1e-07,0.001,0.0
24464821.0,4995000000.0,5000000.0,5.0,0.0,0.0487,0.0487,0.0487,0.0487,21.428,1.5792,0.019598,1.5792,21.428,0.0,0.019598,0.0,0.0,0.0,0.0,0.0,1e-11,0.0,0.0,0.0,1e-07,0.0,0.0,0.0,0.0,1e-07,1e-11,0.0
24462561.0,4995000000.0,5000000.0,5.0,0.0,0.0487,0.0487,0.0487,0.0487,21.428,0.42856,0.019598,0.42856,21.428,4.0985e-05,0.019598,4.0985e-05,0.0,0.0,0.0,0.0,0.001,0.0,0.0,0.0,2.154e-06,0.0,0.0,0.0,0.0,2.154e-06,0.001,0.0
24469807.0,4995000000.0,5000000.0,5.0,0.0,0.0487,0.0487,0.0487,0.0487,21.428,21.428,0.019598,21.428,21.428,0.019598,0.019598,0.019598,0.0,0.0,0.0,0.0,4.642e-05,0.0,0.0,0.0,4.642e-05,0.0,0.0,0.0,0.0,4.642e-05,4.642e-05,0.0
24464375.0,4995000000.0,5000000.0,5.0,0.0,0.0487,0.0487,0.0487,0.0487,21.428,1.5792,0.00021428,1.5792,21.428,0.013739,0.00021428,0.013739,0.0,0.0,0.0,0.0,0.001,0.0,0.0,0.0,4.642e-05,0.0,0.0,0.0,0.0,4.642e-05,0.001,0.0
24462269.0,4995000000.0,5000000.0,5.0,0.0,0.0487,0.0487,0.0487,0.0487,21.428,0.42856,0.0020493,0.42856,21.428,0.00039197,0.0020493,0.00039197,0.0,0.0,0.0,0.0,0.001,0.0,0.0,0.0,0.001,0.0,0.0,0.0,0.0,0.001,0.001,0.0
24463872.0,4995000000.0,5000000.0,5.0,0.0,0.0487,0.0487,0.0487,0.0487,21.428,1.5792,0.0,1.5792,21.428,1.5792e-05,0.0,1.5792e-05,0.0,0.0,0.0,0.0,2.154e-06,0.0,0.0,0.0,0.001,0.0,0.0,0.0,0.0,0.001,2.154e-06,0.0
24462245.0,4995000000.0,5000000.0,5.0,0.0,0.0487,0.0487,0.0487,0.0487,21.428,0.42856,0.0020493,0.42856,21.428,0.00039197,0.0020493,0.00039197,0.0,0.0,0.0,0.0,1e-07,0.0,0.0,0.0,1e-07,0.0,0.0,0.0,0.0,1e-07,1e-07,0.0
24466628.0,4995000000.0,5000000.0,5.0,0.0,0.0487,0.0487,0.0487,0.0487,21.428,5.8156,0.00021428,5.8156,21.428,5.8156e-05,0.00021428,5.8156e-05,0.0,0.0,0.0,0.0,0.001,0.0,0.0,0.0,2.154e-06,0.0,0.0,0.0,0.0,2.154e-06,0.001,0.0
24461884.0,4995000000.0,5000000.0,5.0,0.0,0.0487,0.0487,0.0487,0.0487,21.428,0.42856,0.00021428,0.42856,21.428,0.00039197,0.00021428,0.00039197,0.0,0.0,0.0,0.0,1e-11,0.0,0.0,0.0,0.001,0.0,0.0,0.0,0.0,0.001,1e-11,0.0
24460097.0,4995000000.0,5000000.0,5.0,0.0,0.0487,0.0487,0.0487,0.0487,21.428,0.11571,0.019598,0.11571,21.428,1.1571e-06,0.019598,1.1571e-06,0.0,0.0,0.0,0.0,2.154e-06,0.0,0.0,0.0,2.154e-06,0.0,0.0,0.0,0.0,2.154e-06,2.154e-06,0.0
24460181.0,4995000000.0,5000000.0,5.0,0.0,0.0487,0.0487,0.0487,0.0487,21.428,0.11571,0.019598,0.11571,21.428,0.00010583,0.019598,0.00010583,0.0,0.0,0.0,0.0,4.642e-09,0.0,0.0,0.0,2.154e-06,0.0,0.0,0.0,0.0,2.154e-06,4.642e-09,0.0
24462332.0,4995000000.0,5000000.0,5.0,0.0,0.0487,0.0487,0.0487,0.0487,21.428,0.42856,0.0020493,0.42856,21.428,0.03587,0.0020493,0.03587,0.0,0.0,0.0,0.0,2.154e-10,0.0,0.0,0.0,0.001,0.0,0.0,0.0,0.0,0.001,2.154e-10,0.0
24462342.0,4995000000.0,5000000.0,5.0,0.0,0.0487,0.0487,0.0487,0.0487,21.428,0.42856,0.0020493,0.42856,21.428,0.03587,0.0020493,0.03587,0.0,0.0,0.0,0.0,1e-07,0.0,0.0,0.0,4.642e-09,0.0,0.0,0.0,0.0,4.642e-09,1e-07,0.0
24462188.0,4995000000.0,5000000.0,5.0,0.0,0.0487,0.0487,0.0487,0.0487,21.428,0.42856,0.0020493,0.42856,21.428,4.0985e-05,0.0020493,4.0985e-05,0.0,0.0,0.0,0.0,4.642e-09,0.0,0.0,0.0,4.642e-09,0.0,0.0,0.0,0.0,4.642e-09,4.642e-09,0.0
24461868.0,4995000000.0,5000000.0,5.0,0.0,0.0487,0.0487,0.0487,0.0487,21.428,0.42856,0.00021428,0.42856,21.428,4.0985e-05,0.00021428,4.0985e-05,0.0,0.0,0.0,0.0,4.642e-05,0.0,0.0,0.0,2.154e-06,0.0,0.0,0.0,0.0,2.154e-06,4.642e-05,0.0
24462366.0,4995000000.0,5000000.0,5.0,0.0,0.0487,0.0487,0.0487,0.0487,21.428,0.42856,0.0020493,0.42856,21.428,0.03587,0.0020493,0.03587,0.0,0.0,0.0,0.0,0.001,0.0,0.0,0.0,4.642e-05,0.0,0.0,0.0,0.0,4.642e-05,0.001,0.0
24461537.0,4995000000.0,5000000.0,5.0,0.0,0.0487,0.0487,0.0487,0.0487,21.428,0.42856,0.0,0.42856,21.428,0.00039197,0.0,0.00039197,0.0,0.0,0.0,0.0,1e-11,0.0,0.0,0.0,4.642e-09,0.0,0.0,0.0,0.0,4.642e-09,1e-11,0.0
24460076.0,4995000000.0,5000000.0,5.0,0.0,0.0487,0.0487,0.0487,0.0487,21.428,0.11571,0.019598,0.11571,21.428,1.1571e-06,0.019598,1.1571e-06,0.0,0.0,0.0,0.0,2.154e-10,0.0,0.0,0.0,2.154e-06,0.0,0.0,0.0,0.0,2.154e-06,2.154e-10,0.0
24464247.0,4995000000.0,5000000.0,5.0,0.0,0.0487,0.0487,0.0487,0.0487,21.428,1.5792,0.00021428,1.5792,21.428,0.00015103,0.00021428,0.00015103,0.0,0.0,0.0,0.0,4.642e-09,0.0,0.0,0.0,1e-07,0.0,0.0,0.0,0.0,1e-07,4.642e-09,0.0
24462003.0,4995000000.0,5000000.0,5.0,0.0,0.0487,0.0487,0.0487,0.0487,21.428,0.42856,0.00021428,0.42856,21.428,0.03587,0.00021428,0.03587,0.0,0.0,0.0,0.0,1e-07,0.0,0.0,0.0,0.001,0.0,0.0,0.0,0.0,0.001,1e-07,0.0
24460238.0,4995000000.0,5000000.0,5.0,0.0,0.0487,0.0487,0.0487,0.0487,21.428,0.11571,0.019598,0.11571,21.428,0.0010067,0.019598,0.0010067,0.0,0.0,0.0,0.0,1e-07,0.0,0.0,0.0,4.642e-05,0.0,0.0,0.0,0.0,4.642e-05,1e-07,0.0
24460258.0,4995000000.0,5000000.0,5.0,0.0,0.0487,0.0487,0.0487,0.0487,21.428,0.11571,0.019598,0.11571,21.428,0.0010067,0.019598,0.0010067,0.0,0.0,0.0,0.0,0.001,0.0,0.0,0.0,2.154e-06,0.0,0.0,0.0,0.0,2.154e-06,0.001,0.0
24462556.0,4995000000.0,5000000.0,5.0,0.0,0.0487,0.0487,0.0487,0.0487,21.428,0.42856,0.019598,0.42856,21.428,4.0985e-05,0.019598,4.0985e-05,0.0,0.0,0.0,0.0,4.642e-05,0.0,0.0,0.0,0.001,0.0,0.0,0.0,0.0,0.001,4.642e-05,0.0
24466341.0,4995000000.0,5000000.0,5.0,0.0,0.0487,0.0487,0.0487,0.0487,21.428,5.8156,0.0,5.8156,21.428,0.005319,0.0,0.005319,0.0,0.0,0.0,0.0,1e-11,0.0,0.0,0.0,2.154e-06,0.0,0.0,0.0,0.0,2.154e-06,1e-11,0.0
24462570.0,4995000000.0,5000000.0,5.0,0.0,0.0487,0.0487,0.0487,0.0487,21.428,0.42856,0.019598,0.42856,21.428,0.00039197,0.019598,0.00039197,0.0,0.0,0.0,0.0,1e-11,0.0,0.0,0.0,0.001,0.0,0.0,0.0,0.0,0.001,1e-11,0.0
24466697.0,4995000000.0,5000000.0,5.0,0.0,0.0487,0.0487,0.0487,0.0487,21.428,5.8156,0.00021428,5.8156,21.428,0.005319,0.00021428,0.005319,0.0,0.0,0.0,0.0,4.642e-09,0.0,0.0,0.0,1e-07,0.0,0.0,0.0,0.0,1e-07,4.642e-09,0.0
24463932.0,4995000000.0,5000000.0,5.0,0.0,0.0487,0.0487,0.0487,0.0487,21.428,1.5792,0.0,1.5792,21.428,0.00015103,0.0,0.00015103,0.0,0.0,0.0,0.0,0.001,0.0,0.0,0.0,1e-07,0.0,0.0,0.0,0.0,1e-07,0.001,0.0
24464325.0,4995000000.0,5000000.0,5.0,0.0,0.0487,0.0487,0.0487,0.0487,21.428,1.5792,0.00021428,1.5792,21.428,0.0014444,0.00021428,0.0014444,0.0,0.0,0.0,0.0,0.001,0.0,0.0,0.0,2.154e-06,0.0,0.0,0.0,0.0,2.154e-06,0.001,0.0
24464561.0,4995000000.0,5000000.0,5.0,0.0,0.0487,0.0487,0.0487,0.0487,21.428,1.5792,0.0020493,1.5792,21.428,1.5792e-05,0.0020493,1.5792e-05,0.0,0.0,0.0,0.0,4.642e-05,0.0,0.0,0.0,4.642e-09,0.0,0.0,0.0,0.0,4.642e-09,4.642e-05,0.0
24460035.0,4995000000.0,5000000.0,5.0,0.0,0.0487,0.0487,0.0487,0.0487,21.428,0.11571,0.019598,0.11571,21.428,0.0,0.019598,0.0,0.0,0.0,0.0,0.0,4.642e-09,0.0,0.0,0.0,4.642e-05,0.0,0.0,0.0,0.0,4.642e-05,4.642e-09,0.0
24461495.0,4995000000.0,5000000.0,5.0,0.0,0.0487,0.0487,0.0487,0.0487,21.428,0.42856,0.0,0.42856,21.428,4.0985e-05,0.0,4.0985e-05,0.0,0.0,0.0,0.0,2.154e-10,0.0,0.0,0.0,4.642e-09,0.0,0.0,0.0,0.0,4.642e-09,2.154e-10,0.0
24461789.0,4995000000.0,5000000.0,5.0,0.0,0.0487,0.0487,0.0487,0.0487,21.428,0.42856,0.00021428,0.42856,21.428,4.2856e-06,0.00021428,4.2856e-06,0.0,0.0,0.0,0.0,2.154e-10,0.0,0.0,0.0,4.642e-09,0.0,0.0,0.0,0.0,4.642e-09,2.154e-10,0.0
24467272.0,4995000000.0,5000000.0,5.0,0.0,0.0487,0.0487,0.0487,0.0487,21.428,5.8156,0.019598,5.8156,21.428,5.8156e-05,0.019598,5.8156e-05,0.0,0.0,0.0,0.0,1e-11,0.0,0.0,0.0,2.154e-06,0.0,0.0,0.0,0.0,2.154e-06,1e-11,0.0
24465052.0,4995000000.0,5000000.0,5.0,0.0,0.0487,0.0487,0.0487,0.0487,21.428,1.5792,0.019598,1.5792,21.428,0.013739,0.019598,0.013739,0.0,0.0,0.0,0.0,4.642e-05,0.0,0.0,0.0,1e-07,0.0,0.0,0.0,0.0,1e-07,4.642e-05,0.0
24461413.0,4995000000.0,5000000.0,5.0,0.0,0.0487,0.0487,0.0487,0.0487,21.428,0.42856,0.0,0.42856,21.428,0.0,0.0,0.0,0.0,0.0,0.0,0.0,1e-07,0.0,0.0,0.0,2.154e-06,0.0,0.0,0.0,0.0,2.154e-06,1e-07,0.0
24464578.0,4995000000.0,5000000.0,5.0,0.0,0.0487,0.0487,0.0487,0.0487,21.428,1.5792,0.0020493,1.5792,21.428,0.00015103,0.0020493,0.00015103,0.0,0.0,0.0,0.0,1e-11,0.0,0.0,0.0,4.642e-05,0.0,0.0,0.0,0.0,4.642e-05,1e-11,0.0
24466887.0,4995000000.0,5000000.0,5.0,0.0,0.0487,0.0487,0.0487,0.0487,21.428,5.8156,0.0020493,5.8156,21.428,0.0,0.0020493,0.0,0.0,0.0,0.0,0.0,2.154e-10,0.0,0.0,0.0,2.154e-06,0.0,0.0,0.0,0.0,2.154e-06,2.154e-10,0.0
24464984.0,4995000000.0,5000000.0,5.0,0.0,0.0487,0.0487,0.0487,0.0487,21.428,1.5792,0.019598,1.5792,21.428,0.0014444,0.019598,0.0014444,0.0,0.0,0.0,0.0,4.642e-09,0.0,0.0,0.0,4.642e-05,0.0,0.0,0.0,0.0,4.642e-05,4.642e-09,0.0
24464204.0,4995000000.0,5000000.0,5.0,0.0,0.0487,0.0487,0.0487,0.0487,21.428,1.5792,0.00021428,1.5792,21.428,1.5792e-05,0.00021428,1.5792e-05,0.0,0.0,0.0,0.0,1e-07,0.0,0.0,0.0,4.642e-09,0.0,0.0,0.0,0.0,4.642e-09,1e-07,0.0
24466584.0,4995000000.0,5000000.0,5.0,0.0,0.0487,0.0487,0.0487,0.0487,21.428,5.8156,0.00021428,5.8156,21.428,5.8156e-05,0.00021428,5.8156e-05,0.0,0.0,0.0,0.0,1e-11,0.0,0.0,0.0,4.642e-09,0.0,0.0,0.0,0.0,4.642e-09,1e-11,0.0
24463837.0,4995000000.0,5000000.0,5.0,0.0,0.0487,0.0487,0.0487,0.0487,21.428,1.5792,0.0,1.5792,21.428,0.0,0.0,0.0,0.0,0.0,0.0,0.0,0.001,0.0,0.0,0.0,0.001,0.0,0.0,0.0,0.0,0.001,0.001,0.0
24462227.0,4995000000.0,5000000.0,5.0,0.0,0.0487,0.0487,0.0487,0.0487,21.428,0.42856,0.0020493,0.42856,21.428,0.00039197,0.0020493,0.00039197,0.0,0.0,0.0,0.0,1e-11,0.0,0.0,0.0,0.001,0.0,0.0,0.0,0.0,0.001,1e-11,0.0
24464688.0,4995000000.0,5000000.0,5.0,0.0,0.0487,0.0487,0.0487,0.0487,21.428,1.5792,0.0020493,1.5792,21.428,0.013739,0.0020493,0.013739,0.0,0.0,0.0,0.0,4.642e-09,0.0,0.0,0.0,1e-07,0.0,0.0,0.0,0.0,1e-07,4.642e-09,0.0
24467285.0,4995000000.0,5000000.0,5.0,0.0,0.0487,0.0487,0.0487,0.0487,21.428,5.8156,0.019598,5.8156,21.428,5.8156e-05,0.019598,5.8156e-05,0.0,0.0,0.0,0.0,4.642e-09,0.0,0.0,0.0,1e-07,0.0,0.0,0.0,0.0,1e-07,4.642e-09,0.0
24464254.0,4995000000.0,5000000.0,5.0,0.0,0.0487,0.0487,0.0487,0.0487,21.428,1.5792,0.00021428,1.5792,21.428,0.00015103,0.00021428,0.00015103,0.0,0.0,0.0,0.0,1e-07,0.0,0.0,0.0,1e-07,0.0,0.0,0.0,0.0,1e-07,1e-07,0.0
24462268.0,4995000000.0,5000000.0,5.0,0.0,0.0487,0.0487,0.0487,0.0487,21.428,0.42856,0.0020493,0.42856,21.428,0.00039197,0.0020493,0.00039197,0.0,0.0,0.0,0.0,0.001,0.0,0.0,0.0,4.642e-05,0.0,0.0,0.0,0.0,4.642e-05,0.001,0.0
24467001.0,4995000000.0,5000000.0,5.0,0.0,0.0487,0.0487,0.0487,0.0487,21.428,5.8156,0.0020493,5.8156,21.428,0.00055617,0.0020493,0.00055617,0.0,0.0,0.0,0.0,1e-07,0.0,0.0,0.0,0.001,0.0,0.0,0.0,0.0,0.001,1e-07,0.0
24464536.0,4995000000.0,5000000.0,5.0,0.0,0.0487,0.0487,0.0487,0.0487,21.428,1.5792,0.0020493,1.5792,21.428,1.5792e-05,0.0020493,1.5792e-05,0.0,0.0,0.0,0.0,2.154e-10,0.0,0.0,0.0,4.642e-05,0.0,0.0,0.0,0.0,4.642e-05,2.154e-10,0.0
24462099.0,4995000000.0,5000000.0,5.0,0.0,0.0487,0.0487,0.0487,0.0487,21.428,0.42856,0.0020493,0.42856,21.428,0.0,0.0020493,0.0,0.0,0.0,0.0,0.0,1e-07,0.0,0.0,0.0,2.154e-06,0.0,0.0,0.0,0.0,2.154e-06,1e-07,0.0
24460232.0,4995000000.0,5000000.0,5.0,0.0,0.0487,0.0487,0.0487,0.0487,21.428,0.11571,0.019598,0.11571,21.428,0.0010067,0.019598,0.0010067,0.0,0.0,0.0,0.0,4.642e-09,0.0,0.0,0.0,0.001,0.0,0.0,0.0,0.0,0.001,4.642e-09,0.0
24469765.0,4995000000.0,5000000.0,5.0,0.0,0.0487,0.0487,0.0487,0.0487,21.428,21.428,0.019598,21.428,21.428,0.0020493,0.019598,0.0020493,0.0,0.0,0.0,0.0,0.001,0.0,0.0,0.0,4.642e-05,0.0,0.0,0.0,0.0,4.642e-05,0.001,0.0
24461827.0,4995000000.0,5000000.0,5.0,0.0,0.0487,0.0487,0.0487,0.0487,21.428,0.42856,0.00021428,0.42856,21.428,4.2856e-06,0.00021428,4.2856e-06,0.0,0.0,0.0,0.0,0.001,0.0,0.0,0.0,4.642e-05,0.0,0.0,0.0,0.0,4.642e-05,0.001,0.0
24460118.0,4995000000.0,5000000.0,5.0,0.0,0.0487,0.0487,0.0487,0.0487,21.428,0.11571,0.019598,0.11571,21.428,1.1066e-05,0.019598,1.1066e-05,0.0,0.0,0.0,0.0,1e-11,0.0,0.0,0.0,2.154e-06,0.0,0.0,0.0,0.0,2.154e-06,1e-11,0.0
24461595.0,4995000000.0,5000000.0,5.0,0.0,0.0487,0.0487,0.0487,0.0487,21.428,0.42856,0.0,0.42856,21.428,0.0037285,0.0,0.0037285,0.0,0.0,0.0,0.0,2.154e-10,0.0,0.0,0.0,2.154e-06,0.0,0.0,0.0,0.0,2.154e-06,2.154e-10,0.0
24461579.0,4995000000.0,5000000.0,5.0,0.0,0.0487,0.0487,0.0487,0.0487,21.428,0.42856,0.0,0.42856,21.428,0.00039197,0.0,0.00039197,0.0,0.0,0.0,0.0,0.001,0.0,0.0,0.0,4.642e-09,0.0,0.0,0.0,0.0,4.642e-09,0.001,0.0
24464954.0,4995000000.0,5000000.0,5.0,0.0,0.0487,0.0487,0.0487,0.0487,21.428,1.5792,0.019598,1.5792,21.428,0.00015103,0.019598,0.00015103,0.0,0.0,0.0,0.0,4.642e-05,0.0,0.0,0.0,1e-07,0.0,0.0,0.0,0.0,1e-07,4.642e-05,0.0
24464898.0,4995000000.0,5000000.0,5.0,0.0,0.0487,0.0487,0.0487,0.0487,21.428,1.5792,0.019598,1.5792,21.428,1.5792e-05,0.019598,1.5792e-05,0.0,0.0,0.0,0.0,2.154e-06,0.0,0.0,0.0,1e-07,0.0,0.0,0.0,0.0,1e-07,2.154e-06,0.0
24460050.0,4995000000.0,5000000.0,5.0,0.0,0.0487,0.0487,0.0487,0.0487,21.428,0.11571,0.019598,0.11571,21.428,0.0,0.019598,0.0,0.0,0.0,0.0,0.0,2.154e-06,0.0,0.0,0.0,0.001,0.0,0.0,0.0,0.0,0.001,2.154e-06,0.0
24460141.0,4995000000.0,5000000.0,5.0,0.0,0.0487,0.0487,0.0487,0.0487,21.428,0.11571,0.019598,0.11571,21.428,1.1066e-05,0.019598,1.1066e-05,0.0,0.0,0.0,0.0,1e-07,0.0,0.0,0.0,0.001,0.0,0.0,0.0,0.0,0.001,1e-07,0.0
24463956.0,4995000000.0,5000000.0,5.0,0.0,0.0487,0.0487,0.0487,0.0487,21.428,1.5792,0.0,1.5792,21.428,0.0014444,0.0,0.0014444,0.0,0.0,0.0,0.0,4.642e-09,0.0,0.0,0.0,0.001,0.0,0.0,0.0,0.0,0.001,4.642e-09,0.0
24460069.0,4995000000.0,5000000.0,5.0,0.0,0.0487,0.0487,0.0487,0.0487,21.428,0.11571,0.019598,0.11571,21.428,1.1571e-06,0.019598,1.1571e-06,0.0,0.0,0.0,0.0,1e-11,0.0,0.0,0.0,2.154e-06,0.0,0.0,0.0,0.0,2.154e-06,1e-11,0.0
24466194.0,4995000000.0,5000000.0,5.0,0.0,0.0487,0.0487,0.0487,0.0487,21.428,5.8156,0.0,5.8156,21.428,0.0,0.0,0.0,0.0,0.0,0.0,0.0,1e-11,0.0,0.0,0.0,2.154e-06,0.0,0.0,0.0,0.0,2.154e-06,1e-11,0.0
24463904.0,4995000000.0,5000000.0,5.0,0.0,0.0487,0.0487,0.0487,0.0487,21.428,1.5792,0.0,1.5792,21.428,0.00015103,0.0,0.00015103,0.0,0.0,0.0,0.0,4.642e-09,0.0,0.0,0.0,1e-07,0.0,0.0,0.0,0.0,1e-07,4.642e-09,0.0
24462167.0,4995000000.0,5000000.0,5.0,0.0,0.0487,0.0487,0.0487,0.0487,21.428,0.42856,0.0020493,0.42856,21.428,4.2856e-06,0.0020493,4.2856e-06,0.0,0.0,0.0,0.0,0.001,0.0,0.0,0.0,4.642e-09,0.0,0.0,0.0,0.0,4.642e-09,0.001,0.0
24464547.0,4995000000.0,5000000.0,5.0,0.0,0.0487,0.0487,0.0487,0.0487,21.428,1.5792,0.0020493,1.5792,21.428,1.5792e-05,0.0020493,1.5792e-05,0.0,0.0,0.0,0.0,1e-07,0.0,0.0,0.0,4.642e-09,0.0,0.0,0.0,0.0,4.642e-09,1e-07,0.0
24466570.0,4995000000.0,5000000.0,5.0,0.0,0.0487,0.0487,0.0487,0.0487,21.428,5.8156,0.00021428,5.8156,21.428,0.0,0.00021428,0.0,0.0,0.0,0.0,0.0,4.642e-05,0.0,0.0,0.0,4.642e-09,0.0,0.0,0.0,0.0,4.642e-09,4.642e-05,0.0
24464159.0,4995000000.0,5000000.0,5.0,0.0,0.0487,0.0487,0.0487,0.0487,21.428,1.5792,0.00021428,1.5792,21.428,0.0,0.00021428,0.0,0.0,0.0,0.0,0.0,1e-07,0.0,0.0,0.0,0.001,0.0,0.0,0.0,0.0,0.001,1e-07,0.0
24469421.0,4995000000.0,5000000.0,5.0,0.0,0.0487,0.0487,0.0487,0.0487,21.428,21.428,0.0020493,21.428,21.428,0.0020493,0.0020493,0.0020493,0.0,0.0,0.0,0.0,0.001,0.0,0.0,0.0,2.154e-06,0.0,0.0,0.0,0.0,2.154e-06,0.001,0.0
24462272.0,4995000000.0,5000000.0,5.0,0.0,0.0487,0.0487,0.0487,0.0487,21.428,0.42856,0.0020493,0.42856,21.428,0.0037285,0.0020493,0.0037285,0.0,0.0,0.0,0.0,1e-11,0.0,0.0,0.0,4.642e-09,0.0,0.0,0.0,0.0,4.642e-09,1e-11,0.0
24469696.0,4995000000.0,5000000.0,5.0,0.0,0.0487,0.0487,0.0487,0.0487,21.428,21.428,0.019598,21.428,21.428,0.00021428,0.019598,0.00021428,0.0,0.0,0.0,0.0,1e-07,0.0,0.0,0.0,0.001,0.0,0.0,0.0,0.0,0.001,1e-07,0.0
24464015.0,4995000000.0,5000000.0,5.0,0.0,0.0487,0.0487,0.0487,0.0487,21.428,1.5792,0.0,1.5792,21.428,0.013739,0.0,0.013739,0.0,0.0,0.0,0.0,2.154e-06,0.0,0.0,0.0,4.642e-09,0.0,0.0,0.0,0.0,4.642e-09,2.154e-06,0.0
24463863.0,4995000000.0,5000000.0,5.0,0.0,0.0487,0.0487,0.0487,0.0487,21.428,1.5792,0.0,1.5792,21.428,1.5792e-05,0.0,1.5792e-05,0.0,0.0,0.0,0.0,1e-07,0.0,0.0,0.0,2.154e-06,0.0,0.0,0.0,0.0,2.154e-06,1e-07,0.0
24462078.0,4995000000.0,5000000.0,5.0,0.0,0.0487,0.0487,0.0487,0.0487,21.428,0.42856,0.0020493,0.42856,21.428,0.0,0.0020493,0.0,0.0,0.0,0.0,0.0,1e-11,0.0,0.0,0.0,2.154e-06,0.0,0.0,0.0,0.0,2.154e-06,1e-11,0.0
24461566.0,4995000000.0,5000000.0,5.0,0.0,0.0487,0.0487,0.0487,0.0487,21.428,0.42856,0.0,0.42856,21.428,0.00039197,0.0,0.00039197,0.0,0.0,0.0,0.0,2.154e-06,0.0,0.0,0.0,1e-07,0.0,0.0,0.0,0.0,1e-07,2.154e-06,0.0
24466210.0,4995000000.0,5000000.0,5.0,0.0,0.0487,0.0487,0.0487,0.0487,21.428,5.8156,0.0,5.8156,21.428,0.0,0.0,0.0,0.0,0.0,0.0,0.0,4.642e-09,0.0,0.0,0.0,0.001,0.0,0.0,0.0,0.0,0.001,4.642e-09,0.0
24467329.0,4995000000.0,5000000.0,5.0,0.0,0.0487,0.0487,0.0487,0.0487,21.428,5.8156,0.019598,5.8156,21.428,0.00055617,0.019598,0.00055617,0.0,0.0,0.0,0.0,2.154e-10,0.0,0.0,0.0,4.642e-05,0.0,0.0,0.0,0.0,4.642e-05,2.154e-10,0.0
24466574.0,4995000000.0,5000000.0,5.0,0.0,0.0487,0.0487,0.0487,0.0487,21.428,5.8156,0.00021428,5.8156,21.428,0.0,0.00021428,0.0,0.0,0.0,0.0,0.0,4.642e-05,0.0,0.0,0.0,0.001,0.0,0.0,0.0,0.0,0.001,4.642e-05,0.0
24461799.0,4995000000.0,5000000.0,5.0,0.0,0.0487,0.0487,0.0487,0.0487,21.428,0.42856,0.00021428,0.42856,21.428,4.2856e-06,0.00021428,4.2856e-06,0.0,0.0,0.0,0.0,4.642e-09,0.0,0.0,0.0,4.642e-05,0.0,0.0,0.0,0.0,4.642e-05,4.642e-09,0.0
24462477.0,4995000000.0,5000000.0,5.0,0.0,0.0487,0.0487,0.0487,0.0487,21.428,0.42856,0.019598,0.42856,21.428,4.2856e-06,0.019598,4.2856e-06,0.0,0.0,0.0,0.0,2.154e-10,0.0,0.0,0.0,2.154e-06,0.0,0.0,0.0,0.0,2.154e-06,2.154e-10,0.0
24467041.0,4995000000.0,5000000.0,5.0,0.0,0.0487,0.0487,0.0487,0.0487,21.428,5.8156,0.0020493,5.8156,21.428,0.005319,0.0020493,0.005319,0.0,0.0,0.0,0.0,4.642e-09,0.0,0.0,0.0,2.154e-06,0.0,0.0,0.0,0.0,2.154e-06,4.642e-09,0.0
24463925.0,4995000000.0,5000000.0,5.0,0.0,0.0487,0.0487,0.0487,0.0487,21.428,1.5792,0.0,1.5792,21.428,0.00015103,0.0,0.00015103,0.0,0.0,0.0,0.0,4.642e-05,0.0,0.0,0.0,1e-07,0.0,0.0,0.0,0.0,1e-07,4.642e-05,0.0
24464607.0,4995000000.0,5000000.0,5.0,0.0,0.0487,0.0487,0.0487,0.0487,21.428,1.5792,0.0020493,1.5792,21.428,0.00015103,0.0020493,0.00015103,0.0,0.0,0.0,0.0,2.154e-06,0.0,0.0,0.0,0.001,0.0,0.0,0.0,0.0,0.001,2.154e-06,0.0
24464529.0,4995000000.0,5000000.0,5.0,0.0,0.0487,0.0487,0.0487,0.0487,21.428,1.5792,0.0020493,1.5792,21.428,1.5792e-05,0.0020493,1.5792e-05,0.0,0.0,0.0,0.0,1e-11,0.0,0.0,0.0,4.642e-05,0.0,0.0,0.0,0.0,4.642e-05,1e-11,0.0
24467257.0,4995000000.0,5000000.0,5.0,0.0,0.0487,0.0487,0.0487,0.0487,21.428,5.8156,0.019598,5.8156,21.428,0.0,0.019598,0.0,0.0,0.0,0.0,0.0,4.642e-05,0.0,0.0,0.0,1e-07,0.0,0.0,0.0,0.0,1e-07,4.642e-05,0.0
24469787.0,4995000000.0,5000000.0,5.0,0.0,0.0487,0.0487,0.0487,0.0487,21.428,21.428,0.019598,21.428,21.428,0.019598,0.019598,0.019598,0.0,0.0,0.0,0.0,4.642e-09,0.0,0.0,0.0,0.001,0.0,0.0,0.0,0.0,0.001,4.642e-09,0.0
24460187.0,4995000000.0,5000000.0,5.0,0.0,0.0487,0.0487,0.0487,0.0487,21.428,0.11571,0.019598,0.11571,21.428,0.00010583,0.019598,0.00010583,0.0,0.0,0.0,0.0,1e-07,0.0,0.0,0.0,1e-07,0.0,0.0,0.0,0.0,1e-07,1e-07,0.0
24466371.0,4995000000.0,5000000.0,5.0,0.0,0.0487,0.0487,0.0487,0.0487,21.428,5.8156,0.0,5.8156,21.428,0.005319,0.0,0.005319,0.0,0.0,0.0,0.0,2.154e-06,0.0,0.0,0.0,0.001,0.0,0.0,0.0,0.0,0.001,2.154e-06,0.0
24464674.0,4995000000.0,5000000.0,5.0,0.0,0.0487,0.0487,0.0487,0.0487,21.428,1.5792,0.0020493,1.5792,21.428,0.013739,0.0020493,0.013739,0.0,0.0,0.0,0.0,1e-11,0.0,0.0,0.0,1e-07,0.0,0.0,0.0,0.0,1e-07,1e-11,0.0
24464184.0,4995000000.0,5000000.0,5.0,0.0,0.0487,0.0487,0.0487,0.0487,21.428,1.5792,0.00021428,1.5792,21.428,1.5792e-05,0.00021428,1.5792e-05,0.0,0.0,0.0,0.0,1e-11,0.0,0.0,0.0,1e-07,0.0,0.0,0.0,0.0,1e-07,1e-11,0.0
24464635.0,4995000000.0,5000000.0,5.0,0.0,0.0487,0.0487,0.0487,0.0487,21.428,1.5792,0.0020493,1.5792,21.428,0.0014444,0.0020493,0.0014444,0.0,0.0,0.0,0.0,2.154e-10,0.0,0.0,0.0,0.001,0.0,0.0,0.0,0.0,0.001,2.154e-10,0.0
24461831.0,4995000000.0,5000000.0,5.0,0.0,0.0487,0.0487,0.0487,0.0487,21.428,0.42856,0.00021428,0.42856,21.428,4.0985e-05,0.00021428,4.0985e-05,0.0,0.0,0.0,0.0,1e-11,0.0,0.0,0.0,4.642e-09,0.0,0.0,0.0,0.0,4.642e-09,1e-11,0.0
24466720.0,4995000000.0,5000000.0,5.0,0.0,0.0487,0.0487,0.0487,0.0487,21.428,5.8156,0.00021428,5.8156,21.428,0.005319,0.00021428,0.005319,0.0,0.0,0.0,0.0,4.642e-05,0.0,0.0,0.0,4.642e-05,0.0,0.0,0.0,0.0,4.642e-05,4.642e-05,0.0
24464004.0,4995000000.0,5000000.0,5.0,0.0,0.0487,0.0487,0.0487,0.0487,21.428,1.5792,0.0,1.5792,21.428,0.013739,0.0,0.013739,0.0,0.0,0.0,0.0,4.642e-09,0.0,0.0,0.0,4.642e-05,0.0,0.0,0.0,0.0,4.642e-05,4.642e-09,0.0
24461642.0,4995000000.0,5000000.0,5.0,0.0,0.0487,0.0487,0.0487,0.0487,21.428,0.42856,0.0,0.42856,21.428,0.03587,0.0,0.03587,0.0,0.0,0.0,0.0,2.154e-10,0.0,0.0,0.0,4.642e-09,0.0,0.0,0.0,0.0,4.642e-09,2.154e-10,0.0
24467383.0,4995000000.0,5000000.0,5.0,0.0,0.0487,0.0487,0.0487,0.0487,21.428,5.8156,0.019598,5.8156,21.428,0.005319,0.019598,0.005319,0.0,0.0,0.0,0.0,4.642e-09,0.0,0.0,0.0,1e-07,0.0,0.0,0.0,0.0,1e-07,4.642e-09,0.0
24469395.0,4995000000.0,5000000.0,5.0,0.0,0.0487,0.0487,0.0487,0.0487,21.428,21.428,0.0020493,21.428,21.428,0.0020493,0.0020493,0.0020493,0.0,0.0,0.0,0.0,4.642e-09,0.0,0.0,0.0,0.001,0.0,0.0,0.0,0.0,0.001,4.642e-09,0.0
24468631.0,4995000000.0,5000000.0,5.0,0.0,0.0487,0.0487,0.0487,0.0487,21.428,21.428,0.0,21.428,21.428,0.0,0.0,0.0,0.0,0.0,0.0,0.0,4.642e-05,0.0,0.0,0.0,4.642e-05,0.0,0.0,0.0,0.0,4.642e-05,4.642e-05,0.0
24467064.0,4995000000.0,5000000.0,5.0,0.0,0.0487,0.0487,0.0487,0.0487,21.428,5.8156,0.0020493,5.8156,21.428,0.005319,0.0020493,0.005319,0.0,0.0,0.0,0.0,4.642e-05,0.0,0.0,0.0,0.001,0.0,0.0,0.0,0.0,0.001,4.642e-05,0.0
24463998.0,4995000000.0,5000000.0,5.0,0.0,0.0487,0.0487,0.0487,0.0487,21.428,1.5792,0.0,1.5792,21.428,0.013739,0.0,0.013739,0.0,0.0,0.0,0.0,2.154e-10,0.0,0.0,0.0,0.001,0.0,0.0,0.0,0.0,0.001,2.154e-10,0.0
24461405.0,4995000000.0,5000000.0,5.0,0.0,0.0487,0.0487,0.0487,0.0487,21.428,0.42856,0.0,0.42856,21.428,0.0,0.0,0.0,0.0,0.0,0.0,0.0,4.642e-09,0.0,0.0,0.0,1e-07,0.0,0.0,0.0,0.0,1e-07,4.642e-09,0.0
24466538.0,4995000000.0,5000000.0,5.0,0.0,0.0487,0.0487,0.0487,0.0487,21.428,5.8156,0.00021428,5.8156,21.428,0.0,0.00021428,0.0,0.0,0.0,0.0,0.0,1e-11,0.0,0.0,0.0,4.642e-05,0.0,0.0,0.0,0.0,4.642e-05,1e-11,0.0
24464225.0,4995000000.0,5000000.0,5.0,0.0,0.0487,0.0487,0.0487,0.0487,21.428,1.5792,0.00021428,1.5792,21.428,1.5792e-05,0.00021428,1.5792e-05,0.0,0.0,0.0,0.0,0.001,0.0,0.0,0.0,4.642e-09,0.0,0.0,0.0,0.0,4.642e-09,0.001,0.0
24469052.0,4995000000.0,5000000.0,5.0,0.0,0.0487,0.0487,0.0487,0.0487,21.428,21.428,0.00021428,21.428,21.428,0.0020493,0.00021428,0.0020493,0.0,0.0,0.0,0.0,4.642e-09,0.0,0.0,0.0,0.001,0.0,0.0,0.0,0.0,0.001,4.642e-09,0.0
24467328.0,4995000000.0,5000000.0,5.0,0.0,0.0487,0.0487,0.0487,0.0487,21.428,5.8156,0.019598,5.8156,21.428,0.00055617,0.019598,0.00055617,0.0,0.0,0.0,0.0,2.154e-10,0.0,0.0,0.0,2.154e-06,0.0,0.0,0.0,0.0,2.154e-06,2.154e-10,0.0
24466350.0,4995000000.0,5000000.0,5.0,0.0,0.0487,0.0487,0.0487,0.0487,21.428,5.8156,0.0,5.8156,21.428,0.005319,0.0,0.005319,0.0,0.0,0.0,0.0,2.154e-10,0.0,0.0,0.0,0.001,0.0,0.0,0.0,0.0,0.001,2.154e-10,0.0
24461532.0,4995000000.0,5000000.0,5.0,0.0,0.0487,0.0487,0.0487,0.0487,21.428,0.42856,0.0,0.42856,21.428,4.0985e-05,0.0,4.0985e-05,0.0,0.0,0.0,0.0,0.001,0.0,0.0,0.0,2.154e-06,0.0,0.0,0.0,0.0,2.154e-06,0.001,0.0
24466620.0,4995000000.0,5000000.0,5.0,0.0,0.0487,0.0487,0.0487,0.0487,21.428,5.8156,0.00021428,5.8156,21.428,5.8156e-05,0.00021428,5.8156e-05,0.0,0.0,0.0,0.0,4.642e-05,0.0,0.0,0.0,1e-07,0.0,0.0,0.0,0.0,1e-07,4.642e-05,0.0
24461616.0,4995000000.0,5000000.0,5.0,0.0,0.0487,0.0487,0.0487,0.0487,21.428,0.42856,0.0,0.42856,21.428,0.0037285,0.0,0.0037285,0.0,0.0,0.0,0.0,2.154e-06,0.0,0.0,0.0,2.154e-06,0.0,0.0,0.0,0.0,2.154e-06,2.154e-06,0.0
24464360.0,4995000000.0,5000000.0,5.0,0.0,0.0487,0.0487,0.0487,0.0487,21.428,1.5792,0.00021428,1.5792,21.428,0.013739,0.00021428,0.013739,0.0,0.0,0.0,0.0,2.154e-06,0.0,0.0,0.0,2.154e-06,0.0,0.0,0.0,0.0,2.154e-06,2.154e-06,0.0
24464012.0,4995000000.0,5000000.0,5.0,0.0,0.0487,0.0487,0.0487,0.0487,21.428,1.5792,0.0,1.5792,21.428,0.013739,0.0,0.013739,0.0,0.0,0.0,0.0,1e-07,0.0,0.0,0.0,0.001,0.0,0.0,0.0,0.0,0.001,1e-07,0.0
24460197.0,4995000000.0,5000000.0,5.0,0.0,0.0487,0.0487,0.0487,0.0487,21.428,0.11571,0.019598,0.11571,21.428,0.00010583,0.019598,0.00010583,0.0,0.0,0.0,0.0,2.154e-06,0.0,0.0,0.0,0.001,0.0,0.0,0.0,0.0,0.001,2.154e-06,0.0
24461559.0,4995000000.0,5000000.0,5.0,0.0,0.0487,0.0487,0.0487,0.0487,21.428,0.42856,0.0,0.42856,21.428,0.00039197,0.0,0.00039197,0.0,0.0,0.0,0.0,1e-07,0.0,0.0,0.0,1e-07,0.0,0.0,0.0,0.0,1e-07,1e-07,0.0
24460152.0,4995000000.0,5000000.0,5.0,0.0,0.0487,0.0487,0.0487,0.0487,21.428,0.11571,0.019598,0.11571,21.428,1.1066e-05,0.019598,1.1066e-05,0.0,0.0,0.0,0.0,4.642e-05,0.0,0.0,0.0,1e-07,0.0,0.0,0.0,0.0,1e-07,4.642e-05,0.0
24463815.0,4995000000.0,5000000.0,5.0,0.0,0.0487,0.0487,0.0487,0.0487,21.428,1.5792,0.0,1.5792,21.428,0.0,0.0,0.0,0.0,0.0,0.0,0.0,1e-07,0.0,0.0,0.0,4.642e-05,0.0,0.0,0.0,0.0,4.642e-05,1e-07,0.0
24464296.0,4995000000.0,5000000.0,5.0,0.0,0.0487,0.0487,0.0487,0.0487,21.428,1.5792,0.00021428,1.5792,21.428,0.0014444,0.00021428,0.0014444,0.0,0.0,0.0,0.0,4.642e-09,0.0,0.0,0.0,1e-07,0.0,0.0,0.0,0.0,1e-07,4.642e-09,0.0
24464250.0,4995000000.0,5000000.0,5.0,0.0,0.0487,0.0487,0.0487,0.0487,21.428,1.5792,0.00021428,1.5792,21.428,0.00015103,0.00021428,0.00015103,0.0,0.0,0.0,0.0,4.642e-09,0.0,0.0,0.0,0.001,0.0,0.0,0.0,0.0,0.001,4.642e-09,0.0
24469374.0,4995000000.0,5000000.0,5.0,0.0,0.0487,0.0487,0.0487,0.0487,21.428,21.428,0.0020493,21.428,21.428,0.00021428,0.0020493,0.00021428,0.0,0.0,0.0,0.0,0.001,0.0,0.0,0.0,0.001,0.0,0.0,0.0,0.0,0.001,0.001,0.0
24467379.0,4995000000.0,5000000.0,5.0,0.0,0.0487,0.0487,0.0487,0.0487,21.428,5.8156,0.019598,5.8156,21.428,0.005319,0.019598,0.005319,0.0,0.0,0.0,0.0,2.154e-10,0.0,0.0,0.0,0.001,0.0,0.0,0.0,0.0,0.001,2.154e-10,0.0
24464192.0,4995000000.0,5000000.0,5.0,0.0,0.0487,0.0487,0.0487,0.0487,21.428,1.5792,0.00021428,1.5792,21.428,1.5792e-05,0.00021428,1.5792e-05,0.0,0.0,0.0,0.0,2.154e-10,0.0,0.0,0.0,2.154e-06,0.0,0.0,0.0,0.0,2.154e-06,2.154e-10,0.0
24461985.0,4995000000.0,5000000.0,5.0,0.0,0.0487,0.0487,0.0487,0.0487,21.428,0.42856,0.00021428,0.42856,21.428,0.03587,0.00021428,0.03587,0.0,0.0,0.0,0.0,2.154e-10,0.0,0.0,0.0,4.642e-09,0.0,0.0,0.0,0.0,4.642e-09,2.154e-10,0.0
24468680.0,4995000000.0,5000000.0,5.0,0.0,0.0487,0.0487,0.0487,0.0487,21.428,21.428,0.0,21.428,21.428,0.00021428,0.0,0.00021428,0.0,0.0,0.0,0.0,4.642e-05,0.0,0.0,0.0,4.642e-05,0.0,0.0,0.0,0.0,4.642e-05,4.642e-05,0.0
24460244.0,4995000000.0,5000000.0,5.0,0.0,0.0487,0.0487,0.0487,0.0487,21.428,0.11571,0.019598,0.11571,21.428,0.0010067,0.019598,0.0010067,0.0,0.0,0.0,0.0,2.154e-06,0.0,0.0,0.0,2.154e-06,0.0,0.0,0.0,0.0,2.154e-06,2.154e-06,0.0
24460208.0,4995000000.0,5000000.0,5.0,0.0,0.0487,0.0487,0.0487,0.0487,21.428,0.11571,0.019598,0.11571,21.428,0.00010583,0.019598,0.00010583,0.0,0.0,0.0,0.0,0.001,0.0,0.0,0.0,1e-07,0.0,0.0,0.0,0.0,1e-07,0.001,0.0
24462140.0,4995000000.0,5000000.0,5.0,0.0,0.0487,0.0487,0.0487,0.0487,21.428,0.42856,0.0020493,0.42856,21.428,4.2856e-06,0.0020493,4.2856e-06,0.0,0.0,0.0,0.0,4.642e-09,0.0,0.0,0.0,1e-07,0.0,0.0,0.0,0.0,1e-07,4.642e-09,0.0
24462532.0,4995000000.0,5000000.0,5.0,0.0,0.0487,0.0487,0.0487,0.0487,21.428,0.42856,0.019598,0.42856,21.428,4.0985e-05,0.019598,4.0985e-05,0.0,0.0,0.0,0.0,4.642e-09,0.0,0.0,0.0,1e-07,0.0,0.0,0.0,0.0,1e-07,4.642e-09,0.0
24462275.0,4995000000.0,5000000.0,5.0,0.0,0.0487,0.0487,0.0487,0.0487,21.428,0.42856,0.0020493,0.42856,21.428,0.0037285,0.0020493,0.0037285,0.0,0.0,0.0,0.0,1e-11,0.0,0.0,0.0,4.642e-05,0.0,0.0,0.0,0.0,4.642e-05,1e-11,0.0
24463918.0,4995000000.0,5000000.0,5.0,0.0,0.0487,0.0487,0.0487,0.0487,21.428,1.5792,0.0,1.5792,21.428,0.00015103,0.0,0.00015103,0.0,0.0,0.0,0.0,2.154e-06,0.0,0.0,0.0,1e-07,0.0,0.0,0.0,0.0,1e-07,2.154e-06,0.0
24464365.0,4995000000.0,5000000.0,5.0,0.0,0.0487,0.0487,0.0487,0.0487,21.428,1.5792,0.00021428,1.5792,21.428,0.013739,0.00021428,0.013739,0.0,0.0,0.0,0.0,4.642e-05,0.0,0.0,0.0,4.642e-09,0.0,0.0,0.0,0.0,4.642e-09,4.642e-05,0.0
24466969.0,4995000000.0,5000000.0,5.0,0.0,0.0487,0.0487,0.0487,0.0487,21.428,5.8156,0.0020493,5.8156,21.428,5.8156e-05,0.0020493,5.8156e-05,0.0,0.0,0.0,0.0,0.001,0.0,0.0,0.0,4.642e-09,0.0,0.0,0.0,0.0,4.642e-09,0.001,0.0
24464661.0,4995000000.0,5000000.0,5.0,0.0,0.0487,0.0487,0.0487,0.0487,21.428,1.5792,0.0020493,1.5792,21.428,0.0014444,0.0020493,0.0014444,0.0,0.0,0.0,0.0,4.642e-05,0.0,0.0,0.0,2.154e-06,0.0,0.0,0.0,0.0,2.154e-06,4.642e-05,0.0
24468785.0,4995000000.0,5000000.0,5.0,0.0,0.0487,0.0487,0.0487,0.0487,21.428,21.428,0.0,21.428,21.428,0.019598,0.0,0.019598,0.0,0.0,0.0,0.0,0.001,0.0,0.0,0.0,4.642e-05,0.0,0.0,0.0,0.0,4.642e-05,0.001,0.0
24467306.0,4995000000.0,5000000.0,5.0,0.0,0.0487,0.0487,0.0487,0.0487,21.428,5.8156,0.019598,5.8156,21.428,5.8156e-05,0.019598,5.8156e-05,0.0,0.0,0.0,0.0,4.642e-05,0.0,0.0,0.0,1e-07,0.0,0.0,0.0,0.0,1e-07,4.642e-05,0.0
24464996.0,4995000000.0,5000000.0,5.0,0.0,0.0487,0.0487,0.0487,0.0487,21.428,1.5792,0.019598,1.5792,21.428,0.0014444,0.019598,0.0014444,0.0,0.0,0.0,0.0,2.154e-06,0.0,0.0,0.0,1e-07,0.0,0.0,0.0,0.0,1e-07,2.154e-06,0.0
24461839.0,4995000000.0,5000000.0,5.0,0.0,0.0487,0.0487,0.0487,0.0487,21.428,0.42856,0.00021428,0.42856,21.428,4.0985e-05,0.00021428,4.0985e-05,0.0,0.0,0.0,0.0,2.154e-10,0.0,0.0,0.0,1e-07,0.0,0.0,0.0,0.0,1e-07,2.154e-10,0.0
24464647.0,4995000000.0,5000000.0,5.0,0.0,0.0487,0.0487,0.0487,0.0487,21.428,1.5792,0.0020493,1.5792,21.428,0.0014444,0.0020493,0.0014444,0.0,0.0,0.0,0.0,1e-07,0.0,0.0,0.0,2.154e-06,0.0,0.0,0.0,0.0,2.154e-06,1e-07,0.0
24462023.0,4995000000.0,5000000.0,5.0,0.0,0.0487,0.0487,0.0487,0.0487,21.428,0.42856,0.00021428,0.42856,21.428,0.03587,0.00021428,0.03587,0.0,0.0,0.0,0.0,0.001,0.0,0.0,0.0,4.642e-05,0.0,0.0,0.0,0.0,4.642e-05,0.001,0.0
24463980.0,4995000000.0,5000000.0,5.0,0.0,0.0487,0.0487,0.0487,0.0487,21.428,1.5792,0.0,1.5792,21.428,0.0014444,0.0,0.0014444,0.0,0.0,0.0,0.0,0.001,0.0,0.0,0.0,4.642e-09,0.0,0.0,0.0,0.0,4.642e-09,0.001,0.0
24461793.0,4995000000.0,5000000.0,5.0,0.0,0.0487,0.0487,0.0487,0.0487,21.428,0.42856,0.00021428,0.42856,21.428,4.2856e-06,0.00021428,4.2856e-06,0.0,0.0,0.0,0.0,2.154e-10,0.0,0.0,0.0,0.001,0.0,0.0,0.0,0.0,0.001,2.154e-10,0.0
24461638.0,4995000000.0,5000000.0,5.0,0.0,0.0487,0.0487,0.0487,0.0487,21.428,0.42856,0.0,0.42856,21.428,0.03587,0.0,0.03587,0.0,0.0,0.0,0.0,1e-11,0.0,0.0,0.0,4.642e-05,0.0,0.0,0.0,0.0,4.642e-05,1e-11,0.0
24467062.0,4995000000.0,5000000.0,5.0,0.0,0.0487,0.0487,0.0487,0.0487,21.428,5.8156,0.0020493,5.8156,21.428,0.005319,0.0020493,0.005319,0.0,0.0,0.0,0.0,4.642e-05,0.0,0.0,0.0,2.154e-06,0.0,0.0,0.0,0.0,2.154e-06,4.642e-05,0.0
24464927.0,4995000000.0,5000000.0,5.0,0.0,0.0487,0.0487,0.0487,0.0487,21.428,1.5792,0.019598,1.5792,21.428,0.00015103,0.019598,0.00015103,0.0,0.0,0.0,0.0,2.154e-10,0.0,0.0,0.0,2.154e-06,0.0,0.0,0.0,0.0,2.154e-06,2.154e-10,0.0
24462349.0,4995000000.0,5000000.0,5.0,0.0,0.0487,0.0487,0.0487,0.0487,21.428,0.42856,0.0020493,0.42856,21.428,0.03587,0.0020493,0.03587,0.0,0.0,0.0,0.0,2.154e-06,0.0,0.0,0.0,4.642e-09,0.0,0.0,0.0,0.0,4.642e-09,2.154e-06,0.0
24467266.0,4995000000.0,5000000.0,5.0,0.0,0.0487,0.0487,0.0487,0.0487,21.428,5.8156,0.019598,5.8156,21.428,0.0,0.019598,0.0,0.0,0.0,0.0,0.0,0.001,0.0,0.0,0.0,4.642e-05,0.0,0.0,0.0,0.0,4.642e-05,0.001,0.0
24461972.0,4995000000.0,5000000.0,5.0,0.0,0.0487,0.0487,0.0487,0.0487,21.428,0.42856,0.00021428,0.42856,21.428,0.0037285,0.00021428,0.0037285,0.0,0.0,0.0,0.0,0.001,0.0,0.0,0.0,1e-07,0.0,0.0,0.0,0.0,1e-07,0.001,0.0
24466978.0,4995000000.0,5000000.0,5.0,0.0,0.0487,0.0487,0.0487,0.0487,21.428,5.8156,0.0020493,5.8156,21.428,0.00055617,0.0020493,0.00055617,0.0,0.0,0.0,0.0,1e-11,0.0,0.0,0.0,2.154e-06,0.0,0.0,0.0,0.0,2.154e-06,1e-11,0.0
24463840.0,4995000000.0,5000000.0,5.0,0.0,0.0487,0.0487,0.0487,0.0487,21.428,1.5792,0.0,1.5792,21.428,1.5792e-05,0.0,1.5792e-05,0.0,0.0,0.0,0.0,1e-11,0.0,0.0,0.0,4.642e-09,0.0,0.0,0.0,0.0,4.642e-09,1e-11,0.0
24461502.0,4995000000.0,5000000.0,5.0,0.0,0.0487,0.0487,0.0487,0.0487,21.428,0.42856,0.0,0.42856,21.428,4.0985e-05,0.0,4.0985e-05,0.0,0.0,0.0,0.0,4.642e-09,0.0,0.0,0.0,4.642e-09,0.0,0.0,0.0,0.0,4.642e-09,4.642e-09,0.0
24466907.0,4995000000.0,5000000.0,5.0,0.0,0.0487,0.0487,0.0487,0.0487,21.428,5.8156,0.0020493,5.8156,21.428,0.0,0.0020493,0.0,0.0,0.0,0.0,0.0,2.154e-06,0.0,0.0,0.0,1e-07,0.0,0.0,0.0,0.0,1e-07,2.154e-06,0.0
24469710.0,4995000000.0,5000000.0,5.0,0.0,0.0487,0.0487,0.0487,0.0487,21.428,21.428,0.019598,21.428,21.428,0.00021428,0.019598,0.00021428,0.0,0.0,0.0,0.0,4.642e-05,0.0,0.0,0.0,0.001,0.0,0.0,0.0,0.0,0.001,4.642e-05,0.0
24464920.0,4995000000.0,5000000.0,5.0,0.0,0.0487,0.0487,0.0487,0.0487,21.428,1.5792,0.019598,1.5792,21.428,0.00015103,0.019598,0.00015103,0.0,0.0,0.0,0.0,1e-11,0.0,0.0,0.0,2.154e-06,0.0,0.0,0.0,0.0,2.154e-06,1e-11,0.0
24462001.0,4995000000.0,5000000.0,5.0,0.0,0.0487,0.0487,0.0487,0.0487,21.428,0.42856,0.00021428,0.42856,21.428,0.03587,0.00021428,0.03587,0.0,0.0,0.0,0.0,1e-07,0.0,0.0,0.0,2.154e-06,0.0,0.0,0.0,0.0,2.154e-06,1e-07,0.0
24467237.0,4995000000.0,5000000.0,5.0,0.0,0.0487,0.0487,0.0487,0.0487,21.428,5.8156,0.019598,5.8156,21.428,0.0,0.019598,0.0,0.0,0.0,0.0,0.0,4.642e-09,0.0,0.0,0.0,2.154e-06,0.0,0.0,0.0,0.0,2.154e-06,4.642e-09,0.0
24464562.0,4995000000.0,5000000.0,5.0,0.0,0.0487,0.0487,0.0487,0.0487,21.428,1.5792,0.0020493,1.5792,21.428,1.5792e-05,0.0020493,1.5792e-05,0.0,0.0,0.0,0.0,4.642e-05,0.0,0.0,0.0,1e-07,0.0,0.0,0.0,0.0,1e-07,4.642e-05,0.0
24462441.0,4995000000.0,5000000.0,5.0,0.0,0.0487,0.0487,0.0487,0.0487,21.428,0.42856,0.019598,0.42856,21.428,0.0,0.019598,0.0,0.0,0.0,0.0,0.0,1e-07,0.0,0.0,0.0,1e-07,0.0,0.0,0.0,0.0,1e-07,1e-07,0.0
24460083.0,4995000000.0,5000000.0,5.0,0.0,0.0487,0.0487,0.0487,0.0487,21.428,0.11571,0.019598,0.11571,21.428,1.1571e-06,0.019598,1.1571e-06,0.0,0.0,0.0,0.0,4.642e-09,0.0,0.0,0.0,2.154e-06,0.0,0.0,0.0,0.0,2.154e-06,4.642e-09,0.0
24467034.0,4995000000.0,5000000.0,5.0,0.0,0.0487,0.0487,0.0487,0.0487,21.428,5.8156,0.0020493,5.8156,21.428,0.005319,0.0020493,0.005319,0.0,0.0,0.0,0.0,2.154e-10,0.0,0.0,0.0,2.154e-06,0.0,0.0,0.0,0.0,2.154e-06,2.154e-10,0.0
24462434.0,4995000000.0,5000000.0,5.0,0.0,0.0487,0.0487,0.0487,0.0487,21.428,0.42856,0.019598,0.42856,21.428,0.0,0.019598,0.0,0.0,0.0,0.0,0.0,4.642e-09,0.0,0.0,0.0,1e-07,0.0,0.0,0.0,0.0,1e-07,4.642e-09,0.0
24466224.0,4995000000.0,5000000.0,5.0,0.0,0.0487,0.0487,0.0487,0.0487,21.428,5.8156,0.0,5.8156,21.428,0.0,0.0,0.0,0.0,0.0,0.0,0.0,2.154e-06,0.0,0.0,0.0,0.001,0.0,0.0,0.0,0.0,0.001,2.154e-06,0.0
24461741.0,4995000000.0,5000000.0,5.0,0.0,0.0487,0.0487,0.0487,0.0487,21.428,0.42856,0.00021428,0.42856,21.428,0.0,0.00021428,0.0,0.0,0.0,0.0,0.0,2.154e-10,0.0,0.0,0.0,1e-07,0.0,0.0,0.0,0.0,1e-07,2.154e-10,0.0
24461567.0,4995000000.0,5000000.0,5.0,0.0,0.0487,0.0487,0.0487,0.0487,21.428,0.42856,0.0,0.42856,21.428,0.00039197,0.0,0.00039197,0.0,0.0,0.0,0.0,2.154e-06,0.0,0.0,0.0,2.154e-06,0.0,0.0,0.0,0.0,2.154e-06,2.154e-06,0.0
24466637.0,4995000000.0,5000000.0,5.0,0.0,0.0487,0.0487,0.0487,0.0487,21.428,5.8156,0.00021428,5.8156,21.428,0.00055617,0.00021428,0.00055617,0.0,0.0,0.0,0.0,1e-11,0.0,0.0,0.0,0.001,0.0,0.0,0.0,0.0,0.001,1e-11,0.0
24460308.0,4995000000.0,5000000.0,5.0,0.0,0.0487,0.0487,0.0487,0.0487,21.428,0.11571,0.019598,0.11571,21.428,0.009685,0.019598,0.009685,0.0,0.0,0.0,0.0,0.001,0.0,0.0,0.0,4.642e-05,0.0,0.0,0.0,0.0,4.642e-05,0.001,0.0
24464569.0,4995000000.0,5000000.0,5.0,0.0,0.0487,0.0487,0.0487,0.0487,21.428,1.5792,0.0020493,1.5792,21.428,1.5792e-05,0.0020493,1.5792e-05,0.0,0.0,0.0,0.0,0.001,0.0,0.0,0.0,1e-07,0.0,0.0,0.0,0.0,1e-07,0.001,0.0
24464705.0,4995000000.0,5000000.0,5.0,0.0,0.0487,0.0487,0.0487,0.0487,21.428,1.5792,0.0020493,1.5792,21.428,0.013739,0.0020493,0.013739,0.0,0.0,0.0,0.0,2.154e-06,0.0,0.0,0.0,0.001,0.0,0.0,0.0,0.0,0.001,2.154e-06,0.0
24461987.0,4995000000.0,5000000.0,5.0,0.0,0.0487,0.0487,0.0487,0.0487,21.428,0.42856,0.00021428,0.42856,21.428,0.03587,0.00021428,0.03587,0.0,0.0,0.0,0.0,2.154e-10,0.0,0.0,0.0,2.154e-06,0.0,0.0,0.0,0.0,2.154e-06,2.154e-10,0.0
24464214.0,4995000000.0,5000000.0,5.0,0.0,0.0487,0.0487,0.0487,0.0487,21.428,1.5792,0.00021428,1.5792,21.428,1.5792e-05,0.00021428,1.5792e-05,0.0,0.0,0.0,0.0,2.154e-06,0.0,0.0,0.0,4.642e-05,0.0,0.0,0.0,0.0,4.642e-05,2.154e-06,0.0
24464879.0,4995000000.0,5000000.0,5.0,0.0,0.0487,0.0487,0.0487,0.0487,21.428,1.5792,0.019598,1.5792,21.428,1.5792e-05,0.019598,1.5792e-05,0.0,0.0,0.0,0.0,2.154e-10,0.0,0.0,0.0,4.642e-05,0.0,0.0,0.0,0.0,4.642e-05,2.154e-10,0.0
24462514.0,4995000000.0,5000000.0,5.0,0.0,0.0487,0.0487,0.0487,0.0487,21.428,0.42856,0.019598,0.42856,21.428,4.2856e-06,0.019598,4.2856e-06,0.0,0.0,0.0,0.0,0.001,0.0,0.0,0.0,0.001,0.0,0.0,0.0,0.0,0.001,0.001,0.0
24464246.0,4995000000.0,5000000.0,5.0,0.0,0.0487,0.0487,0.0487,0.0487,21.428,1.5792,0.00021428,1.5792,21.428,0.00015103,0.00021428,0.00015103,0.0,0.0,0.0,0.0,4.642e-09,0.0,0.0,0.0,4.642e-09,0.0,0.0,0.0,0.0,4.642e-09,4.642e-09,0.0
24463809.0,4995000000.0,5000000.0,5.0,0.0,0.0487,0.0487,0.0487,0.0487,21.428,1.5792,0.0,1.5792,21.428,0.0,0.0,0.0,0.0,0.0,0.0,0.0,4.642e-09,0.0,0.0,0.0,0.001,0.0,0.0,0.0,0.0,0.001,4.642e-09,0.0
24460274.0,4995000000.0,5000000.0,5.0,0.0,0.0487,0.0487,0.0487,0.0487,21.428,0.11571,0.019598,0.11571,21.428,0.009685,0.019598,0.009685,0.0,0.0,0.0,0.0,2.154e-10,0.0,0.0,0.0,0.001,0.0,0.0,0.0,0.0,0.001,2.154e-10,0.0
24466966.0,4995000000.0,5000000.0,5.0,0.0,0.0487,0.0487,0.0487,0.0487,21.428,5.8156,0.0020493,5.8156,21.428,5.8156e-05,0.0020493,5.8156e-05,0.0,0.0,0.0,0.0,4.642e-05,0.0,0.0,0.0,0.001,0.0,0.0,0.0,0.0,0.001,4.642e-05,0.0
24461902.0,4995000000.0,5000000.0,5.0,0.0,0.0487,0.0487,0.0487,0.0487,21.428,0.42856,0.00021428,0.42856,21.428,0.00039197,0.00021428,0.00039197,0.0,0.0,0.0,0.0,1e-07,0.0,0.0,0.0,1e-07,0.0,0.0,0.0,0.0,1e-07,1e-07,0.0
24466250.0,4995000000.0,5000000.0,5.0,0.0,0.0487,0.0487,0.0487,0.0487,21.428,5.8156,0.0,5.8156,21.428,5.8156e-05,0.0,5.8156e-05,0.0,0.0,0.0,0.0,2.154e-10,0.0,0.0,0.0,2.154e-06,0.0,0.0,0.0,0.0,2.154e-06,2.154e-10,0.0
24461496.0,4995000000.0,5000000.0,5.0,0.0,0.0487,0.0487,0.0487,0.0487,21.428,0.42856,0.0,0.42856,21.428,4.0985e-05,0.0,4.0985e-05,0.0,0.0,0.0,0.0,2.154e-10,0.0,0.0,0.0,1e-07,0.0,0.0,0.0,0.0,1e-07,2.154e-10,0.0
24469030.0,4995000000.0,5000000.0,5.0,0.0,0.0487,0.0487,0.0487,0.0487,21.428,21.428,0.00021428,21.428,21.428,0.00021428,0.00021428,0.00021428,0.0,0.0,0.0,0.0,0.001,0.0,0.0,0.0,4.642e-05,0.0,0.0,0.0,0.0,4.642e-05,0.001,0.0
24461441.0,4995000000.0,5000000.0,5.0,0.0,0.0487,0.0487,0.0487,0.0487,21.428,0.42856,0.0,0.42856,21.428,4.2856e-06,0.0,4.2856e-06,0.0,0.0,0.0,0.0,1e-11,0.0,0.0,0.0,2.154e-06,0.0,0.0,0.0,0.0,2.154e-06,1e-11,0.0
24466879.0,4995000000.0,5000000.0,5.0,0.0,0.0487,0.0487,0.0487,0.0487,21.428,5.8156,0.0020493,5.8156,21.428,0.0,0.0020493,0.0,0.0,0.0,0.0,0.0,1e-11,0.0,0.0,0.0,1e-07,0.0,0.0,0.0,0.0,1e-07,1e-11,0.0
24466606.0,4995000000.0,5000000.0,5.0,0.0,0.0487,0.0487,0.0487,0.0487,21.428,5.8156,0.00021428,5.8156,21.428,5.8156e-05,0.00021428,5.8156e-05,0.0,0.0,0.0,0.0,1e-07,0.0,0.0,0.0,1e-07,0.0,0.0,0.0,0.0,1e-07,1e-07,0.0
24466714.0,4995000000.0,5000000.0,5.0,0.0,0.0487,0.0487,0.0487,0.0487,21.428,5.8156,0.00021428,5.8156,21.428,0.005319,0.00021428,0.005319,0.0,0.0,0.0,0.0,2.154e-06,0.0,0.0,0.0,0.001,0.0,0.0,0.0,0.0,0.001,2.154e-06,0.0
24464717.0,4995000000.0,5000000.0,5.0,0.0,0.0487,0.0487,0.0487,0.0487,21.428,1.5792,0.0020493,1.5792,21.428,0.013739,0.0020493,0.013739,0.0,0.0,0.0,0.0,0.001,0.0,0.0,0.0,2.154e-06,0.0,0.0,0.0,0.0,2.154e-06,0.001,0.0
24466587.0,4995000000.0,5000000.0,5.0,0.0,0.0487,0.0487,0.0487,0.0487,21.428,5.8156,0.00021428,5.8156,21.428,5.8156e-05,0.00021428,5.8156e-05,0.0,0.0,0.0,0.0,1e-11,0.0,0.0,0.0,4.642e-05,0.0,0.0,0.0,0.0,4.642e-05,1e-11,0.0
24461519.0,4995000000.0,5000000.0,5.0,0.0,0.0487,0.0487,0.0487,0.0487,21.428,0.42856,0.0,0.42856,21.428,4.0985e-05,0.0,4.0985e-05,0.0,0.0,0.0,0.0,2.154e-06,0.0,0.0,0.0,4.642e-05,0.0,0.0,0.0,0.0,4.642e-05,2.154e-06,0.0
24466923.0,4995000000.0,5000000.0,5.0,0.0,0.0487,0.0487,0.0487,0.0487,21.428,5.8156,0.0020493,5.8156,21.428,0.0,0.0020493,0.0,0.0,0.0,0.0,0.0,0.001,0.0,0.0,0.0,4.642e-05,0.0,0.0,0.0,0.0,4.642e-05,0.001,0.0
24460288.0,4995000000.0,5000000.0,5.0,0.0,0.0487,0.0487,0.0487,0.0487,21.428,0.11571,0.019598,0.11571,21.428,0.009685,0.019598,0.009685,0.0,0.0,0.0,0.0,1e-07,0.0,0.0,0.0,0.001,0.0,0.0,0.0,0.0,0.001,1e-07,0.0
24462569.0,4995000000.0,5000000.0,5.0,0.0,0.0487,0.0487,0.0487,0.0487,21.428,0.42856,0.019598,0.42856,21.428,0.00039197,0.019598,0.00039197,0.0,0.0,0.0,0.0,1e-11,0.0,0.0,0.0,4.642e-05,0.0,0.0,0.0,0.0,4.642e-05,1e-11,0.0
24462296.0,4995000000.0,5000000.0,5.0,0.0,0.0487,0.0487,0.0487,0.0487,21.428,0.42856,0.0020493,0.42856,21.428,0.0037285,0.0020493,0.0037285,0.0,0.0,0.0,0.0,1e-07,0.0,0.0,0.0,4.642e-05,0.0,0.0,0.0,0.0,4.642e-05,1e-07,0.0
24464267.0,4995000000.0,5000000.0,5.0,0.0,0.0487,0.0487,0.0487,0.0487,21.428,1.5792,0.00021428,1.5792,21.428,0.00015103,0.00021428,0.00015103,0.0,0.0,0.0,0.0,4.642e-05,0.0,0.0,0.0,4.642e-09,0.0,0.0,0.0,0.0,4.642e-09,4.642e-05,0.0
24460176.0,4995000000.0,5000000.0,5.0,0.0,0.0487,0.0487,0.0487,0.0487,21.428,0.11571,0.019598,0.11571,21.428,0.00010583,0.019598,0.00010583,0.0,0.0,0.0,0.0,2.154e-10,0.0,0.0,0.0,0.001,0.0,0.0,0.0,0.0,0.001,2.154e-10,0.0
24461476.0,4995000000.0,5000000.0,5.0,0.0,0.0487,0.0487,0.0487,0.0487,21.428,0.42856,0.0,0.42856,21.428,4.2856e-06,0.0,4.2856e-06,0.0,0.0,0.0,0.0,4.642e-05,0.0,0.0,0.0,2.154e-06,0.0,0.0,0.0,0.0,2.154e-06,4.642e-05,0.0
24464026.0,4995000000.0,5000000.0,5.0,0.0,0.0487,0.0487,0.0487,0.0487,21.428,1.5792,0.0,1.5792,21.428,0.013739,0.0,0.013739,0.0,0.0,0.0,0.0,4.642e-05,0.0,0.0,0.0,0.001,0.0,0.0,0.0,0.0,0.001,4.642e-05,0.0
24461401.0,4995000000.0,5000000.0,5.0,0.0,0.0487,0.0487,0.0487,0.0487,21.428,0.42856,0.0,0.42856,21.428,0.0,0.0,0.0,0.0,0.0,0.0,0.0,2.154e-10,0.0,0.0,0.0,0.001,0.0,0.0,0.0,0.0,0.001,2.154e-10,0.0
24462157.0,4995000000.0,5000000.0,5.0,0.0,0.0487,0.0487,0.0487,0.0487,21.428,0.42856,0.0020493,0.42856,21.428,4.2856e-06,0.0020493,4.2856e-06,0.0,0.0,0.0,0.0,2.154e-06,0.0,0.0,0.0,0.001,0.0,0.0,0.0,0.0,0.001,2.154e-06,0.0
24462161.0,4995000000.0,5000000.0,5.0,0.0,0.0487,0.0487,0.0487,0.0487,21.428,0.42856,0.0020493,0.42856,21.428,4.2856e-06,0.0020493,4.2856e-06,0.0,0.0,0.0,0.0,4.642e-05,0.0,0.0,0.0,1e-07,0.0,0.0,0.0,0.0,1e-07,4.642e-05,0.0
24461574.0,4995000000.0,5000000.0,5.0,0.0,0.0487,0.0487,0.0487,0.0487,21.428,0.42856,0.0,0.42856,21.428,0.00039197,0.0,0.00039197,0.0,0.0,0.0,0.0,4.642e-05,0.0,0.0,0.0,2.154e-06,0.0,0.0,0.0,0.0,2.154e-06,4.642e-05,0.0
24462141.0,4995000000.0,5000000.0,5.0,0.0,0.0487,0.0487,0.0487,0.0487,21.428,0.42856,0.0020493,0.42856,21.428,4.2856e-06,0.0020493,4.2856e-06,0.0,0.0,0.0,0.0,4.642e-09,0.0,0.0,0.0,2.154e-06,0.0,0.0,0.0,0.0,2.154e-06,4.642e-09,0.0
24464514.0,4995000000.0,5000000.0,5.0,0.0,0.0487,0.0487,0.0487,0.0487,21.428,1.5792,0.0020493,1.5792,21.428,0.0,0.0020493,0.0,0.0,0.0,0.0,0.0,4.642e-05,0.0,0.0,0.0,2.154e-06,0.0,0.0,0.0,0.0,2.154e-06,4.642e-05,0.0
24461803.0,4995000000.0,5000000.0,5.0,0.0,0.0487,0.0487,0.0487,0.0487,21.428,0.42856,0.00021428,0.42856,21.428,4.2856e-06,0.00021428,4.2856e-06,0.0,0.0,0.0,0.0,1e-07,0.0,0.0,0.0,4.642e-09,0.0,0.0,0.0,0.0,4.642e-09,1e-07,0.0
24462653.0,4995000000.0,5000000.0,5.0,0.0,0.0487,0.0487,0.0487,0.0487,21.428,0.42856,0.019598,0.42856,21.428,0.0037285,0.019598,0.0037285,0.0,0.0,0.0,0.0,4.642e-05,0.0,0.0,0.0,4.642e-05,0.0,0.0,0.0,0.0,4.642e-05,4.642e-05,0.0
24467292.0,4995000000.0,5000000.0,5.0,0.0,0.0487,0.0487,0.0487,0.0487,21.428,5.8156,0.019598,5.8156,21.428,5.8156e-05,0.019598,5.8156e-05,0.0,0.0,0.0,0.0,1e-07,0.0,0.0,0.0,1e-07,0.0,0.0,0.0,0.0,1e-07,1e-07,0.0
24462314.0,4995000000.0,5000000.0,5.0,0.0,0.0487,0.0487,0.0487,0.0487,21.428,0.42856,0.0020493,0.42856,21.428,0.0037285,0.0020493,0.0037285,0.0,0.0,0.0,0.0,0.001,0.0,0.0,0.0,4.642e-09,0.0,0.0,0.0,0.0,4.642e-09,0.001,0.0
24466360.0,4995000000.0,5000000.0,5.0,0.0,0.0487,0.0487,0.0487,0.0487,21.428,5.8156,0.0,5.8156,21.428,0.005319,0.0,0.005319,0.0,0.0,0.0,0.0,1e-07,0.0,0.0,0.0,4.642e-09,0.0,0.0,0.0,0.0,4.642e-09,1e-07,0.0
24461791.0,4995000000.0,5000000.0,5.0,0.0,0.0487,0.0487,0.0487,0.0487,21.428,0.42856,0.00021428,0.42856,21.428,4.2856e-06,0.00021428,4.2856e-06,0.0,0.0,0.0,0.0,2.154e-10,0.0,0.0,0.0,2.154e-06,0.0,0.0,0.0,0.0,2.154e-06,2.154e-10,0.0
24464148.0,4995000000.0,5000000.0,5.0,0.0,0.0487,0.0487,0.0487,0.0487,21.428,1.5792,0.00021428,1.5792,21.428,0.0,0.00021428,0.0,0.0,0.0,0.0,0.0,4.642e-09,0.0,0.0,0.0,4.642e-09,0.0,0.0,0.0,0.0,4.642e-09,4.642e-09,0.0
24464143.0,4995000000.0,5000000.0,5.0,0.0,0.0487,0.0487,0.0487,0.0487,21.428,1.5792,0.00021428,1.5792,21.428,0.0,0.00021428,0.0,0.0,0.0,0.0,0.0,2.154e-10,0.0,0.0,0.0,2.154e-06,0.0,0.0,0.0,0.0,2.154e-06,2.154e-10,0.0
24469745.0,4995000000.0,5000000.0,5.0,0.0,0.0487,0.0487,0.0487,0.0487,21.428,21.428,0.019598,21.428,21.428,0.0020493,0.019598,0.0020493,0.0,0.0,0.0,0.0,1e-07,0.0,0.0,0.0,0.001,0.0,0.0,0.0,0.0,0.001,1e-07,0.0
24464704.0,4995000000.0,5000000.0,5.0,0.0,0.0487,0.0487,0.0487,0.0487,21.428,1.5792,0.0020493,1.5792,21.428,0.013739,0.0020493,0.013739,0.0,0.0,0.0,0.0,2.154e-06,0.0,0.0,0.0,4.642e-05,0.0,0.0,0.0,0.0,4.642e-05,2.154e-06,0.0
24460138.0,4995000000.0,5000000.0,5.0,0.0,0.0487,0.0487,0.0487,0.0487,21.428,0.11571,0.019598,0.11571,21.428,1.1066e-05,0.019598,1.1066e-05,0.0,0.0,0.0,0.0,1e-07,0.0,0.0,0.0,1e-07,0.0,0.0,0.0,0.0,1e-07,1e-07,0.0
24464319.0,4995000000.0,5000000.0,5.0,0.0,0.0487,0.0487,0.0487,0.0487,21.428,1.5792,0.00021428,1.5792,21.428,0.0014444,0.00021428,0.0014444,0.0,0.0,0.0,0.0,4.642e-05,0.0,0.0,0.0,4.642e-05,0.0,0.0,0.0,0.0,4.642e-05,4.642e-05,0.0
24466230.0,4995000000.0,5000000.0,5.0,0.0,0.0487,0.0487,0.0487,0.0487,21.428,5.8156,0.0,5.8156,21.428,0.0,0.0,0.0,0.0,0.0,0.0,0.0,4.642e-05,0.0,0.0,0.0,4.642e-05,0.0,0.0,0.0,0.0,4.642e-05,4.642e-05,0.0
24467355.0,4995000000.0,5000000.0,5.0,0.0,0.0487,0.0487,0.0487,0.0487,21.428,5.8156,0.019598,5.8156,21.428,0.00055617,0.019598,0.00055617,0.0,0.0,0.0,0.0,4.642e-05,0.0,0.0,0.0,1e-07,0.0,0.0,0.0,0.0,1e-07,4.642e-05,0.0
24462233.0,4995000000.0,5000000.0,5.0,0.0,0.0487,0.0487,0.0487,0.0487,21.428,0.42856,0.0020493,0.42856,21.428,0.00039197,0.0020493,0.00039197,0.0,0.0,0.0,0.0,2.154e-10,0.0,0.0,0.0,4.642e-05,0.0,0.0,0.0,0.0,4.642e-05,2.154e-10,0.0
24464542.0,4995000000.0,5000000.0,5.0,0.0,0.0487,0.0487,0.0487,0.0487,21.428,1.5792,0.0020493,1.5792,21.428,1.5792e-05,0.0020493,1.5792e-05,0.0,0.0,0.0,0.0,4.642e-09,0.0,0.0,0.0,2.154e-06,0.0,0.0,0.0,0.0,2.154e-06,4.642e-09,0.0
24461492.0,4995000000.0,5000000.0,5.0,0.0,0.0487,0.0487,0.0487,0.0487,21.428,0.42856,0.0,0.42856,21.428,4.0985e-05,0.0,4.0985e-05,0.0,0.0,0.0,0.0,1e-11,0.0,0.0,0.0,0.001,0.0,0.0,0.0,0.0,0.001,1e-11,0.0
24461742.0,4995000000.0,5000000.0,5.0,0.0,0.0487,0.0487,0.0487,0.0487,21.428,0.42856,0.00021428,0.42856,21.428,0.0,0.00021428,0.0,0.0,0.0,0.0,0.0,2.154e-10,0.0,0.0,0.0,2.154e-06,0.0,0.0,0.0,0.0,2.154e-06,2.154e-10,0.0
24462002.0,4995000000.0,5000000.0,5.0,0.0,0.0487,0.0487,0.0487,0.0487,21.428,0.42856,0.00021428,0.42856,21.428,0.03587,0.00021428,0.03587,0.0,0.0,0.0,0.0,1e-07,0.0,0.0,0.0,4.642e-05,0.0,0.0,0.0,0.0,4.642e-05,1e-07,0.0
24462626.0,4995000000.0,5000000.0,5.0,0.0,0.0487,0.0487,0.0487,0.0487,21.428,0.42856,0.019598,0.42856,21.428,0.0037285,0.019598,0.0037285,0.0,0.0,0.0,0.0,2.154e-10,0.0,0.0,0.0,0.001,0.0,0.0,0.0,0.0,0.001,2.154e-10,0.0
24466668.0,4995000000.0,5000000.0,5.0,0.0,0.0487,0.0487,0.0487,0.0487,21.428,5.8156,0.00021428,5.8156,21.428,0.00055617,0.00021428,0.00055617,0.0,0.0,0.0,0.0,4.642e-05,0.0,0.0,0.0,4.642e-09,0.0,0.0,0.0,0.0,4.642e-09,4.642e-05,0.0
24462666.0,4995000000.0,5000000.0,5.0,0.0,0.0487,0.0487,0.0487,0.0487,21.428,0.42856,0.019598,0.42856,21.428,0.03587,0.019598,0.03587,0.0,0.0,0.0,0.0,1e-11,0.0,0.0,0.0,2.154e-06,0.0,0.0,0.0,0.0,2.154e-06,1e-11,0.0
24461393.0,4995000000.0,5000000.0,5.0,0.0,0.0487,0.0487,0.0487,0.0487,21.428,0.42856,0.0,0.42856,21.428,0.0,0.0,0.0,0.0,0.0,0.0,0.0,1e-11,0.0,0.0,0.0,4.642e-05,0.0,0.0,0.0,0.0,4.642e-05,1e-11,0.0
24464183.0,4995000000.0,5000000.0,5.0,0.0,0.0487,0.0487,0.0487,0.0487,21.428,1.5792,0.00021428,1.5792,21.428,1.5792e-05,0.00021428,1.5792e-05,0.0,0.0,0.0,0.0,1e-11,0.0,0.0,0.0,4.642e-09,0.0,0.0,0.0,0.0,4.642e-09,1e-11,0.0
24466535.0,4995000000.0,5000000.0,5.0,0.0,0.0487,0.0487,0.0487,0.0487,21.428,5.8156,0.00021428,5.8156,21.428,0.0,0.00021428,0.0,0.0,0.0,0.0,0.0,1e-11,0.0,0.0,0.0,4.642e-09,0.0,0.0,0.0,0.0,4.642e-09,1e-11,0.0
24462661.0,4995000000.0,5000000.0,5.0,0.0,0.0487,0.0487,0.0487,0.0487,21.428,0.42856,0.019598,0.42856,21.428,0.0037285,0.019598,0.0037285,0.0,0.0,0.0,0.0,0.001,0.0,0.0,0.0,0.001,0.0,0.0,0.0,0.0,0.001,0.001,0.0
24469372.0,4995000000.0,5000000.0,5.0,0.0,0.0487,0.0487,0.0487,0.0487,21.428,21.428,0.0020493,21.428,21.428,0.00021428,0.0020493,0.00021428,0.0,0.0,0.0,0.0,0.001,0.0,0.0,0.0,2.154e-06,0.0,0.0,0.0,0.0,2.154e-06,0.001,0.0
24463898.0,4995000000.0,5000000.0,5.0,0.0,0.0487,0.0487,0.0487,0.0487,21.428,1.5792,0.0,1.5792,21.428,0.00015103,0.0,0.00015103,0.0,0.0,0.0,0.0,2.154e-10,0.0,0.0,0.0,2.154e-06,0.0,0.0,0.0,0.0,2.154e-06,2.154e-10,0.0
24461523.0,4995000000.0,5000000.0,5.0,0.0,0.0487,0.0487,0.0487,0.0487,21.428,0.42856,0.0,0.42856,21.428,4.0985e-05,0.0,4.0985e-05,0.0,0.0,0.0,0.0,4.642e-05,0.0,0.0,0.0,4.642e-09,0.0,0.0,0.0,0.0,4.642e-09,4.642e-05,0.0
24460096.0,4995000000.0,5000000.0,5.0,0.0,0.0487,0.0487,0.0487,0.0487,21.428,0.11571,0.019598,0.11571,21.428,1.1571e-06,0.019598,1.1571e-06,0.0,0.0,0.0,0.0,2.154e-06,0.0,0.0,0.0,1e-07,0.0,0.0,0.0,0.0,1e-07,2.154e-06,0.0
24463813.0,4995000000.0,5000000.0,5.0,0.0,0.0487,0.0487,0.0487,0.0487,21.428,1.5792,0.0,1.5792,21.428,0.0,0.0,0.0,0.0,0.0,0.0,0.0,1e-07,0.0,0.0,0.0,1e-07,0.0,0.0,0.0,0.0,1e-07,1e-07,0.0
24469304.0,4995000000.0,5000000.0,5.0,0.0,0.0487,0.0487,0.0487,0.0487,21.428,21.428,0.0020493,21.428,21.428,0.0,0.0020493,0.0,0.0,0.0,0.0,0.0,1e-07,0.0,0.0,0.0,0.001,0.0,0.0,0.0,0.0,0.001,1e-07,0.0
24463949.0,4995000000.0,5000000.0,5.0,0.0,0.0487,0.0487,0.0487,0.0487,21.428,1.5792,0.0,1.5792,21.428,0.0014444,0.0,0.0014444,0.0,0.0,0.0,0.0,2.154e-10,0.0,0.0,0.0,0.001,0.0,0.0,0.0,0.0,0.001,2.154e-10,0.0
24464285.0,4995000000.0,5000000.0,5.0,0.0,0.0487,0.0487,0.0487,0.0487,21.428,1.5792,0.00021428,1.5792,21.428,0.0014444,0.00021428,0.0014444,0.0,0.0,0.0,0.0,1e-11,0.0,0.0,0.0,0.001,0.0,0.0,0.0,0.0,0.001,1e-11,0.0
24463960.0,4995000000.0,5000000.0,5.0,0.0,0.0487,0.0487,0.0487,0.0487,21.428,1.5792,0.0,1.5792,21.428,0.0014444,0.0,0.0014444,0.0,0.0,0.0,0.0,1e-07,0.0,0.0,0.0,1e-07,0.0,0.0,0.0,0.0,1e-07,1e-07,0.0
24461471.0,4995000000.0,5000000.0,5.0,0.0,0.0487,0.0487,0.0487,0.0487,21.428,0.42856,0.0,0.42856,21.428,4.2856e-06,0.0,4.2856e-06,0.0,0.0,0.0,0.0,2.154e-06,0.0,0.0,0.0,0.001,0.0,0.0,0.0,0.0,0.001,2.154e-06,0.0
24463855.0,4995000000.0,5000000.0,5.0,0.0,0.0487,0.0487,0.0487,0.0487,21.428,1.5792,0.0,1.5792,21.428,1.5792e-05,0.0,1.5792e-05,0.0,0.0,0.0,0.0,4.642e-09,0.0,0.0,0.0,1e-07,0.0,0.0,0.0,0.0,1e-07,4.642e-09,0.0
24461677.0,4995000000.0,5000000.0,5.0,0.0,0.0487,0.0487,0.0487,0.0487,21.428,0.42856,0.0,0.42856,21.428,0.03587,0.0,0.03587,0.0,0.0,0.0,0.0,0.001,0.0,0.0,0.0,4.642e-09,0.0,0.0,0.0,0.0,4.642e-09,0.001,0.0
24467250.0,4995000000.0,5000000.0,5.0,0.0,0.0487,0.0487,0.0487,0.0487,21.428,5.8156,0.019598,5.8156,21.428,0.0,0.019598,0.0,0.0,0.0,0.0,0.0,2.154e-06,0.0,0.0,0.0,1e-07,0.0,0.0,0.0,0.0,1e-07,2.154e-06,0.0
24466376.0,4995000000.0,5000000.0,5.0,0.0,0.0487,0.0487,0.0487,0.0487,21.428,5.8156,0.0,5.8156,21.428,0.005319,0.0,0.005319,0.0,0.0,0.0,0.0,4.642e-05,0.0,0.0,0.0,2.154e-06,0.0,0.0,0.0,0.0,2.154e-06,4.642e-05,0.0
24463939.0,4995000000.0,5000000.0,5.0,0.0,0.0487,0.0487,0.0487,0.0487,21.428,1.5792,0.0,1.5792,21.428,0.0014444,0.0,0.0014444,0.0,0.0,0.0,0.0,1e-11,0.0,0.0,0.0,1e-07,0.0,0.0,0.0,0.0,1e-07,1e-11,0.0
24462534.0,4995000000.0,5000000.0,5.0,0.0,0.0487,0.0487,0.0487,0.0487,21.428,0.42856,0.019598,0.42856,21.428,4.0985e-05,0.019598,4.0985e-05,0.0,0.0,0.0,0.0,4.642e-09,0.0,0.0,0.0,4.642e-05,0.0,0.0,0.0,0.0,4.642e-05,4.642e-09,0.0
24460160.0,4995000000.0,5000000.0,5.0,0.0,0.0487,0.0487,0.0487,0.0487,21.428,0.11571,0.019598,0.11571,21.428,1.1066e-05,0.019598,1.1066e-05,0.0,0.0,0.0,0.0,0.001,0.0,0.0,0.0,2.154e-06,0.0,0.0,0.0,0.0,2.154e-06,0.001,0.0
24462668.0,4995000000.0,5000000.0,5.0,0.0,0.0487,0.0487,0.0487,0.0487,21.428,0.42856,0.019598,0.42856,21.428,0.03587,0.019598,0.03587,0.0,0.0,0.0,0.0,1e-11,0.0,0.0,0.0,0.001,0.0,0.0,0.0,0.0,0.001,1e-11,0.0
24466335.0,4995000000.0,5000000.0,5.0,0.0,0.0487,0.0487,0.0487,0.0487,21.428,5.8156,0.0,5.8156,21.428,0.00055617,0.0,0.00055617,0.0,0.0,0.0,0.0,0.001,0.0,0.0,0.0,4.642e-05,0.0,0.0,0.0,0.0,4.642e-05,0.001,0.0
24469073.0,4995000000.0,5000000.0,5.0,0.0,0.0487,0.0487,0.0487,0.0487,21.428,21.428,0.00021428,21.428,21.428,0.0020493,0.00021428,0.0020493,0.0,0.0,0.0,0.0,4.642e-05,0.0,0.0,0.0,0.001,0.0,0.0,0.0,0.0,0.001,4.642e-05,0.0
24461762.0,4995000000.0,5000000.0,5.0,0.0,0.0487,0.0487,0.0487,0.0487,21.428,0.42856,0.00021428,0.42856,21.428,0.0,0.00021428,0.0,0.0,0.0,0.0,0.0,2.154e-06,0.0,0.0,0.0,1e-07,0.0,0.0,0.0,0.0,1e-07,2.154e-06,0.0
24464978.0,4995000000.0,5000000.0,5.0,0.0,0.0487,0.0487,0.0487,0.0487,21.428,1.5792,0.019598,1.5792,21.428,0.0014444,0.019598,0.0014444,0.0,0.0,0.0,0.0,2.154e-10,0.0,0.0,0.0,0.001,0.0,0.0,0.0,0.0,0.001,2.154e-10,0.0
24466595.0,4995000000.0,5000000.0,5.0,0.0,0.0487,0.0487,0.0487,0.0487,21.428,5.8156,0.00021428,5.8156,21.428,5.8156e-05,0.00021428,5.8156e-05,0.0,0.0,0.0,0.0,2.154e-10,0.0,0.0,0.0,0.001,0.0,0.0,0.0,0.0,0.001,2.154e-10,0.0
24466992.0,4995000000.0,5000000.0,5.0,0.0,0.0487,0.0487,0.0487,0.0487,21.428,5.8156,0.0020493,5.8156,21.428,0.00055617,0.0020493,0.00055617,0.0,0.0,0.0,0.0,4.642e-09,0.0,0.0,0.0,2.154e-06,0.0,0.0,0.0,0.0,2.154e-06,4.642e-09,0.0
24461540.0,4995000000.0,5000000.0,5.0,0.0,0.0487,0.0487,0.0487,0.0487,21.428,0.42856,0.0,0.42856,21.428,0.00039197,0.0,0.00039197,0.0,0.0,0.0,0.0,1e-11,0.0,0.0,0.0,4.642e-05,0.0,0.0,0.0,0.0,4.642e-05,1e-11,0.0
24468681.0,4995000000.0,5000000.0,5.0,0.0,0.0487,0.0487,0.0487,0.0487,21.428,21.428,0.0,21.428,21.428,0.00021428,0.0,0.00021428,0.0,0.0,0.0,0.0,4.642e-05,0.0,0.0,0.0,0.001,0.0,0.0,0.0,0.0,0.001,4.642e-05,0.0
24464162.0,4995000000.0,5000000.0,5.0,0.0,0.0487,0.0487,0.0487,0.0487,21.428,1.5792,0.00021428,1.5792,21.428,0.0,0.00021428,0.0,0.0,0.0,0.0,0.0,2.154e-06,0.0,0.0,0.0,4.642e-09,0.0,0.0,0.0,0.0,4.642e-09,2.154e-06,0.0
24466927.0,4995000000.0,5000000.0,5.0,0.0,0.0487,0.0487,0.0487,0.0487,21.428,5.8156,0.0020493,5.8156,21.428,5.8156e-05,0.0020493,5.8156e-05,0.0,0.0,0.0,0.0,1e-11,0.0,0.0,0.0,4.642e-09,0.0,0.0,0.0,0.0,4.642e-09,1e-11,0.0
24464232.0,4995000000.0,5000000.0,5.0,0.0,0.0487,0.0487,0.0487,0.0487,21.428,1.5792,0.00021428,1.5792,21.428,0.00015103,0.00021428,0.00015103,0.0,0.0,0.0,0.0,1e-11,0.0,0.0,0.0,4.642e-09,0.0,0.0,0.0,0.0,4.642e-09,1e-11,0.0
24460225.0,4995000000.0,5000000.0,5.0,0.0,0.0487,0.0487,0.0487,0.0487,21.428,0.11571,0.019598,0.11571,21.428,0.0010067,0.019598,0.0010067,0.0,0.0,0.0,0.0,2.154e-10,0.0,0.0,0.0,0.001,0.0,0.0,0.0,0.0,0.001,2.154e-10,0.0
24462273.0,4995000000.0,5000000.0,5.0,0.0,0.0487,0.0487,0.0487,0.0487,21.428,0.42856,0.0020493,0.42856,21.428,0.0037285,0.0020493,0.0037285,0.0,0.0,0.0,0.0,1e-11,0.0,0.0,0.0,1e-07,0.0,0.0,0.0,0.0,1e-07,1e-11,0.0
24461982.0,4995000000.0,5000000.0,5.0,0.0,0.0487,0.0487,0.0487,0.0487,21.428,0.42856,0.00021428,0.42856,21.428,0.03587,0.00021428,0.03587,0.0,0.0,0.0,0.0,1e-11,0.0,0.0,0.0,0.001,0.0,0.0,0.0,0.0,0.001,1e-11,0.0
24461636.0,4995000000.0,5000000.0,5.0,0.0,0.0487,0.0487,0.0487,0.0487,21.428,0.42856,0.0,0.42856,21.428,0.03587,0.0,0.03587,0.0,0.0,0.0,0.0,1e-11,0.0,0.0,0.0,1e-07,0.0,0.0,0.0,0.0,1e-07,1e-11,0.0
24464516.0,4995000000.0,5000000.0,5.0,0.0,0.0487,0.0487,0.0487,0.0487,21.428,1.5792,0.0020493,1.5792,21.428,0.0,0.0020493,0.0,0.0,0.0,0.0,0.0,4.642e-05,0.0,0.0,0.0,0.001,0.0,0.0,0.0,0.0,0.001,4.642e-05,0.0
24464316.0,4995000000.0,5000000.0,5.0,0.0,0.0487,0.0487,0.0487,0.0487,21.428,1.5792,0.00021428,1.5792,21.428,0.0014444,0.00021428,0.0014444,0.0,0.0,0.0,0.0,4.642e-05,0.0,0.0,0.0,4.642e-09,0.0,0.0,0.0,0.0,4.642e-09,4.642e-05,0.0
24463940.0,4995000000.0,5000000.0,5.0,0.0,0.0487,0.0487,0.0487,0.0487,21.428,1.5792,0.0,1.5792,21.428,0.0014444,0.0,0.0014444,0.0,0.0,0.0,0.0,1e-11,0.0,0.0,0.0,2.154e-06,0.0,0.0,0.0,0.0,2.154e-06,1e-11,0.0
24461601.0,4995000000.0,5000000.0,5.0,0.0,0.0487,0.0487,0.0487,0.0487,21.428,0.42856,0.0,0.42856,21.428,0.0037285,0.0,0.0037285,0.0,0.0,0.0,0.0,4.642e-09,0.0,0.0,0.0,1e-07,0.0,0.0,0.0,0.0,1e-07,4.642e-09,0.0
24468961.0,4995000000.0,5000000.0,5.0,0.0,0.0487,0.0487,0.0487,0.0487,21.428,21.428,0.00021428,21.428,21.428,0.0,0.00021428,0.0,0.0,0.0,0.0,0.0,1e-07,0.0,0.0,0.0,0.001,0.0,0.0,0.0,0.0,0.001,1e-07,0.0
24462654.0,4995000000.0,5000000.0,5.0,0.0,0.0487,0.0487,0.0487,0.0487,21.428,0.42856,0.019598,0.42856,21.428,0.0037285,0.019598,0.0037285,0.0,0.0,0.0,0.0,4.642e-05,0.0,0.0,0.0,0.001,0.0,0.0,0.0,0.0,0.001,4.642e-05,0.0
24463933.0,4995000000.0,5000000.0,5.0,0.0,0.0487,0.0487,0.0487,0.0487,21.428,1.5792,0.0,1.5792,21.428,0.00015103,0.0,0.00015103,0.0,0.0,0.0,0.0,0.001,0.0,0.0,0.0,2.154e-06,0.0,0.0,0.0,0.0,2.154e-06,0.001,0.0
24466543.0,4995000000.0,5000000.0,5.0,0.0,0.0487,0.0487,0.0487,0.0487,21.428,5.8156,0.00021428,5.8156,21.428,0.0,0.00021428,0.0,0.0,0.0,0.0,0.0,2.154e-10,0.0,0.0,0.0,1e-07,0.0,0.0,0.0,0.0,1e-07,2.154e-10,0.0
24466215.0,4995000000.0,5000000.0,5.0,0.0,0.0487,0.0487,0.0487,0.0487,21.428,5.8156,0.0,5.8156,21.428,0.0,0.0,0.0,0.0,0.0,0.0,0.0,1e-07,0.0,0.0,0.0,2.154e-06,0.0,0.0,0.0,0.0,2.154e-06,1e-07,0.0
24467278.0,4995000000.0,5000000.0,5.0,0.0,0.0487,0.0487,0.0487,0.0487,21.428,5.8156,0.019598,5.8156,21.428,5.8156e-05,0.019598,5.8156e-05,0.0,0.0,0.0,0.0,2.154e-10,0.0,0.0,0.0,1e-07,0.0,0.0,0.0,0.0,1e-07,2.154e-10,0.0
24466196.0,4995000000.0,5000000.0,5.0,0.0,0.0487,0.0487,0.0487,0.0487,21.428,5.8156,0.0,5.8156,21.428,0.0,0.0,0.0,0.0,0.0,0.0,0.0,1e-11,0.0,0.0,0.0,0.001,0.0,0.0,0.0,0.0,0.001,1e-11,0.0
24464506.0,4995000000.0,5000000.0,5.0,0.0,0.0487,0.0487,0.0487,0.0487,21.428,1.5792,0.0020493,1.5792,21.428,0.0,0.0020493,0.0,0.0,0.0,0.0,0.0,2.154e-06,0.0,0.0,0.0,1e-07,0.0,0.0,0.0,0.0,1e-07,2.154e-06,0.0
24464507.0,4995000000.0,5000000.0,5.0,0.0,0.0487,0.0487,0.0487,0.0487,21.428,1.5792,0.0020493,1.5792,21.428,0.0,0.0020493,0.0,0.0,0.0,0.0,0.0,2.154e-06,0.0,0.0,0.0,2.154e-06,0.0,0.0,0.0,0.0,2.154e-06,2.154e-06,0.0
24461763.0,4995000000.0,5000000.0,5.0,0.0,0.0487,0.0487,0.0487,0.0487,21.428,0.42856,0.00021428,0.42856,21.428,0.0,0.00021428,0.0,0.0,0.0,0.0,0.0,2.154e-06,0.0,0.0,0.0,2.154e-06,0.0,0.0,0.0,0.0,2.154e-06,2.154e-06,0.0
24463935.0,4995000000.0,5000000.0,5.0,0.0,0.0487,0.0487,0.0487,0.0487,21.428,1.5792,0.0,1.5792,21.428,0.00015103,0.0,0.00015103,0.0,0.0,0.0,0.0,0.001,0.0,0.0,0.0,0.001,0.0,0.0,0.0,0.0,0.001,0.001,0.0
24464180.0,4995000000.0,5000000.0,5.0,0.0,0.0487,0.0487,0.0487,0.0487,21.428,1.5792,0.00021428,1.5792,21.428,0.0,0.00021428,0.0,0.0,0.0,0.0,0.0,0.001,0.0,0.0,0.0,0.001,0.0,0.0,0.0,0.0,0.001,0.001,0.0
24464029.0,4995000000.0,5000000.0,5.0,0.0,0.0487,0.0487,0.0487,0.0487,21.428,1.5792,0.0,1.5792,21.428,0.013739,0.0,0.013739,0.0,0.0,0.0,0.0,0.001,0.0,0.0,0.0,4.642e-09,0.0,0.0,0.0,0.0,4.642e-09,0.001,0.0
24461398.0,4995000000.0,5000000.0,5.0,0.0,0.0487,0.0487,0.0487,0.0487,21.428,0.42856,0.0,0.42856,21.428,0.0,0.0,0.0,0.0,0.0,0.0,0.0,2.154e-10,0.0,0.0,0.0,1e-07,0.0,0.0,0.0,0.0,1e-07,2.154e-10,0.0
24466994.0,4995000000.0,5000000.0,5.0,0.0,0.0487,0.0487,0.0487,0.0487,21.428,5.8156,0.0020493,5.8156,21.428,0.00055617,0.0020493,0.00055617,0.0,0.0,0.0,0.0,4.642e-09,0.0,0.0,0.0,0.001,0.0,0.0,0.0,0.0,0.001,4.642e-09,0.0
24467308.0,4995000000.0,5000000.0,5.0,0.0,0.0487,0.0487,0.0487,0.0487,21.428,5.8156,0.019598,5.8156,21.428,5.8156e-05,0.019598,5.8156e-05,0.0,0.0,0.0,0.0,4.642e-05,0.0,0.0,0.0,4.642e-05,0.0,0.0,0.0,0.0,4.642e-05,4.642e-05,0.0
24467411.0,4995000000.0,5000000.0,5.0,0.0,0.0487,0.0487,0.0487,0.0487,21.428,5.8156,0.019598,5.8156,21.428,0.005319,0.019598,0.005319,0.0,0.0,0.0,0.0,0.001,0.0,0.0,0.0,1e-07,0.0,0.0,0.0,0.0,1e-07,0.001,0.0
24461408.0,4995000000.0,5000000.0,5.0,0.0,0.0487,0.0487,0.0487,0.0487,21.428,0.42856,0.0,0.42856,21.428,0.0,0.0,0.0,0.0,0.0,0.0,0.0,4.642e-09,0.0,0.0,0.0,0.001,0.0,0.0,0.0,0.0,0.001,4.642e-09,0.0
24464871.0,4995000000.0,5000000.0,5.0,0.0,0.0487,0.0487,0.0487,0.0487,21.428,1.5792,0.019598,1.5792,21.428,1.5792e-05,0.019598,1.5792e-05,0.0,0.0,0.0,0.0,1e-11,0.0,0.0,0.0,2.154e-06,0.0,0.0,0.0,0.0,2.154e-06,1e-11,0.0
24464355.0,4995000000.0,5000000.0,5.0,0.0,0.0487,0.0487,0.0487,0.0487,21.428,1.5792,0.00021428,1.5792,21.428,0.013739,0.00021428,0.013739,0.0,0.0,0.0,0.0,1e-07,0.0,0.0,0.0,0.001,0.0,0.0,0.0,0.0,0.001,1e-07,0.0
24461608.0,4995000000.0,5000000.0,5.0,0.0,0.0487,0.0487,0.0487,0.0487,21.428,0.42856,0.0,0.42856,21.428,0.0037285,0.0,0.0037285,0.0,0.0,0.0,0.0,1e-07,0.0,0.0,0.0,1e-07,0.0,0.0,0.0,0.0,1e-07,1e-07,0.0
24466648.0,4995000000.0,5000000.0,5.0,0.0,0.0487,0.0487,0.0487,0.0487,21.428,5.8156,0.00021428,5.8156,21.428,0.00055617,0.00021428,0.00055617,0.0,0.0,0.0,0.0,4.642e-09,0.0,0.0,0.0,1e-07,0.0,0.0,0.0,0.0,1e-07,4.642e-09,0.0
24460182.0,4995000000.0,5000000.0,5.0,0.0,0.0487,0.0487,0.0487,0.0487,21.428,0.11571,0.019598,0.11571,21.428,0.00010583,0.019598,0.00010583,0.0,0.0,0.0,0.0,4.642e-09,0.0,0.0,0.0,4.642e-05,0.0,0.0,0.0,0.0,4.642e-05,4.642e-09,0.0
24461917.0,4995000000.0,5000000.0,5.0,0.0,0.0487,0.0487,0.0487,0.0487,21.428,0.42856,0.00021428,0.42856,21.428,0.00039197,0.00021428,0.00039197,0.0,0.0,0.0,0.0,4.642e-05,0.0,0.0,0.0,2.154e-06,0.0,0.0,0.0,0.0,2.154e-06,4.642e-05,0.0
24465053.0,4995000000.0,5000000.0,5.0,0.0,0.0487,0.0487,0.0487,0.0487,21.428,1.5792,0.019598,1.5792,21.428,0.013739,0.019598,0.013739,0.0,0.0,0.0,0.0,4.642e-05,0.0,0.0,0.0,2.154e-06,0.0,0.0,0.0,0.0,2.154e-06,4.642e-05,0.0
24466908.0,4995000000.0,5000000.0,5.0,0.0,0.0487,0.0487,0.0487,0.0487,21.428,5.8156,0.0020493,5.8156,21.428,0.0,0.0020493,0.0,0.0,0.0,0.0,0.0,2.154e-06,0.0,0.0,0.0,2.154e-06,0.0,0.0,0.0,0.0,2.154e-06,2.154e-06,0.0
24466220.0,4995000000.0,5000000.0,5.0,0.0,0.0487,0.0487,0.0487,0.0487,21.428,5.8156,0.0,5.8156,21.428,0.0,0.0,0.0,0.0,0.0,0.0,0.0,2.154e-06,0.0,0.0,0.0,4.642e-09,0.0,0.0,0.0,0.0,4.642e-09,2.154e-06,0.0
24461820.0,4995000000.0,5000000.0,5.0,0.0,0.0487,0.0487,0.0487,0.0487,21.428,0.42856,0.00021428,0.42856,21.428,4.2856e-06,0.00021428,4.2856e-06,0.0,0.0,0.0,0.0,4.642e-05,0.0,0.0,0.0,4.642e-05,0.0,0.0,0.0,0.0,4.642e-05,4.642e-05,0.0
24464590.0,4995000000.0,5000000.0,5.0,0.0,0.0487,0.0487,0.0487,0.0487,21.428,1.5792,0.0020493,1.5792,21.428,0.00015103,0.0020493,0.00015103,0.0,0.0,0.0,0.0,4.642e-09,0.0,0.0,0.0,1e-07,0.0,0.0,0.0,0.0,1e-07,4.642e-09,0.0
24465032.0,4995000000.0,5000000.0,5.0,0.0,0.0487,0.0487,0.0487,0.0487,21.428,1.5792,0.019598,1.5792,21.428,0.013739,0.019598,0.013739,0.0,0.0,0.0,0.0,4.642e-09,0.0,0.0,0.0,2.154e-06,0.0,0.0,0.0,0.0,2.154e-06,4.642e-09,0.0
24462437.0,4995000000.0,5000000.0,5.0,0.0,0.0487,0.0487,0.0487,0.0487,21.428,0.42856,0.019598,0.42856,21.428,0.0,0.019598,0.0,0.0,0.0,0.0,0.0,4.642e-09,0.0,0.0,0.0,0.001,0.0,0.0,0.0,0.0,0.001,4.642e-09,0.0
24462689.0,4995000000.0,5000000.0,5.0,0.0,0.0487,0.0487,0.0487,0.0487,21.428,0.42856,0.019598,0.42856,21.428,0.03587,0.019598,0.03587,0.0,0.0,0.0,0.0,1e-07,0.0,0.0,0.0,0.001,0.0,0.0,0.0,0.0,0.001,1e-07,0.0
24464008.0,4995000000.0,5000000.0,5.0,0.0,0.0487,0.0487,0.0487,0.0487,21.428,1.5792,0.0,1.5792,21.428,0.013739,0.0,0.013739,0.0,0.0,0.0,0.0,1e-07,0.0,0.0,0.0,4.642e-09,0.0,0.0,0.0,0.0,4.642e-09,1e-07,0.0
24466356.0,4995000000.0,5000000.0,5.0,0.0,0.0487,0.0487,0.0487,0.0487,21.428,5.8156,0.0,5.8156,21.428,0.005319,0.0,0.005319,0.0,0.0,0.0,0.0,4.642e-09,0.0,0.0,0.0,4.642e-05,0.0,0.0,0.0,0.0,4.642e-05,4.642e-09,0.0
24467223.0,4995000000.0,5000000.0,5.0,0.0,0.0487,0.0487,0.0487,0.0487,21.428,5.8156,0.019598,5.8156,21.428,0.0,0.019598,0.0,0.0,0.0,0.0,0.0,1e-11,0.0,0.0,0.0,2.154e-06,0.0,0.0,0.0,0.0,2.154e-06,1e-11,0.0
24466213.0,4995000000.0,5000000.0,5.0,0.0,0.0487,0.0487,0.0487,0.0487,21.428,5.8156,0.0,5.8156,21.428,0.0,0.0,0.0,0.0,0.0,0.0,0.0,1e-07,0.0,0.0,0.0,4.642e-09,0.0,0.0,0.0,0.0,4.642e-09,1e-07,0.0
24462540.0,4995000000.0,5000000.0,5.0,0.0,0.0487,0.0487,0.0487,0.0487,21.428,0.42856,0.019598,0.42856,21.428,4.0985e-05,0.019598,4.0985e-05,0.0,0.0,0.0,0.0,1e-07,0.0,0.0,0.0,2.154e-06,0.0,0.0,0.0,0.0,2.154e-06,1e-07,0.0
24469808.0,4995000000.0,5000000.0,5.0,0.0,0.0487,0.0487,0.0487,0.0487,21.428,21.428,0.019598,21.428,21.428,0.019598,0.019598,0.019598,0.0,0.0,0.0,0.0,4.642e-05,0.0,0.0,0.0,0.001,0.0,0.0,0.0,0.0,0.001,4.642e-05,0.0
24462094.0,4995000000.0,5000000.0,5.0,0.0,0.0487,0.0487,0.0487,0.0487,21.428,0.42856,0.0020493,0.42856,21.428,0.0,0.0020493,0.0,0.0,0.0,0.0,0.0,4.642e-09,0.0,0.0,0.0,0.001,0.0,0.0,0.0,0.0,0.001,4.642e-09,0.0
24461625.0,4995000000.0,5000000.0,5.0,0.0,0.0487,0.0487,0.0487,0.0487,21.428,0.42856,0.0,0.42856,21.428,0.0037285,0.0,0.0037285,0.0,0.0,0.0,0.0,4.642e-05,0.0,0.0,0.0,0.001,0.0,0.0,0.0,0.0,0.001,4.642e-05,0.0
24460180.0,4995000000.0,5000000.0,5.0,0.0,0.0487,0.0487,0.0487,0.0487,21.428,0.11571,0.019598,0.11571,21.428,0.00010583,0.019598,0.00010583,0.0,0.0,0.0,0.0,4.642e-09,0.0,0.0,0.0,1e-07,0.0,0.0,0.0,0.0,1e-07,4.642e-09,0.0
24464576.0,4995000000.0,5000000.0,5.0,0.0,0.0487,0.0487,0.0487,0.0487,21.428,1.5792,0.0020493,1.5792,21.428,0.00015103,0.0020493,0.00015103,0.0,0.0,0.0,0.0,1e-11,0.0,0.0,0.0,1e-07,0.0,0.0,0.0,0.0,1e-07,1e-11,0.0
24461953.0,4995000000.0,5000000.0,5.0,0.0,0.0487,0.0487,0.0487,0.0487,21.428,0.42856,0.00021428,0.42856,21.428,0.0037285,0.00021428,0.0037285,0.0,0.0,0.0,0.0,1e-07,0.0,0.0,0.0,4.642e-05,0.0,0.0,0.0,0.0,4.642e-05,1e-07,0.0
24465019.0,4995000000.0,5000000.0,5.0,0.0,0.0487,0.0487,0.0487,0.0487,21.428,1.5792,0.019598,1.5792,21.428,0.013739,0.019598,0.013739,0.0,0.0,0.0,0.0,1e-11,0.0,0.0,0.0,4.642e-05,0.0,0.0,0.0,0.0,4.642e-05,1e-11,0.0
24464549.0,4995000000.0,5000000.0,5.0,0.0,0.0487,0.0487,0.0487,0.0487,21.428,1.5792,0.0020493,1.5792,21.428,1.5792e-05,0.0020493,1.5792e-05,0.0,0.0,0.0,0.0,1e-07,0.0,0.0,0.0,2.154e-06,0.0,0.0,0.0,0.0,2.154e-06,1e-07,0.0
24466707.0,4995000000.0,5000000.0,5.0,0.0,0.0487,0.0487,0.0487,0.0487,21.428,5.8156,0.00021428,5.8156,21.428,0.005319,0.00021428,0.005319,0.0,0.0,0.0,0.0,1e-07,0.0,0.0,0.0,0.001,0.0,0.0,0.0,0.0,0.001,1e-07,0.0
24464716.0,4995000000.0,5000000.0,5.0,0.0,0.0487,0.0487,0.0487,0.0487,21.428,1.5792,0.0020493,1.5792,21.428,0.013739,0.0020493,0.013739,0.0,0.0,0.0,0.0,0.001,0.0,0.0,0.0,1e-07,0.0,0.0,0.0,0.0,1e-07,0.001,0.0
24464626.0,4995000000.0,5000000.0,5.0,0.0,0.0487,0.0487,0.0487,0.0487,21.428,1.5792,0.0020493,1.5792,21.428,0.0014444,0.0020493,0.0014444,0.0,0.0,0.0,0.0,1e-11,0.0,0.0,0.0,2.154e-06,0.0,0.0,0.0,0.0,2.154e-06,1e-11,0.0
24461629.0,4995000000.0,5000000.0,5.0,0.0,0.0487,0.0487,0.0487,0.0487,21.428,0.42856,0.0,0.42856,21.428,0.0037285,0.0,0.0037285,0.0,0.0,0.0,0.0,0.001,0.0,0.0,0.0,1e-07,0.0,0.0,0.0,0.0,1e-07,0.001,0.0
24464317.0,4995000000.0,5000000.0,5.0,0.0,0.0487,0.0487,0.0487,0.0487,21.428,1.5792,0.00021428,1.5792,21.428,0.0014444,0.00021428,0.0014444,0.0,0.0,0.0,0.0,4.642e-05,0.0,0.0,0.0,1e-07,0.0,0.0,0.0,0.0,1e-07,4.642e-05,0.0
24462443.0,4995000000.0,5000000.0,5.0,0.0,0.0487,0.0487,0.0487,0.0487,21.428,0.42856,0.019598,0.42856,21.428,0.0,0.019598,0.0,0.0,0.0,0.0,0.0,1e-07,0.0,0.0,0.0,4.642e-05,0.0,0.0,0.0,0.0,4.642e-05,1e-07,0.0
24464344.0,4995000000.0,5000000.0,5.0,0.0,0.0487,0.0487,0.0487,0.0487,21.428,1.5792,0.00021428,1.5792,21.428,0.013739,0.00021428,0.013739,0.0,0.0,0.0,0.0,4.642e-09,0.0,0.0,0.0,4.642e-09,0.0,0.0,0.0,0.0,4.642e-09,4.642e-09,0.0
24464683.0,4995000000.0,5000000.0,5.0,0.0,0.0487,0.0487,0.0487,0.0487,21.428,1.5792,0.0020493,1.5792,21.428,0.013739,0.0020493,0.013739,0.0,0.0,0.0,0.0,2.154e-10,0.0,0.0,0.0,4.642e-05,0.0,0.0,0.0,0.0,4.642e-05,2.154e-10,0.0
24464229.0,4995000000.0,5000000.0,5.0,0.0,0.0487,0.0487,0.0487,0.0487,21.428,1.5792,0.00021428,1.5792,21.428,1.5792e-05,0.00021428,1.5792e-05,0.0,0.0,0.0,0.0,0.001,0.0,0.0,0.0,0.001,0.0,0.0,0.0,0.0,0.001,0.001,0.0
24461993.0,4995000000.0,5000000.0,5.0,0.0,0.0487,0.0487,0.0487,0.0487,21.428,0.42856,0.00021428,0.42856,21.428,0.03587,0.00021428,0.03587,0.0,0.0,0.0,0.0,4.642e-09,0.0,0.0,0.0,1e-07,0.0,0.0,0.0,0.0,1e-07,4.642e-09,0.0
24464712.0,4995000000.0,5000000.0,5.0,0.0,0.0487,0.0487,0.0487,0.0487,21.428,1.5792,0.0020493,1.5792,21.428,0.013739,0.0020493,0.013739,0.0,0.0,0.0,0.0,4.642e-05,0.0,0.0,0.0,0.001,0.0,0.0,0.0,0.0,0.001,4.642e-05,0.0
24460267.0,4995000000.0,5000000.0,5.0,0.0,0.0487,0.0487,0.0487,0.0487,21.428,0.11571,0.019598,0.11571,21.428,0.009685,0.019598,0.009685,0.0,0.0,0.0,0.0,1e-11,0.0,0.0,0.0,0.001,0.0,0.0,0.0,0.0,0.001,1e-11,0.0
24466265.0,4995000000.0,5000000.0,5.0,0.0,0.0487,0.0487,0.0487,0.0487,21.428,5.8156,0.0,5.8156,21.428,5.8156e-05,0.0,5.8156e-05,0.0,0.0,0.0,0.0,1e-07,0.0,0.0,0.0,4.642e-05,0.0,0.0,0.0,0.0,4.642e-05,1e-07,0.0
24460271.0,4995000000.0,5000000.0,5.0,0.0,0.0487,0.0487,0.0487,0.0487,21.428,0.11571,0.019598,0.11571,21.428,0.009685,0.019598,0.009685,0.0,0.0,0.0,0.0,2.154e-10,0.0,0.0,0.0,1e-07,0.0,0.0,0.0,0.0,1e-07,2.154e-10,0.0
24461817.0,4995000000.0,5000000.0,5.0,0.0,0.0487,0.0487,0.0487,0.0487,21.428,0.42856,0.00021428,0.42856,21.428,4.2856e-06,0.00021428,4.2856e-06,0.0,0.0,0.0,0.0,4.642e-05,0.0,0.0,0.0,4.642e-09,0.0,0.0,0.0,0.0,4.642e-09,4.642e-05,0.0
24467313.0,4995000000.0,5000000.0,5.0,0.0,0.0487,0.0487,0.0487,0.0487,21.428,5.8156,0.019598,5.8156,21.428,5.8156e-05,0.019598,5.8156e-05,0.0,0.0,0.0,0.0,0.001,0.0,0.0,0.0,1e-07,0.0,0.0,0.0,0.0,1e-07,0.001,0.0
24466656.0,4995000000.0,5000000.0,5.0,0.0,0.0487,0.0487,0.0487,0.0487,21.428,5.8156,0.00021428,5.8156,21.428,0.00055617,0.00021428,0.00055617,0.0,0.0,0.0,0.0,1e-07,0.0,0.0,0.0,2.154e-06,0.0,0.0,0.0,0.0,2.154e-06,1e-07,0.0
24463945.0,4995000000.0,5000000.0,5.0,0.0,0.0487,0.0487,0.0487,0.0487,21.428,1.5792,0.0,1.5792,21.428,0.0014444,0.0,0.0014444,0.0,0.0,0.0,0.0,2.154e-10,0.0,0.0,0.0,4.642e-09,0.0,0.0,0.0,0.0,4.642e-09,2.154e-10,0.0
24460216.0,4995000000.0,5000000.0,5.0,0.0,0.0487,0.0487,0.0487,0.0487,21.428,0.11571,0.019598,0.11571,21.428,0.0010067,0.019598,0.0010067,0.0,0.0,0.0,0.0,1e-11,0.0,0.0,0.0,2.154e-06,0.0,0.0,0.0,0.0,2.154e-06,1e-11,0.0
24462518.0,4995000000.0,5000000.0,5.0,0.0,0.0487,0.0487,0.0487,0.0487,21.428,0.42856,0.019598,0.42856,21.428,4.0985e-05,0.019598,4.0985e-05,0.0,0.0,0.0,0.0,1e-11,0.0,0.0,0.0,1e-07,0.0,0.0,0.0,0.0,1e-07,1e-11,0.0
24462463.0,4995000000.0,5000000.0,5.0,0.0,0.0487,0.0487,0.0487,0.0487,21.428,0.42856,0.019598,0.42856,21.428,0.0,0.019598,0.0,0.0,0.0,0.0,0.0,0.001,0.0,0.0,0.0,2.154e-06,0.0,0.0,0.0,0.0,2.154e-06,0.001,0.0
24461397.0,4995000000.0,5000000.0,5.0,0.0,0.0487,0.0487,0.0487,0.0487,21.428,0.42856,0.0,0.42856,21.428,0.0,0.0,0.0,0.0,0.0,0.0,0.0,2.154e-10,0.0,0.0,0.0,4.642e-09,0.0,0.0,0.0,0.0,4.642e-09,2.154e-10,0.0
24460243.0,4995000000.0,5000000.0,5.0,0.0,0.0487,0.0487,0.0487,0.0487,21.428,0.11571,0.019598,0.11571,21.428,0.0010067,0.019598,0.0010067,0.0,0.0,0.0,0.0,2.154e-06,0.0,0.0,0.0,1e-07,0.0,0.0,0.0,0.0,1e-07,2.154e-06,0.0
24461825.0,4995000000.0,5000000.0,5.0,0.0,0.0487,0.0487,0.0487,0.0487,21.428,0.42856,0.00021428,0.42856,21.428,4.2856e-06,0.00021428,4.2856e-06,0.0,0.0,0.0,0.0,0.001,0.0,0.0,0.0,1e-07,0.0,0.0,0.0,0.0,1e-07,0.001,0.0
24461442.0,4995000000.0,5000000.0,5.0,0.0,0.0487,0.0487,0.0487,0.0487,21.428,0.42856,0.0,0.42856,21.428,4.2856e-06,0.0,4.2856e-06,0.0,0.0,0.0,0.0,1e-11,0.0,0.0,0.0,4.642e-05,0.0,0.0,0.0,0.0,4.642e-05,1e-11,0.0
24461845.0,4995000000.0,5000000.0,5.0,0.0,0.0487,0.0487,0.0487,0.0487,21.428,0.42856,0.00021428,0.42856,21.428,4.0985e-05,0.00021428,4.0985e-05,0.0,0.0,0.0,0.0,4.642e-09,0.0,0.0,0.0,4.642e-09,0.0,0.0,0.0,0.0,4.642e-09,4.642e-09,0.0
24461947.0,4995000000.0,5000000.0,5.0,0.0,0.0487,0.0487,0.0487,0.0487,21.428,0.42856,0.00021428,0.42856,21.428,0.0037285,0.00021428,0.0037285,0.0,0.0,0.0,0.0,4.642e-09,0.0,0.0,0.0,0.001,0.0,0.0,0.0,0.0,0.001,4.642e-09,0.0
24463865.0,4995000000.0,5000000.0,5.0,0.0,0.0487,0.0487,0.0487,0.0487,21.428,1.5792,0.0,1.5792,21.428,1.5792e-05,0.0,1.5792e-05,0.0,0.0,0.0,0.0,1e-07,0.0,0.0,0.0,0.001,0.0,0.0,0.0,0.0,0.001,1e-07,0.0
24461593.0,4995000000.0,5000000.0,5.0,0.0,0.0487,0.0487,0.0487,0.0487,21.428,0.42856,0.0,0.42856,21.428,0.0037285,0.0,0.0037285,0.0,0.0,0.0,0.0,2.154e-10,0.0,0.0,0.0,4.642e-09,0.0,0.0,0.0,0.0,4.642e-09,2.154e-10,0.0
24466684.0,4995000000.0,5000000.0,5.0,0.0,0.0487,0.0487,0.0487,0.0487,21.428,5.8156,0.00021428,5.8156,21.428,0.005319,0.00021428,0.005319,0.0,0.0,0.0,0.0,1e-11,0.0,0.0,0.0,2.154e-06,0.0,0.0,0.0,0.0,2.154e-06,1e-11,0.0
24463994.0,4995000000.0,5000000.0,5.0,0.0,0.0487,0.0487,0.0487,0.0487,21.428,1.5792,0.0,1.5792,21.428,0.013739,0.0,0.013739,0.0,0.0,0.0,0.0,2.154e-10,0.0,0.0,0.0,4.642e-09,0.0,0.0,0.0,0.0,4.642e-09,2.154e-10,0.0
24464257.0,4995000000.0,5000000.0,5.0,0.0,0.0487,0.0487,0.0487,0.0487,21.428,1.5792,0.00021428,1.5792,21.428,0.00015103,0.00021428,0.00015103,0.0,0.0,0.0,0.0,1e-07,0.0,0.0,0.0,0.001,0.0,0.0,0.0,0.0,0.001,1e-07,0.0
24462688.0,4995000000.0,5000000.0,5.0,0.0,0.0487,0.0487,0.0487,0.0487,21.428,0.42856,0.019598,0.42856,21.428,0.03587,0.019598,0.03587,0.0,0.0,0.0,0.0,1e-07,0.0,0.0,0.0,4.642e-05,0.0,0.0,0.0,0.0,4.642e-05,1e-07,0.0
24461530.0,4995000000.0,5000000.0,5.0,0.0,0.0487,0.0487,0.0487,0.0487,21.428,0.42856,0.0,0.42856,21.428,4.0985e-05,0.0,4.0985e-05,0.0,0.0,0.0,0.0,0.001,0.0,0.0,0.0,4.642e-09,0.0,0.0,0.0,0.0,4.642e-09,0.001,0.0
24463897.0,4995000000.0,5000000.0,5.0,0.0,0.0487,0.0487,0.0487,0.0487,21.428,1.5792,0.0,1.5792,21.428,0.00015103,0.0,0.00015103,0.0,0.0,0.0,0.0,2.154e-10,0.0,0.0,0.0,1e-07,0.0,0.0,0.0,0.0,1e-07,2.154e-10,0.0
24464715.0,4995000000.0,5000000.0,5.0,0.0,0.0487,0.0487,0.0487,0.0487,21.428,1.5792,0.0020493,1.5792,21.428,0.013739,0.0020493,0.013739,0.0,0.0,0.0,0.0,0.001,0.0,0.0,0.0,4.642e-09,0.0,0.0,0.0,0.0,4.642e-09,0.001,0.0
24461569.0,4995000000.0,5000000.0,5.0,0.0,0.0487,0.0487,0.0487,0.0487,21.428,0.42856,0.0,0.42856,21.428,0.00039197,0.0,0.00039197,0.0,0.0,0.0,0.0,2.154e-06,0.0,0.0,0.0,0.001,0.0,0.0,0.0,0.0,0.001,2.154e-06,0.0
24463990.0,4995000000.0,5000000.0,5.0,0.0,0.0487,0.0487,0.0487,0.0487,21.428,1.5792,0.0,1.5792,21.428,0.013739,0.0,0.013739,0.0,0.0,0.0,0.0,1e-11,0.0,0.0,0.0,4.642e-05,0.0,0.0,0.0,0.0,4.642e-05,1e-11,0.0
24461582.0,4995000000.0,5000000.0,5.0,0.0,0.0487,0.0487,0.0487,0.0487,21.428,0.42856,0.0,0.42856,21.428,0.00039197,0.0,0.00039197,0.0,0.0,0.0,0.0,0.001,0.0,0.0,0.0,4.642e-05,0.0,0.0,0.0,0.0,4.642e-05,0.001,0.0
24462339.0,4995000000.0,5000000.0,5.0,0.0,0.0487,0.0487,0.0487,0.0487,21.428,0.42856,0.0020493,0.42856,21.428,0.03587,0.0020493,0.03587,0.0,0.0,0.0,0.0,4.642e-09,0.0,0.0,0.0,0.001,0.0,0.0,0.0,0.0,0.001,4.642e-09,0.0
24462317.0,4995000000.0,5000000.0,5.0,0.0,0.0487,0.0487,0.0487,0.0487,21.428,0.42856,0.0020493,0.42856,21.428,0.0037285,0.0020493,0.0037285,0.0,0.0,0.0,0.0,0.001,0.0,0.0,0.0,4.642e-05,0.0,0.0,0.0,0.0,4.642e-05,0.001,0.0
24462365.0,4995000000.0,5000000.0,5.0,0.0,0.0487,0.0487,0.0487,0.0487,21.428,0.42856,0.0020493,0.42856,21.428,0.03587,0.0020493,0.03587,0.0,0.0,0.0,0.0,0.001,0.0,0.0,0.0,2.154e-06,0.0,0.0,0.0,0.0,2.154e-06,0.001,0.0
24467012.0,4995000000.0,5000000.0,5.0,0.0,0.0487,0.0487,0.0487,0.0487,21.428,5.8156,0.0020493,5.8156,21.428,0.00055617,0.0020493,0.00055617,0.0,0.0,0.0,0.0,4.642e-05,0.0,0.0,0.0,1e-07,0.0,0.0,0.0,0.0,1e-07,4.642e-05,0.0
24462549.0,4995000000.0,5000000.0,5.0,0.0,0.0487,0.0487,0.0487,0.0487,21.428,0.42856,0.019598,0.42856,21.428,4.0985e-05,0.019598,4.0985e-05,0.0,0.0,0.0,0.0,2.154e-06,0.0,0.0,0.0,0.001,0.0,0.0,0.0,0.0,0.001,2.154e-06,0.0
24466553.0,4995000000.0,5000000.0,5.0,0.0,0.0487,0.0487,0.0487,0.0487,21.428,5.8156,0.00021428,5.8156,21.428,0.0,0.00021428,0.0,0.0,0.0,0.0,0.0,4.642e-09,0.0,0.0,0.0,0.001,0.0,0.0,0.0,0.0,0.001,4.642e-09,0.0
24464571.0,4995000000.0,5000000.0,5.0,0.0,0.0487,0.0487,0.0487,0.0487,21.428,1.5792,0.0020493,1.5792,21.428,1.5792e-05,0.0020493,1.5792e-05,0.0,0.0,0.0,0.0,0.001,0.0,0.0,0.0,4.642e-05,0.0,0.0,0.0,0.0,4.642e-05,0.001,0.0
24461946.0,4995000000.0,5000000.0,5.0,0.0,0.0487,0.0487,0.0487,0.0487,21.428,0.42856,0.00021428,0.42856,21.428,0.0037285,0.00021428,0.0037285,0.0,0.0,0.0,0.0,4.642e-09,0.0,0.0,0.0,4.642e-05,0.0,0.0,0.0,0.0,4.642e-05,4.642e-09,0.0
24463830.0,4995000000.0,5000000.0,5.0,0.0,0.0487,0.0487,0.0487,0.0487,21.428,1.5792,0.0,1.5792,21.428,0.0,0.0,0.0,0.0,0.0,0.0,0.0,4.642e-05,0.0,0.0,0.0,0.001,0.0,0.0,0.0,0.0,0.001,4.642e-05,0.0
24466311.0,4995000000.0,5000000.0,5.0,0.0,0.0487,0.0487,0.0487,0.0487,21.428,5.8156,0.0,5.8156,21.428,0.00055617,0.0,0.00055617,0.0,0.0,0.0,0.0,1e-07,0.0,0.0,0.0,4.642e-09,0.0,0.0,0.0,0.0,4.642e-09,1e-07,0.0
24466328.0,4995000000.0,5000000.0,5.0,0.0,0.0487,0.0487,0.0487,0.0487,21.428,5.8156,0.0,5.8156,21.428,0.00055617,0.0,0.00055617,0.0,0.0,0.0,0.0,4.642e-05,0.0,0.0,0.0,4.642e-05,0.0,0.0,0.0,0.0,4.642e-05,4.642e-05,0.0
24466332.0,4995000000.0,5000000.0,5.0,0.0,0.0487,0.0487,0.0487,0.0487,21.428,5.8156,0.0,5.8156,21.428,0.00055617,0.0,0.00055617,0.0,0.0,0.0,0.0,0.001,0.0,0.0,0.0,4.642e-09,0.0,0.0,0.0,0.0,4.642e-09,0.001,0.0
24466369.0,4995000000.0,5000000.0,5.0,0.0,0.0487,0.0487,0.0487,0.0487,21.428,5.8156,0.0,5.8156,21.428,0.005319,0.0,0.005319,0.0,0.0,0.0,0.0,2.154e-06,0.0,0.0,0.0,2.154e-06,0.0,0.0,0.0,0.0,2.154e-06,2.154e-06,0.0
24466685.0,4995000000.0,5000000.0,5.0,0.0,0.0487,0.0487,0.0487,0.0487,21.428,5.8156,0.00021428,5.8156,21.428,0.005319,0.00021428,0.005319,0.0,0.0,0.0,0.0,1e-11,0.0,0.0,0.0,4.642e-05,0.0,0.0,0.0,0.0,4.642e-05,1e-11,0.0
24466591.0,4995000000.0,5000000.0,5.0,0.0,0.0487,0.0487,0.0487,0.0487,21.428,5.8156,0.00021428,5.8156,21.428,5.8156e-05,0.00021428,5.8156e-05,0.0,0.0,0.0,0.0,2.154e-10,0.0,0.0,0.0,4.642e-09,0.0,0.0,0.0,0.0,4.642e-09,2.154e-10,0.0
24464282.0,4995000000.0,5000000.0,5.0,0.0,0.0487,0.0487,0.0487,0.0487,21.428,1.5792,0.00021428,1.5792,21.428,0.0014444,0.00021428,0.0014444,0.0,0.0,0.0,0.0,1e-11,0.0,0.0,0.0,1e-07,0.0,0.0,0.0,0.0,1e-07,1e-11,0.0
24461901.0,4995000000.0,5000000.0,5.0,0.0,0.0487,0.0487,0.0487,0.0487,21.428,0.42856,0.00021428,0.42856,21.428,0.00039197,0.00021428,0.00039197,0.0,0.0,0.0,0.0,1e-07,0.0,0.0,0.0,4.642e-09,0.0,0.0,0.0,0.0,4.642e-09,1e-07,0.0
24460055.0,4995000000.0,5000000.0,5.0,0.0,0.0487,0.0487,0.0487,0.0487,21.428,0.11571,0.019598,0.11571,21.428,0.0,0.019598,0.0,0.0,0.0,0.0,0.0,4.642e-05,0.0,0.0,0.0,2.154e-06,0.0,0.0,0.0,0.0,2.154e-06,4.642e-05,0.0
24462472.0,4995000000.0,5000000.0,5.0,0.0,0.0487,0.0487,0.0487,0.0487,21.428,0.42856,0.019598,0.42856,21.428,4.2856e-06,0.019598,4.2856e-06,0.0,0.0,0.0,0.0,1e-11,0.0,0.0,0.0,0.001,0.0,0.0,0.0,0.0,0.001,1e-11,0.0
24464709.0,4995000000.0,5000000.0,5.0,0.0,0.0487,0.0487,0.0487,0.0487,21.428,1.5792,0.0020493,1.5792,21.428,0.013739,0.0020493,0.013739,0.0,0.0,0.0,0.0,4.642e-05,0.0,0.0,0.0,1e-07,0.0,0.0,0.0,0.0,1e-07,4.642e-05,0.0
24464593.0,4995000000.0,5000000.0,5.0,0.0,0.0487,0.0487,0.0487,0.0487,21.428,1.5792,0.0020493,1.5792,21.428,0.00015103,0.0020493,0.00015103,0.0,0.0,0.0,0.0,4.642e-09,0.0,0.0,0.0,0.001,0.0,0.0,0.0,0.0,0.001,4.642e-09,0.0
24462616.0,4995000000.0,5000000.0,5.0,0.0,0.0487,0.0487,0.0487,0.0487,21.428,0.42856,0.019598,0.42856,21.428,0.0037285,0.019598,0.0037285,0.0,0.0,0.0,0.0,1e-11,0.0,0.0,0.0,1e-07,0.0,0.0,0.0,0.0,1e-07,1e-11,0.0
24468686.0,4995000000.0,5000000.0,5.0,0.0,0.0487,0.0487,0.0487,0.0487,21.428,21.428,0.0,21.428,21.428,0.00021428,0.0,0.00021428,0.0,0.0,0.0,0.0,0.001,0.0,0.0,0.0,2.154e-06,0.0,0.0,0.0,0.0,2.154e-06,0.001,0.0
24466629.0,4995000000.0,5000000.0,5.0,0.0,0.0487,0.0487,0.0487,0.0487,21.428,5.8156,0.00021428,5.8156,21.428,5.8156e-05,0.00021428,5.8156e-05,0.0,0.0,0.0,0.0,0.001,0.0,0.0,0.0,4.642e-05,0.0,0.0,0.0,0.0,4.642e-05,0.001,0.0
24466725.0,4995000000.0,5000000.0,5.0,0.0,0.0487,0.0487,0.0487,0.0487,21.428,5.8156,0.00021428,5.8156,21.428,0.005319,0.00021428,0.005319,0.0,0.0,0.0,0.0,0.001,0.0,0.0,0.0,1e-07,0.0,0.0,0.0,0.0,1e-07,0.001,0.0
24464236.0,4995000000.0,5000000.0,5.0,0.0,0.0487,0.0487,0.0487,0.0487,21.428,1.5792,0.00021428,1.5792,21.428,0.00015103,0.00021428,0.00015103,0.0,0.0,0.0,0.0,1e-11,0.0,0.0,0.0,0.001,0.0,0.0,0.0,0.0,0.001,1e-11,0.0
24464585.0,4995000000.0,5000000.0,5.0,0.0,0.0487,0.0487,0.0487,0.0487,21.428,1.5792,0.0020493,1.5792,21.428,0.00015103,0.0020493,0.00015103,0.0,0.0,0.0,0.0,2.154e-10,0.0,0.0,0.0,4.642e-05,0.0,0.0,0.0,0.0,4.642e-05,2.154e-10,0.0
24463886.0,4995000000.0,5000000.0,5.0,0.0,0.0487,0.0487,0.0487,0.0487,21.428,1.5792,0.0,1.5792,21.428,1.5792e-05,0.0,1.5792e-05,0.0,0.0,0.0,0.0,0.001,0.0,0.0,0.0,0.001,0.0,0.0,0.0,0.0,0.001,0.001,0.0
24460119.0,4995000000.0,5000000.0,5.0,0.0,0.0487,0.0487,0.0487,0.0487,21.428,0.11571,0.019598,0.11571,21.428,1.1066e-05,0.019598,1.1066e-05,0.0,0.0,0.0,0.0,1e-11,0.0,0.0,0.0,4.642e-05,0.0,0.0,0.0,0.0,4.642e-05,1e-11,0.0
24463913.0,4995000000.0,5000000.0,5.0,0.0,0.0487,0.0487,0.0487,0.0487,21.428,1.5792,0.0,1.5792,21.428,0.00015103,0.0,0.00015103,0.0,0.0,0.0,0.0,1e-07,0.0,0.0,0.0,4.642e-05,0.0,0.0,0.0,0.0,4.642e-05,1e-07,0.0
24461749.0,4995000000.0,5000000.0,5.0,0.0,0.0487,0.0487,0.0487,0.0487,21.428,0.42856,0.00021428,0.42856,21.428,0.0,0.00021428,0.0,0.0,0.0,0.0,0.0,4.642e-09,0.0,0.0,0.0,2.154e-06,0.0,0.0,0.0,0.0,2.154e-06,4.642e-09,0.0
24463942.0,4995000000.0,5000000.0,5.0,0.0,0.0487,0.0487,0.0487,0.0487,21.428,1.5792,0.0,1.5792,21.428,0.0014444,0.0,0.0014444,0.0,0.0,0.0,0.0,1e-11,0.0,0.0,0.0,0.001,0.0,0.0,0.0,0.0,0.001,1e-11,0.0
24461554.0,4995000000.0,5000000.0,5.0,0.0,0.0487,0.0487,0.0487,0.0487,21.428,0.42856,0.0,0.42856,21.428,0.00039197,0.0,0.00039197,0.0,0.0,0.0,0.0,4.642e-09,0.0,0.0,0.0,4.642e-05,0.0,0.0,0.0,0.0,4.642e-05,4.642e-09,0.0
24462160.0,4995000000.0,5000000.0,5.0,0.0,0.0487,0.0487,0.0487,0.0487,21.428,0.42856,0.0020493,0.42856,21.428,4.2856e-06,0.0020493,4.2856e-06,0.0,0.0,0.0,0.0,4.642e-05,0.0,0.0,0.0,4.642e-09,0.0,0.0,0.0,0.0,4.642e-09,4.642e-05,0.0
24462244.0,4995000000.0,5000000.0,5.0,0.0,0.0487,0.0487,0.0487,0.0487,21.428,0.42856,0.0020493,0.42856,21.428,0.00039197,0.0020493,0.00039197,0.0,0.0,0.0,0.0,1e-07,0.0,0.0,0.0,4.642e-09,0.0,0.0,0.0,0.0,4.642e-09,1e-07,0.0
24464831.0,4995000000.0,5000000.0,5.0,0.0,0.0487,0.0487,0.0487,0.0487,21.428,1.5792,0.019598,1.5792,21.428,0.0,0.019598,0.0,0.0,0.0,0.0,0.0,2.154e-10,0.0,0.0,0.0,0.001,0.0,0.0,0.0,0.0,0.001,2.154e-10,0.0
24464284.0,4995000000.0,5000000.0,5.0,0.0,0.0487,0.0487,0.0487,0.0487,21.428,1.5792,0.00021428,1.5792,21.428,0.0014444,0.00021428,0.0014444,0.0,0.0,0.0,0.0,1e-11,0.0,0.0,0.0,4.642e-05,0.0,0.0,0.0,0.0,4.642e-05,1e-11,0.0
24461406.0,4995000000.0,5000000.0,5.0,0.0,0.0487,0.0487,0.0487,0.0487,21.428,0.42856,0.0,0.42856,21.428,0.0,0.0,0.0,0.0,0.0,0.0,0.0,4.642e-09,0.0,0.0,0.0,2.154e-06,0.0,0.0,0.0,0.0,2.154e-06,4.642e-09,0.0
24466231.0,4995000000.0,5000000.0,5.0,0.0,0.0487,0.0487,0.0487,0.0487,21.428,5.8156,0.0,5.8156,21.428,0.0,0.0,0.0,0.0,0.0,0.0,0.0,4.642e-05,0.0,0.0,0.0,0.001,0.0,0.0,0.0,0.0,0.001,4.642e-05,0.0
24462428.0,4995000000.0,5000000.0,5.0,0.0,0.0487,0.0487,0.0487,0.0487,21.428,0.42856,0.019598,0.42856,21.428,0.0,0.019598,0.0,0.0,0.0,0.0,0.0,2.154e-10,0.0,0.0,0.0,2.154e-06,0.0,0.0,0.0,0.0,2.154e-06,2.154e-10,0.0
24462647.0,4995000000.0,5000000.0,5.0,0.0,0.0487,0.0487,0.0487,0.0487,21.428,0.42856,0.019598,0.42856,21.428,0.0037285,0.019598,0.0037285,0.0,0.0,0.0,0.0,2.154e-06,0.0,0.0,0.0,0.001,0.0,0.0,0.0,0.0,0.001,2.154e-06,0.0
24461657.0,4995000000.0,5000000.0,5.0,0.0,0.0487,0.0487,0.0487,0.0487,21.428,0.42856,0.0,0.42856,21.428,0.03587,0.0,0.03587,0.0,0.0,0.0,0.0,1e-07,0.0,0.0,0.0,1e-07,0.0,0.0,0.0,0.0,1e-07,1e-07,0.0
24460125.0,4995000000.0,5000000.0,5.0,0.0,0.0487,0.0487,0.0487,0.0487,21.428,0.11571,0.019598,0.11571,21.428,1.1066e-05,0.019598,1.1066e-05,0.0,0.0,0.0,0.0,2.154e-10,0.0,0.0,0.0,2.154e-06,0.0,0.0,0.0,0.0,2.154e-06,2.154e-10,0.0
24466658.0,4995000000.0,5000000.0,5.0,0.0,0.0487,0.0487,0.0487,0.0487,21.428,5.8156,0.00021428,5.8156,21.428,0.00055617,0.00021428,0.00055617,0.0,0.0,0.0,0.0,1e-07,0.0,0.0,0.0,0.001,0.0,0.0,0.0,0.0,0.001,1e-07,0.0
24462021.0,4995000000.0,5000000.0,5.0,0.0,0.0487,0.0487,0.0487,0.0487,21.428,0.42856,0.00021428,0.42856,21.428,0.03587,0.00021428,0.03587,0.0,0.0,0.0,0.0,0.001,0.0,0.0,0.0,1e-07,0.0,0.0,0.0,0.0,1e-07,0.001,0.0
24464625.0,4995000000.0,5000000.0,5.0,0.0,0.0487,0.0487,0.0487,0.0487,21.428,1.5792,0.0020493,1.5792,21.428,0.0014444,0.0020493,0.0014444,0.0,0.0,0.0,0.0,1e-11,0.0,0.0,0.0,1e-07,0.0,0.0,0.0,0.0,1e-07,1e-11,0.0
24467405.0,4995000000.0,5000000.0,5.0,0.0,0.0487,0.0487,0.0487,0.0487,21.428,5.8156,0.019598,5.8156,21.428,0.005319,0.019598,0.005319,0.0,0.0,0.0,0.0,4.642e-05,0.0,0.0,0.0,2.154e-06,0.0,0.0,0.0,0.0,2.154e-06,4.642e-05,0.0
24462231.0,4995000000.0,5000000.0,5.0,0.0,0.0487,0.0487,0.0487,0.0487,21.428,0.42856,0.0020493,0.42856,21.428,0.00039197,0.0020493,0.00039197,0.0,0.0,0.0,0.0,2.154e-10,0.0,0.0,0.0,1e-07,0.0,0.0,0.0,0.0,1e-07,2.154e-10,0.0
24464213.0,4995000000.0,5000000.0,5.0,0.0,0.0487,0.0487,0.0487,0.0487,21.428,1.5792,0.00021428,1.5792,21.428,1.5792e-05,0.00021428,1.5792e-05,0.0,0.0,0.0,0.0,2.154e-06,0.0,0.0,0.0,2.154e-06,0.0,0.0,0.0,0.0,2.154e-06,2.154e-06,0.0
24467273.0,4995000000.0,5000000.0,5.0,0.0,0.0487,0.0487,0.0487,0.0487,21.428,5.8156,0.019598,5.8156,21.428,5.8156e-05,0.019598,5.8156e-05,0.0,0.0,0.0,0.0,1e-11,0.0,0.0,0.0,4.642e-05,0.0,0.0,0.0,0.0,4.642e-05,1e-11,0.0
24461589.0,4995000000.0,5000000.0,5.0,0.0,0.0487,0.0487,0.0487,0.0487,21.428,0.42856,0.0,0.42856,21.428,0.0037285,0.0,0.0037285,0.0,0.0,0.0,0.0,1e-11,0.0,0.0,0.0,4.642e-05,0.0,0.0,0.0,0.0,4.642e-05,1e-11,0.0
24469339.0,4995000000.0,5000000.0,5.0,0.0,0.0487,0.0487,0.0487,0.0487,21.428,21.428,0.0020493,21.428,21.428,0.00021428,0.0020493,0.00021428,0.0,0.0,0.0,0.0,2.154e-10,0.0,0.0,0.0,0.001,0.0,0.0,0.0,0.0,0.001,2.154e-10,0.0
24466222.0,4995000000.0,5000000.0,5.0,0.0,0.0487,0.0487,0.0487,0.0487,21.428,5.8156,0.0,5.8156,21.428,0.0,0.0,0.0,0.0,0.0,0.0,0.0,2.154e-06,0.0,0.0,0.0,2.154e-06,0.0,0.0,0.0,0.0,2.154e-06,2.154e-06,0.0
24462492.0,4995000000.0,5000000.0,5.0,0.0,0.0487,0.0487,0.0487,0.0487,21.428,0.42856,0.019598,0.42856,21.428,4.2856e-06,0.019598,4.2856e-06,0.0,0.0,0.0,0.0,1e-07,0.0,0.0,0.0,4.642e-05,0.0,0.0,0.0,0.0,4.642e-05,1e-07,0.0
24466878.0,4995000000.0,5000000.0,5.0,0.0,0.0487,0.0487,0.0487,0.0487,21.428,5.8156,0.0020493,5.8156,21.428,0.0,0.0020493,0.0,0.0,0.0,0.0,0.0,1e-11,0.0,0.0,0.0,4.642e-09,0.0,0.0,0.0,0.0,4.642e-09,1e-11,0.0
24461667.0,4995000000.0,5000000.0,5.0,0.0,0.0487,0.0487,0.0487,0.0487,21.428,0.42856,0.0,0.42856,21.428,0.03587,0.0,0.03587,0.0,0.0,0.0,0.0,2.154e-06,0.0,0.0,0.0,0.001,0.0,0.0,0.0,0.0,0.001,2.154e-06,0.0
24462168.0,4995000000.0,5000000.0,5.0,0.0,0.0487,0.0487,0.0487,0.0487,21.428,0.42856,0.0020493,0.42856,21.428,4.2856e-06,0.0020493,4.2856e-06,0.0,0.0,0.0,0.0,0.001,0.0,0.0,0.0,1e-07,0.0,0.0,0.0,0.0,1e-07,0.001,0.0
24462170.0,4995000000.0,5000000.0,5.0,0.0,0.0487,0.0487,0.0487,0.0487,21.428,0.42856,0.0020493,0.42856,21.428,4.2856e-06,0.0020493,4.2856e-06,0.0,0.0,0.0,0.0,0.001,0.0,0.0,0.0,4.642e-05,0.0,0.0,0.0,0.0,4.642e-05,0.001,0.0
24466696.0,4995000000.0,5000000.0,5.0,0.0,0.0487,0.0487,0.0487,0.0487,21.428,5.8156,0.00021428,5.8156,21.428,0.005319,0.00021428,0.005319,0.0,0.0,0.0,0.0,4.642e-09,0.0,0.0,0.0,4.642e-09,0.0,0.0,0.0,0.0,4.642e-09,4.642e-09,0.0
24468625.0,4995000000.0,5000000.0,5.0,0.0,0.0487,0.0487,0.0487,0.0487,21.428,21.428,0.0,21.428,21.428,0.0,0.0,0.0,0.0,0.0,0.0,0.0,2.154e-06,0.0,0.0,0.0,0.001,0.0,0.0,0.0,0.0,0.001,2.154e-06,0.0
24463968.0,4995000000.0,5000000.0,5.0,0.0,0.0487,0.0487,0.0487,0.0487,21.428,1.5792,0.0,1.5792,21.428,0.0014444,0.0,0.0014444,0.0,0.0,0.0,0.0,2.154e-06,0.0,0.0,0.0,2.154e-06,0.0,0.0,0.0,0.0,2.154e-06,2.154e-06,0.0
24462329.0,4995000000.0,5000000.0,5.0,0.0,0.0487,0.0487,0.0487,0.0487,21.428,0.42856,0.0020493,0.42856,21.428,0.03587,0.0020493,0.03587,0.0,0.0,0.0,0.0,2.154e-10,0.0,0.0,0.0,1e-07,0.0,0.0,0.0,0.0,1e-07,2.154e-10,0.0
24462147.0,4995000000.0,5000000.0,5.0,0.0,0.0487,0.0487,0.0487,0.0487,21.428,0.42856,0.0020493,0.42856,21.428,4.2856e-06,0.0020493,4.2856e-06,0.0,0.0,0.0,0.0,1e-07,0.0,0.0,0.0,1e-07,0.0,0.0,0.0,0.0,1e-07,1e-07,0.0
24469059.0,4995000000.0,5000000.0,5.0,0.0,0.0487,0.0487,0.0487,0.0487,21.428,21.428,0.00021428,21.428,21.428,0.0020493,0.00021428,0.0020493,0.0,0.0,0.0,0.0,1e-07,0.0,0.0,0.0,0.001,0.0,0.0,0.0,0.0,0.001,1e-07,0.0
24460299.0,4995000000.0,5000000.0,5.0,0.0,0.0487,0.0487,0.0487,0.0487,21.428,0.11571,0.019598,0.11571,21.428,0.009685,0.019598,0.009685,0.0,0.0,0.0,0.0,4.642e-05,0.0,0.0,0.0,1e-07,0.0,0.0,0.0,0.0,1e-07,4.642e-05,0.0
24469373.0,4995000000.0,5000000.0,5.0,0.0,0.0487,0.0487,0.0487,0.0487,21.428,21.428,0.0020493,21.428,21.428,0.00021428,0.0020493,0.00021428,0.0,0.0,0.0,0.0,0.001,0.0,0.0,0.0,4.642e-05,0.0,0.0,0.0,0.0,4.642e-05,0.001,0.0
24462351.0,4995000000.0,5000000.0,5.0,0.0,0.0487,0.0487,0.0487,0.0487,21.428,0.42856,0.0020493,0.42856,21.428,0.03587,0.0020493,0.03587,0.0,0.0,0.0,0.0,2.154e-06,0.0,0.0,0.0,2.154e-06,0.0,0.0,0.0,0.0,2.154e-06,2.154e-06,0.0
24469029.0,4995000000.0,5000000.0,5.0,0.0,0.0487,0.0487,0.0487,0.0487,21.428,21.428,0.00021428,21.428,21.428,0.00021428,0.00021428,0.00021428,0.0,0.0,0.0,0.0,0.001,0.0,0.0,0.0,2.154e-06,0.0,0.0,0.0,0.0,2.154e-06,0.001,0.0
24461548.0,4995000000.0,5000000.0,5.0,0.0,0.0487,0.0487,0.0487,0.0487,21.428,0.42856,0.0,0.42856,21.428,0.00039197,0.0,0.00039197,0.0,0.0,0.0,0.0,2.154e-10,0.0,0.0,0.0,0.001,0.0,0.0,0.0,0.0,0.001,2.154e-10,0.0
24462276.0,4995000000.0,5000000.0,5.0,0.0,0.0487,0.0487,0.0487,0.0487,21.428,0.42856,0.0020493,0.42856,21.428,0.0037285,0.0020493,0.0037285,0.0,0.0,0.0,0.0,1e-11,0.0,0.0,0.0,0.001,0.0,0.0,0.0,0.0,0.001,1e-11,0.0
24461797.0,4995000000.0,5000000.0,5.0,0.0,0.0487,0.0487,0.0487,0.0487,21.428,0.42856,0.00021428,0.42856,21.428,4.2856e-06,0.00021428,4.2856e-06,0.0,0.0,0.0,0.0,4.642e-09,0.0,0.0,0.0,1e-07,0.0,0.0,0.0,0.0,1e-07,4.642e-09,0.0
24460042.0,4995000000.0,5000000.0,5.0,0.0,0.0487,0.0487,0.0487,0.0487,21.428,0.11571,0.019598,0.11571,21.428,0.0,0.019598,0.0,0.0,0.0,0.0,0.0,1e-07,0.0,0.0,0.0,4.642e-05,0.0,0.0,0.0,0.0,4.642e-05,1e-07,0.0
24462115.0,4995000000.0,5000000.0,5.0,0.0,0.0487,0.0487,0.0487,0.0487,21.428,0.42856,0.0020493,0.42856,21.428,0.0,0.0020493,0.0,0.0,0.0,0.0,0.0,4.642e-05,0.0,0.0,0.0,0.001,0.0,0.0,0.0,0.0,0.001,4.642e-05,0.0
24464491.0,4995000000.0,5000000.0,5.0,0.0,0.0487,0.0487,0.0487,0.0487,21.428,1.5792,0.0020493,1.5792,21.428,0.0,0.0020493,0.0,0.0,0.0,0.0,0.0,4.642e-09,0.0,0.0,0.0,4.642e-09,0.0,0.0,0.0,0.0,4.642e-09,4.642e-09,0.0
24466703.0,4995000000.0,5000000.0,5.0,0.0,0.0487,0.0487,0.0487,0.0487,21.428,5.8156,0.00021428,5.8156,21.428,0.005319,0.00021428,0.005319,0.0,0.0,0.0,0.0,1e-07,0.0,0.0,0.0,4.642e-09,0.0,0.0,0.0,0.0,4.642e-09,1e-07,0.0
24466221.0,4995000000.0,5000000.0,5.0,0.0,0.0487,0.0487,0.0487,0.0487,21.428,5.8156,0.0,5.8156,21.428,0.0,0.0,0.0,0.0,0.0,0.0,0.0,2.154e-06,0.0,0.0,0.0,1e-07,0.0,0.0,0.0,0.0,1e-07,2.154e-06,0.0
24462674.0,4995000000.0,5000000.0,5.0,0.0,0.0487,0.0487,0.0487,0.0487,21.428,0.42856,0.019598,0.42856,21.428,0.03587,0.019598,0.03587,0.0,0.0,0.0,0.0,2.154e-10,0.0,0.0,0.0,4.642e-05,0.0,0.0,0.0,0.0,4.642e-05,2.154e-10,0.0
24466613.0,4995000000.0,5000000.0,5.0,0.0,0.0487,0.0487,0.0487,0.0487,21.428,5.8156,0.00021428,5.8156,21.428,5.8156e-05,0.00021428,5.8156e-05,0.0,0.0,0.0,0.0,2.154e-06,0.0,0.0,0.0,1e-07,0.0,0.0,0.0,0.0,1e-07,2.154e-06,0.0
24466706.0,4995000000.0,5000000.0,5.0,0.0,0.0487,0.0487,0.0487,0.0487,21.428,5.8156,0.00021428,5.8156,21.428,0.005319,0.00021428,0.005319,0.0,0.0,0.0,0.0,1e-07,0.0,0.0,0.0,4.642e-05,0.0,0.0,0.0,0.0,4.642e-05,1e-07,0.0
24460061.0,4995000000.0,5000000.0,5.0,0.0,0.0487,0.0487,0.0487,0.0487,21.428,0.11571,0.019598,0.11571,21.428,0.0,0.019598,0.0,0.0,0.0,0.0,0.0,0.001,0.0,0.0,0.0,1e-07,0.0,0.0,0.0,0.0,1e-07,0.001,0.0
24462010.0,4995000000.0,5000000.0,5.0,0.0,0.0487,0.0487,0.0487,0.0487,21.428,0.42856,0.00021428,0.42856,21.428,0.03587,0.00021428,0.03587,0.0,0.0,0.0,0.0,2.154e-06,0.0,0.0,0.0,0.001,0.0,0.0,0.0,0.0,0.001,2.154e-06,0.0
24460085.0,4995000000.0,5000000.0,5.0,0.0,0.0487,0.0487,0.0487,0.0487,21.428,0.11571,0.019598,0.11571,21.428,1.1571e-06,0.019598,1.1571e-06,0.0,0.0,0.0,0.0,4.642e-09,0.0,0.0,0.0,0.001,0.0,0.0,0.0,0.0,0.001,4.642e-09,0.0
24460190.0,4995000000.0,5000000.0,5.0,0.0,0.0487,0.0487,0.0487,0.0487,21.428,0.11571,0.019598,0.11571,21.428,0.00010583,0.019598,0.00010583,0.0,0.0,0.0,0.0,1e-07,0.0,0.0,0.0,0.001,0.0,0.0,0.0,0.0,0.001,1e-07,0.0
24467050.0,4995000000.0,5000000.0,5.0,0.0,0.0487,0.0487,0.0487,0.0487,21.428,5.8156,0.0020493,5.8156,21.428,0.005319,0.0020493,0.005319,0.0,0.0,0.0,0.0,1e-07,0.0,0.0,0.0,0.001,0.0,0.0,0.0,0.0,0.001,1e-07,0.0
24464912.0,4995000000.0,5000000.0,5.0,0.0,0.0487,0.0487,0.0487,0.0487,21.428,1.5792,0.019598,1.5792,21.428,1.5792e-05,0.019598,1.5792e-05,0.0,0.0,0.0,0.0,0.001,0.0,0.0,0.0,1e-07,0.0,0.0,0.0,0.0,1e-07,0.001,0.0
24464347.0,4995000000.0,5000000.0,5.0,0.0,0.0487,0.0487,0.0487,0.0487,21.428,1.5792,0.00021428,1.5792,21.428,0.013739,0.00021428,0.013739,0.0,0.0,0.0,0.0,4.642e-09,0.0,0.0,0.0,4.642e-05,0.0,0.0,0.0,0.0,4.642e-05,4.642e-09,0.0
24466980.0,4995000000.0,5000000.0,5.0,0.0,0.0487,0.0487,0.0487,0.0487,21.428,5.8156,0.0020493,5.8156,21.428,0.00055617,0.0020493,0.00055617,0.0,0.0,0.0,0.0,1e-11,0.0,0.0,0.0,0.001,0.0,0.0,0.0,0.0,0.001,1e-11,0.0
24467267.0,4995000000.0,5000000.0,5.0,0.0,0.0487,0.0487,0.0487,0.0487,21.428,5.8156,0.019598,5.8156,21.428,0.0,0.019598,0.0,0.0,0.0,0.0,0.0,0.001,0.0,0.0,0.0,0.001,0.0,0.0,0.0,0.0,0.001,0.001,0.0
24469128.0,4995000000.0,5000000.0,5.0,0.0,0.0487,0.0487,0.0487,0.0487,21.428,21.428,0.00021428,21.428,21.428,0.019598,0.00021428,0.019598,0.0,0.0,0.0,0.0,0.001,0.0,0.0,0.0,4.642e-05,0.0,0.0,0.0,0.0,4.642e-05,0.001,0.0
24467322.0,4995000000.0,5000000.0,5.0,0.0,0.0487,0.0487,0.0487,0.0487,21.428,5.8156,0.019598,5.8156,21.428,0.00055617,0.019598,0.00055617,0.0,0.0,0.0,0.0,1e-11,0.0,0.0,0.0,4.642e-05,0.0,0.0,0.0,0.0,4.642e-05,1e-11,0.0
24461650.0,4995000000.0,5000000.0,5.0,0.0,0.0487,0.0487,0.0487,0.0487,21.428,0.42856,0.0,0.42856,21.428,0.03587,0.0,0.03587,0.0,0.0,0.0,0.0,4.642e-09,0.0,0.0,0.0,1e-07,0.0,0.0,0.0,0.0,1e-07,4.642e-09,0.0
24464299.0,4995000000.0,5000000.0,5.0,0.0,0.0487,0.0487,0.0487,0.0487,21.428,1.5792,0.00021428,1.5792,21.428,0.0014444,0.00021428,0.0014444,0.0,0.0,0.0,0.0,4.642e-09,0.0,0.0,0.0,0.001,0.0,0.0,0.0,0.0,0.001,4.642e-09,0.0
24469703.0,4995000000.0,5000000.0,5.0,0.0,0.0487,0.0487,0.0487,0.0487,21.428,21.428,0.019598,21.428,21.428,0.00021428,0.019598,0.00021428,0.0,0.0,0.0,0.0,2.154e-06,0.0,0.0,0.0,0.001,0.0,0.0,0.0,0.0,0.001,2.154e-06,0.0
24461614.0,4995000000.0,5000000.0,5.0,0.0,0.0487,0.0487,0.0487,0.0487,21.428,0.42856,0.0,0.42856,21.428,0.0037285,0.0,0.0037285,0.0,0.0,0.0,0.0,2.154e-06,0.0,0.0,0.0,4.642e-09,0.0,0.0,0.0,0.0,4.642e-09,2.154e-06,0.0
24466200.0,4995000000.0,5000000.0,5.0,0.0,0.0487,0.0487,0.0487,0.0487,21.428,5.8156,0.0,5.8156,21.428,0.0,0.0,0.0,0.0,0.0,0.0,0.0,2.154e-10,0.0,0.0,0.0,1e-07,0.0,0.0,0.0,0.0,1e-07,2.154e-10,0.0
24464583.0,4995000000.0,5000000.0,5.0,0.0,0.0487,0.0487,0.0487,0.0487,21.428,1.5792,0.0020493,1.5792,21.428,0.00015103,0.0020493,0.00015103,0.0,0.0,0.0,0.0,2.154e-10,0.0,0.0,0.0,1e-07,0.0,0.0,0.0,0.0,1e-07,2.154e-10,0.0
24466601.0,4995000000.0,5000000.0,5.0,0.0,0.0487,0.0487,0.0487,0.0487,21.428,5.8156,0.00021428,5.8156,21.428,5.8156e-05,0.00021428,5.8156e-05,0.0,0.0,0.0,0.0,4.642e-09,0.0,0.0,0.0,4.642e-05,0.0,0.0,0.0,0.0,4.642e-05,4.642e-09,0.0
24463851.0,4995000000.0,5000000.0,5.0,0.0,0.0487,0.0487,0.0487,0.0487,21.428,1.5792,0.0,1.5792,21.428,1.5792e-05,0.0,1.5792e-05,0.0,0.0,0.0,0.0,2.154e-10,0.0,0.0,0.0,0.001,0.0,0.0,0.0,0.0,0.001,2.154e-10,0.0
24466339.0,4995000000.0,5000000.0,5.0,0.0,0.0487,0.0487,0.0487,0.0487,21.428,5.8156,0.0,5.8156,21.428,0.005319,0.0,0.005319,0.0,0.0,0.0,0.0,1e-11,0.0,0.0,0.0,4.642e-09,0.0,0.0,0.0,0.0,4.642e-09,1e-11,0.0
24469689.0,4995000000.0,5000000.0,5.0,0.0,0.0487,0.0487,0.0487,0.0487,21.428,21.428,0.019598,21.428,21.428,0.00021428,0.019598,0.00021428,0.0,0.0,0.0,0.0,4.642e-09,0.0,0.0,0.0,0.001,0.0,0.0,0.0,0.0,0.001,4.642e-09,0.0
24461526.0,4995000000.0,5000000.0,5.0,0.0,0.0487,0.0487,0.0487,0.0487,21.428,0.42856,0.0,0.42856,21.428,4.0985e-05,0.0,4.0985e-05,0.0,0.0,0.0,0.0,4.642e-05,0.0,0.0,0.0,4.642e-05,0.0,0.0,0.0,0.0,4.642e-05,4.642e-05,0.0
24464198.0,4995000000.0,5000000.0,5.0,0.0,0.0487,0.0487,0.0487,0.0487,21.428,1.5792,0.00021428,1.5792,21.428,1.5792e-05,0.00021428,1.5792e-05,0.0,0.0,0.0,0.0,4.642e-09,0.0,0.0,0.0,1e-07,0.0,0.0,0.0,0.0,1e-07,4.642e-09,0.0
24461756.0,4995000000.0,5000000.0,5.0,0.0,0.0487,0.0487,0.0487,0.0487,21.428,0.42856,0.00021428,0.42856,21.428,0.0,0.00021428,0.0,0.0,0.0,0.0,0.0,1e-07,0.0,0.0,0.0,2.154e-06,0.0,0.0,0.0,0.0,2.154e-06,1e-07,0.0
24466257.0,4995000000.0,5000000.0,5.0,0.0,0.0487,0.0487,0.0487,0.0487,21.428,5.8156,0.0,5.8156,21.428,5.8156e-05,0.0,5.8156e-05,0.0,0.0,0.0,0.0,4.642e-09,0.0,0.0,0.0,2.154e-06,0.0,0.0,0.0,0.0,2.154e-06,4.642e-09,0.0
24464844.0,4995000000.0,5000000.0,5.0,0.0,0.0487,0.0487,0.0487,0.0487,21.428,1.5792,0.019598,1.5792,21.428,0.0,0.019598,0.0,0.0,0.0,0.0,0.0,1e-07,0.0,0.0,0.0,4.642e-05,0.0,0.0,0.0,0.0,4.642e-05,1e-07,0.0
24464533.0,4995000000.0,5000000.0,5.0,0.0,0.0487,0.0487,0.0487,0.0487,21.428,1.5792,0.0020493,1.5792,21.428,1.5792e-05,0.0020493,1.5792e-05,0.0,0.0,0.0,0.0,2.154e-10,0.0,0.0,0.0,4.642e-09,0.0,0.0,0.0,0.0,4.642e-09,2.154e-10,0.0
24467251.0,4995000000.0,5000000.0,5.0,0.0,0.0487,0.0487,0.0487,0.0487,21.428,5.8156,0.019598,5.8156,21.428,0.0,0.019598,0.0,0.0,0.0,0.0,0.0,2.154e-06,0.0,0.0,0.0,2.154e-06,0.0,0.0,0.0,0.0,2.154e-06,2.154e-06,0.0
24464850.0,4995000000.0,5000000.0,5.0,0.0,0.0487,0.0487,0.0487,0.0487,21.428,1.5792,0.019598,1.5792,21.428,0.0,0.019598,0.0,0.0,0.0,0.0,0.0,2.154e-06,0.0,0.0,0.0,2.154e-06,0.0,0.0,0.0,0.0,2.154e-06,2.154e-06,0.0
24464498.0,4995000000.0,5000000.0,5.0,0.0,0.0487,0.0487,0.0487,0.0487,21.428,1.5792,0.0020493,1.5792,21.428,0.0,0.0020493,0.0,0.0,0.0,0.0,0.0,1e-07,0.0,0.0,0.0,4.642e-09,0.0,0.0,0.0,0.0,4.642e-09,1e-07,0.0
24466889.0,4995000000.0,5000000.0,5.0,0.0,0.0487,0.0487,0.0487,0.0487,21.428,5.8156,0.0020493,5.8156,21.428,0.0,0.0020493,0.0,0.0,0.0,0.0,0.0,2.154e-10,0.0,0.0,0.0,0.001,0.0,0.0,0.0,0.0,0.001,2.154e-10,0.0
24462356.0,4995000000.0,5000000.0,5.0,0.0,0.0487,0.0487,0.0487,0.0487,21.428,0.42856,0.0020493,0.42856,21.428,0.03587,0.0020493,0.03587,0.0,0.0,0.0,0.0,4.642e-05,0.0,0.0,0.0,4.642e-09,0.0,0.0,0.0,0.0,4.642e-09,4.642e-05,0.0
24466651.0,4995000000.0,5000000.0,5.0,0.0,0.0487,0.0487,0.0487,0.0487,21.428,5.8156,0.00021428,5.8156,21.428,0.00055617,0.00021428,0.00055617,0.0,0.0,0.0,0.0,4.642e-09,0.0,0.0,0.0,0.001,0.0,0.0,0.0,0.0,0.001,4.642e-09,0.0
24460217.0,4995000000.0,5000000.0,5.0,0.0,0.0487,0.0487,0.0487,0.0487,21.428,0.11571,0.019598,0.11571,21.428,0.0010067,0.019598,0.0010067,0.0,0.0,0.0,0.0,1e-11,0.0,0.0,0.0,4.642e-05,0.0,0.0,0.0,0.0,4.642e-05,1e-11,0.0
24461436.0,4995000000.0,5000000.0,5.0,0.0,0.0487,0.0487,0.0487,0.0487,21.428,0.42856,0.0,0.42856,21.428,0.0,0.0,0.0,0.0,0.0,0.0,0.0,0.001,0.0,0.0,0.0,0.001,0.0,0.0,0.0,0.0,0.001,0.001,0.0
24464985.0,4995000000.0,5000000.0,5.0,0.0,0.0487,0.0487,0.0487,0.0487,21.428,1.5792,0.019598,1.5792,21.428,0.0014444,0.019598,0.0014444,0.0,0.0,0.0,0.0,4.642e-09,0.0,0.0,0.0,0.001,0.0,0.0,0.0,0.0,0.001,4.642e-09,0.0
24462358.0,4995000000.0,5000000.0,5.0,0.0,0.0487,0.0487,0.0487,0.0487,21.428,0.42856,0.0020493,0.42856,21.428,0.03587,0.0020493,0.03587,0.0,0.0,0.0,0.0,4.642e-05,0.0,0.0,0.0,2.154e-06,0.0,0.0,0.0,0.0,2.154e-06,4.642e-05,0.0
24460202.0,4995000000.0,5000000.0,5.0,0.0,0.0487,0.0487,0.0487,0.0487,21.428,0.11571,0.019598,0.11571,21.428,0.00010583,0.019598,0.00010583,0.0,0.0,0.0,0.0,4.642e-05,0.0,0.0,0.0,2.154e-06,0.0,0.0,0.0,0.0,2.154e-06,4.642e-05,0.0
24461510.0,4995000000.0,5000000.0,5.0,0.0,0.0487,0.0487,0.0487,0.0487,21.428,0.42856,0.0,0.42856,21.428,4.0985e-05,0.0,4.0985e-05,0.0,0.0,0.0,0.0,1e-07,0.0,0.0,0.0,1e-07,0.0,0.0,0.0,0.0,1e-07,1e-07,0.0
24462295.0,4995000000.0,5000000.0,5.0,0.0,0.0487,0.0487,0.0487,0.0487,21.428,0.42856,0.0020493,0.42856,21.428,0.0037285,0.0020493,0.0037285,0.0,0.0,0.0,0.0,1e-07,0.0,0.0,0.0,2.154e-06,0.0,0.0,0.0,0.0,2.154e-06,1e-07,0.0
24461628.0,4995000000.0,5000000.0,5.0,0.0,0.0487,0.0487,0.0487,0.0487,21.428,0.42856,0.0,0.42856,21.428,0.0037285,0.0,0.0037285,0.0,0.0,0.0,0.0,0.001,0.0,0.0,0.0,4.642e-09,0.0,0.0,0.0,0.0,4.642e-09,0.001,0.0
24461412.0,4995000000.0,5000000.0,5.0,0.0,0.0487,0.0487,0.0487,0.0487,21.428,0.42856,0.0,0.42856,21.428,0.0,0.0,0.0,0.0,0.0,0.0,0.0,1e-07,0.0,0.0,0.0,1e-07,0.0,0.0,0.0,0.0,1e-07,1e-07,0.0
24464528.0,4995000000.0,5000000.0,5.0,0.0,0.0487,0.0487,0.0487,0.0487,21.428,1.5792,0.0020493,1.5792,21.428,1.5792e-05,0.0020493,1.5792e-05,0.0,0.0,0.0,0.0,1e-11,0.0,0.0,0.0,2.154e-06,0.0,0.0,0.0,0.0,2.154e-06,1e-11,0.0
24461898.0,4995000000.0,5000000.0,5.0,0.0,0.0487,0.0487,0.0487,0.0487,21.428,0.42856,0.00021428,0.42856,21.428,0.00039197,0.00021428,0.00039197,0.0,0.0,0.0,0.0,4.642e-09,0.0,0.0,0.0,0.001,0.0,0.0,0.0,0.0,0.001,4.642e-09,0.0
24465060.0,4995000000.0,5000000.0,5.0,0.0,0.0487,0.0487,0.0487,0.0487,21.428,1.5792,0.019598,1.5792,21.428,0.013739,0.019598,0.013739,0.0,0.0,0.0,0.0,0.001,0.0,0.0,0.0,2.154e-06,0.0,0.0,0.0,0.0,2.154e-06,0.001,0.0
24462191.0,4995000000.0,5000000.0,5.0,0.0,0.0487,0.0487,0.0487,0.0487,21.428,0.42856,0.0020493,0.42856,21.428,4.0985e-05,0.0020493,4.0985e-05,0.0,0.0,0.0,0.0,4.642e-09,0.0,0.0,0.0,4.642e-05,0.0,0.0,0.0,0.0,4.642e-05,4.642e-09,0.0
24464326.0,4995000000.0,5000000.0,5.0,0.0,0.0487,0.0487,0.0487,0.0487,21.428,1.5792,0.00021428,1.5792,21.428,0.0014444,0.00021428,0.0014444,0.0,0.0,0.0,0.0,0.001,0.0,0.0,0.0,4.642e-05,0.0,0.0,0.0,0.0,4.642e-05,0.001,0.0
24461905.0,4995000000.0,5000000.0,5.0,0.0,0.0487,0.0487,0.0487,0.0487,21.428,0.42856,0.00021428,0.42856,21.428,0.00039197,0.00021428,0.00039197,0.0,0.0,0.0,0.0,1e-07,0.0,0.0,0.0,0.001,0.0,0.0,0.0,0.0,0.001,1e-07,0.0
24461733.0,4995000000.0,5000000.0,5.0,0.0,0.0487,0.0487,0.0487,0.0487,21.428,0.42856,0.00021428,0.42856,21.428,0.0,0.00021428,0.0,0.0,0.0,0.0,0.0,1e-11,0.0,0.0,0.0,4.642e-09,0.0,0.0,0.0,0.0,4.642e-09,1e-11,0.0
24469353.0,4995000000.0,5000000.0,5.0,0.0,0.0487,0.0487,0.0487,0.0487,21.428,21.428,0.0020493,21.428,21.428,0.00021428,0.0020493,0.00021428,0.0,0.0,0.0,0.0,1e-07,0.0,0.0,0.0,0.001,0.0,0.0,0.0,0.0,0.001,1e-07,0.0
24464373.0,4995000000.0,5000000.0,5.0,0.0,0.0487,0.0487,0.0487,0.0487,21.428,1.5792,0.00021428,1.5792,21.428,0.013739,0.00021428,0.013739,0.0,0.0,0.0,0.0,0.001,0.0,0.0,0.0,1e-07,0.0,0.0,0.0,0.0,1e-07,0.001,0.0
24461777.0,4995000000.0,5000000.0,5.0,0.0,0.0487,0.0487,0.0487,0.0487,21.428,0.42856,0.00021428,0.42856,21.428,0.0,0.00021428,0.0,0.0,0.0,0.0,0.0,0.001,0.0,0.0,0.0,2.154e-06,0.0,0.0,0.0,0.0,2.154e-06,0.001,0.0
24460078.0,4995000000.0,5000000.0,5.0,0.0,0.0487,0.0487,0.0487,0.0487,21.428,0.11571,0.019598,0.11571,21.428,1.1571e-06,0.019598,1.1571e-06,0.0,0.0,0.0,0.0,2.154e-10,0.0,0.0,0.0,0.001,0.0,0.0,0.0,0.0,0.001,2.154e-10,0.0
24460281.0,4995000000.0,5000000.0,5.0,0.0,0.0487,0.0487,0.0487,0.0487,21.428,0.11571,0.019598,0.11571,21.428,0.009685,0.019598,0.009685,0.0,0.0,0.0,0.0,4.642e-09,0.0,0.0,0.0,0.001,0.0,0.0,0.0,0.0,0.001,4.642e-09,0.0
24466546.0,4995000000.0,5000000.0,5.0,0.0,0.0487,0.0487,0.0487,0.0487,21.428,5.8156,0.00021428,5.8156,21.428,0.0,0.00021428,0.0,0.0,0.0,0.0,0.0,2.154e-10,0.0,0.0,0.0,0.001,0.0,0.0,0.0,0.0,0.001,2.154e-10,0.0
24462016.0,4995000000.0,5000000.0,5.0,0.0,0.0487,0.0487,0.0487,0.0487,21.428,0.42856,0.00021428,0.42856,21.428,0.03587,0.00021428,0.03587,0.0,0.0,0.0,0.0,4.642e-05,0.0,0.0,0.0,4.642e-05,0.0,0.0,0.0,0.0,4.642e-05,4.642e-05,0.0
24461748.0,4995000000.0,5000000.0,5.0,0.0,0.0487,0.0487,0.0487,0.0487,21.428,0.42856,0.00021428,0.42856,21.428,0.0,0.00021428,0.0,0.0,0.0,0.0,0.0,4.642e-09,0.0,0.0,0.0,1e-07,0.0,0.0,0.0,0.0,1e-07,4.642e-09,0.0
24461443.0,4995000000.0,5000000.0,5.0,0.0,0.0487,0.0487,0.0487,0.0487,21.428,0.42856,0.0,0.42856,21.428,4.2856e-06,0.0,4.2856e-06,0.0,0.0,0.0,0.0,1e-11,0.0,0.0,0.0,0.001,0.0,0.0,0.0,0.0,0.001,1e-11,0.0
24464340.0,4995000000.0,5000000.0,5.0,0.0,0.0487,0.0487,0.0487,0.0487,21.428,1.5792,0.00021428,1.5792,21.428,0.013739,0.00021428,0.013739,0.0,0.0,0.0,0.0,2.154e-10,0.0,0.0,0.0,4.642e-05,0.0,0.0,0.0,0.0,4.642e-05,2.154e-10,0.0
24463843.0,4995000000.0,5000000.0,5.0,0.0,0.0487,0.0487,0.0487,0.0487,21.428,1.5792,0.0,1.5792,21.428,1.5792e-05,0.0,1.5792e-05,0.0,0.0,0.0,0.0,1e-11,0.0,0.0,0.0,4.642e-05,0.0,0.0,0.0,0.0,4.642e-05,1e-11,0.0
24467022.0,4995000000.0,5000000.0,5.0,0.0,0.0487,0.0487,0.0487,0.0487,21.428,5.8156,0.0020493,5.8156,21.428,0.00055617,0.0020493,0.00055617,0.0,0.0,0.0,0.0,0.001,0.0,0.0,0.0,0.001,0.0,0.0,0.0,0.0,0.001,0.001,0.0
24466642.0,4995000000.0,5000000.0,5.0,0.0,0.0487,0.0487,0.0487,0.0487,21.428,5.8156,0.00021428,5.8156,21.428,0.00055617,0.00021428,0.00055617,0.0,0.0,0.0,0.0,2.154e-10,0.0,0.0,0.0,2.154e-06,0.0,0.0,0.0,0.0,2.154e-06,2.154e-10,0.0
24461427.0,4995000000.0,5000000.0,5.0,0.0,0.0487,0.0487,0.0487,0.0487,21.428,0.42856,0.0,0.42856,21.428,0.0,0.0,0.0,0.0,0.0,0.0,0.0,4.642e-05,0.0,0.0,0.0,2.154e-06,0.0,0.0,0.0,0.0,2.154e-06,4.642e-05,0.0
24469346.0,4995000000.0,5000000.0,5.0,0.0,0.0487,0.0487,0.0487,0.0487,21.428,21.428,0.0020493,21.428,21.428,0.00021428,0.0020493,0.00021428,0.0,0.0,0.0,0.0,4.642e-09,0.0,0.0,0.0,0.001,0.0,0.0,0.0,0.0,0.001,4.642e-09,0.0
24469814.0,4995000000.0,5000000.0,5.0,0.0,0.0487,0.0487,0.0487,0.0487,21.428,21.428,0.019598,21.428,21.428,0.019598,0.019598,0.019598,0.0,0.0,0.0,0.0,0.001,0.0,0.0,0.0,4.642e-05,0.0,0.0,0.0,0.0,4.642e-05,0.001,0.0
24469640.0,4995000000.0,5000000.0,5.0,0.0,0.0487,0.0487,0.0487,0.0487,21.428,21.428,0.019598,21.428,21.428,0.0,0.019598,0.0,0.0,0.0,0.0,0.0,4.642e-09,0.0,0.0,0.0,0.001,0.0,0.0,0.0,0.0,0.001,4.642e-09,0.0
24464956.0,4995000000.0,5000000.0,5.0,0.0,0.0487,0.0487,0.0487,0.0487,21.428,1.5792,0.019598,1.5792,21.428,0.00015103,0.019598,0.00015103,0.0,0.0,0.0,0.0,4.642e-05,0.0,0.0,0.0,4.642e-05,0.0,0.0,0.0,0.0,4.642e-05,4.642e-05,0.0
24464697.0,4995000000.0,5000000.0,5.0,0.0,0.0487,0.0487,0.0487,0.0487,21.428,1.5792,0.0020493,1.5792,21.428,0.013739,0.0020493,0.013739,0.0,0.0,0.0,0.0,1e-07,0.0,0.0,0.0,4.642e-05,0.0,0.0,0.0,0.0,4.642e-05,1e-07,0.0
24462015.0,4995000000.0,5000000.0,5.0,0.0,0.0487,0.0487,0.0487,0.0487,21.428,0.42856,0.00021428,0.42856,21.428,0.03587,0.00021428,0.03587,0.0,0.0,0.0,0.0,4.642e-05,0.0,0.0,0.0,2.154e-06,0.0,0.0,0.0,0.0,2.154e-06,4.642e-05,0.0
24463807.0,4995000000.0,5000000.0,5.0,0.0,0.0487,0.0487,0.0487,0.0487,21.428,1.5792,0.0,1.5792,21.428,0.0,0.0,0.0,0.0,0.0,0.0,0.0,4.642e-09,0.0,0.0,0.0,2.154e-06,0.0,0.0,0.0,0.0,2.154e-06,4.642e-09,0.0
24462612.0,4995000000.0,5000000.0,5.0,0.0,0.0487,0.0487,0.0487,0.0487,21.428,0.42856,0.019598,0.42856,21.428,0.00039197,0.019598,0.00039197,0.0,0.0,0.0,0.0,0.001,0.0,0.0,0.0,0.001,0.0,0.0,0.0,0.0,0.001,0.001,0.0
24462541.0,4995000000.0,5000000.0,5.0,0.0,0.0487,0.0487,0.0487,0.0487,21.428,0.42856,0.019598,0.42856,21.428,4.0985e-05,0.019598,4.0985e-05,0.0,0.0,0.0,0.0,1e-07,0.0,0.0,0.0,4.642e-05,0.0,0.0,0.0,0.0,4.642e-05,1e-07,0.0
24464886.0,4995000000.0,5000000.0,5.0,0.0,0.0487,0.0487,0.0487,0.0487,21.428,1.5792,0.019598,1.5792,21.428,1.5792e-05,0.019598,1.5792e-05,0.0,0.0,0.0,0.0,4.642e-09,0.0,0.0,0.0,4.642e-05,0.0,0.0,0.0,0.0,4.642e-05,4.642e-09,0.0
24461812.0,4995000000.0,5000000.0,5.0,0.0,0.0487,0.0487,0.0487,0.0487,21.428,0.42856,0.00021428,0.42856,21.428,4.2856e-06,0.00021428,4.2856e-06,0.0,0.0,0.0,0.0,2.154e-06,0.0,0.0,0.0,2.154e-06,0.0,0.0,0.0,0.0,2.154e-06,2.154e-06,0.0
24463791.0,4995000000.0,5000000.0,5.0,0.0,0.0487,0.0487,0.0487,0.0487,21.428,1.5792,0.0,1.5792,21.428,0.0,0.0,0.0,0.0,0.0,0.0,0.0,1e-11,0.0,0.0,0.0,4.642e-09,0.0,0.0,0.0,0.0,4.642e-09,1e-11,0.0
24461420.0,4995000000.0,5000000.0,5.0,0.0,0.0487,0.0487,0.0487,0.0487,21.428,0.42856,0.0,0.42856,21.428,0.0,0.0,0.0,0.0,0.0,0.0,0.0,2.154e-06,0.0,0.0,0.0,2.154e-06,0.0,0.0,0.0,0.0,2.154e-06,2.154e-06,0.0
24464698.0,4995000000.0,5000000.0,5.0,0.0,0.0487,0.0487,0.0487,0.0487,21.428,1.5792,0.0020493,1.5792,21.428,0.013739,0.0020493,0.013739,0.0,0.0,0.0,0.0,1e-07,0.0,0.0,0.0,0.001,0.0,0.0,0.0,0.0,0.001,1e-07,0.0
24468968.0,4995000000.0,5000000.0,5.0,0.0,0.0487,0.0487,0.0487,0.0487,21.428,21.428,0.00021428,21.428,21.428,0.0,0.00021428,0.0,0.0,0.0,0.0,0.0,2.154e-06,0.0,0.0,0.0,0.001,0.0,0.0,0.0,0.0,0.001,2.154e-06,0.0
24460133.0,4995000000.0,5000000.0,5.0,0.0,0.0487,0.0487,0.0487,0.0487,21.428,0.11571,0.019598,0.11571,21.428,1.1066e-05,0.019598,1.1066e-05,0.0,0.0,0.0,0.0,4.642e-09,0.0,0.0,0.0,4.642e-05,0.0,0.0,0.0,0.0,4.642e-05,4.642e-09,0.0
24461876.0,4995000000.0,5000000.0,5.0,0.0,0.0487,0.0487,0.0487,0.0487,21.428,0.42856,0.00021428,0.42856,21.428,4.0985e-05,0.00021428,4.0985e-05,0.0,0.0,0.0,0.0,0.001,0.0,0.0,0.0,4.642e-05,0.0,0.0,0.0,0.0,4.642e-05,0.001,0.0
24467399.0,4995000000.0,5000000.0,5.0,0.0,0.0487,0.0487,0.0487,0.0487,21.428,5.8156,0.019598,5.8156,21.428,0.005319,0.019598,0.005319,0.0,0.0,0.0,0.0,2.154e-06,0.0,0.0,0.0,4.642e-05,0.0,0.0,0.0,0.0,4.642e-05,2.154e-06,0.0
24461512.0,4995000000.0,5000000.0,5.0,0.0,0.0487,0.0487,0.0487,0.0487,21.428,0.42856,0.0,0.42856,21.428,4.0985e-05,0.0,4.0985e-05,0.0,0.0,0.0,0.0,1e-07,0.0,0.0,0.0,4.642e-05,0.0,0.0,0.0,0.0,4.642e-05,1e-07,0.0
24462146.0,4995000000.0,5000000.0,5.0,0.0,0.0487,0.0487,0.0487,0.0487,21.428,0.42856,0.0020493,0.42856,21.428,4.2856e-06,0.0020493,4.2856e-06,0.0,0.0,0.0,0.0,1e-07,0.0,0.0,0.0,4.642e-09,0.0,0.0,0.0,0.0,4.642e-09,1e-07,0.0
24464858.0,4995000000.0,5000000.0,5.0,0.0,0.0487,0.0487,0.0487,0.0487,21.428,1.5792,0.019598,1.5792,21.428,0.0,0.019598,0.0,0.0,0.0,0.0,0.0,4.642e-05,0.0,0.0,0.0,4.642e-05,0.0,0.0,0.0,0.0,4.642e-05,4.642e-05,0.0
24462602.0,4995000000.0,5000000.0,5.0,0.0,0.0487,0.0487,0.0487,0.0487,21.428,0.42856,0.019598,0.42856,21.428,0.00039197,0.019598,0.00039197,0.0,0.0,0.0,0.0,4.642e-05,0.0,0.0,0.0,1e-07,0.0,0.0,0.0,0.0,1e-07,4.642e-05,0.0
24461847.0,4995000000.0,5000000.0,5.0,0.0,0.0487,0.0487,0.0487,0.0487,21.428,0.42856,0.00021428,0.42856,21.428,4.0985e-05,0.00021428,4.0985e-05,0.0,0.0,0.0,0.0,4.642e-09,0.0,0.0,0.0,2.154e-06,0.0,0.0,0.0,0.0,2.154e-06,4.642e-09,0.0
24462294.0,4995000000.0,5000000.0,5.0,0.0,0.0487,0.0487,0.0487,0.0487,21.428,0.42856,0.0020493,0.42856,21.428,0.0037285,0.0020493,0.0037285,0.0,0.0,0.0,0.0,1e-07,0.0,0.0,0.0,1e-07,0.0,0.0,0.0,0.0,1e-07,1e-07,0.0
24469038.0,4995000000.0,5000000.0,5.0,0.0,0.0487,0.0487,0.0487,0.0487,21.428,21.428,0.00021428,21.428,21.428,0.0020493,0.00021428,0.0020493,0.0,0.0,0.0,0.0,1e-11,0.0,0.0,0.0,0.001,0.0,0.0,0.0,0.0,0.001,1e-11,0.0
24461890.0,4995000000.0,5000000.0,5.0,0.0,0.0487,0.0487,0.0487,0.0487,21.428,0.42856,0.00021428,0.42856,21.428,0.00039197,0.00021428,0.00039197,0.0,0.0,0.0,0.0,2.154e-10,0.0,0.0,0.0,4.642e-05,0.0,0.0,0.0,0.0,4.642e-05,2.154e-10,0.0
24462304.0,4995000000.0,5000000.0,5.0,0.0,0.0487,0.0487,0.0487,0.0487,21.428,0.42856,0.0020493,0.42856,21.428,0.0037285,0.0020493,0.0037285,0.0,0.0,0.0,0.0,2.154e-06,0.0,0.0,0.0,0.001,0.0,0.0,0.0,0.0,0.001,2.154e-06,0.0
24460218.0,4995000000.0,5000000.0,5.0,0.0,0.0487,0.0487,0.0487,0.0487,21.428,0.11571,0.019598,0.11571,21.428,0.0010067,0.019598,0.0010067,0.0,0.0,0.0,0.0,1e-11,0.0,0.0,0.0,0.001,0.0,0.0,0.0,0.0,0.001,1e-11,0.0
24462605.0,4995000000.0,5000000.0,5.0,0.0,0.0487,0.0487,0.0487,0.0487,21.428,0.42856,0.019598,0.42856,21.428,0.00039197,0.019598,0.00039197,0.0,0.0,0.0,0.0,4.642e-05,0.0,0.0,0.0,0.001,0.0,0.0,0.0,0.0,0.001,4.642e-05,0.0
24467376.0,4995000000.0,5000000.0,5.0,0.0,0.0487,0.0487,0.0487,0.0487,21.428,5.8156,0.019598,5.8156,21.428,0.005319,0.019598,0.005319,0.0,0.0,0.0,0.0,2.154e-10,0.0,0.0,0.0,1e-07,0.0,0.0,0.0,0.0,1e-07,2.154e-10,0.0
24464211.0,4995000000.0,5000000.0,5.0,0.0,0.0487,0.0487,0.0487,0.0487,21.428,1.5792,0.00021428,1.5792,21.428,1.5792e-05,0.00021428,1.5792e-05,0.0,0.0,0.0,0.0,2.154e-06,0.0,0.0,0.0,4.642e-09,0.0,0.0,0.0,0.0,4.642e-09,2.154e-06,0.0
24462520.0,4995000000.0,5000000.0,5.0,0.0,0.0487,0.0487,0.0487,0.0487,21.428,0.42856,0.019598,0.42856,21.428,4.0985e-05,0.019598,4.0985e-05,0.0,0.0,0.0,0.0,1e-11,0.0,0.0,0.0,4.642e-05,0.0,0.0,0.0,0.0,4.642e-05,1e-11,0.0
24461866.0,4995000000.0,5000000.0,5.0,0.0,0.0487,0.0487,0.0487,0.0487,21.428,0.42856,0.00021428,0.42856,21.428,4.0985e-05,0.00021428,4.0985e-05,0.0,0.0,0.0,0.0,4.642e-05,0.0,0.0,0.0,4.642e-09,0.0,0.0,0.0,0.0,4.642e-09,4.642e-05,0.0
24463829.0,4995000000.0,5000000.0,5.0,0.0,0.0487,0.0487,0.0487,0.0487,21.428,1.5792,0.0,1.5792,21.428,0.0,0.0,0.0,0.0,0.0,0.0,0.0,4.642e-05,0.0,0.0,0.0,4.642e-05,0.0,0.0,0.0,0.0,4.642e-05,4.642e-05,0.0
24467370.0,4995000000.0,5000000.0,5.0,0.0,0.0487,0.0487,0.0487,0.0487,21.428,5.8156,0.019598,5.8156,21.428,0.005319,0.019598,0.005319,0.0,0.0,0.0,0.0,1e-11,0.0,0.0,0.0,2.154e-06,0.0,0.0,0.0,0.0,2.154e-06,1e-11,0.0
24460189.0,4995000000.0,5000000.0,5.0,0.0,0.0487,0.0487,0.0487,0.0487,21.428,0.11571,0.019598,0.11571,21.428,0.00010583,0.019598,0.00010583,0.0,0.0,0.0,0.0,1e-07,0.0,0.0,0.0,4.642e-05,0.0,0.0,0.0,0.0,4.642e-05,1e-07,0.0
24463928.0,4995000000.0,5000000.0,5.0,0.0,0.0487,0.0487,0.0487,0.0487,21.428,1.5792,0.0,1.5792,21.428,0.00015103,0.0,0.00015103,0.0,0.0,0.0,0.0,4.642e-05,0.0,0.0,0.0,0.001,0.0,0.0,0.0,0.0,0.001,4.642e-05,0.0
24462118.0,4995000000.0,5000000.0,5.0,0.0,0.0487,0.0487,0.0487,0.0487,21.428,0.42856,0.0020493,0.42856,21.428,0.0,0.0020493,0.0,0.0,0.0,0.0,0.0,0.001,0.0,0.0,0.0,4.642e-09,0.0,0.0,0.0,0.0,4.642e-09,0.001,0.0
24464915.0,4995000000.0,5000000.0,5.0,0.0,0.0487,0.0487,0.0487,0.0487,21.428,1.5792,0.019598,1.5792,21.428,1.5792e-05,0.019598,1.5792e-05,0.0,0.0,0.0,0.0,0.001,0.0,0.0,0.0,0.001,0.0,0.0,0.0,0.0,0.001,0.001,0.0
24466719.0,4995000000.0,5000000.0,5.0,0.0,0.0487,0.0487,0.0487,0.0487,21.428,5.8156,0.00021428,5.8156,21.428,0.005319,0.00021428,0.005319,0.0,0.0,0.0,0.0,4.642e-05,0.0,0.0,0.0,2.154e-06,0.0,0.0,0.0,0.0,2.154e-06,4.642e-05,0.0
24461503.0,4995000000.0,5000000.0,5.0,0.0,0.0487,0.0487,0.0487,0.0487,21.428,0.42856,0.0,0.42856,21.428,4.0985e-05,0.0,4.0985e-05,0.0,0.0,0.0,0.0,4.642e-09,0.0,0.0,0.0,1e-07,0.0,0.0,0.0,0.0,1e-07,4.642e-09,0.0
24465018.0,4995000000.0,5000000.0,5.0,0.0,0.0487,0.0487,0.0487,0.0487,21.428,1.5792,0.019598,1.5792,21.428,0.013739,0.019598,0.013739,0.0,0.0,0.0,0.0,1e-11,0.0,0.0,0.0,2.154e-06,0.0,0.0,0.0,0.0,2.154e-06,1e-11,0.0
24462286.0,4995000000.0,5000000.0,5.0,0.0,0.0487,0.0487,0.0487,0.0487,21.428,0.42856,0.0020493,0.42856,21.428,0.0037285,0.0020493,0.0037285,0.0,0.0,0.0,0.0,4.642e-09,0.0,0.0,0.0,4.642e-09,0.0,0.0,0.0,0.0,4.642e-09,4.642e-09,0.0
24467287.0,4995000000.0,5000000.0,5.0,0.0,0.0487,0.0487,0.0487,0.0487,21.428,5.8156,0.019598,5.8156,21.428,5.8156e-05,0.019598,5.8156e-05,0.0,0.0,0.0,0.0,4.642e-09,0.0,0.0,0.0,4.642e-05,0.0,0.0,0.0,0.0,4.642e-05,4.642e-09,0.0
24460139.0,4995000000.0,5000000.0,5.0,0.0,0.0487,0.0487,0.0487,0.0487,21.428,0.11571,0.019598,0.11571,21.428,1.1066e-05,0.019598,1.1066e-05,0.0,0.0,0.0,0.0,1e-07,0.0,0.0,0.0,2.154e-06,0.0,0.0,0.0,0.0,2.154e-06,1e-07,0.0
24461418.0,4995000000.0,5000000.0,5.0,0.0,0.0487,0.0487,0.0487,0.0487,21.428,0.42856,0.0,0.42856,21.428,0.0,0.0,0.0,0.0,0.0,0.0,0.0,2.154e-06,0.0,0.0,0.0,4.642e-09,0.0,0.0,0.0,0.0,4.642e-09,2.154e-06,0.0
24466347.0,4995000000.0,5000000.0,5.0,0.0,0.0487,0.0487,0.0487,0.0487,21.428,5.8156,0.0,5.8156,21.428,0.005319,0.0,0.005319,0.0,0.0,0.0,0.0,2.154e-10,0.0,0.0,0.0,1e-07,0.0,0.0,0.0,0.0,1e-07,2.154e-10,0.0
24466970.0,4995000000.0,5000000.0,5.0,0.0,0.0487,0.0487,0.0487,0.0487,21.428,5.8156,0.0020493,5.8156,21.428,5.8156e-05,0.0020493,5.8156e-05,0.0,0.0,0.0,0.0,0.001,0.0,0.0,0.0,1e-07,0.0,0.0,0.0,0.0,1e-07,0.001,0.0
24466327.0,4995000000.0,5000000.0,5.0,0.0,0.0487,0.0487,0.0487,0.0487,21.428,5.8156,0.0,5.8156,21.428,0.00055617,0.0,0.00055617,0.0,0.0,0.0,0.0,4.642e-05,0.0,0.0,0.0,2.154e-06,0.0,0.0,0.0,0.0,2.154e-06,4.642e-05,0.0
24461894.0,4995000000.0,5000000.0,5.0,0.0,0.0487,0.0487,0.0487,0.0487,21.428,0.42856,0.00021428,0.42856,21.428,0.00039197,0.00021428,0.00039197,0.0,0.0,0.0,0.0,4.642e-09,0.0,0.0,0.0,4.642e-09,0.0,0.0,0.0,0.0,4.642e-09,4.642e-09,0.0
24461497.0,4995000000.0,5000000.0,5.0,0.0,0.0487,0.0487,0.0487,0.0487,21.428,0.42856,0.0,0.42856,21.428,4.0985e-05,0.0,4.0985e-05,0.0,0.0,0.0,0.0,2.154e-10,0.0,0.0,0.0,2.154e-06,0.0,0.0,0.0,0.0,2.154e-06,2.154e-10,0.0
24463995.0,4995000000.0,5000000.0,5.0,0.0,0.0487,0.0487,0.0487,0.0487,21.428,1.5792,0.0,1.5792,21.428,0.013739,0.0,0.013739,0.0,0.0,0.0,0.0,2.154e-10,0.0,0.0,0.0,1e-07,0.0,0.0,0.0,0.0,1e-07,2.154e-10,0.0
24464368.0,4995000000.0,5000000.0,5.0,0.0,0.0487,0.0487,0.0487,0.0487,21.428,1.5792,0.00021428,1.5792,21.428,0.013739,0.00021428,0.013739,0.0,0.0,0.0,0.0,4.642e-05,0.0,0.0,0.0,4.642e-05,0.0,0.0,0.0,0.0,4.642e-05,4.642e-05,0.0
24466607.0,4995000000.0,5000000.0,5.0,0.0,0.0487,0.0487,0.0487,0.0487,21.428,5.8156,0.00021428,5.8156,21.428,5.8156e-05,0.00021428,5.8156e-05,0.0,0.0,0.0,0.0,1e-07,0.0,0.0,0.0,2.154e-06,0.0,0.0,0.0,0.0,2.154e-06,1e-07,0.0
24463864.0,4995000000.0,5000000.0,5.0,0.0,0.0487,0.0487,0.0487,0.0487,21.428,1.5792,0.0,1.5792,21.428,1.5792e-05,0.0,1.5792e-05,0.0,0.0,0.0,0.0,1e-07,0.0,0.0,0.0,4.642e-05,0.0,0.0,0.0,0.0,4.642e-05,1e-07,0.0
24466976.0,4995000000.0,5000000.0,5.0,0.0,0.0487,0.0487,0.0487,0.0487,21.428,5.8156,0.0020493,5.8156,21.428,0.00055617,0.0020493,0.00055617,0.0,0.0,0.0,0.0,1e-11,0.0,0.0,0.0,4.642e-09,0.0,0.0,0.0,0.0,4.642e-09,1e-11,0.0
24460239.0,4995000000.0,5000000.0,5.0,0.0,0.0487,0.0487,0.0487,0.0487,21.428,0.11571,0.019598,0.11571,21.428,0.0010067,0.019598,0.0010067,0.0,0.0,0.0,0.0,1e-07,0.0,0.0,0.0,0.001,0.0,0.0,0.0,0.0,0.001,1e-07,0.0
24462251.0,4995000000.0,5000000.0,5.0,0.0,0.0487,0.0487,0.0487,0.0487,21.428,0.42856,0.0020493,0.42856,21.428,0.00039197,0.0020493,0.00039197,0.0,0.0,0.0,0.0,2.154e-06,0.0,0.0,0.0,4.642e-09,0.0,0.0,0.0,0.0,4.642e-09,2.154e-06,0.0
24467274.0,4995000000.0,5000000.0,5.0,0.0,0.0487,0.0487,0.0487,0.0487,21.428,5.8156,0.019598,5.8156,21.428,5.8156e-05,0.019598,5.8156e-05,0.0,0.0,0.0,0.0,1e-11,0.0,0.0,0.0,0.001,0.0,0.0,0.0,0.0,0.001,1e-11,0.0
24462226.0,4995000000.0,5000000.0,5.0,0.0,0.0487,0.0487,0.0487,0.0487,21.428,0.42856,0.0020493,0.42856,21.428,0.00039197,0.0020493,0.00039197,0.0,0.0,0.0,0.0,1e-11,0.0,0.0,0.0,4.642e-05,0.0,0.0,0.0,0.0,4.642e-05,1e-11,0.0
24466902.0,4995000000.0,5000000.0,5.0,0.0,0.0487,0.0487,0.0487,0.0487,21.428,5.8156,0.0020493,5.8156,21.428,0.0,0.0020493,0.0,0.0,0.0,0.0,0.0,1e-07,0.0,0.0,0.0,4.642e-05,0.0,0.0,0.0,0.0,4.642e-05,1e-07,0.0
24462582.0,4995000000.0,5000000.0,5.0,0.0,0.0487,0.0487,0.0487,0.0487,21.428,0.42856,0.019598,0.42856,21.428,0.00039197,0.019598,0.00039197,0.0,0.0,0.0,0.0,4.642e-09,0.0,0.0,0.0,2.154e-06,0.0,0.0,0.0,0.0,2.154e-06,4.642e-09,0.0
24461874.0,4995000000.0,5000000.0,5.0,0.0,0.0487,0.0487,0.0487,0.0487,21.428,0.42856,0.00021428,0.42856,21.428,4.0985e-05,0.00021428,4.0985e-05,0.0,0.0,0.0,0.0,0.001,0.0,0.0,0.0,1e-07,0.0,0.0,0.0,0.0,1e-07,0.001,0.0
24463991.0,4995000000.0,5000000.0,5.0,0.0,0.0487,0.0487,0.0487,0.0487,21.428,1.5792,0.0,1.5792,21.428,0.013739,0.0,0.013739,0.0,0.0,0.0,0.0,1e-11,0.0,0.0,0.0,0.001,0.0,0.0,0.0,0.0,0.001,1e-11,0.0
24461807.0,4995000000.0,5000000.0,5.0,0.0,0.0487,0.0487,0.0487,0.0487,21.428,0.42856,0.00021428,0.42856,21.428,4.2856e-06,0.00021428,4.2856e-06,0.0,0.0,0.0,0.0,1e-07,0.0,0.0,0.0,0.001,0.0,0.0,0.0,0.0,0.001,1e-07,0.0
24461895.0,4995000000.0,5000000.0,5.0,0.0,0.0487,0.0487,0.0487,0.0487,21.428,0.42856,0.00021428,0.42856,21.428,0.00039197,0.00021428,0.00039197,0.0,0.0,0.0,0.0,4.642e-09,0.0,0.0,0.0,1e-07,0.0,0.0,0.0,0.0,1e-07,4.642e-09,0.0
24464673.0,4995000000.0,5000000.0,5.0,0.0,0.0487,0.0487,0.0487,0.0487,21.428,1.5792,0.0020493,1.5792,21.428,0.013739,0.0020493,0.013739,0.0,0.0,0.0,0.0,1e-11,0.0,0.0,0.0,4.642e-09,0.0,0.0,0.0,0.0,4.642e-09,1e-11,0.0
24461587.0,4995000000.0,5000000.0,5.0,0.0,0.0487,0.0487,0.0487,0.0487,21.428,0.42856,0.0,0.42856,21.428,0.0037285,0.0,0.0037285,0.0,0.0,0.0,0.0,1e-11,0.0,0.0,0.0,1e-07,0.0,0.0,0.0,0.0,1e-07,1e-11,0.0
24464338.0,4995000000.0,5000000.0,5.0,0.0,0.0487,0.0487,0.0487,0.0487,21.428,1.5792,0.00021428,1.5792,21.428,0.013739,0.00021428,0.013739,0.0,0.0,0.0,0.0,2.154e-10,0.0,0.0,0.0,1e-07,0.0,0.0,0.0,0.0,1e-07,2.154e-10,0.0
24463795.0,4995000000.0,5000000.0,5.0,0.0,0.0487,0.0487,0.0487,0.0487,21.428,1.5792,0.0,1.5792,21.428,0.0,0.0,0.0,0.0,0.0,0.0,0.0,1e-11,0.0,0.0,0.0,0.001,0.0,0.0,0.0,0.0,0.001,1e-11,0.0
24466236.0,4995000000.0,5000000.0,5.0,0.0,0.0487,0.0487,0.0487,0.0487,21.428,5.8156,0.0,5.8156,21.428,0.0,0.0,0.0,0.0,0.0,0.0,0.0,0.001,0.0,0.0,0.0,2.154e-06,0.0,0.0,0.0,0.0,2.154e-06,0.001,0.0
24461446.0,4995000000.0,5000000.0,5.0,0.0,0.0487,0.0487,0.0487,0.0487,21.428,0.42856,0.0,0.42856,21.428,4.2856e-06,0.0,4.2856e-06,0.0,0.0,0.0,0.0,2.154e-10,0.0,0.0,0.0,4.642e-09,0.0,0.0,0.0,0.0,4.642e-09,2.154e-10,0.0
24462640.0,4995000000.0,5000000.0,5.0,0.0,0.0487,0.0487,0.0487,0.0487,21.428,0.42856,0.019598,0.42856,21.428,0.0037285,0.019598,0.0037285,0.0,0.0,0.0,0.0,1e-07,0.0,0.0,0.0,0.001,0.0,0.0,0.0,0.0,0.001,1e-07,0.0
24466915.0,4995000000.0,5000000.0,5.0,0.0,0.0487,0.0487,0.0487,0.0487,21.428,5.8156,0.0020493,5.8156,21.428,0.0,0.0020493,0.0,0.0,0.0,0.0,0.0,4.642e-05,0.0,0.0,0.0,2.154e-06,0.0,0.0,0.0,0.0,2.154e-06,4.642e-05,0.0
24462476.0,4995000000.0,5000000.0,5.0,0.0,0.0487,0.0487,0.0487,0.0487,21.428,0.42856,0.019598,0.42856,21.428,4.2856e-06,0.019598,4.2856e-06,0.0,0.0,0.0,0.0,2.154e-10,0.0,0.0,0.0,1e-07,0.0,0.0,0.0,0.0,1e-07,2.154e-10,0.0
24461883.0,4995000000.0,5000000.0,5.0,0.0,0.0487,0.0487,0.0487,0.0487,21.428,0.42856,0.00021428,0.42856,21.428,0.00039197,0.00021428,0.00039197,0.0,0.0,0.0,0.0,1e-11,0.0,0.0,0.0,4.642e-05,0.0,0.0,0.0,0.0,4.642e-05,1e-11,0.0
24461897.0,4995000000.0,5000000.0,5.0,0.0,0.0487,0.0487,0.0487,0.0487,21.428,0.42856,0.00021428,0.42856,21.428,0.00039197,0.00021428,0.00039197,0.0,0.0,0.0,0.0,4.642e-09,0.0,0.0,0.0,4.642e-05,0.0,0.0,0.0,0.0,4.642e-05,4.642e-09,0.0
24462259.0,4995000000.0,5000000.0,5.0,0.0,0.0487,0.0487,0.0487,0.0487,21.428,0.42856,0.0020493,0.42856,21.428,0.00039197,0.0020493,0.00039197,0.0,0.0,0.0,0.0,4.642e-05,0.0,0.0,0.0,1e-07,0.0,0.0,0.0,0.0,1e-07,4.642e-05,0.0
24461912.0,4995000000.0,5000000.0,5.0,0.0,0.0487,0.0487,0.0487,0.0487,21.428,0.42856,0.00021428,0.42856,21.428,0.00039197,0.00021428,0.00039197,0.0,0.0,0.0,0.0,2.154e-06,0.0,0.0,0.0,0.001,0.0,0.0,0.0,0.0,0.001,2.154e-06,0.0
24466291.0,4995000000.0,5000000.0,5.0,0.0,0.0487,0.0487,0.0487,0.0487,21.428,5.8156,0.0,5.8156,21.428,0.00055617,0.0,0.00055617,0.0,0.0,0.0,0.0,1e-11,0.0,0.0,0.0,1e-07,0.0,0.0,0.0,0.0,1e-07,1e-11,0.0
24463973.0,4995000000.0,5000000.0,5.0,0.0,0.0487,0.0487,0.0487,0.0487,21.428,1.5792,0.0,1.5792,21.428,0.0014444,0.0,0.0014444,0.0,0.0,0.0,0.0,4.642e-05,0.0,0.0,0.0,4.642e-09,0.0,0.0,0.0,0.0,4.642e-09,4.642e-05,0.0
24464346.0,4995000000.0,5000000.0,5.0,0.0,0.0487,0.0487,0.0487,0.0487,21.428,1.5792,0.00021428,1.5792,21.428,0.013739,0.00021428,0.013739,0.0,0.0,0.0,0.0,4.642e-09,0.0,0.0,0.0,2.154e-06,0.0,0.0,0.0,0.0,2.154e-06,4.642e-09,0.0
24468947.0,4995000000.0,5000000.0,5.0,0.0,0.0487,0.0487,0.0487,0.0487,21.428,21.428,0.00021428,21.428,21.428,0.0,0.00021428,0.0,0.0,0.0,0.0,0.0,2.154e-10,0.0,0.0,0.0,0.001,0.0,0.0,0.0,0.0,0.001,2.154e-10,0.0
24461782.0,4995000000.0,5000000.0,5.0,0.0,0.0487,0.0487,0.0487,0.0487,21.428,0.42856,0.00021428,0.42856,21.428,4.2856e-06,0.00021428,4.2856e-06,0.0,0.0,0.0,0.0,1e-11,0.0,0.0,0.0,4.642e-09,0.0,0.0,0.0,0.0,4.642e-09,1e-11,0.0
24460293.0,4995000000.0,5000000.0,5.0,0.0,0.0487,0.0487,0.0487,0.0487,21.428,0.11571,0.019598,0.11571,21.428,0.009685,0.019598,0.009685,0.0,0.0,0.0,0.0,2.154e-06,0.0,0.0,0.0,2.154e-06,0.0,0.0,0.0,0.0,2.154e-06,2.154e-06,0.0
24464579.0,4995000000.0,5000000.0,5.0,0.0,0.0487,0.0487,0.0487,0.0487,21.428,1.5792,0.0020493,1.5792,21.428,0.00015103,0.0020493,0.00015103,0.0,0.0,0.0,0.0,1e-11,0.0,0.0,0.0,0.001,0.0,0.0,0.0,0.0,0.001,1e-11,0.0
24460127.0,4995000000.0,5000000.0,5.0,0.0,0.0487,0.0487,0.0487,0.0487,21.428,0.11571,0.019598,0.11571,21.428,1.1066e-05,0.019598,1.1066e-05,0.0,0.0,0.0,0.0,2.154e-10,0.0,0.0,0.0,0.001,0.0,0.0,0.0,0.0,0.001,2.154e-10,0.0
24467027.0,4995000000.0,5000000.0,5.0,0.0,0.0487,0.0487,0.0487,0.0487,21.428,5.8156,0.0020493,5.8156,21.428,0.005319,0.0020493,0.005319,0.0,0.0,0.0,0.0,1e-11,0.0,0.0,0.0,2.154e-06,0.0,0.0,0.0,0.0,2.154e-06,1e-11,0.0
24462174.0,4995000000.0,5000000.0,5.0,0.0,0.0487,0.0487,0.0487,0.0487,21.428,0.42856,0.0020493,0.42856,21.428,4.0985e-05,0.0020493,4.0985e-05,0.0,0.0,0.0,0.0,1e-11,0.0,0.0,0.0,4.642e-09,0.0,0.0,0.0,0.0,4.642e-09,1e-11,0.0
24468702.0,4995000000.0,5000000.0,5.0,0.0,0.0487,0.0487,0.0487,0.0487,21.428,21.428,0.0,21.428,21.428,0.0020493,0.0,0.0020493,0.0,0.0,0.0,0.0,2.154e-10,0.0,0.0,0.0,0.001,0.0,0.0,0.0,0.0,0.001,2.154e-10,0.0
24467056.0,4995000000.0,5000000.0,5.0,0.0,0.0487,0.0487,0.0487,0.0487,21.428,5.8156,0.0020493,5.8156,21.428,0.005319,0.0020493,0.005319,0.0,0.0,0.0,0.0,2.154e-06,0.0,0.0,0.0,4.642e-05,0.0,0.0,0.0,0.0,4.642e-05,2.154e-06,0.0
24463903.0,4995000000.0,5000000.0,5.0,0.0,0.0487,0.0487,0.0487,0.0487,21.428,1.5792,0.0,1.5792,21.428,0.00015103,0.0,0.00015103,0.0,0.0,0.0,0.0,4.642e-09,0.0,0.0,0.0,4.642e-09,0.0,0.0,0.0,0.0,4.642e-09,4.642e-09,0.0
24462091.0,4995000000.0,5000000.0,5.0,0.0,0.0487,0.0487,0.0487,0.0487,21.428,0.42856,0.0020493,0.42856,21.428,0.0,0.0020493,0.0,0.0,0.0,0.0,0.0,4.642e-09,0.0,0.0,0.0,1e-07,0.0,0.0,0.0,0.0,1e-07,4.642e-09,0.0
24460237.0,4995000000.0,5000000.0,5.0,0.0,0.0487,0.0487,0.0487,0.0487,21.428,0.11571,0.019598,0.11571,21.428,0.0010067,0.019598,0.0010067,0.0,0.0,0.0,0.0,1e-07,0.0,0.0,0.0,2.154e-06,0.0,0.0,0.0,0.0,2.154e-06,1e-07,0.0
24461470.0,4995000000.0,5000000.0,5.0,0.0,0.0487,0.0487,0.0487,0.0487,21.428,0.42856,0.0,0.42856,21.428,4.2856e-06,0.0,4.2856e-06,0.0,0.0,0.0,0.0,2.154e-06,0.0,0.0,0.0,4.642e-05,0.0,0.0,0.0,0.0,4.642e-05,2.154e-06,0.0
24462511.0,4995000000.0,5000000.0,5.0,0.0,0.0487,0.0487,0.0487,0.0487,21.428,0.42856,0.019598,0.42856,21.428,4.2856e-06,0.019598,4.2856e-06,0.0,0.0,0.0,0.0,0.001,0.0,0.0,0.0,1e-07,0.0,0.0,0.0,0.0,1e-07,0.001,0.0
24462325.0,4995000000.0,5000000.0,5.0,0.0,0.0487,0.0487,0.0487,0.0487,21.428,0.42856,0.0020493,0.42856,21.428,0.03587,0.0020493,0.03587,0.0,0.0,0.0,0.0,1e-11,0.0,0.0,0.0,0.001,0.0,0.0,0.0,0.0,0.001,1e-11,0.0
24461869.0,4995000000.0,5000000.0,5.0,0.0,0.0487,0.0487,0.0487,0.0487,21.428,0.42856,0.00021428,0.42856,21.428,4.0985e-05,0.00021428,4.0985e-05,0.0,0.0,0.0,0.0,4.642e-05,0.0,0.0,0.0,4.642e-05,0.0,0.0,0.0,0.0,4.642e-05,4.642e-05,0.0
24461916.0,4995000000.0,5000000.0,5.0,0.0,0.0487,0.0487,0.0487,0.0487,21.428,0.42856,0.00021428,0.42856,21.428,0.00039197,0.00021428,0.00039197,0.0,0.0,0.0,0.0,4.642e-05,0.0,0.0,0.0,1e-07,0.0,0.0,0.0,0.0,1e-07,4.642e-05,0.0
24464634.0,4995000000.0,5000000.0,5.0,0.0,0.0487,0.0487,0.0487,0.0487,21.428,1.5792,0.0020493,1.5792,21.428,0.0014444,0.0020493,0.0014444,0.0,0.0,0.0,0.0,2.154e-10,0.0,0.0,0.0,4.642e-05,0.0,0.0,0.0,0.0,4.642e-05,2.154e-10,0.0
24464619.0,4995000000.0,5000000.0,5.0,0.0,0.0487,0.0487,0.0487,0.0487,21.428,1.5792,0.0020493,1.5792,21.428,0.00015103,0.0020493,0.00015103,0.0,0.0,0.0,0.0,0.001,0.0,0.0,0.0,2.154e-06,0.0,0.0,0.0,0.0,2.154e-06,0.001,0.0
24462114.0,4995000000.0,5000000.0,5.0,0.0,0.0487,0.0487,0.0487,0.0487,21.428,0.42856,0.0020493,0.42856,21.428,0.0,0.0020493,0.0,0.0,0.0,0.0,0.0,4.642e-05,0.0,0.0,0.0,4.642e-05,0.0,0.0,0.0,0.0,4.642e-05,4.642e-05,0.0
24462253.0,4995000000.0,5000000.0,5.0,0.0,0.0487,0.0487,0.0487,0.0487,21.428,0.42856,0.0020493,0.42856,21.428,0.00039197,0.0020493,0.00039197,0.0,0.0,0.0,0.0,2.154e-06,0.0,0.0,0.0,2.154e-06,0.0,0.0,0.0,0.0,2.154e-06,2.154e-06,0.0
24464312.0,4995000000.0,5000000.0,5.0,0.0,0.0487,0.0487,0.0487,0.0487,21.428,1.5792,0.00021428,1.5792,21.428,0.0014444,0.00021428,0.0014444,0.0,0.0,0.0,0.0,2.154e-06,0.0,0.0,0.0,4.642e-05,0.0,0.0,0.0,0.0,4.642e-05,2.154e-06,0.0
24462206.0,4995000000.0,5000000.0,5.0,0.0,0.0487,0.0487,0.0487,0.0487,21.428,0.42856,0.0020493,0.42856,21.428,4.0985e-05,0.0020493,4.0985e-05,0.0,0.0,0.0,0.0,2.154e-06,0.0,0.0,0.0,0.001,0.0,0.0,0.0,0.0,0.001,2.154e-06,0.0
24464563.0,4995000000.0,5000000.0,5.0,0.0,0.0487,0.0487,0.0487,0.0487,21.428,1.5792,0.0020493,1.5792,21.428,1.5792e-05,0.0020493,1.5792e-05,0.0,0.0,0.0,0.0,4.642e-05,0.0,0.0,0.0,2.154e-06,0.0,0.0,0.0,0.0,2.154e-06,4.642e-05,0.0
24468737.0,4995000000.0,5000000.0,5.0,0.0,0.0487,0.0487,0.0487,0.0487,21.428,21.428,0.0,21.428,21.428,0.0020493,0.0,0.0020493,0.0,0.0,0.0,0.0,0.001,0.0,0.0,0.0,0.001,0.0,0.0,0.0,0.0,0.001,0.001,0.0
24463941.0,4995000000.0,5000000.0,5.0,0.0,0.0487,0.0487,0.0487,0.0487,21.428,1.5792,0.0,1.5792,21.428,0.0014444,0.0,0.0014444,0.0,0.0,0.0,0.0,1e-11,0.0,0.0,0.0,4.642e-05,0.0,0.0,0.0,0.0,4.642e-05,1e-11,0.0
24461751.0,4995000000.0,5000000.0,5.0,0.0,0.0487,0.0487,0.0487,0.0487,21.428,0.42856,0.00021428,0.42856,21.428,0.0,0.00021428,0.0,0.0,0.0,0.0,0.0,4.642e-09,0.0,0.0,0.0,0.001,0.0,0.0,0.0,0.0,0.001,4.642e-09,0.0
24461474.0,4995000000.0,5000000.0,5.0,0.0,0.0487,0.0487,0.0487,0.0487,21.428,0.42856,0.0,0.42856,21.428,4.2856e-06,0.0,4.2856e-06,0.0,0.0,0.0,0.0,4.642e-05,0.0,0.0,0.0,4.642e-09,0.0,0.0,0.0,0.0,4.642e-09,4.642e-05,0.0
24460168.0,4995000000.0,5000000.0,5.0,0.0,0.0487,0.0487,0.0487,0.0487,21.428,0.11571,0.019598,0.11571,21.428,0.00010583,0.019598,0.00010583,0.0,0.0,0.0,0.0,1e-11,0.0,0.0,0.0,4.642e-05,0.0,0.0,0.0,0.0,4.642e-05,1e-11,0.0
24463861.0,4995000000.0,5000000.0,5.0,0.0,0.0487,0.0487,0.0487,0.0487,21.428,1.5792,0.0,1.5792,21.428,1.5792e-05,0.0,1.5792e-05,0.0,0.0,0.0,0.0,1e-07,0.0,0.0,0.0,4.642e-09,0.0,0.0,0.0,0.0,4.642e-09,1e-07,0.0
24462598.0,4995000000.0,5000000.0,5.0,0.0,0.0487,0.0487,0.0487,0.0487,21.428,0.42856,0.019598,0.42856,21.428,0.00039197,0.019598,0.00039197,0.0,0.0,0.0,0.0,2.154e-06,0.0,0.0,0.0,0.001,0.0,0.0,0.0,0.0,0.001,2.154e-06,0.0
24461621.0,4995000000.0,5000000.0,5.0,0.0,0.0487,0.0487,0.0487,0.0487,21.428,0.42856,0.0,0.42856,21.428,0.0037285,0.0,0.0037285,0.0,0.0,0.0,0.0,4.642e-05,0.0,0.0,0.0,4.642e-09,0.0,0.0,0.0,0.0,4.642e-09,4.642e-05,0.0
24467315.0,4995000000.0,5000000.0,5.0,0.0,0.0487,0.0487,0.0487,0.0487,21.428,5.8156,0.019598,5.8156,21.428,5.8156e-05,0.019598,5.8156e-05,0.0,0.0,0.0,0.0,0.001,0.0,0.0,0.0,4.642e-05,0.0,0.0,0.0,0.0,4.642e-05,0.001,0.0
24461915.0,4995000000.0,5000000.0,5.0,0.0,0.0487,0.0487,0.0487,0.0487,21.428,0.42856,0.00021428,0.42856,21.428,0.00039197,0.00021428,0.00039197,0.0,0.0,0.0,0.0,4.642e-05,0.0,0.0,0.0,4.642e-09,0.0,0.0,0.0,0.0,4.642e-09,4.642e-05,0.0
24466958.0,4995000000.0,5000000.0,5.0,0.0,0.0487,0.0487,0.0487,0.0487,21.428,5.8156,0.0020493,5.8156,21.428,5.8156e-05,0.0020493,5.8156e-05,0.0,0.0,0.0,0.0,2.154e-06,0.0,0.0,0.0,4.642e-05,0.0,0.0,0.0,0.0,4.642e-05,2.154e-06,0.0
24462703.0,4995000000.0,5000000.0,5.0,0.0,0.0487,0.0487,0.0487,0.0487,21.428,0.42856,0.019598,0.42856,21.428,0.03587,0.019598,0.03587,0.0,0.0,0.0,0.0,4.642e-05,0.0,0.0,0.0,0.001,0.0,0.0,0.0,0.0,0.001,4.642e-05,0.0
24460224.0,4995000000.0,5000000.0,5.0,0.0,0.0487,0.0487,0.0487,0.0487,21.428,0.11571,0.019598,0.11571,21.428,0.0010067,0.019598,0.0010067,0.0,0.0,0.0,0.0,2.154e-10,0.0,0.0,0.0,4.642e-05,0.0,0.0,0.0,0.0,4.642e-05,2.154e-10,0.0
24461539.0,4995000000.0,5000000.0,5.0,0.0,0.0487,0.0487,0.0487,0.0487,21.428,0.42856,0.0,0.42856,21.428,0.00039197,0.0,0.00039197,0.0,0.0,0.0,0.0,1e-11,0.0,0.0,0.0,2.154e-06,0.0,0.0,0.0,0.0,2.154e-06,1e-11,0.0
24462681.0,4995000000.0,5000000.0,5.0,0.0,0.0487,0.0487,0.0487,0.0487,21.428,0.42856,0.019598,0.42856,21.428,0.03587,0.019598,0.03587,0.0,0.0,0.0,0.0,4.642e-09,0.0,0.0,0.0,4.642e-05,0.0,0.0,0.0,0.0,4.642e-05,4.642e-09,0.0
24464521.0,4995000000.0,5000000.0,5.0,0.0,0.0487,0.0487,0.0487,0.0487,21.428,1.5792,0.0020493,1.5792,21.428,0.0,0.0020493,0.0,0.0,0.0,0.0,0.0,0.001,0.0,0.0,0.0,2.154e-06,0.0,0.0,0.0,0.0,2.154e-06,0.001,0.0
24461681.0,4995000000.0,5000000.0,5.0,0.0,0.0487,0.0487,0.0487,0.0487,21.428,0.42856,0.0,0.42856,21.428,0.03587,0.0,0.03587,0.0,0.0,0.0,0.0,0.001,0.0,0.0,0.0,0.001,0.0,0.0,0.0,0.0,0.001,0.001,0.0
24460246.0,4995000000.0,5000000.0,5.0,0.0,0.0487,0.0487,0.0487,0.0487,21.428,0.11571,0.019598,0.11571,21.428,0.0010067,0.019598,0.0010067,0.0,0.0,0.0,0.0,2.154e-06,0.0,0.0,0.0,0.001,0.0,0.0,0.0,0.0,0.001,2.154e-06,0.0
24460040.0,4995000000.0,5000000.0,5.0,0.0,0.0487,0.0487,0.0487,0.0487,21.428,0.11571,0.019598,0.11571,21.428,0.0,0.019598,0.0,0.0,0.0,0.0,0.0,1e-07,0.0,0.0,0.0,1e-07,0.0,0.0,0.0,0.0,1e-07,1e-07,0.0
24461527.0,4995000000.0,5000000.0,5.0,0.0,0.0487,0.0487,0.0487,0.0487,21.428,0.42856,0.0,0.42856,21.428,4.0985e-05,0.0,4.0985e-05,0.0,0.0,0.0,0.0,4.642e-05,0.0,0.0,0.0,0.001,0.0,0.0,0.0,0.0,0.001,4.642e-05,0.0
24467043.0,4995000000.0,5000000.0,5.0,0.0,0.0487,0.0487,0.0487,0.0487,21.428,5.8156,0.0020493,5.8156,21.428,0.005319,0.0020493,0.005319,0.0,0.0,0.0,0.0,4.642e-09,0.0,0.0,0.0,0.001,0.0,0.0,0.0,0.0,0.001,4.642e-09,0.0
24469366.0,4995000000.0,5000000.0,5.0,0.0,0.0487,0.0487,0.0487,0.0487,21.428,21.428,0.0020493,21.428,21.428,0.00021428,0.0020493,0.00021428,0.0,0.0,0.0,0.0,4.642e-05,0.0,0.0,0.0,4.642e-05,0.0,0.0,0.0,0.0,4.642e-05,4.642e-05,0.0
24462077.0,4995000000.0,5000000.0,5.0,0.0,0.0487,0.0487,0.0487,0.0487,21.428,0.42856,0.0020493,0.42856,21.428,0.0,0.0020493,0.0,0.0,0.0,0.0,0.0,1e-11,0.0,0.0,0.0,1e-07,0.0,0.0,0.0,0.0,1e-07,1e-11,0.0
24462260.0,4995000000.0,5000000.0,5.0,0.0,0.0487,0.0487,0.0487,0.0487,21.428,0.42856,0.0020493,0.42856,21.428,0.00039197,0.0020493,0.00039197,0.0,0.0,0.0,0.0,4.642e-05,0.0,0.0,0.0,2.154e-06,0.0,0.0,0.0,0.0,2.154e-06,4.642e-05,0.0
24460236.0,4995000000.0,5000000.0,5.0,0.0,0.0487,0.0487,0.0487,0.0487,21.428,0.11571,0.019598,0.11571,21.428,0.0010067,0.019598,0.0010067,0.0,0.0,0.0,0.0,1e-07,0.0,0.0,0.0,1e-07,0.0,0.0,0.0,0.0,1e-07,1e-07,0.0
24462009.0,4995000000.0,5000000.0,5.0,0.0,0.0487,0.0487,0.0487,0.0487,21.428,0.42856,0.00021428,0.42856,21.428,0.03587,0.00021428,0.03587,0.0,0.0,0.0,0.0,2.154e-06,0.0,0.0,0.0,4.642e-05,0.0,0.0,0.0,0.0,4.642e-05,2.154e-06,0.0
24464998.0,4995000000.0,5000000.0,5.0,0.0,0.0487,0.0487,0.0487,0.0487,21.428,1.5792,0.019598,1.5792,21.428,0.0014444,0.019598,0.0014444,0.0,0.0,0.0,0.0,2.154e-06,0.0,0.0,0.0,4.642e-05,0.0,0.0,0.0,0.0,4.642e-05,2.154e-06,0.0
24464929.0,4995000000.0,5000000.0,5.0,0.0,0.0487,0.0487,0.0487,0.0487,21.428,1.5792,0.019598,1.5792,21.428,0.00015103,0.019598,0.00015103,0.0,0.0,0.0,0.0,2.154e-10,0.0,0.0,0.0,0.001,0.0,0.0,0.0,0.0,0.001,2.154e-10,0.0
24462153.0,4995000000.0,5000000.0,5.0,0.0,0.0487,0.0487,0.0487,0.0487,21.428,0.42856,0.0020493,0.42856,21.428,4.2856e-06,0.0020493,4.2856e-06,0.0,0.0,0.0,0.0,2.154e-06,0.0,0.0,0.0,4.642e-09,0.0,0.0,0.0,0.0,4.642e-09,2.154e-06,0.0
24461583.0,4995000000.0,5000000.0,5.0,0.0,0.0487,0.0487,0.0487,0.0487,21.428,0.42856,0.0,0.42856,21.428,0.00039197,0.0,0.00039197,0.0,0.0,0.0,0.0,0.001,0.0,0.0,0.0,0.001,0.0,0.0,0.0,0.0,0.001,0.001,0.0
24464548.0,4995000000.0,5000000.0,5.0,0.0,0.0487,0.0487,0.0487,0.0487,21.428,1.5792,0.0020493,1.5792,21.428,1.5792e-05,0.0020493,1.5792e-05,0.0,0.0,0.0,0.0,1e-07,0.0,0.0,0.0,1e-07,0.0,0.0,0.0,0.0,1e-07,1e-07,0.0
24463814.0,4995000000.0,5000000.0,5.0,0.0,0.0487,0.0487,0.0487,0.0487,21.428,1.5792,0.0,1.5792,21.428,0.0,0.0,0.0,0.0,0.0,0.0,0.0,1e-07,0.0,0.0,0.0,2.154e-06,0.0,0.0,0.0,0.0,2.154e-06,1e-07,0.0
24464971.0,4995000000.0,5000000.0,5.0,0.0,0.0487,0.0487,0.0487,0.0487,21.428,1.5792,0.019598,1.5792,21.428,0.0014444,0.019598,0.0014444,0.0,0.0,0.0,0.0,1e-11,0.0,0.0,0.0,0.001,0.0,0.0,0.0,0.0,0.001,1e-11,0.0
24469416.0,4995000000.0,5000000.0,5.0,0.0,0.0487,0.0487,0.0487,0.0487,21.428,21.428,0.0020493,21.428,21.428,0.0020493,0.0020493,0.0020493,0.0,0.0,0.0,0.0,4.642e-05,0.0,0.0,0.0,0.001,0.0,0.0,0.0,0.0,0.001,4.642e-05,0.0
24461891.0,4995000000.0,5000000.0,5.0,0.0,0.0487,0.0487,0.0487,0.0487,21.428,0.42856,0.00021428,0.42856,21.428,0.00039197,0.00021428,0.00039197,0.0,0.0,0.0,0.0,2.154e-10,0.0,0.0,0.0,0.001,0.0,0.0,0.0,0.0,0.001,2.154e-10,0.0
24463793.0,4995000000.0,5000000.0,5.0,0.0,0.0487,0.0487,0.0487,0.0487,21.428,1.5792,0.0,1.5792,21.428,0.0,0.0,0.0,0.0,0.0,0.0,0.0,1e-11,0.0,0.0,0.0,2.154e-06,0.0,0.0,0.0,0.0,2.154e-06,1e-11,0.0
24466914.0,4995000000.0,5000000.0,5.0,0.0,0.0487,0.0487,0.0487,0.0487,21.428,5.8156,0.0020493,5.8156,21.428,0.0,0.0020493,0.0,0.0,0.0,0.0,0.0,4.642e-05,0.0,0.0,0.0,1e-07,0.0,0.0,0.0,0.0,1e-07,4.642e-05,0.0
24460222.0,4995000000.0,5000000.0,5.0,0.0,0.0487,0.0487,0.0487,0.0487,21.428,0.11571,0.019598,0.11571,21.428,0.0010067,0.019598,0.0010067,0.0,0.0,0.0,0.0,2.154e-10,0.0,0.0,0.0,1e-07,0.0,0.0,0.0,0.0,1e-07,2.154e-10,0.0
24461513.0,4995000000.0,5000000.0,5.0,0.0,0.0487,0.0487,0.0487,0.0487,21.428,0.42856,0.0,0.42856,21.428,4.0985e-05,0.0,4.0985e-05,0.0,0.0,0.0,0.0,1e-07,0.0,0.0,0.0,0.001,0.0,0.0,0.0,0.0,0.001,1e-07,0.0
24469072.0,4995000000.0,5000000.0,5.0,0.0,0.0487,0.0487,0.0487,0.0487,21.428,21.428,0.00021428,21.428,21.428,0.0020493,0.00021428,0.0020493,0.0,0.0,0.0,0.0,4.642e-05,0.0,0.0,0.0,4.642e-05,0.0,0.0,0.0,0.0,4.642e-05,4.642e-05,0.0
24466269.0,4995000000.0,5000000.0,5.0,0.0,0.0487,0.0487,0.0487,0.0487,21.428,5.8156,0.0,5.8156,21.428,5.8156e-05,0.0,5.8156e-05,0.0,0.0,0.0,0.0,2.154e-06,0.0,0.0,0.0,4.642e-09,0.0,0.0,0.0,0.0,4.642e-09,2.154e-06,0.0
24462450.0,4995000000.0,5000000.0,5.0,0.0,0.0487,0.0487,0.0487,0.0487,21.428,0.42856,0.019598,0.42856,21.428,0.0,0.019598,0.0,0.0,0.0,0.0,0.0,2.154e-06,0.0,0.0,0.0,4.642e-05,0.0,0.0,0.0,0.0,4.642e-05,2.154e-06,0.0
24468618.0,4995000000.0,5000000.0,5.0,0.0,0.0487,0.0487,0.0487,0.0487,21.428,21.428,0.0,21.428,21.428,0.0,0.0,0.0,0.0,0.0,0.0,0.0,1e-07,0.0,0.0,0.0,0.001,0.0,0.0,0.0,0.0,0.001,1e-07,0.0
24461594.0,4995000000.0,5000000.0,5.0,0.0,0.0487,0.0487,0.0487,0.0487,21.428,0.42856,0.0,0.42856,21.428,0.0037285,0.0,0.0037285,0.0,0.0,0.0,0.0,2.154e-10,0.0,0.0,0.0,1e-07,0.0,0.0,0.0,0.0,1e-07,2.154e-10,0.0
24466945.0,4995000000.0,5000000.0,5.0,0.0,0.0487,0.0487,0.0487,0.0487,21.428,5.8156,0.0020493,5.8156,21.428,5.8156e-05,0.0020493,5.8156e-05,0.0,0.0,0.0,0.0,4.642e-09,0.0,0.0,0.0,0.001,0.0,0.0,0.0,0.0,0.001,4.642e-09,0.0
24467004.0,4995000000.0,5000000.0,5.0,0.0,0.0487,0.0487,0.0487,0.0487,21.428,5.8156,0.0020493,5.8156,21.428,0.00055617,0.0020493,0.00055617,0.0,0.0,0.0,0.0,2.154e-06,0.0,0.0,0.0,4.642e-09,0.0,0.0,0.0,0.0,4.642e-09,2.154e-06,0.0
24464618.0,4995000000.0,5000000.0,5.0,0.0,0.0487,0.0487,0.0487,0.0487,21.428,1.5792,0.0020493,1.5792,21.428,0.00015103,0.0020493,0.00015103,0.0,0.0,0.0,0.0,0.001,0.0,0.0,0.0,1e-07,0.0,0.0,0.0,0.0,1e-07,0.001,0.0
24464600.0,4995000000.0,5000000.0,5.0,0.0,0.0487,0.0487,0.0487,0.0487,21.428,1.5792,0.0020493,1.5792,21.428,0.00015103,0.0020493,0.00015103,0.0,0.0,0.0,0.0,1e-07,0.0,0.0,0.0,0.001,0.0,0.0,0.0,0.0,0.001,1e-07,0.0
24464913.0,4995000000.0,5000000.0,5.0,0.0,0.0487,0.0487,0.0487,0.0487,21.428,1.5792,0.019598,1.5792,21.428,1.5792e-05,0.019598,1.5792e-05,0.0,0.0,0.0,0.0,0.001,0.0,0.0,0.0,2.154e-06,0.0,0.0,0.0,0.0,2.154e-06,0.001,0.0
24463798.0,4995000000.0,5000000.0,5.0,0.0,0.0487,0.0487,0.0487,0.0487,21.428,1.5792,0.0,1.5792,21.428,0.0,0.0,0.0,0.0,0.0,0.0,0.0,2.154e-10,0.0,0.0,0.0,4.642e-09,0.0,0.0,0.0,0.0,4.642e-09,2.154e-10,0.0
24469003.0,4995000000.0,5000000.0,5.0,0.0,0.0487,0.0487,0.0487,0.0487,21.428,21.428,0.00021428,21.428,21.428,0.00021428,0.00021428,0.00021428,0.0,0.0,0.0,0.0,4.642e-09,0.0,0.0,0.0,0.001,0.0,0.0,0.0,0.0,0.001,4.642e-09,0.0
24464907.0,4995000000.0,5000000.0,5.0,0.0,0.0487,0.0487,0.0487,0.0487,21.428,1.5792,0.019598,1.5792,21.428,1.5792e-05,0.019598,1.5792e-05,0.0,0.0,0.0,0.0,4.642e-05,0.0,0.0,0.0,4.642e-05,0.0,0.0,0.0,0.0,4.642e-05,4.642e-05,0.0
24466985.0,4995000000.0,5000000.0,5.0,0.0,0.0487,0.0487,0.0487,0.0487,21.428,5.8156,0.0020493,5.8156,21.428,0.00055617,0.0020493,0.00055617,0.0,0.0,0.0,0.0,2.154e-10,0.0,0.0,0.0,2.154e-06,0.0,0.0,0.0,0.0,2.154e-06,2.154e-10,0.0
24462350.0,4995000000.0,5000000.0,5.0,0.0,0.0487,0.0487,0.0487,0.0487,21.428,0.42856,0.0020493,0.42856,21.428,0.03587,0.0020493,0.03587,0.0,0.0,0.0,0.0,2.154e-06,0.0,0.0,0.0,1e-07,0.0,0.0,0.0,0.0,1e-07,2.154e-06,0.0
24460071.0,4995000000.0,5000000.0,5.0,0.0,0.0487,0.0487,0.0487,0.0487,21.428,0.11571,0.019598,0.11571,21.428,1.1571e-06,0.019598,1.1571e-06,0.0,0.0,0.0,0.0,1e-11,0.0,0.0,0.0,0.001,0.0,0.0,0.0,0.0,0.001,1e-11,0.0
24466573.0,4995000000.0,5000000.0,5.0,0.0,0.0487,0.0487,0.0487,0.0487,21.428,5.8156,0.00021428,5.8156,21.428,0.0,0.00021428,0.0,0.0,0.0,0.0,0.0,4.642e-05,0.0,0.0,0.0,4.642e-05,0.0,0.0,0.0,0.0,4.642e-05,4.642e-05,0.0
24464921.0,4995000000.0,5000000.0,5.0,0.0,0.0487,0.0487,0.0487,0.0487,21.428,1.5792,0.019598,1.5792,21.428,0.00015103,0.019598,0.00015103,0.0,0.0,0.0,0.0,1e-11,0.0,0.0,0.0,4.642e-05,0.0,0.0,0.0,0.0,4.642e-05,1e-11,0.0
24467007.0,4995000000.0,5000000.0,5.0,0.0,0.0487,0.0487,0.0487,0.0487,21.428,5.8156,0.0020493,5.8156,21.428,0.00055617,0.0020493,0.00055617,0.0,0.0,0.0,0.0,2.154e-06,0.0,0.0,0.0,4.642e-05,0.0,0.0,0.0,0.0,4.642e-05,2.154e-06,0.0
24462282.0,4995000000.0,5000000.0,5.0,0.0,0.0487,0.0487,0.0487,0.0487,21.428,0.42856,0.0020493,0.42856,21.428,0.0037285,0.0020493,0.0037285,0.0,0.0,0.0,0.0,2.154e-10,0.0,0.0,0.0,4.642e-05,0.0,0.0,0.0,0.0,4.642e-05,2.154e-10,0.0
24460295.0,4995000000.0,5000000.0,5.0,0.0,0.0487,0.0487,0.0487,0.0487,21.428,0.11571,0.019598,0.11571,21.428,0.009685,0.019598,0.009685,0.0,0.0,0.0,0.0,2.154e-06,0.0,0.0,0.0,0.001,0.0,0.0,0.0,0.0,0.001,2.154e-06,0.0
24464687.0,4995000000.0,5000000.0,5.0,0.0,0.0487,0.0487,0.0487,0.0487,21.428,1.5792,0.0020493,1.5792,21.428,0.013739,0.0020493,0.013739,0.0,0.0,0.0,0.0,4.642e-09,0.0,0.0,0.0,4.642e-09,0.0,0.0,0.0,0.0,4.642e-09,4.642e-09,0.0
24461665.0,4995000000.0,5000000.0,5.0,0.0,0.0487,0.0487,0.0487,0.0487,21.428,0.42856,0.0,0.42856,21.428,0.03587,0.0,0.03587,0.0,0.0,0.0,0.0,2.154e-06,0.0,0.0,0.0,2.154e-06,0.0,0.0,0.0,0.0,2.154e-06,2.154e-06,0.0
24461996.0,4995000000.0,5000000.0,5.0,0.0,0.0487,0.0487,0.0487,0.0487,21.428,0.42856,0.00021428,0.42856,21.428,0.03587,0.00021428,0.03587,0.0,0.0,0.0,0.0,4.642e-09,0.0,0.0,0.0,0.001,0.0,0.0,0.0,0.0,0.001,4.642e-09,0.0
24464178.0,4995000000.0,5000000.0,5.0,0.0,0.0487,0.0487,0.0487,0.0487,21.428,1.5792,0.00021428,1.5792,21.428,0.0,0.00021428,0.0,0.0,0.0,0.0,0.0,0.001,0.0,0.0,0.0,2.154e-06,0.0,0.0,0.0,0.0,2.154e-06,0.001,0.0
24460147.0,4995000000.0,5000000.0,5.0,0.0,0.0487,0.0487,0.0487,0.0487,21.428,0.11571,0.019598,0.11571,21.428,1.1066e-05,0.019598,1.1066e-05,0.0,0.0,0.0,0.0,2.154e-06,0.0,0.0,0.0,4.642e-05,0.0,0.0,0.0,0.0,4.642e-05,2.154e-06,0.0
24464534.0,4995000000.0,5000000.0,5.0,0.0,0.0487,0.0487,0.0487,0.0487,21.428,1.5792,0.0020493,1.5792,21.428,1.5792e-05,0.0020493,1.5792e-05,0.0,0.0,0.0,0.0,2.154e-10,0.0,0.0,0.0,1e-07,0.0,0.0,0.0,0.0,1e-07,2.154e-10,0.0
24461478.0,4995000000.0,5000000.0,5.0,0.0,0.0487,0.0487,0.0487,0.0487,21.428,0.42856,0.0,0.42856,21.428,4.2856e-06,0.0,4.2856e-06,0.0,0.0,0.0,0.0,4.642e-05,0.0,0.0,0.0,0.001,0.0,0.0,0.0,0.0,0.001,4.642e-05,0.0
24463947.0,4995000000.0,5000000.0,5.0,0.0,0.0487,0.0487,0.0487,0.0487,21.428,1.5792,0.0,1.5792,21.428,0.0014444,0.0,0.0014444,0.0,0.0,0.0,0.0,2.154e-10,0.0,0.0,0.0,2.154e-06,0.0,0.0,0.0,0.0,2.154e-06,2.154e-10,0.0
24466941.0,4995000000.0,5000000.0,5.0,0.0,0.0487,0.0487,0.0487,0.0487,21.428,5.8156,0.0020493,5.8156,21.428,5.8156e-05,0.0020493,5.8156e-05,0.0,0.0,0.0,0.0,4.642e-09,0.0,0.0,0.0,4.642e-09,0.0,0.0,0.0,0.0,4.642e-09,4.642e-09,0.0
24464156.0,4995000000.0,5000000.0,5.0,0.0,0.0487,0.0487,0.0487,0.0487,21.428,1.5792,0.00021428,1.5792,21.428,0.0,0.00021428,0.0,0.0,0.0,0.0,0.0,1e-07,0.0,0.0,0.0,1e-07,0.0,0.0,0.0,0.0,1e-07,1e-07,0.0
24469108.0,4995000000.0,5000000.0,5.0,0.0,0.0487,0.0487,0.0487,0.0487,21.428,21.428,0.00021428,21.428,21.428,0.019598,0.00021428,0.019598,0.0,0.0,0.0,0.0,1e-07,0.0,0.0,0.0,0.001,0.0,0.0,0.0,0.0,0.001,1e-07,0.0
24460131.0,4995000000.0,5000000.0,5.0,0.0,0.0487,0.0487,0.0487,0.0487,21.428,0.11571,0.019598,0.11571,21.428,1.1066e-05,0.019598,1.1066e-05,0.0,0.0,0.0,0.0,4.642e-09,0.0,0.0,0.0,1e-07,0.0,0.0,0.0,0.0,1e-07,4.642e-09,0.0
24463890.0,4995000000.0,5000000.0,5.0,0.0,0.0487,0.0487,0.0487,0.0487,21.428,1.5792,0.0,1.5792,21.428,0.00015103,0.0,0.00015103,0.0,0.0,0.0,0.0,1e-11,0.0,0.0,0.0,1e-07,0.0,0.0,0.0,0.0,1e-07,1e-11,0.0
24461873.0,4995000000.0,5000000.0,5.0,0.0,0.0487,0.0487,0.0487,0.0487,21.428,0.42856,0.00021428,0.42856,21.428,4.0985e-05,0.00021428,4.0985e-05,0.0,0.0,0.0,0.0,0.001,0.0,0.0,0.0,4.642e-09,0.0,0.0,0.0,0.0,4.642e-09,0.001,0.0
24464274.0,4995000000.0,5000000.0,5.0,0.0,0.0487,0.0487,0.0487,0.0487,21.428,1.5792,0.00021428,1.5792,21.428,0.00015103,0.00021428,0.00015103,0.0,0.0,0.0,0.0,0.001,0.0,0.0,0.0,4.642e-09,0.0,0.0,0.0,0.0,4.642e-09,0.001,0.0
24462491.0,4995000000.0,5000000.0,5.0,0.0,0.0487,0.0487,0.0487,0.0487,21.428,0.42856,0.019598,0.42856,21.428,4.2856e-06,0.019598,4.2856e-06,0.0,0.0,0.0,0.0,1e-07,0.0,0.0,0.0,2.154e-06,0.0,0.0,0.0,0.0,2.154e-06,1e-07,0.0
24464565.0,4995000000.0,5000000.0,5.0,0.0,0.0487,0.0487,0.0487,0.0487,21.428,1.5792,0.0020493,1.5792,21.428,1.5792e-05,0.0020493,1.5792e-05,0.0,0.0,0.0,0.0,4.642e-05,0.0,0.0,0.0,0.001,0.0,0.0,0.0,0.0,0.001,4.642e-05,0.0
24461653.0,4995000000.0,5000000.0,5.0,0.0,0.0487,0.0487,0.0487,0.0487,21.428,0.42856,0.0,0.42856,21.428,0.03587,0.0,0.03587,0.0,0.0,0.0,0.0,4.642e-09,0.0,0.0,0.0,0.001,0.0,0.0,0.0,0.0,0.001,4.642e-09,0.0
24466193.0,4995000000.0,5000000.0,5.0,0.0,0.0487,0.0487,0.0487,0.0487,21.428,5.8156,0.0,5.8156,21.428,0.0,0.0,0.0,0.0,0.0,0.0,0.0,1e-11,0.0,0.0,0.0,1e-07,0.0,0.0,0.0,0.0,1e-07,1e-11,0.0
24466325.0,4995000000.0,5000000.0,5.0,0.0,0.0487,0.0487,0.0487,0.0487,21.428,5.8156,0.0,5.8156,21.428,0.00055617,0.0,0.00055617,0.0,0.0,0.0,0.0,4.642e-05,0.0,0.0,0.0,4.642e-09,0.0,0.0,0.0,0.0,4.642e-09,4.642e-05,0.0
24467020.0,4995000000.0,5000000.0,5.0,0.0,0.0487,0.0487,0.0487,0.0487,21.428,5.8156,0.0020493,5.8156,21.428,0.00055617,0.0020493,0.00055617,0.0,0.0,0.0,0.0,0.001,0.0,0.0,0.0,2.154e-06,0.0,0.0,0.0,0.0,2.154e-06,0.001,0.0
24463849.0,4995000000.0,5000000.0,5.0,0.0,0.0487,0.0487,0.0487,0.0487,21.428,1.5792,0.0,1.5792,21.428,1.5792e-05,0.0,1.5792e-05,0.0,0.0,0.0,0.0,2.154e-10,0.0,0.0,0.0,2.154e-06,0.0,0.0,0.0,0.0,2.154e-06,2.154e-10,0.0
24468638.0,4995000000.0,5000000.0,5.0,0.0,0.0487,0.0487,0.0487,0.0487,21.428,21.428,0.0,21.428,21.428,0.0,0.0,0.0,0.0,0.0,0.0,0.0,0.001,0.0,0.0,0.0,4.642e-05,0.0,0.0,0.0,0.0,4.642e-05,0.001,0.0
24461399.0,4995000000.0,5000000.0,5.0,0.0,0.0487,0.0487,0.0487,0.0487,21.428,0.42856,0.0,0.42856,21.428,0.0,0.0,0.0,0.0,0.0,0.0,0.0,2.154e-10,0.0,0.0,0.0,2.154e-06,0.0,0.0,0.0,0.0,2.154e-06,2.154e-10,0.0
24468954.0,4995000000.0,5000000.0,5.0,0.0,0.0487,0.0487,0.0487,0.0487,21.428,21.428,0.00021428,21.428,21.428,0.0,0.00021428,0.0,0.0,0.0,0.0,0.0,4.642e-09,0.0,0.0,0.0,0.001,0.0,0.0,0.0,0.0,0.001,4.642e-09,0.0
24466641.0,4995000000.0,5000000.0,5.0,0.0,0.0487,0.0487,0.0487,0.0487,21.428,5.8156,0.00021428,5.8156,21.428,0.00055617,0.00021428,0.00055617,0.0,0.0,0.0,0.0,2.154e-10,0.0,0.0,0.0,1e-07,0.0,0.0,0.0,0.0,1e-07,2.154e-10,0.0
24466285.0,4995000000.0,5000000.0,5.0,0.0,0.0487,0.0487,0.0487,0.0487,21.428,5.8156,0.0,5.8156,21.428,5.8156e-05,0.0,5.8156e-05,0.0,0.0,0.0,0.0,0.001,0.0,0.0,0.0,2.154e-06,0.0,0.0,0.0,0.0,2.154e-06,0.001,0.0
24462164.0,4995000000.0,5000000.0,5.0,0.0,0.0487,0.0487,0.0487,0.0487,21.428,0.42856,0.0020493,0.42856,21.428,4.2856e-06,0.0020493,4.2856e-06,0.0,0.0,0.0,0.0,4.642e-05,0.0,0.0,0.0,0.001,0.0,0.0,0.0,0.0,0.001,4.642e-05,0.0
24461833.0,4995000000.0,5000000.0,5.0,0.0,0.0487,0.0487,0.0487,0.0487,21.428,0.42856,0.00021428,0.42856,21.428,4.0985e-05,0.00021428,4.0985e-05,0.0,0.0,0.0,0.0,1e-11,0.0,0.0,0.0,2.154e-06,0.0,0.0,0.0,0.0,2.154e-06,1e-11,0.0
24469660.0,4995000000.0,5000000.0,5.0,0.0,0.0487,0.0487,0.0487,0.0487,21.428,21.428,0.019598,21.428,21.428,0.0,0.019598,0.0,0.0,0.0,0.0,0.0,4.642e-05,0.0,0.0,0.0,4.642e-05,0.0,0.0,0.0,0.0,4.642e-05,4.642e-05,0.0
24469402.0,4995000000.0,5000000.0,5.0,0.0,0.0487,0.0487,0.0487,0.0487,21.428,21.428,0.0020493,21.428,21.428,0.0020493,0.0020493,0.0020493,0.0,0.0,0.0,0.0,1e-07,0.0,0.0,0.0,0.001,0.0,0.0,0.0,0.0,0.001,1e-07,0.0
24465012.0,4995000000.0,5000000.0,5.0,0.0,0.0487,0.0487,0.0487,0.0487,21.428,1.5792,0.019598,1.5792,21.428,0.0014444,0.019598,0.0014444,0.0,0.0,0.0,0.0,0.001,0.0,0.0,0.0,4.642e-05,0.0,0.0,0.0,0.0,4.642e-05,0.001,0.0
24464310.0,4995000000.0,5000000.0,5.0,0.0,0.0487,0.0487,0.0487,0.0487,21.428,1.5792,0.00021428,1.5792,21.428,0.0014444,0.00021428,0.0014444,0.0,0.0,0.0,0.0,2.154e-06,0.0,0.0,0.0,1e-07,0.0,0.0,0.0,0.0,1e-07,2.154e-06,0.0
24462084.0,4995000000.0,5000000.0,5.0,0.0,0.0487,0.0487,0.0487,0.0487,21.428,0.42856,0.0020493,0.42856,21.428,0.0,0.0020493,0.0,0.0,0.0,0.0,0.0,2.154e-10,0.0,0.0,0.0,1e-07,0.0,0.0,0.0,0.0,1e-07,2.154e-10,0.0
24469716.0,4995000000.0,5000000.0,5.0,0.0,0.0487,0.0487,0.0487,0.0487,21.428,21.428,0.019598,21.428,21.428,0.00021428,0.019598,0.00021428,0.0,0.0,0.0,0.0,0.001,0.0,0.0,0.0,4.642e-05,0.0,0.0,0.0,0.0,4.642e-05,0.001,0.0
24467349.0,4995000000.0,5000000.0,5.0,0.0,0.0487,0.0487,0.0487,0.0487,21.428,5.8156,0.019598,5.8156,21.428,0.00055617,0.019598,0.00055617,0.0,0.0,0.0,0.0,2.154e-06,0.0,0.0,0.0,2.154e-06,0.0,0.0,0.0,0.0,2.154e-06,2.154e-06,0.0
24465054.0,4995000000.0,5000000.0,5.0,0.0,0.0487,0.0487,0.0487,0.0487,21.428,1.5792,0.019598,1.5792,21.428,0.013739,0.019598,0.013739,0.0,0.0,0.0,0.0,4.642e-05,0.0,0.0,0.0,4.642e-05,0.0,0.0,0.0,0.0,4.642e-05,4.642e-05,0.0
24464145.0,4995000000.0,5000000.0,5.0,0.0,0.0487,0.0487,0.0487,0.0487,21.428,1.5792,0.00021428,1.5792,21.428,0.0,0.00021428,0.0,0.0,0.0,0.0,0.0,2.154e-10,0.0,0.0,0.0,0.001,0.0,0.0,0.0,0.0,0.001,2.154e-10,0.0
24461623.0,4995000000.0,5000000.0,5.0,0.0,0.0487,0.0487,0.0487,0.0487,21.428,0.42856,0.0,0.42856,21.428,0.0037285,0.0,0.0037285,0.0,0.0,0.0,0.0,4.642e-05,0.0,0.0,0.0,2.154e-06,0.0,0.0,0.0,0.0,2.154e-06,4.642e-05,0.0
24464596.0,4995000000.0,5000000.0,5.0,0.0,0.0487,0.0487,0.0487,0.0487,21.428,1.5792,0.0020493,1.5792,21.428,0.00015103,0.0020493,0.00015103,0.0,0.0,0.0,0.0,1e-07,0.0,0.0,0.0,4.642e-09,0.0,0.0,0.0,0.0,4.642e-09,1e-07,0.0
24464024.0,4995000000.0,5000000.0,5.0,0.0,0.0487,0.0487,0.0487,0.0487,21.428,1.5792,0.0,1.5792,21.428,0.013739,0.0,0.013739,0.0,0.0,0.0,0.0,4.642e-05,0.0,0.0,0.0,2.154e-06,0.0,0.0,0.0,0.0,2.154e-06,4.642e-05,0.0
24461611.0,4995000000.0,5000000.0,5.0,0.0,0.0487,0.0487,0.0487,0.0487,21.428,0.42856,0.0,0.42856,21.428,0.0037285,0.0,0.0037285,0.0,0.0,0.0,0.0,1e-07,0.0,0.0,0.0,0.001,0.0,0.0,0.0,0.0,0.001,1e-07,0.0
24464173.0,4995000000.0,5000000.0,5.0,0.0,0.0487,0.0487,0.0487,0.0487,21.428,1.5792,0.00021428,1.5792,21.428,0.0,0.00021428,0.0,0.0,0.0,0.0,0.0,4.642e-05,0.0,0.0,0.0,0.001,0.0,0.0,0.0,0.0,0.001,4.642e-05,0.0
24466885.0,4995000000.0,5000000.0,5.0,0.0,0.0487,0.0487,0.0487,0.0487,21.428,5.8156,0.0020493,5.8156,21.428,0.0,0.0020493,0.0,0.0,0.0,0.0,0.0,2.154e-10,0.0,0.0,0.0,4.642e-09,0.0,0.0,0.0,0.0,4.642e-09,2.154e-10,0.0
24461981.0,4995000000.0,5000000.0,5.0,0.0,0.0487,0.0487,0.0487,0.0487,21.428,0.42856,0.00021428,0.42856,21.428,0.03587,0.00021428,0.03587,0.0,0.0,0.0,0.0,1e-11,0.0,0.0,0.0,4.642e-05,0.0,0.0,0.0,0.0,4.642e-05,1e-11,0.0
24466986.0,4995000000.0,5000000.0,5.0,0.0,0.0487,0.0487,0.0487,0.0487,21.428,5.8156,0.0020493,5.8156,21.428,0.00055617,0.0020493,0.00055617,0.0,0.0,0.0,0.0,2.154e-10,0.0,0.0,0.0,4.642e-05,0.0,0.0,0.0,0.0,4.642e-05,2.154e-10,0.0
24464908.0,4995000000.0,5000000.0,5.0,0.0,0.0487,0.0487,0.0487,0.0487,21.428,1.5792,0.019598,1.5792,21.428,1.5792e-05,0.019598,1.5792e-05,0.0,0.0,0.0,0.0,4.642e-05,0.0,0.0,0.0,0.001,0.0,0.0,0.0,0.0,0.001,4.642e-05,0.0
24461805.0,4995000000.0,5000000.0,5.0,0.0,0.0487,0.0487,0.0487,0.0487,21.428,0.42856,0.00021428,0.42856,21.428,4.2856e-06,0.00021428,4.2856e-06,0.0,0.0,0.0,0.0,1e-07,0.0,0.0,0.0,2.154e-06,0.0,0.0,0.0,0.0,2.154e-06,1e-07,0.0
24466298.0,4995000000.0,5000000.0,5.0,0.0,0.0487,0.0487,0.0487,0.0487,21.428,5.8156,0.0,5.8156,21.428,0.00055617,0.0,0.00055617,0.0,0.0,0.0,0.0,2.154e-10,0.0,0.0,0.0,1e-07,0.0,0.0,0.0,0.0,1e-07,2.154e-10,0.0
24466343.0,4995000000.0,5000000.0,5.0,0.0,0.0487,0.0487,0.0487,0.0487,21.428,5.8156,0.0,5.8156,21.428,0.005319,0.0,0.005319,0.0,0.0,0.0,0.0,1e-11,0.0,0.0,0.0,0.001,0.0,0.0,0.0,0.0,0.001,1e-11,0.0
24462609.0,4995000000.0,5000000.0,5.0,0.0,0.0487,0.0487,0.0487,0.0487,21.428,0.42856,0.019598,0.42856,21.428,0.00039197,0.019598,0.00039197,0.0,0.0,0.0,0.0,0.001,0.0,0.0,0.0,1e-07,0.0,0.0,0.0,0.0,1e-07,0.001,0.0
24463876.0,4995000000.0,5000000.0,5.0,0.0,0.0487,0.0487,0.0487,0.0487,21.428,1.5792,0.0,1.5792,21.428,1.5792e-05,0.0,1.5792e-05,0.0,0.0,0.0,0.0,4.642e-05,0.0,0.0,0.0,1e-07,0.0,0.0,0.0,0.0,1e-07,4.642e-05,0.0
24461392.0,4995000000.0,5000000.0,5.0,0.0,0.0487,0.0487,0.0487,0.0487,21.428,0.42856,0.0,0.42856,21.428,0.0,0.0,0.0,0.0,0.0,0.0,0.0,1e-11,0.0,0.0,0.0,2.154e-06,0.0,0.0,0.0,0.0,2.154e-06,1e-11,0.0
24469801.0,4995000000.0,5000000.0,5.0,0.0,0.0487,0.0487,0.0487,0.0487,21.428,21.428,0.019598,21.428,21.428,0.019598,0.019598,0.019598,0.0,0.0,0.0,0.0,2.154e-06,0.0,0.0,0.0,0.001,0.0,0.0,0.0,0.0,0.001,2.154e-06,0.0
24464508.0,4995000000.0,5000000.0,5.0,0.0,0.0487,0.0487,0.0487,0.0487,21.428,1.5792,0.0020493,1.5792,21.428,0.0,0.0020493,0.0,0.0,0.0,0.0,0.0,2.154e-06,0.0,0.0,0.0,4.642e-05,0.0,0.0,0.0,0.0,4.642e-05,2.154e-06,0.0
24461988.0,4995000000.0,5000000.0,5.0,0.0,0.0487,0.0487,0.0487,0.0487,21.428,0.42856,0.00021428,0.42856,21.428,0.03587,0.00021428,0.03587,0.0,0.0,0.0,0.0,2.154e-10,0.0,0.0,0.0,4.642e-05,0.0,0.0,0.0,0.0,4.642e-05,2.154e-10,0.0
24460194.0,4995000000.0,5000000.0,5.0,0.0,0.0487,0.0487,0.0487,0.0487,21.428,0.11571,0.019598,0.11571,21.428,0.00010583,0.019598,0.00010583,0.0,0.0,0.0,0.0,2.154e-06,0.0,0.0,0.0,1e-07,0.0,0.0,0.0,0.0,1e-07,2.154e-06,0.0
24460196.0,4995000000.0,5000000.0,5.0,0.0,0.0487,0.0487,0.0487,0.0487,21.428,0.11571,0.019598,0.11571,21.428,0.00010583,0.019598,0.00010583,0.0,0.0,0.0,0.0,2.154e-06,0.0,0.0,0.0,4.642e-05,0.0,0.0,0.0,0.0,4.642e-05,2.154e-06,0.0
24462024.0,4995000000.0,5000000.0,5.0,0.0,0.0487,0.0487,0.0487,0.0487,21.428,0.42856,0.00021428,0.42856,21.428,0.03587,0.00021428,0.03587,0.0,0.0,0.0,0.0,0.001,0.0,0.0,0.0,0.001,0.0,0.0,0.0,0.0,0.001,0.001,0.0
24461453.0,4995000000.0,5000000.0,5.0,0.0,0.0487,0.0487,0.0487,0.0487,21.428,0.42856,0.0,0.42856,21.428,4.2856e-06,0.0,4.2856e-06,0.0,0.0,0.0,0.0,4.642e-09,0.0,0.0,0.0,4.642e-09,0.0,0.0,0.0,0.0,4.642e-09,4.642e-09,0.0
24466894.0,4995000000.0,5000000.0,5.0,0.0,0.0487,0.0487,0.0487,0.0487,21.428,5.8156,0.0020493,5.8156,21.428,0.0,0.0020493,0.0,0.0,0.0,0.0,0.0,4.642e-09,0.0,0.0,0.0,2.154e-06,0.0,0.0,0.0,0.0,2.154e-06,4.642e-09,0.0
24464318.0,4995000000.0,5000000.0,5.0,0.0,0.0487,0.0487,0.0487,0.0487,21.428,1.5792,0.00021428,1.5792,21.428,0.0014444,0.00021428,0.0014444,0.0,0.0,0.0,0.0,4.642e-05,0.0,0.0,0.0,2.154e-06,0.0,0.0,0.0,0.0,2.154e-06,4.642e-05,0.0
24462303.0,4995000000.0,5000000.0,5.0,0.0,0.0487,0.0487,0.0487,0.0487,21.428,0.42856,0.0020493,0.42856,21.428,0.0037285,0.0020493,0.0037285,0.0,0.0,0.0,0.0,2.154e-06,0.0,0.0,0.0,4.642e-05,0.0,0.0,0.0,0.0,4.642e-05,2.154e-06,0.0
24462127.0,4995000000.0,5000000.0,5.0,0.0,0.0487,0.0487,0.0487,0.0487,21.428,0.42856,0.0020493,0.42856,21.428,4.2856e-06,0.0020493,4.2856e-06,0.0,0.0,0.0,0.0,1e-11,0.0,0.0,0.0,2.154e-06,0.0,0.0,0.0,0.0,2.154e-06,1e-11,0.0
24467018.0,4995000000.0,5000000.0,5.0,0.0,0.0487,0.0487,0.0487,0.0487,21.428,5.8156,0.0020493,5.8156,21.428,0.00055617,0.0020493,0.00055617,0.0,0.0,0.0,0.0,0.001,0.0,0.0,0.0,4.642e-09,0.0,0.0,0.0,0.0,4.642e-09,0.001,0.0
24464564.0,4995000000.0,5000000.0,5.0,0.0,0.0487,0.0487,0.0487,0.0487,21.428,1.5792,0.0020493,1.5792,21.428,1.5792e-05,0.0020493,1.5792e-05,0.0,0.0,0.0,0.0,4.642e-05,0.0,0.0,0.0,4.642e-05,0.0,0.0,0.0,0.0,4.642e-05,4.642e-05,0.0
24461888.0,4995000000.0,5000000.0,5.0,0.0,0.0487,0.0487,0.0487,0.0487,21.428,0.42856,0.00021428,0.42856,21.428,0.00039197,0.00021428,0.00039197,0.0,0.0,0.0,0.0,2.154e-10,0.0,0.0,0.0,1e-07,0.0,0.0,0.0,0.0,1e-07,2.154e-10,0.0
24462457.0,4995000000.0,5000000.0,5.0,0.0,0.0487,0.0487,0.0487,0.0487,21.428,0.42856,0.019598,0.42856,21.428,0.0,0.019598,0.0,0.0,0.0,0.0,0.0,4.642e-05,0.0,0.0,0.0,4.642e-05,0.0,0.0,0.0,0.0,4.642e-05,4.642e-05,0.0
24464311.0,4995000000.0,5000000.0,5.0,0.0,0.0487,0.0487,0.0487,0.0487,21.428,1.5792,0.00021428,1.5792,21.428,0.0014444,0.00021428,0.0014444,0.0,0.0,0.0,0.0,2.154e-06,0.0,0.0,0.0,2.154e-06,0.0,0.0,0.0,0.0,2.154e-06,2.154e-06,0.0
24463896.0,4995000000.0,5000000.0,5.0,0.0,0.0487,0.0487,0.0487,0.0487,21.428,1.5792,0.0,1.5792,21.428,0.00015103,0.0,0.00015103,0.0,0.0,0.0,0.0,2.154e-10,0.0,0.0,0.0,4.642e-09,0.0,0.0,0.0,0.0,4.642e-09,2.154e-10,0.0
24464366.0,4995000000.0,5000000.0,5.0,0.0,0.0487,0.0487,0.0487,0.0487,21.428,1.5792,0.00021428,1.5792,21.428,0.013739,0.00021428,0.013739,0.0,0.0,0.0,0.0,4.642e-05,0.0,0.0,0.0,1e-07,0.0,0.0,0.0,0.0,1e-07,4.642e-05,0.0
24466952.0,4995000000.0,5000000.0,5.0,0.0,0.0487,0.0487,0.0487,0.0487,21.428,5.8156,0.0020493,5.8156,21.428,5.8156e-05,0.0020493,5.8156e-05,0.0,0.0,0.0,0.0,1e-07,0.0,0.0,0.0,0.001,0.0,0.0,0.0,0.0,0.001,1e-07,0.0
24460251.0,4995000000.0,5000000.0,5.0,0.0,0.0487,0.0487,0.0487,0.0487,21.428,0.11571,0.019598,0.11571,21.428,0.0010067,0.019598,0.0010067,0.0,0.0,0.0,0.0,4.642e-05,0.0,0.0,0.0,2.154e-06,0.0,0.0,0.0,0.0,2.154e-06,4.642e-05,0.0
24469367.0,4995000000.0,5000000.0,5.0,0.0,0.0487,0.0487,0.0487,0.0487,21.428,21.428,0.0020493,21.428,21.428,0.00021428,0.0020493,0.00021428,0.0,0.0,0.0,0.0,4.642e-05,0.0,0.0,0.0,0.001,0.0,0.0,0.0,0.0,0.001,4.642e-05,0.0
24463834.0,4995000000.0,5000000.0,5.0,0.0,0.0487,0.0487,0.0487,0.0487,21.428,1.5792,0.0,1.5792,21.428,0.0,0.0,0.0,0.0,0.0,0.0,0.0,0.001,0.0,0.0,0.0,1e-07,0.0,0.0,0.0,0.0,1e-07,0.001,0.0
24464333.0,4995000000.0,5000000.0,5.0,0.0,0.0487,0.0487,0.0487,0.0487,21.428,1.5792,0.00021428,1.5792,21.428,0.013739,0.00021428,0.013739,0.0,0.0,0.0,0.0,1e-11,0.0,0.0,0.0,4.642e-05,0.0,0.0,0.0,0.0,4.642e-05,1e-11,0.0
24467362.0,4995000000.0,5000000.0,5.0,0.0,0.0487,0.0487,0.0487,0.0487,21.428,5.8156,0.019598,5.8156,21.428,0.00055617,0.019598,0.00055617,0.0,0.0,0.0,0.0,0.001,0.0,0.0,0.0,1e-07,0.0,0.0,0.0,0.0,1e-07,0.001,0.0
24461656.0,4995000000.0,5000000.0,5.0,0.0,0.0487,0.0487,0.0487,0.0487,21.428,0.42856,0.0,0.42856,21.428,0.03587,0.0,0.03587,0.0,0.0,0.0,0.0,1e-07,0.0,0.0,0.0,4.642e-09,0.0,0.0,0.0,0.0,4.642e-09,1e-07,0.0
24467036.0,4995000000.0,5000000.0,5.0,0.0,0.0487,0.0487,0.0487,0.0487,21.428,5.8156,0.0020493,5.8156,21.428,0.005319,0.0020493,0.005319,0.0,0.0,0.0,0.0,2.154e-10,0.0,0.0,0.0,0.001,0.0,0.0,0.0,0.0,0.001,2.154e-10,0.0
24464298.0,4995000000.0,5000000.0,5.0,0.0,0.0487,0.0487,0.0487,0.0487,21.428,1.5792,0.00021428,1.5792,21.428,0.0014444,0.00021428,0.0014444,0.0,0.0,0.0,0.0,4.642e-09,0.0,0.0,0.0,4.642e-05,0.0,0.0,0.0,0.0,4.642e-05,4.642e-09,0.0
24462104.0,4995000000.0,5000000.0,5.0,0.0,0.0487,0.0487,0.0487,0.0487,21.428,0.42856,0.0020493,0.42856,21.428,0.0,0.0020493,0.0,0.0,0.0,0.0,0.0,2.154e-06,0.0,0.0,0.0,4.642e-09,0.0,0.0,0.0,0.0,4.642e-09,2.154e-06,0.0
24463907.0,4995000000.0,5000000.0,5.0,0.0,0.0487,0.0487,0.0487,0.0487,21.428,1.5792,0.0,1.5792,21.428,0.00015103,0.0,0.00015103,0.0,0.0,0.0,0.0,4.642e-09,0.0,0.0,0.0,0.001,0.0,0.0,0.0,0.0,0.001,4.642e-09,0.0
24466234.0,4995000000.0,5000000.0,5.0,0.0,0.0487,0.0487,0.0487,0.0487,21.428,5.8156,0.0,5.8156,21.428,0.0,0.0,0.0,0.0,0.0,0.0,0.0,0.001,0.0,0.0,0.0,4.642e-09,0.0,0.0,0.0,0.0,4.642e-09,0.001,0.0
24462462.0,4995000000.0,5000000.0,5.0,0.0,0.0487,0.0487,0.0487,0.0487,21.428,0.42856,0.019598,0.42856,21.428,0.0,0.019598,0.0,0.0,0.0,0.0,0.0,0.001,0.0,0.0,0.0,1e-07,0.0,0.0,0.0,0.0,1e-07,0.001,0.0
24462322.0,4995000000.0,5000000.0,5.0,0.0,0.0487,0.0487,0.0487,0.0487,21.428,0.42856,0.0020493,0.42856,21.428,0.03587,0.0020493,0.03587,0.0,0.0,0.0,0.0,1e-11,0.0,0.0,0.0,1e-07,0.0,0.0,0.0,0.0,1e-07,1e-11,0.0
24467327.0,4995000000.0,5000000.0,5.0,0.0,0.0487,0.0487,0.0487,0.0487,21.428,5.8156,0.019598,5.8156,21.428,0.00055617,0.019598,0.00055617,0.0,0.0,0.0,0.0,2.154e-10,0.0,0.0,0.0,1e-07,0.0,0.0,0.0,0.0,1e-07,2.154e-10,0.0
24464488.0,4995000000.0,5000000.0,5.0,0.0,0.0487,0.0487,0.0487,0.0487,21.428,1.5792,0.0020493,1.5792,21.428,0.0,0.0020493,0.0,0.0,0.0,0.0,0.0,2.154e-10,0.0,0.0,0.0,0.001,0.0,0.0,0.0,0.0,0.001,2.154e-10,0.0
24462234.0,4995000000.0,5000000.0,5.0,0.0,0.0487,0.0487,0.0487,0.0487,21.428,0.42856,0.0020493,0.42856,21.428,0.00039197,0.0020493,0.00039197,0.0,0.0,0.0,0.0,2.154e-10,0.0,0.0,0.0,0.001,0.0,0.0,0.0,0.0,0.001,2.154e-10,0.0
24464352.0,4995000000.0,5000000.0,5.0,0.0,0.0487,0.0487,0.0487,0.0487,21.428,1.5792,0.00021428,1.5792,21.428,0.013739,0.00021428,0.013739,0.0,0.0,0.0,0.0,1e-07,0.0,0.0,0.0,1e-07,0.0,0.0,0.0,0.0,1e-07,1e-07,0.0
24463927.0,4995000000.0,5000000.0,5.0,0.0,0.0487,0.0487,0.0487,0.0487,21.428,1.5792,0.0,1.5792,21.428,0.00015103,0.0,0.00015103,0.0,0.0,0.0,0.0,4.642e-05,0.0,0.0,0.0,4.642e-05,0.0,0.0,0.0,0.0,4.642e-05,4.642e-05,0.0
24464900.0,4995000000.0,5000000.0,5.0,0.0,0.0487,0.0487,0.0487,0.0487,21.428,1.5792,0.019598,1.5792,21.428,1.5792e-05,0.019598,1.5792e-05,0.0,0.0,0.0,0.0,2.154e-06,0.0,0.0,0.0,4.642e-05,0.0,0.0,0.0,0.0,4.642e-05,2.154e-06,0.0
24464899.0,4995000000.0,5000000.0,5.0,0.0,0.0487,0.0487,0.0487,0.0487,21.428,1.5792,0.019598,1.5792,21.428,1.5792e-05,0.019598,1.5792e-05,0.0,0.0,0.0,0.0,2.154e-06,0.0,0.0,0.0,2.154e-06,0.0,0.0,0.0,0.0,2.154e-06,2.154e-06,0.0
24464290.0,4995000000.0,5000000.0,5.0,0.0,0.0487,0.0487,0.0487,0.0487,21.428,1.5792,0.00021428,1.5792,21.428,0.0014444,0.00021428,0.0014444,0.0,0.0,0.0,0.0,2.154e-10,0.0,0.0,0.0,2.154e-06,0.0,0.0,0.0,0.0,2.154e-06,2.154e-10,0.0
24461911.0,4995000000.0,5000000.0,5.0,0.0,0.0487,0.0487,0.0487,0.0487,21.428,0.42856,0.00021428,0.42856,21.428,0.00039197,0.00021428,0.00039197,0.0,0.0,0.0,0.0,2.154e-06,0.0,0.0,0.0,4.642e-05,0.0,0.0,0.0,0.0,4.642e-05,2.154e-06,0.0
24464649.0,4995000000.0,5000000.0,5.0,0.0,0.0487,0.0487,0.0487,0.0487,21.428,1.5792,0.0020493,1.5792,21.428,0.0014444,0.0020493,0.0014444,0.0,0.0,0.0,0.0,1e-07,0.0,0.0,0.0,0.001,0.0,0.0,0.0,0.0,0.001,1e-07,0.0
24462300.0,4995000000.0,5000000.0,5.0,0.0,0.0487,0.0487,0.0487,0.0487,21.428,0.42856,0.0020493,0.42856,21.428,0.0037285,0.0020493,0.0037285,0.0,0.0,0.0,0.0,2.154e-06,0.0,0.0,0.0,4.642e-09,0.0,0.0,0.0,0.0,4.642e-09,2.154e-06,0.0
24464648.0,4995000000.0,5000000.0,5.0,0.0,0.0487,0.0487,0.0487,0.0487,21.428,1.5792,0.0020493,1.5792,21.428,0.0014444,0.0020493,0.0014444,0.0,0.0,0.0,0.0,1e-07,0.0,0.0,0.0,4.642e-05,0.0,0.0,0.0,0.0,4.642e-05,1e-07,0.0
24461826.0,4995000000.0,5000000.0,5.0,0.0,0.0487,0.0487,0.0487,0.0487,21.428,0.42856,0.00021428,0.42856,21.428,4.2856e-06,0.00021428,4.2856e-06,0.0,0.0,0.0,0.0,0.001,0.0,0.0,0.0,2.154e-06,0.0,0.0,0.0,0.0,2.154e-06,0.001,0.0
24463967.0,4995000000.0,5000000.0,5.0,0.0,0.0487,0.0487,0.0487,0.0487,21.428,1.5792,0.0,1.5792,21.428,0.0014444,0.0,0.0014444,0.0,0.0,0.0,0.0,2.154e-06,0.0,0.0,0.0,1e-07,0.0,0.0,0.0,0.0,1e-07,2.154e-06,0.0
24461482.0,4995000000.0,5000000.0,5.0,0.0,0.0487,0.0487,0.0487,0.0487,21.428,0.42856,0.0,0.42856,21.428,4.2856e-06,0.0,4.2856e-06,0.0,0.0,0.0,0.0,0.001,0.0,0.0,0.0,1e-07,0.0,0.0,0.0,0.0,1e-07,0.001,0.0
24461880.0,4995000000.0,5000000.0,5.0,0.0,0.0487,0.0487,0.0487,0.0487,21.428,0.42856,0.00021428,0.42856,21.428,0.00039197,0.00021428,0.00039197,0.0,0.0,0.0,0.0,1e-11,0.0,0.0,0.0,4.642e-09,0.0,0.0,0.0,0.0,4.642e-09,1e-11,0.0
24462525.0,4995000000.0,5000000.0,5.0,0.0,0.0487,0.0487,0.0487,0.0487,21.428,0.42856,0.019598,0.42856,21.428,4.0985e-05,0.019598,4.0985e-05,0.0,0.0,0.0,0.0,2.154e-10,0.0,0.0,0.0,1e-07,0.0,0.0,0.0,0.0,1e-07,2.154e-10,0.0
24463800.0,4995000000.0,5000000.0,5.0,0.0,0.0487,0.0487,0.0487,0.0487,21.428,1.5792,0.0,1.5792,21.428,0.0,0.0,0.0,0.0,0.0,0.0,0.0,2.154e-10,0.0,0.0,0.0,2.154e-06,0.0,0.0,0.0,0.0,2.154e-06,2.154e-10,0.0
24466698.0,4995000000.0,5000000.0,5.0,0.0,0.0487,0.0487,0.0487,0.0487,21.428,5.8156,0.00021428,5.8156,21.428,0.005319,0.00021428,0.005319,0.0,0.0,0.0,0.0,4.642e-09,0.0,0.0,0.0,2.154e-06,0.0,0.0,0.0,0.0,2.154e-06,4.642e-09,0.0
24462421.0,4995000000.0,5000000.0,5.0,0.0,0.0487,0.0487,0.0487,0.0487,21.428,0.42856,0.019598,0.42856,21.428,0.0,0.019598,0.0,0.0,0.0,0.0,0.0,1e-11,0.0,0.0,0.0,2.154e-06,0.0,0.0,0.0,0.0,2.154e-06,1e-11,0.0
24462175.0,4995000000.0,5000000.0,5.0,0.0,0.0487,0.0487,0.0487,0.0487,21.428,0.42856,0.0020493,0.42856,21.428,4.0985e-05,0.0020493,4.0985e-05,0.0,0.0,0.0,0.0,1e-11,0.0,0.0,0.0,1e-07,0.0,0.0,0.0,0.0,1e-07,1e-11,0.0
24461435.0,4995000000.0,5000000.0,5.0,0.0,0.0487,0.0487,0.0487,0.0487,21.428,0.42856,0.0,0.42856,21.428,0.0,0.0,0.0,0.0,0.0,0.0,0.0,0.001,0.0,0.0,0.0,4.642e-05,0.0,0.0,0.0,0.0,4.642e-05,0.001,0.0
24465059.0,4995000000.0,5000000.0,5.0,0.0,0.0487,0.0487,0.0487,0.0487,21.428,1.5792,0.019598,1.5792,21.428,0.013739,0.019598,0.013739,0.0,0.0,0.0,0.0,0.001,0.0,0.0,0.0,1e-07,0.0,0.0,0.0,0.0,1e-07,0.001,0.0
24460272.0,4995000000.0,5000000.0,5.0,0.0,0.0487,0.0487,0.0487,0.0487,21.428,0.11571,0.019598,0.11571,21.428,0.009685,0.019598,0.009685,0.0,0.0,0.0,0.0,2.154e-10,0.0,0.0,0.0,2.154e-06,0.0,0.0,0.0,0.0,2.154e-06,2.154e-10,0.0
24461615.0,4995000000.0,5000000.0,5.0,0.0,0.0487,0.0487,0.0487,0.0487,21.428,0.42856,0.0,0.42856,21.428,0.0037285,0.0,0.0037285,0.0,0.0,0.0,0.0,2.154e-06,0.0,0.0,0.0,1e-07,0.0,0.0,0.0,0.0,1e-07,2.154e-06,0.0
24466928.0,4995000000.0,5000000.0,5.0,0.0,0.0487,0.0487,0.0487,0.0487,21.428,5.8156,0.0020493,5.8156,21.428,5.8156e-05,0.0020493,5.8156e-05,0.0,0.0,0.0,0.0,1e-11,0.0,0.0,0.0,1e-07,0.0,0.0,0.0,0.0,1e-07,1e-11,0.0
24461754.0,4995000000.0,5000000.0,5.0,0.0,0.0487,0.0487,0.0487,0.0487,21.428,0.42856,0.00021428,0.42856,21.428,0.0,0.00021428,0.0,0.0,0.0,0.0,0.0,1e-07,0.0,0.0,0.0,4.642e-09,0.0,0.0,0.0,0.0,4.642e-09,1e-07,0.0
24463919.0,4995000000.0,5000000.0,5.0,0.0,0.0487,0.0487,0.0487,0.0487,21.428,1.5792,0.0,1.5792,21.428,0.00015103,0.0,0.00015103,0.0,0.0,0.0,0.0,2.154e-06,0.0,0.0,0.0,2.154e-06,0.0,0.0,0.0,0.0,2.154e-06,2.154e-06,0.0
24464677.0,4995000000.0,5000000.0,5.0,0.0,0.0487,0.0487,0.0487,0.0487,21.428,1.5792,0.0020493,1.5792,21.428,0.013739,0.0020493,0.013739,0.0,0.0,0.0,0.0,1e-11,0.0,0.0,0.0,0.001,0.0,0.0,0.0,0.0,0.001,1e-11,0.0
24464667.0,4995000000.0,5000000.0,5.0,0.0,0.0487,0.0487,0.0487,0.0487,21.428,1.5792,0.0020493,1.5792,21.428,0.0014444,0.0020493,0.0014444,0.0,0.0,0.0,0.0,0.001,0.0,0.0,0.0,1e-07,0.0,0.0,0.0,0.0,1e-07,0.001,0.0
24460105.0,4995000000.0,5000000.0,5.0,0.0,0.0487,0.0487,0.0487,0.0487,21.428,0.11571,0.019598,0.11571,21.428,1.1571e-06,0.019598,1.1571e-06,0.0,0.0,0.0,0.0,4.642e-05,0.0,0.0,0.0,4.642e-05,0.0,0.0,0.0,0.0,4.642e-05,4.642e-05,0.0
24466721.0,4995000000.0,5000000.0,5.0,0.0,0.0487,0.0487,0.0487,0.0487,21.428,5.8156,0.00021428,5.8156,21.428,0.005319,0.00021428,0.005319,0.0,0.0,0.0,0.0,4.642e-05,0.0,0.0,0.0,0.001,0.0,0.0,0.0,0.0,0.001,4.642e-05,0.0
24467341.0,4995000000.0,5000000.0,5.0,0.0,0.0487,0.0487,0.0487,0.0487,21.428,5.8156,0.019598,5.8156,21.428,0.00055617,0.019598,0.00055617,0.0,0.0,0.0,0.0,1e-07,0.0,0.0,0.0,1e-07,0.0,0.0,0.0,0.0,1e-07,1e-07,0.0
24461440.0,4995000000.0,5000000.0,5.0,0.0,0.0487,0.0487,0.0487,0.0487,21.428,0.42856,0.0,0.42856,21.428,4.2856e-06,0.0,4.2856e-06,0.0,0.0,0.0,0.0,1e-11,0.0,0.0,0.0,1e-07,0.0,0.0,0.0,0.0,1e-07,1e-11,0.0
24464696.0,4995000000.0,5000000.0,5.0,0.0,0.0487,0.0487,0.0487,0.0487,21.428,1.5792,0.0020493,1.5792,21.428,0.013739,0.0020493,0.013739,0.0,0.0,0.0,0.0,1e-07,0.0,0.0,0.0,2.154e-06,0.0,0.0,0.0,0.0,2.154e-06,1e-07,0.0
24462310.0,4995000000.0,5000000.0,5.0,0.0,0.0487,0.0487,0.0487,0.0487,21.428,0.42856,0.0020493,0.42856,21.428,0.0037285,0.0020493,0.0037285,0.0,0.0,0.0,0.0,4.642e-05,0.0,0.0,0.0,4.642e-05,0.0,0.0,0.0,0.0,4.642e-05,4.642e-05,0.0
24469017.0,4995000000.0,5000000.0,5.0,0.0,0.0487,0.0487,0.0487,0.0487,21.428,21.428,0.00021428,21.428,21.428,0.00021428,0.00021428,0.00021428,0.0,0.0,0.0,0.0,2.154e-06,0.0,0.0,0.0,0.001,0.0,0.0,0.0,0.0,0.001,2.154e-06,0.0
24462267.0,4995000000.0,5000000.0,5.0,0.0,0.0487,0.0487,0.0487,0.0487,21.428,0.42856,0.0020493,0.42856,21.428,0.00039197,0.0020493,0.00039197,0.0,0.0,0.0,0.0,0.001,0.0,0.0,0.0,2.154e-06,0.0,0.0,0.0,0.0,2.154e-06,0.001,0.0
24461909.0,4995000000.0,5000000.0,5.0,0.0,0.0487,0.0487,0.0487,0.0487,21.428,0.42856,0.00021428,0.42856,21.428,0.00039197,0.00021428,0.00039197,0.0,0.0,0.0,0.0,2.154e-06,0.0,0.0,0.0,1e-07,0.0,0.0,0.0,0.0,1e-07,2.154e-06,0.0
24464303.0,4995000000.0,5000000.0,5.0,0.0,0.0487,0.0487,0.0487,0.0487,21.428,1.5792,0.00021428,1.5792,21.428,0.0014444,0.00021428,0.0014444,0.0,0.0,0.0,0.0,1e-07,0.0,0.0,0.0,1e-07,0.0,0.0,0.0,0.0,1e-07,1e-07,0.0
24466704.0,4995000000.0,5000000.0,5.0,0.0,0.0487,0.0487,0.0487,0.0487,21.428,5.8156,0.00021428,5.8156,21.428,0.005319,0.00021428,0.005319,0.0,0.0,0.0,0.0,1e-07,0.0,0.0,0.0,1e-07,0.0,0.0,0.0,0.0,1e-07,1e-07,0.0
24467063.0,4995000000.0,5000000.0,5.0,0.0,0.0487,0.0487,0.0487,0.0487,21.428,5.8156,0.0020493,5.8156,21.428,0.005319,0.0020493,0.005319,0.0,0.0,0.0,0.0,4.642e-05,0.0,0.0,0.0,4.642e-05,0.0,0.0,0.0,0.0,4.642e-05,4.642e-05,0.0
24466944.0,4995000000.0,5000000.0,5.0,0.0,0.0487,0.0487,0.0487,0.0487,21.428,5.8156,0.0020493,5.8156,21.428,5.8156e-05,0.0020493,5.8156e-05,0.0,0.0,0.0,0.0,4.642e-09,0.0,0.0,0.0,4.642e-05,0.0,0.0,0.0,0.0,4.642e-05,4.642e-09,0.0
24462020.0,4995000000.0,5000000.0,5.0,0.0,0.0487,0.0487,0.0487,0.0487,21.428,0.42856,0.00021428,0.42856,21.428,0.03587,0.00021428,0.03587,0.0,0.0,0.0,0.0,0.001,0.0,0.0,0.0,4.642e-09,0.0,0.0,0.0,0.0,4.642e-09,0.001,0.0
24460089.0,4995000000.0,5000000.0,5.0,0.0,0.0487,0.0487,0.0487,0.0487,21.428,0.11571,0.019598,0.11571,21.428,1.1571e-06,0.019598,1.1571e-06,0.0,0.0,0.0,0.0,1e-07,0.0,0.0,0.0,1e-07,0.0,0.0,0.0,0.0,1e-07,1e-07,0.0
24462696.0,4995000000.0,5000000.0,5.0,0.0,0.0487,0.0487,0.0487,0.0487,21.428,0.42856,0.019598,0.42856,21.428,0.03587,0.019598,0.03587,0.0,0.0,0.0,0.0,2.154e-06,0.0,0.0,0.0,0.001,0.0,0.0,0.0,0.0,0.001,2.154e-06,0.0
24466619.0,4995000000.0,5000000.0,5.0,0.0,0.0487,0.0487,0.0487,0.0487,21.428,5.8156,0.00021428,5.8156,21.428,5.8156e-05,0.00021428,5.8156e-05,0.0,0.0,0.0,0.0,4.642e-05,0.0,0.0,0.0,4.642e-09,0.0,0.0,0.0,0.0,4.642e-09,4.642e-05,0.0
24462265.0,4995000000.0,5000000.0,5.0,0.0,0.0487,0.0487,0.0487,0.0487,21.428,0.42856,0.0020493,0.42856,21.428,0.00039197,0.0020493,0.00039197,0.0,0.0,0.0,0.0,0.001,0.0,0.0,0.0,4.642e-09,0.0,0.0,0.0,0.0,4.642e-09,0.001,0.0
24461485.0,4995000000.0,5000000.0,5.0,0.0,0.0487,0.0487,0.0487,0.0487,21.428,0.42856,0.0,0.42856,21.428,4.2856e-06,0.0,4.2856e-06,0.0,0.0,0.0,0.0,0.001,0.0,0.0,0.0,0.001,0.0,0.0,0.0,0.0,0.001,0.001,0.0
24468996.0,4995000000.0,5000000.0,5.0,0.0,0.0487,0.0487,0.0487,0.0487,21.428,21.428,0.00021428,21.428,21.428,0.00021428,0.00021428,0.00021428,0.0,0.0,0.0,0.0,2.154e-10,0.0,0.0,0.0,0.001,0.0,0.0,0.0,0.0,0.001,2.154e-10,0.0
24461505.0,4995000000.0,5000000.0,5.0,0.0,0.0487,0.0487,0.0487,0.0487,21.428,0.42856,0.0,0.42856,21.428,4.0985e-05,0.0,4.0985e-05,0.0,0.0,0.0,0.0,4.642e-09,0.0,0.0,0.0,4.642e-05,0.0,0.0,0.0,0.0,4.642e-05,4.642e-09,0.0
24461938.0,4995000000.0,5000000.0,5.0,0.0,0.0487,0.0487,0.0487,0.0487,21.428,0.42856,0.00021428,0.42856,21.428,0.0037285,0.00021428,0.0037285,0.0,0.0,0.0,0.0,2.154e-10,0.0,0.0,0.0,2.154e-06,0.0,0.0,0.0,0.0,2.154e-06,2.154e-10,0.0
24469024.0,4995000000.0,5000000.0,5.0,0.0,0.0487,0.0487,0.0487,0.0487,21.428,21.428,0.00021428,21.428,21.428,0.00021428,0.00021428,0.00021428,0.0,0.0,0.0,0.0,4.642e-05,0.0,0.0,0.0,0.001,0.0,0.0,0.0,0.0,0.001,4.642e-05,0.0
24464638.0,4995000000.0,5000000.0,5.0,0.0,0.0487,0.0487,0.0487,0.0487,21.428,1.5792,0.0020493,1.5792,21.428,0.0014444,0.0020493,0.0014444,0.0,0.0,0.0,0.0,4.642e-09,0.0,0.0,0.0,4.642e-09,0.0,0.0,0.0,0.0,4.642e-09,4.642e-09,0.0
24466571.0,4995000000.0,5000000.0,5.0,0.0,0.0487,0.0487,0.0487,0.0487,21.428,5.8156,0.00021428,5.8156,21.428,0.0,0.00021428,0.0,0.0,0.0,0.0,0.0,4.642e-05,0.0,0.0,0.0,1e-07,0.0,0.0,0.0,0.0,1e-07,4.642e-05,0.0
24461457.0,4995000000.0,5000000.0,5.0,0.0,0.0487,0.0487,0.0487,0.0487,21.428,0.42856,0.0,0.42856,21.428,4.2856e-06,0.0,4.2856e-06,0.0,0.0,0.0,0.0,4.642e-09,0.0,0.0,0.0,0.001,0.0,0.0,0.0,0.0,0.001,4.642e-09,0.0
24464190.0,4995000000.0,5000000.0,5.0,0.0,0.0487,0.0487,0.0487,0.0487,21.428,1.5792,0.00021428,1.5792,21.428,1.5792e-05,0.00021428,1.5792e-05,0.0,0.0,0.0,0.0,2.154e-10,0.0,0.0,0.0,4.642e-09,0.0,0.0,0.0,0.0,4.642e-09,2.154e-10,0.0
24462577.0,4995000000.0,5000000.0,5.0,0.0,0.0487,0.0487,0.0487,0.0487,21.428,0.42856,0.019598,0.42856,21.428,0.00039197,0.019598,0.00039197,0.0,0.0,0.0,0.0,2.154e-10,0.0,0.0,0.0,0.001,0.0,0.0,0.0,0.0,0.001,2.154e-10,0.0
24465013.0,4995000000.0,5000000.0,5.0,0.0,0.0487,0.0487,0.0487,0.0487,21.428,1.5792,0.019598,1.5792,21.428,0.0014444,0.019598,0.0014444,0.0,0.0,0.0,0.0,0.001,0.0,0.0,0.0,0.001,0.0,0.0,0.0,0.0,0.001,0.001,0.0
24464642.0,4995000000.0,5000000.0,5.0,0.0,0.0487,0.0487,0.0487,0.0487,21.428,1.5792,0.0020493,1.5792,21.428,0.0014444,0.0020493,0.0014444,0.0,0.0,0.0,0.0,4.642e-09,0.0,0.0,0.0,0.001,0.0,0.0,0.0,0.0,0.001,4.642e-09,0.0
24466256.0,4995000000.0,5000000.0,5.0,0.0,0.0487,0.0487,0.0487,0.0487,21.428,5.8156,0.0,5.8156,21.428,5.8156e-05,0.0,5.8156e-05,0.0,0.0,0.0,0.0,4.642e-09,0.0,0.0,0.0,1e-07,0.0,0.0,0.0,0.0,1e-07,4.642e-09,0.0
24466880.0,4995000000.0,5000000.0,5.0,0.0,0.0487,0.0487,0.0487,0.0487,21.428,5.8156,0.0020493,5.8156,21.428,0.0,0.0020493,0.0,0.0,0.0,0.0,0.0,1e-11,0.0,0.0,0.0,2.154e-06,0.0,0.0,0.0,0.0,2.154e-06,1e-11,0.0
24461854.0,4995000000.0,5000000.0,5.0,0.0,0.0487,0.0487,0.0487,0.0487,21.428,0.42856,0.00021428,0.42856,21.428,4.0985e-05,0.00021428,4.0985e-05,0.0,0.0,0.0,0.0,1e-07,0.0,0.0,0.0,2.154e-06,0.0,0.0,0.0,0.0,2.154e-06,1e-07,0.0
24461798.0,4995000000.0,5000000.0,5.0,0.0,0.0487,0.0487,0.0487,0.0487,21.428,0.42856,0.00021428,0.42856,21.428,4.2856e-06,0.00021428,4.2856e-06,0.0,0.0,0.0,0.0,4.642e-09,0.0,0.0,0.0,2.154e-06,0.0,0.0,0.0,0.0,2.154e-06,4.642e-09,0.0
24466663.0,4995000000.0,5000000.0,5.0,0.0,0.0487,0.0487,0.0487,0.0487,21.428,5.8156,0.00021428,5.8156,21.428,0.00055617,0.00021428,0.00055617,0.0,0.0,0.0,0.0,2.154e-06,0.0,0.0,0.0,2.154e-06,0.0,0.0,0.0,0.0,2.154e-06,2.154e-06,0.0
24461783.0,4995000000.0,5000000.0,5.0,0.0,0.0487,0.0487,0.0487,0.0487,21.428,0.42856,0.00021428,0.42856,21.428,4.2856e-06,0.00021428,4.2856e-06,0.0,0.0,0.0,0.0,1e-11,0.0,0.0,0.0,1e-07,0.0,0.0,0.0,0.0,1e-07,1e-11,0.0
24466209.0,4995000000.0,5000000.0,5.0,0.0,0.0487,0.0487,0.0487,0.0487,21.428,5.8156,0.0,5.8156,21.428,0.0,0.0,0.0,0.0,0.0,0.0,0.0,4.642e-09,0.0,0.0,0.0,4.642e-05,0.0,0.0,0.0,0.0,4.642e-05,4.642e-09,0.0
24464605.0,4995000000.0,5000000.0,5.0,0.0,0.0487,0.0487,0.0487,0.0487,21.428,1.5792,0.0020493,1.5792,21.428,0.00015103,0.0020493,0.00015103,0.0,0.0,0.0,0.0,2.154e-06,0.0,0.0,0.0,2.154e-06,0.0,0.0,0.0,0.0,2.154e-06,2.154e-06,0.0
24466955.0,4995000000.0,5000000.0,5.0,0.0,0.0487,0.0487,0.0487,0.0487,21.428,5.8156,0.0020493,5.8156,21.428,5.8156e-05,0.0020493,5.8156e-05,0.0,0.0,0.0,0.0,2.154e-06,0.0,0.0,0.0,4.642e-09,0.0,0.0,0.0,0.0,4.642e-09,2.154e-06,0.0
24467033.0,4995000000.0,5000000.0,5.0,0.0,0.0487,0.0487,0.0487,0.0487,21.428,5.8156,0.0020493,5.8156,21.428,0.005319,0.0020493,0.005319,0.0,0.0,0.0,0.0,2.154e-10,0.0,0.0,0.0,1e-07,0.0,0.0,0.0,0.0,1e-07,2.154e-10,0.0
24464843.0,4995000000.0,5000000.0,5.0,0.0,0.0487,0.0487,0.0487,0.0487,21.428,1.5792,0.019598,1.5792,21.428,0.0,0.019598,0.0,0.0,0.0,0.0,0.0,1e-07,0.0,0.0,0.0,2.154e-06,0.0,0.0,0.0,0.0,2.154e-06,1e-07,0.0
24464857.0,4995000000.0,5000000.0,5.0,0.0,0.0487,0.0487,0.0487,0.0487,21.428,1.5792,0.019598,1.5792,21.428,0.0,0.019598,0.0,0.0,0.0,0.0,0.0,4.642e-05,0.0,0.0,0.0,2.154e-06,0.0,0.0,0.0,0.0,2.154e-06,4.642e-05,0.0
24466243.0,4995000000.0,5000000.0,5.0,0.0,0.0487,0.0487,0.0487,0.0487,21.428,5.8156,0.0,5.8156,21.428,5.8156e-05,0.0,5.8156e-05,0.0,0.0,0.0,0.0,1e-11,0.0,0.0,0.0,2.154e-06,0.0,0.0,0.0,0.0,2.154e-06,1e-11,0.0
24460153.0,4995000000.0,5000000.0,5.0,0.0,0.0487,0.0487,0.0487,0.0487,21.428,0.11571,0.019598,0.11571,21.428,1.1066e-05,0.019598,1.1066e-05,0.0,0.0,0.0,0.0,4.642e-05,0.0,0.0,0.0,2.154e-06,0.0,0.0,0.0,0.0,2.154e-06,4.642e-05,0.0
24467281.0,4995000000.0,5000000.0,5.0,0.0,0.0487,0.0487,0.0487,0.0487,21.428,5.8156,0.019598,5.8156,21.428,5.8156e-05,0.019598,5.8156e-05,0.0,0.0,0.0,0.0,2.154e-10,0.0,0.0,0.0,0.001,0.0,0.0,0.0,0.0,0.001,2.154e-10,0.0
24461889.0,4995000000.0,5000000.0,5.0,0.0,0.0487,0.0487,0.0487,0.0487,21.428,0.42856,0.00021428,0.42856,21.428,0.00039197,0.00021428,0.00039197,0.0,0.0,0.0,0.0,2.154e-10,0.0,0.0,0.0,2.154e-06,0.0,0.0,0.0,0.0,2.154e-06,2.154e-10,0.0
24462241.0,4995000000.0,5000000.0,5.0,0.0,0.0487,0.0487,0.0487,0.0487,21.428,0.42856,0.0020493,0.42856,21.428,0.00039197,0.0020493,0.00039197,0.0,0.0,0.0,0.0,4.642e-09,0.0,0.0,0.0,0.001,0.0,0.0,0.0,0.0,0.001,4.642e-09,0.0
24463891.0,4995000000.0,5000000.0,5.0,0.0,0.0487,0.0487,0.0487,0.0487,21.428,1.5792,0.0,1.5792,21.428,0.00015103,0.0,0.00015103,0.0,0.0,0.0,0.0,1e-11,0.0,0.0,0.0,2.154e-06,0.0,0.0,0.0,0.0,2.154e-06,1e-11,0.0
24464527.0,4995000000.0,5000000.0,5.0,0.0,0.0487,0.0487,0.0487,0.0487,21.428,1.5792,0.0020493,1.5792,21.428,1.5792e-05,0.0020493,1.5792e-05,0.0,0.0,0.0,0.0,1e-11,0.0,0.0,0.0,1e-07,0.0,0.0,0.0,0.0,1e-07,1e-11,0.0
24467008.0,4995000000.0,5000000.0,5.0,0.0,0.0487,0.0487,0.0487,0.0487,21.428,5.8156,0.0020493,5.8156,21.428,0.00055617,0.0020493,0.00055617,0.0,0.0,0.0,0.0,2.154e-06,0.0,0.0,0.0,0.001,0.0,0.0,0.0,0.0,0.001,2.154e-06,0.0
24464620.0,4995000000.0,5000000.0,5.0,0.0,0.0487,0.0487,0.0487,0.0487,21.428,1.5792,0.0020493,1.5792,21.428,0.00015103,0.0020493,0.00015103,0.0,0.0,0.0,0.0,0.001,0.0,0.0,0.0,4.642e-05,0.0,0.0,0.0,0.0,4.642e-05,0.001,0.0
24466242.0,4995000000.0,5000000.0,5.0,0.0,0.0487,0.0487,0.0487,0.0487,21.428,5.8156,0.0,5.8156,21.428,5.8156e-05,0.0,5.8156e-05,0.0,0.0,0.0,0.0,1e-11,0.0,0.0,0.0,1e-07,0.0,0.0,0.0,0.0,1e-07,1e-11,0.0
24463917.0,4995000000.0,5000000.0,5.0,0.0,0.0487,0.0487,0.0487,0.0487,21.428,1.5792,0.0,1.5792,21.428,0.00015103,0.0,0.00015103,0.0,0.0,0.0,0.0,2.154e-06,0.0,0.0,0.0,4.642e-09,0.0,0.0,0.0,0.0,4.642e-09,2.154e-06,0.0
24461904.0,4995000000.0,5000000.0,5.0,0.0,0.0487,0.0487,0.0487,0.0487,21.428,0.42856,0.00021428,0.42856,21.428,0.00039197,0.00021428,0.00039197,0.0,0.0,0.0,0.0,1e-07,0.0,0.0,0.0,4.642e-05,0.0,0.0,0.0,0.0,4.642e-05,1e-07,0.0
24469682.0,4995000000.0,5000000.0,5.0,0.0,0.0487,0.0487,0.0487,0.0487,21.428,21.428,0.019598,21.428,21.428,0.00021428,0.019598,0.00021428,0.0,0.0,0.0,0.0,2.154e-10,0.0,0.0,0.0,0.001,0.0,0.0,0.0,0.0,0.001,2.154e-10,0.0
24468744.0,4995000000.0,5000000.0,5.0,0.0,0.0487,0.0487,0.0487,0.0487,21.428,21.428,0.0,21.428,21.428,0.019598,0.0,0.019598,0.0,0.0,0.0,0.0,1e-11,0.0,0.0,0.0,0.001,0.0,0.0,0.0,0.0,0.001,1e-11,0.0
24461516.0,4995000000.0,5000000.0,5.0,0.0,0.0487,0.0487,0.0487,0.0487,21.428,0.42856,0.0,0.42856,21.428,4.0985e-05,0.0,4.0985e-05,0.0,0.0,0.0,0.0,2.154e-06,0.0,0.0,0.0,4.642e-09,0.0,0.0,0.0,0.0,4.642e-09,2.154e-06,0.0
24469759.0,4995000000.0,5000000.0,5.0,0.0,0.0487,0.0487,0.0487,0.0487,21.428,21.428,0.019598,21.428,21.428,0.0020493,0.019598,0.0020493,0.0,0.0,0.0,0.0,4.642e-05,0.0,0.0,0.0,0.001,0.0,0.0,0.0,0.0,0.001,4.642e-05,0.0
24461929.0,4995000000.0,5000000.0,5.0,0.0,0.0487,0.0487,0.0487,0.0487,21.428,0.42856,0.00021428,0.42856,21.428,0.0037285,0.00021428,0.0037285,0.0,0.0,0.0,0.0,1e-11,0.0,0.0,0.0,4.642e-09,0.0,0.0,0.0,0.0,4.642e-09,1e-11,0.0
24464500.0,4995000000.0,5000000.0,5.0,0.0,0.0487,0.0487,0.0487,0.0487,21.428,1.5792,0.0020493,1.5792,21.428,0.0,0.0020493,0.0,0.0,0.0,0.0,0.0,1e-07,0.0,0.0,0.0,2.154e-06,0.0,0.0,0.0,0.0,2.154e-06,1e-07,0.0
24462673.0,4995000000.0,5000000.0,5.0,0.0,0.0487,0.0487,0.0487,0.0487,21.428,0.42856,0.019598,0.42856,21.428,0.03587,0.019598,0.03587,0.0,0.0,0.0,0.0,2.154e-10,0.0,0.0,0.0,2.154e-06,0.0,0.0,0.0,0.0,2.154e-06,2.154e-10,0.0
24462548.0,4995000000.0,5000000.0,5.0,0.0,0.0487,0.0487,0.0487,0.0487,21.428,0.42856,0.019598,0.42856,21.428,4.0985e-05,0.019598,4.0985e-05,0.0,0.0,0.0,0.0,2.154e-06,0.0,0.0,0.0,4.642e-05,0.0,0.0,0.0,0.0,4.642e-05,2.154e-06,0.0
24460112.0,4995000000.0,5000000.0,5.0,0.0,0.0487,0.0487,0.0487,0.0487,21.428,0.11571,0.019598,0.11571,21.428,1.1571e-06,0.019598,1.1571e-06,0.0,0.0,0.0,0.0,0.001,0.0,0.0,0.0,4.642e-05,0.0,0.0,0.0,0.0,4.642e-05,0.001,0.0
24464598.0,4995000000.0,5000000.0,5.0,0.0,0.0487,0.0487,0.0487,0.0487,21.428,1.5792,0.0020493,1.5792,21.428,0.00015103,0.0020493,0.00015103,0.0,0.0,0.0,0.0,1e-07,0.0,0.0,0.0,2.154e-06,0.0,0.0,0.0,0.0,2.154e-06,1e-07,0.0
24466214.0,4995000000.0,5000000.0,5.0,0.0,0.0487,0.0487,0.0487,0.0487,21.428,5.8156,0.0,5.8156,21.428,0.0,0.0,0.0,0.0,0.0,0.0,0.0,1e-07,0.0,0.0,0.0,1e-07,0.0,0.0,0.0,0.0,1e-07,1e-07,0.0
24461849.0,4995000000.0,5000000.0,5.0,0.0,0.0487,0.0487,0.0487,0.0487,21.428,0.42856,0.00021428,0.42856,21.428,4.0985e-05,0.00021428,4.0985e-05,0.0,0.0,0.0,0.0,4.642e-09,0.0,0.0,0.0,0.001,0.0,0.0,0.0,0.0,0.001,4.642e-09,0.0
24464856.0,4995000000.0,5000000.0,5.0,0.0,0.0487,0.0487,0.0487,0.0487,21.428,1.5792,0.019598,1.5792,21.428,0.0,0.019598,0.0,0.0,0.0,0.0,0.0,4.642e-05,0.0,0.0,0.0,1e-07,0.0,0.0,0.0,0.0,1e-07,4.642e-05,0.0
24463826.0,4995000000.0,5000000.0,5.0,0.0,0.0487,0.0487,0.0487,0.0487,21.428,1.5792,0.0,1.5792,21.428,0.0,0.0,0.0,0.0,0.0,0.0,0.0,4.642e-05,0.0,0.0,0.0,4.642e-09,0.0,0.0,0.0,0.0,4.642e-09,4.642e-05,0.0
24466383.0,4995000000.0,5000000.0,5.0,0.0,0.0487,0.0487,0.0487,0.0487,21.428,5.8156,0.0,5.8156,21.428,0.005319,0.0,0.005319,0.0,0.0,0.0,0.0,0.001,0.0,0.0,0.0,2.154e-06,0.0,0.0,0.0,0.0,2.154e-06,0.001,0.0
24464584.0,4995000000.0,5000000.0,5.0,0.0,0.0487,0.0487,0.0487,0.0487,21.428,1.5792,0.0020493,1.5792,21.428,0.00015103,0.0020493,0.00015103,0.0,0.0,0.0,0.0,2.154e-10,0.0,0.0,0.0,2.154e-06,0.0,0.0,0.0,0.0,2.154e-06,2.154e-10,0.0
24460229.0,4995000000.0,5000000.0,5.0,0.0,0.0487,0.0487,0.0487,0.0487,21.428,0.11571,0.019598,0.11571,21.428,0.0010067,0.019598,0.0010067,0.0,0.0,0.0,0.0,4.642e-09,0.0,0.0,0.0,1e-07,0.0,0.0,0.0,0.0,1e-07,4.642e-09,0.0
24466271.0,4995000000.0,5000000.0,5.0,0.0,0.0487,0.0487,0.0487,0.0487,21.428,5.8156,0.0,5.8156,21.428,5.8156e-05,0.0,5.8156e-05,0.0,0.0,0.0,0.0,2.154e-06,0.0,0.0,0.0,2.154e-06,0.0,0.0,0.0,0.0,2.154e-06,2.154e-06,0.0
24462485.0,4995000000.0,5000000.0,5.0,0.0,0.0487,0.0487,0.0487,0.0487,21.428,0.42856,0.019598,0.42856,21.428,4.2856e-06,0.019598,4.2856e-06,0.0,0.0,0.0,0.0,4.642e-09,0.0,0.0,0.0,4.642e-05,0.0,0.0,0.0,0.0,4.642e-05,4.642e-09,0.0
24462595.0,4995000000.0,5000000.0,5.0,0.0,0.0487,0.0487,0.0487,0.0487,21.428,0.42856,0.019598,0.42856,21.428,0.00039197,0.019598,0.00039197,0.0,0.0,0.0,0.0,2.154e-06,0.0,0.0,0.0,1e-07,0.0,0.0,0.0,0.0,1e-07,2.154e-06,0.0
24467236.0,4995000000.0,5000000.0,5.0,0.0,0.0487,0.0487,0.0487,0.0487,21.428,5.8156,0.019598,5.8156,21.428,0.0,0.019598,0.0,0.0,0.0,0.0,0.0,4.642e-09,0.0,0.0,0.0,1e-07,0.0,0.0,0.0,0.0,1e-07,4.642e-09,0.0
24461786.0,4995000000.0,5000000.0,5.0,0.0,0.0487,0.0487,0.0487,0.0487,21.428,0.42856,0.00021428,0.42856,21.428,4.2856e-06,0.00021428,4.2856e-06,0.0,0.0,0.0,0.0,1e-11,0.0,0.0,0.0,0.001,0.0,0.0,0.0,0.0,0.001,1e-11,0.0
24461811.0,4995000000.0,5000000.0,5.0,0.0,0.0487,0.0487,0.0487,0.0487,21.428,0.42856,0.00021428,0.42856,21.428,4.2856e-06,0.00021428,4.2856e-06,0.0,0.0,0.0,0.0,2.154e-06,0.0,0.0,0.0,1e-07,0.0,0.0,0.0,0.0,1e-07,2.154e-06,0.0
24463954.0,4995000000.0,5000000.0,5.0,0.0,0.0487,0.0487,0.0487,0.0487,21.428,1.5792,0.0,1.5792,21.428,0.0014444,0.0,0.0014444,0.0,0.0,0.0,0.0,4.642e-09,0.0,0.0,0.0,2.154e-06,0.0,0.0,0.0,0.0,2.154e-06,4.642e-09,0.0
24468736.0,4995000000.0,5000000.0,5.0,0.0,0.0487,0.0487,0.0487,0.0487,21.428,21.428,0.0,21.428,21.428,0.0020493,0.0,0.0020493,0.0,0.0,0.0,0.0,0.001,0.0,0.0,0.0,4.642e-05,0.0,0.0,0.0,0.0,4.642e-05,0.001,0.0
24462526.0,4995000000.0,5000000.0,5.0,0.0,0.0487,0.0487,0.0487,0.0487,21.428,0.42856,0.019598,0.42856,21.428,4.0985e-05,0.019598,4.0985e-05,0.0,0.0,0.0,0.0,2.154e-10,0.0,0.0,0.0,2.154e-06,0.0,0.0,0.0,0.0,2.154e-06,2.154e-10,0.0
24461447.0,4995000000.0,5000000.0,5.0,0.0,0.0487,0.0487,0.0487,0.0487,21.428,0.42856,0.0,0.42856,21.428,4.2856e-06,0.0,4.2856e-06,0.0,0.0,0.0,0.0,2.154e-10,0.0,0.0,0.0,1e-07,0.0,0.0,0.0,0.0,1e-07,2.154e-10,0.0
24467239.0,4995000000.0,5000000.0,5.0,0.0,0.0487,0.0487,0.0487,0.0487,21.428,5.8156,0.019598,5.8156,21.428,0.0,0.019598,0.0,0.0,0.0,0.0,0.0,4.642e-09,0.0,0.0,0.0,0.001,0.0,0.0,0.0,0.0,0.001,4.642e-09,0.0
24460174.0,4995000000.0,5000000.0,5.0,0.0,0.0487,0.0487,0.0487,0.0487,21.428,0.11571,0.019598,0.11571,21.428,0.00010583,0.019598,0.00010583,0.0,0.0,0.0,0.0,2.154e-10,0.0,0.0,0.0,2.154e-06,0.0,0.0,0.0,0.0,2.154e-06,2.154e-10,0.0
24461680.0,4995000000.0,5000000.0,5.0,0.0,0.0487,0.0487,0.0487,0.0487,21.428,0.42856,0.0,0.42856,21.428,0.03587,0.0,0.03587,0.0,0.0,0.0,0.0,0.001,0.0,0.0,0.0,4.642e-05,0.0,0.0,0.0,0.0,4.642e-05,0.001,0.0
24462479.0,4995000000.0,5000000.0,5.0,0.0,0.0487,0.0487,0.0487,0.0487,21.428,0.42856,0.019598,0.42856,21.428,4.2856e-06,0.019598,4.2856e-06,0.0,0.0,0.0,0.0,2.154e-10,0.0,0.0,0.0,0.001,0.0,0.0,0.0,0.0,0.001,2.154e-10,0.0
24467407.0,4995000000.0,5000000.0,5.0,0.0,0.0487,0.0487,0.0487,0.0487,21.428,5.8156,0.019598,5.8156,21.428,0.005319,0.019598,0.005319,0.0,0.0,0.0,0.0,4.642e-05,0.0,0.0,0.0,0.001,0.0,0.0,0.0,0.0,0.001,4.642e-05,0.0
24466649.0,4995000000.0,5000000.0,5.0,0.0,0.0487,0.0487,0.0487,0.0487,21.428,5.8156,0.00021428,5.8156,21.428,0.00055617,0.00021428,0.00055617,0.0,0.0,0.0,0.0,4.642e-09,0.0,0.0,0.0,2.154e-06,0.0,0.0,0.0,0.0,2.154e-06,4.642e-09,0.0
24462134.0,4995000000.0,5000000.0,5.0,0.0,0.0487,0.0487,0.0487,0.0487,21.428,0.42856,0.0020493,0.42856,21.428,4.2856e-06,0.0020493,4.2856e-06,0.0,0.0,0.0,0.0,2.154e-10,0.0,0.0,0.0,2.154e-06,0.0,0.0,0.0,0.0,2.154e-06,2.154e-10,0.0
24464031.0,4995000000.0,5000000.0,5.0,0.0,0.0487,0.0487,0.0487,0.0487,21.428,1.5792,0.0,1.5792,21.428,0.013739,0.0,0.013739,0.0,0.0,0.0,0.0,0.001,0.0,0.0,0.0,2.154e-06,0.0,0.0,0.0,0.0,2.154e-06,0.001,0.0
24464631.0,4995000000.0,5000000.0,5.0,0.0,0.0487,0.0487,0.0487,0.0487,21.428,1.5792,0.0020493,1.5792,21.428,0.0014444,0.0020493,0.0014444,0.0,0.0,0.0,0.0,2.154e-10,0.0,0.0,0.0,4.642e-09,0.0,0.0,0.0,0.0,4.642e-09,2.154e-10,0.0
24460259.0,4995000000.0,5000000.0,5.0,0.0,0.0487,0.0487,0.0487,0.0487,21.428,0.11571,0.019598,0.11571,21.428,0.0010067,0.019598,0.0010067,0.0,0.0,0.0,0.0,0.001,0.0,0.0,0.0,4.642e-05,0.0,0.0,0.0,0.0,4.642e-05,0.001,0.0
24467040.0,4995000000.0,5000000.0,5.0,0.0,0.0487,0.0487,0.0487,0.0487,21.428,5.8156,0.0020493,5.8156,21.428,0.005319,0.0020493,0.005319,0.0,0.0,0.0,0.0,4.642e-09,0.0,0.0,0.0,1e-07,0.0,0.0,0.0,0.0,1e-07,4.642e-09,0.0
24461813.0,4995000000.0,5000000.0,5.0,0.0,0.0487,0.0487,0.0487,0.0487,21.428,0.42856,0.00021428,0.42856,21.428,4.2856e-06,0.00021428,4.2856e-06,0.0,0.0,0.0,0.0,2.154e-06,0.0,0.0,0.0,4.642e-05,0.0,0.0,0.0,0.0,4.642e-05,2.154e-06,0.0
24469023.0,4995000000.0,5000000.0,5.0,0.0,0.0487,0.0487,0.0487,0.0487,21.428,21.428,0.00021428,21.428,21.428,0.00021428,0.00021428,0.00021428,0.0,0.0,0.0,0.0,4.642e-05,0.0,0.0,0.0,4.642e-05,0.0,0.0,0.0,0.0,4.642e-05,4.642e-05,0.0
24460245.0,4995000000.0,5000000.0,5.0,0.0,0.0487,0.0487,0.0487,0.0487,21.428,0.11571,0.019598,0.11571,21.428,0.0010067,0.019598,0.0010067,0.0,0.0,0.0,0.0,2.154e-06,0.0,0.0,0.0,4.642e-05,0.0,0.0,0.0,0.0,4.642e-05,2.154e-06,0.0
24460140.0,4995000000.0,5000000.0,5.0,0.0,0.0487,0.0487,0.0487,0.0487,21.428,0.11571,0.019598,0.11571,21.428,1.1066e-05,0.019598,1.1066e-05,0.0,0.0,0.0,0.0,1e-07,0.0,0.0,0.0,4.642e-05,0.0,0.0,0.0,0.0,4.642e-05,1e-07,0.0
24461597.0,4995000000.0,5000000.0,5.0,0.0,0.0487,0.0487,0.0487,0.0487,21.428,0.42856,0.0,0.42856,21.428,0.0037285,0.0,0.0037285,0.0,0.0,0.0,0.0,2.154e-10,0.0,0.0,0.0,0.001,0.0,0.0,0.0,0.0,0.001,2.154e-10,0.0
24465034.0,4995000000.0,5000000.0,5.0,0.0,0.0487,0.0487,0.0487,0.0487,21.428,1.5792,0.019598,1.5792,21.428,0.013739,0.019598,0.013739,0.0,0.0,0.0,0.0,4.642e-09,0.0,0.0,0.0,0.001,0.0,0.0,0.0,0.0,0.001,4.642e-09,0.0
24466626.0,4995000000.0,5000000.0,5.0,0.0,0.0487,0.0487,0.0487,0.0487,21.428,5.8156,0.00021428,5.8156,21.428,5.8156e-05,0.00021428,5.8156e-05,0.0,0.0,0.0,0.0,0.001,0.0,0.0,0.0,4.642e-09,0.0,0.0,0.0,0.0,4.642e-09,0.001,0.0
24466313.0,4995000000.0,5000000.0,5.0,0.0,0.0487,0.0487,0.0487,0.0487,21.428,5.8156,0.0,5.8156,21.428,0.00055617,0.0,0.00055617,0.0,0.0,0.0,0.0,1e-07,0.0,0.0,0.0,2.154e-06,0.0,0.0,0.0,0.0,2.154e-06,1e-07,0.0
24464194.0,4995000000.0,5000000.0,5.0,0.0,0.0487,0.0487,0.0487,0.0487,21.428,1.5792,0.00021428,1.5792,21.428,1.5792e-05,0.00021428,1.5792e-05,0.0,0.0,0.0,0.0,2.154e-10,0.0,0.0,0.0,0.001,0.0,0.0,0.0,0.0,0.001,2.154e-10,0.0
24462112.0,4995000000.0,5000000.0,5.0,0.0,0.0487,0.0487,0.0487,0.0487,21.428,0.42856,0.0020493,0.42856,21.428,0.0,0.0020493,0.0,0.0,0.0,0.0,0.0,4.642e-05,0.0,0.0,0.0,1e-07,0.0,0.0,0.0,0.0,1e-07,4.642e-05,0.0
24461488.0,4995000000.0,5000000.0,5.0,0.0,0.0487,0.0487,0.0487,0.0487,21.428,0.42856,0.0,0.42856,21.428,4.0985e-05,0.0,4.0985e-05,0.0,0.0,0.0,0.0,1e-11,0.0,0.0,0.0,4.642e-09,0.0,0.0,0.0,0.0,4.642e-09,1e-11,0.0
24464604.0,4995000000.0,5000000.0,5.0,0.0,0.0487,0.0487,0.0487,0.0487,21.428,1.5792,0.0020493,1.5792,21.428,0.00015103,0.0020493,0.00015103,0.0,0.0,0.0,0.0,2.154e-06,0.0,0.0,0.0,1e-07,0.0,0.0,0.0,0.0,1e-07,2.154e-06,0.0
24469444.0,4995000000.0,5000000.0,5.0,0.0,0.0487,0.0487,0.0487,0.0487,21.428,21.428,0.0020493,21.428,21.428,0.019598,0.0020493,0.019598,0.0,0.0,0.0,0.0,4.642e-09,0.0,0.0,0.0,0.001,0.0,0.0,0.0,0.0,0.001,4.642e-09,0.0
24462225.0,4995000000.0,5000000.0,5.0,0.0,0.0487,0.0487,0.0487,0.0487,21.428,0.42856,0.0020493,0.42856,21.428,0.00039197,0.0020493,0.00039197,0.0,0.0,0.0,0.0,1e-11,0.0,0.0,0.0,2.154e-06,0.0,0.0,0.0,0.0,2.154e-06,1e-11,0.0
24467323.0,4995000000.0,5000000.0,5.0,0.0,0.0487,0.0487,0.0487,0.0487,21.428,5.8156,0.019598,5.8156,21.428,0.00055617,0.019598,0.00055617,0.0,0.0,0.0,0.0,1e-11,0.0,0.0,0.0,0.001,0.0,0.0,0.0,0.0,0.001,1e-11,0.0
24460252.0,4995000000.0,5000000.0,5.0,0.0,0.0487,0.0487,0.0487,0.0487,21.428,0.11571,0.019598,0.11571,21.428,0.0010067,0.019598,0.0010067,0.0,0.0,0.0,0.0,4.642e-05,0.0,0.0,0.0,4.642e-05,0.0,0.0,0.0,0.0,4.642e-05,4.642e-05,0.0
24464135.0,4995000000.0,5000000.0,5.0,0.0,0.0487,0.0487,0.0487,0.0487,21.428,1.5792,0.00021428,1.5792,21.428,0.0,0.00021428,0.0,0.0,0.0,0.0,0.0,1e-11,0.0,0.0,0.0,1e-07,0.0,0.0,0.0,0.0,1e-07,1e-11,0.0
24461674.0,4995000000.0,5000000.0,5.0,0.0,0.0487,0.0487,0.0487,0.0487,21.428,0.42856,0.0,0.42856,21.428,0.03587,0.0,0.03587,0.0,0.0,0.0,0.0,4.642e-05,0.0,0.0,0.0,0.001,0.0,0.0,0.0,0.0,0.001,4.642e-05,0.0
24464822.0,4995000000.0,5000000.0,5.0,0.0,0.0487,0.0487,0.0487,0.0487,21.428,1.5792,0.019598,1.5792,21.428,0.0,0.019598,0.0,0.0,0.0,0.0,0.0,1e-11,0.0,0.0,0.0,2.154e-06,0.0,0.0,0.0,0.0,2.154e-06,1e-11,0.0
24463870.0,4995000000.0,5000000.0,5.0,0.0,0.0487,0.0487,0.0487,0.0487,21.428,1.5792,0.0,1.5792,21.428,1.5792e-05,0.0,1.5792e-05,0.0,0.0,0.0,0.0,2.154e-06,0.0,0.0,0.0,2.154e-06,0.0,0.0,0.0,0.0,2.154e-06,2.154e-06,0.0
24461848.0,4995000000.0,5000000.0,5.0,0.0,0.0487,0.0487,0.0487,0.0487,21.428,0.42856,0.00021428,0.42856,21.428,4.0985e-05,0.00021428,4.0985e-05,0.0,0.0,0.0,0.0,4.642e-09,0.0,0.0,0.0,4.642e-05,0.0,0.0,0.0,0.0,4.642e-05,4.642e-09,0.0
24462471.0,4995000000.0,5000000.0,5.0,0.0,0.0487,0.0487,0.0487,0.0487,21.428,0.42856,0.019598,0.42856,21.428,4.2856e-06,0.019598,4.2856e-06,0.0,0.0,0.0,0.0,1e-11,0.0,0.0,0.0,4.642e-05,0.0,0.0,0.0,0.0,4.642e-05,1e-11,0.0
24461918.0,4995000000.0,5000000.0,5.0,0.0,0.0487,0.0487,0.0487,0.0487,21.428,0.42856,0.00021428,0.42856,21.428,0.00039197,0.00021428,0.00039197,0.0,0.0,0.0,0.0,4.642e-05,0.0,0.0,0.0,4.642e-05,0.0,0.0,0.0,0.0,4.642e-05,4.642e-05,0.0
24466244.0,4995000000.0,5000000.0,5.0,0.0,0.0487,0.0487,0.0487,0.0487,21.428,5.8156,0.0,5.8156,21.428,5.8156e-05,0.0,5.8156e-05,0.0,0.0,0.0,0.0,1e-11,0.0,0.0,0.0,4.642e-05,0.0,0.0,0.0,0.0,4.642e-05,1e-11,0.0
24466938.0,4995000000.0,5000000.0,5.0,0.0,0.0487,0.0487,0.0487,0.0487,21.428,5.8156,0.0020493,5.8156,21.428,5.8156e-05,0.0020493,5.8156e-05,0.0,0.0,0.0,0.0,2.154e-10,0.0,0.0,0.0,0.001,0.0,0.0,0.0,0.0,0.001,2.154e-10,0.0
24467335.0,4995000000.0,5000000.0,5.0,0.0,0.0487,0.0487,0.0487,0.0487,21.428,5.8156,0.019598,5.8156,21.428,0.00055617,0.019598,0.00055617,0.0,0.0,0.0,0.0,4.642e-09,0.0,0.0,0.0,2.154e-06,0.0,0.0,0.0,0.0,2.154e-06,4.642e-09,0.0
24464163.0,4995000000.0,5000000.0,5.0,0.0,0.0487,0.0487,0.0487,0.0487,21.428,1.5792,0.00021428,1.5792,21.428,0.0,0.00021428,0.0,0.0,0.0,0.0,0.0,2.154e-06,0.0,0.0,0.0,1e-07,0.0,0.0,0.0,0.0,1e-07,2.154e-06,0.0
24465038.0,4995000000.0,5000000.0,5.0,0.0,0.0487,0.0487,0.0487,0.0487,21.428,1.5792,0.019598,1.5792,21.428,0.013739,0.019598,0.013739,0.0,0.0,0.0,0.0,1e-07,0.0,0.0,0.0,1e-07,0.0,0.0,0.0,0.0,1e-07,1e-07,0.0
24466560.0,4995000000.0,5000000.0,5.0,0.0,0.0487,0.0487,0.0487,0.0487,21.428,5.8156,0.00021428,5.8156,21.428,0.0,0.00021428,0.0,0.0,0.0,0.0,0.0,1e-07,0.0,0.0,0.0,0.001,0.0,0.0,0.0,0.0,0.001,1e-07,0.0
24463959.0,4995000000.0,5000000.0,5.0,0.0,0.0487,0.0487,0.0487,0.0487,21.428,1.5792,0.0,1.5792,21.428,0.0014444,0.0,0.0014444,0.0,0.0,0.0,0.0,1e-07,0.0,0.0,0.0,4.642e-09,0.0,0.0,0.0,0.0,4.642e-09,1e-07,0.0
24461632.0,4995000000.0,5000000.0,5.0,0.0,0.0487,0.0487,0.0487,0.0487,21.428,0.42856,0.0,0.42856,21.428,0.0037285,0.0,0.0037285,0.0,0.0,0.0,0.0,0.001,0.0,0.0,0.0,0.001,0.0,0.0,0.0,0.0,0.001,0.001,0.0
24467309.0,4995000000.0,5000000.0,5.0,0.0,0.0487,0.0487,0.0487,0.0487,21.428,5.8156,0.019598,5.8156,21.428,5.8156e-05,0.019598,5.8156e-05,0.0,0.0,0.0,0.0,4.642e-05,0.0,0.0,0.0,0.001,0.0,0.0,0.0,0.0,0.001,4.642e-05,0.0
24464838.0,4995000000.0,5000000.0,5.0,0.0,0.0487,0.0487,0.0487,0.0487,21.428,1.5792,0.019598,1.5792,21.428,0.0,0.019598,0.0,0.0,0.0,0.0,0.0,4.642e-09,0.0,0.0,0.0,0.001,0.0,0.0,0.0,0.0,0.001,4.642e-09,0.0
24462108.0,4995000000.0,5000000.0,5.0,0.0,0.0487,0.0487,0.0487,0.0487,21.428,0.42856,0.0020493,0.42856,21.428,0.0,0.0020493,0.0,0.0,0.0,0.0,0.0,2.154e-06,0.0,0.0,0.0,0.001,0.0,0.0,0.0,0.0,0.001,2.154e-06,0.0
24466283.0,4995000000.0,5000000.0,5.0,0.0,0.0487,0.0487,0.0487,0.0487,21.428,5.8156,0.0,5.8156,21.428,5.8156e-05,0.0,5.8156e-05,0.0,0.0,0.0,0.0,0.001,0.0,0.0,0.0,4.642e-09,0.0,0.0,0.0,0.0,4.642e-09,0.001,0.0
24466273.0,4995000000.0,5000000.0,5.0,0.0,0.0487,0.0487,0.0487,0.0487,21.428,5.8156,0.0,5.8156,21.428,5.8156e-05,0.0,5.8156e-05,0.0,0.0,0.0,0.0,2.154e-06,0.0,0.0,0.0,0.001,0.0,0.0,0.0,0.0,0.001,2.154e-06,0.0
24469780.0,4995000000.0,5000000.0,5.0,0.0,0.0487,0.0487,0.0487,0.0487,21.428,21.428,0.019598,21.428,21.428,0.019598,0.019598,0.019598,0.0,0.0,0.0,0.0,2.154e-10,0.0,0.0,0.0,0.001,0.0,0.0,0.0,0.0,0.001,2.154e-10,0.0
24461855.0,4995000000.0,5000000.0,5.0,0.0,0.0487,0.0487,0.0487,0.0487,21.428,0.42856,0.00021428,0.42856,21.428,4.0985e-05,0.00021428,4.0985e-05,0.0,0.0,0.0,0.0,1e-07,0.0,0.0,0.0,4.642e-05,0.0,0.0,0.0,0.0,4.642e-05,1e-07,0.0
24466336.0,4995000000.0,5000000.0,5.0,0.0,0.0487,0.0487,0.0487,0.0487,21.428,5.8156,0.0,5.8156,21.428,0.00055617,0.0,0.00055617,0.0,0.0,0.0,0.0,0.001,0.0,0.0,0.0,0.001,0.0,0.0,0.0,0.0,0.001,0.001,0.0
24461658.0,4995000000.0,5000000.0,5.0,0.0,0.0487,0.0487,0.0487,0.0487,21.428,0.42856,0.0,0.42856,21.428,0.03587,0.0,0.03587,0.0,0.0,0.0,0.0,1e-07,0.0,0.0,0.0,2.154e-06,0.0,0.0,0.0,0.0,2.154e-06,1e-07,0.0
24464155.0,4995000000.0,5000000.0,5.0,0.0,0.0487,0.0487,0.0487,0.0487,21.428,1.5792,0.00021428,1.5792,21.428,0.0,0.00021428,0.0,0.0,0.0,0.0,0.0,1e-07,0.0,0.0,0.0,4.642e-09,0.0,0.0,0.0,0.0,4.642e-09,1e-07,0.0
24461553.0,4995000000.0,5000000.0,5.0,0.0,0.0487,0.0487,0.0487,0.0487,21.428,0.42856,0.0,0.42856,21.428,0.00039197,0.0,0.00039197,0.0,0.0,0.0,0.0,4.642e-09,0.0,0.0,0.0,2.154e-06,0.0,0.0,0.0,0.0,2.154e-06,4.642e-09,0.0
24467384.0,4995000000.0,5000000.0,5.0,0.0,0.0487,0.0487,0.0487,0.0487,21.428,5.8156,0.019598,5.8156,21.428,0.005319,0.019598,0.005319,0.0,0.0,0.0,0.0,4.642e-09,0.0,0.0,0.0,2.154e-06,0.0,0.0,0.0,0.0,2.154e-06,4.642e-09,0.0
24464675.0,4995000000.0,5000000.0,5.0,0.0,0.0487,0.0487,0.0487,0.0487,21.428,1.5792,0.0020493,1.5792,21.428,0.013739,0.0020493,0.013739,0.0,0.0,0.0,0.0,1e-11,0.0,0.0,0.0,2.154e-06,0.0,0.0,0.0,0.0,2.154e-06,1e-11,0.0
24466634.0,4995000000.0,5000000.0,5.0,0.0,0.0487,0.0487,0.0487,0.0487,21.428,5.8156,0.00021428,5.8156,21.428,0.00055617,0.00021428,0.00055617,0.0,0.0,0.0,0.0,1e-11,0.0,0.0,0.0,1e-07,0.0,0.0,0.0,0.0,1e-07,1e-11,0.0
24466910.0,4995000000.0,5000000.0,5.0,0.0,0.0487,0.0487,0.0487,0.0487,21.428,5.8156,0.0020493,5.8156,21.428,0.0,0.0020493,0.0,0.0,0.0,0.0,0.0,2.154e-06,0.0,0.0,0.0,0.001,0.0,0.0,0.0,0.0,0.001,2.154e-06,0.0
24464660.0,4995000000.0,5000000.0,5.0,0.0,0.0487,0.0487,0.0487,0.0487,21.428,1.5792,0.0020493,1.5792,21.428,0.0014444,0.0020493,0.0014444,0.0,0.0,0.0,0.0,4.642e-05,0.0,0.0,0.0,1e-07,0.0,0.0,0.0,0.0,1e-07,4.642e-05,0.0
24466921.0,4995000000.0,5000000.0,5.0,0.0,0.0487,0.0487,0.0487,0.0487,21.428,5.8156,0.0020493,5.8156,21.428,0.0,0.0020493,0.0,0.0,0.0,0.0,0.0,0.001,0.0,0.0,0.0,1e-07,0.0,0.0,0.0,0.0,1e-07,0.001,0.0
24469738.0,4995000000.0,5000000.0,5.0,0.0,0.0487,0.0487,0.0487,0.0487,21.428,21.428,0.019598,21.428,21.428,0.0020493,0.019598,0.0020493,0.0,0.0,0.0,0.0,4.642e-09,0.0,0.0,0.0,0.001,0.0,0.0,0.0,0.0,0.001,4.642e-09,0.0
24466536.0,4995000000.0,5000000.0,5.0,0.0,0.0487,0.0487,0.0487,0.0487,21.428,5.8156,0.00021428,5.8156,21.428,0.0,0.00021428,0.0,0.0,0.0,0.0,0.0,1e-11,0.0,0.0,0.0,1e-07,0.0,0.0,0.0,0.0,1e-07,1e-11,0.0
24461768.0,4995000000.0,5000000.0,5.0,0.0,0.0487,0.0487,0.0487,0.0487,21.428,0.42856,0.00021428,0.42856,21.428,0.0,0.00021428,0.0,0.0,0.0,0.0,0.0,4.642e-05,0.0,0.0,0.0,4.642e-09,0.0,0.0,0.0,0.0,4.642e-09,4.642e-05,0.0
24464151.0,4995000000.0,5000000.0,5.0,0.0,0.0487,0.0487,0.0487,0.0487,21.428,1.5792,0.00021428,1.5792,21.428,0.0,0.00021428,0.0,0.0,0.0,0.0,0.0,4.642e-09,0.0,0.0,0.0,4.642e-05,0.0,0.0,0.0,0.0,4.642e-05,4.642e-09,0.0
24461852.0,4995000000.0,5000000.0,5.0,0.0,0.0487,0.0487,0.0487,0.0487,21.428,0.42856,0.00021428,0.42856,21.428,4.0985e-05,0.00021428,4.0985e-05,0.0,0.0,0.0,0.0,1e-07,0.0,0.0,0.0,4.642e-09,0.0,0.0,0.0,0.0,4.642e-09,1e-07,0.0
24466717.0,4995000000.0,5000000.0,5.0,0.0,0.0487,0.0487,0.0487,0.0487,21.428,5.8156,0.00021428,5.8156,21.428,0.005319,0.00021428,0.005319,0.0,0.0,0.0,0.0,4.642e-05,0.0,0.0,0.0,4.642e-09,0.0,0.0,0.0,0.0,4.642e-09,4.642e-05,0.0
24461573.0,4995000000.0,5000000.0,5.0,0.0,0.0487,0.0487,0.0487,0.0487,21.428,0.42856,0.0,0.42856,21.428,0.00039197,0.0,0.00039197,0.0,0.0,0.0,0.0,4.642e-05,0.0,0.0,0.0,1e-07,0.0,0.0,0.0,0.0,1e-07,4.642e-05,0.0
24464270.0,4995000000.0,5000000.0,5.0,0.0,0.0487,0.0487,0.0487,0.0487,21.428,1.5792,0.00021428,1.5792,21.428,0.00015103,0.00021428,0.00015103,0.0,0.0,0.0,0.0,4.642e-05,0.0,0.0,0.0,4.642e-05,0.0,0.0,0.0,0.0,4.642e-05,4.642e-05,0.0
24464219.0,4995000000.0,5000000.0,5.0,0.0,0.0487,0.0487,0.0487,0.0487,21.428,1.5792,0.00021428,1.5792,21.428,1.5792e-05,0.00021428,1.5792e-05,0.0,0.0,0.0,0.0,4.642e-05,0.0,0.0,0.0,1e-07,0.0,0.0,0.0,0.0,1e-07,4.642e-05,0.0
24462497.0,4995000000.0,5000000.0,5.0,0.0,0.0487,0.0487,0.0487,0.0487,21.428,0.42856,0.019598,0.42856,21.428,4.2856e-06,0.019598,4.2856e-06,0.0,0.0,0.0,0.0,2.154e-06,0.0,0.0,0.0,1e-07,0.0,0.0,0.0,0.0,1e-07,2.154e-06,0.0
24467400.0,4995000000.0,5000000.0,5.0,0.0,0.0487,0.0487,0.0487,0.0487,21.428,5.8156,0.019598,5.8156,21.428,0.005319,0.019598,0.005319,0.0,0.0,0.0,0.0,2.154e-06,0.0,0.0,0.0,0.001,0.0,0.0,0.0,0.0,0.001,2.154e-06,0.0
24464263.0,4995000000.0,5000000.0,5.0,0.0,0.0487,0.0487,0.0487,0.0487,21.428,1.5792,0.00021428,1.5792,21.428,0.00015103,0.00021428,0.00015103,0.0,0.0,0.0,0.0,2.154e-06,0.0,0.0,0.0,4.642e-05,0.0,0.0,0.0,0.0,4.642e-05,2.154e-06,0.0
24462182.0,4995000000.0,5000000.0,5.0,0.0,0.0487,0.0487,0.0487,0.0487,21.428,0.42856,0.0020493,0.42856,21.428,4.0985e-05,0.0020493,4.0985e-05,0.0,0.0,0.0,0.0,2.154e-10,0.0,0.0,0.0,1e-07,0.0,0.0,0.0,0.0,1e-07,2.154e-10,0.0
24460148.0,4995000000.0,5000000.0,5.0,0.0,0.0487,0.0487,0.0487,0.0487,21.428,0.11571,0.019598,0.11571,21.428,1.1066e-05,0.019598,1.1066e-05,0.0,0.0,0.0,0.0,2.154e-06,0.0,0.0,0.0,0.001,0.0,0.0,0.0,0.0,0.001,2.154e-06,0.0
24461509.0,4995000000.0,5000000.0,5.0,0.0,0.0487,0.0487,0.0487,0.0487,21.428,0.42856,0.0,0.42856,21.428,4.0985e-05,0.0,4.0985e-05,0.0,0.0,0.0,0.0,1e-07,0.0,0.0,0.0,4.642e-09,0.0,0.0,0.0,0.0,4.642e-09,1e-07,0.0
24462646.0,4995000000.0,5000000.0,5.0,0.0,0.0487,0.0487,0.0487,0.0487,21.428,0.42856,0.019598,0.42856,21.428,0.0037285,0.019598,0.0037285,0.0,0.0,0.0,0.0,2.154e-06,0.0,0.0,0.0,4.642e-05,0.0,0.0,0.0,0.0,4.642e-05,2.154e-06,0.0
24464197.0,4995000000.0,5000000.0,5.0,0.0,0.0487,0.0487,0.0487,0.0487,21.428,1.5792,0.00021428,1.5792,21.428,1.5792e-05,0.00021428,1.5792e-05,0.0,0.0,0.0,0.0,4.642e-09,0.0,0.0,0.0,4.642e-09,0.0,0.0,0.0,0.0,4.642e-09,4.642e-09,0.0
24461770.0,4995000000.0,5000000.0,5.0,0.0,0.0487,0.0487,0.0487,0.0487,21.428,0.42856,0.00021428,0.42856,21.428,0.0,0.00021428,0.0,0.0,0.0,0.0,0.0,4.642e-05,0.0,0.0,0.0,2.154e-06,0.0,0.0,0.0,0.0,2.154e-06,4.642e-05,0.0
24461483.0,4995000000.0,5000000.0,5.0,0.0,0.0487,0.0487,0.0487,0.0487,21.428,0.42856,0.0,0.42856,21.428,4.2856e-06,0.0,4.2856e-06,0.0,0.0,0.0,0.0,0.001,0.0,0.0,0.0,2.154e-06,0.0,0.0,0.0,0.0,2.154e-06,0.001,0.0
24460253.0,4995000000.0,5000000.0,5.0,0.0,0.0487,0.0487,0.0487,0.0487,21.428,0.11571,0.019598,0.11571,21.428,0.0010067,0.019598,0.0010067,0.0,0.0,0.0,0.0,4.642e-05,0.0,0.0,0.0,0.001,0.0,0.0,0.0,0.0,0.001,4.642e-05,0.0
24461600.0,4995000000.0,5000000.0,5.0,0.0,0.0487,0.0487,0.0487,0.0487,21.428,0.42856,0.0,0.42856,21.428,0.0037285,0.0,0.0037285,0.0,0.0,0.0,0.0,4.642e-09,0.0,0.0,0.0,4.642e-09,0.0,0.0,0.0,0.0,4.642e-09,4.642e-09,0.0
24467061.0,4995000000.0,5000000.0,5.0,0.0,0.0487,0.0487,0.0487,0.0487,21.428,5.8156,0.0020493,5.8156,21.428,0.005319,0.0020493,0.005319,0.0,0.0,0.0,0.0,4.642e-05,0.0,0.0,0.0,1e-07,0.0,0.0,0.0,0.0,1e-07,4.642e-05,0.0
24466598.0,4995000000.0,5000000.0,5.0,0.0,0.0487,0.0487,0.0487,0.0487,21.428,5.8156,0.00021428,5.8156,21.428,5.8156e-05,0.00021428,5.8156e-05,0.0,0.0,0.0,0.0,4.642e-09,0.0,0.0,0.0,4.642e-09,0.0,0.0,0.0,0.0,4.642e-09,4.642e-09,0.0
24460306.0,4995000000.0,5000000.0,5.0,0.0,0.0487,0.0487,0.0487,0.0487,21.428,0.11571,0.019598,0.11571,21.428,0.009685,0.019598,0.009685,0.0,0.0,0.0,0.0,0.001,0.0,0.0,0.0,1e-07,0.0,0.0,0.0,0.0,1e-07,0.001,0.0
24464233.0,4995000000.0,5000000.0,5.0,0.0,0.0487,0.0487,0.0487,0.0487,21.428,1.5792,0.00021428,1.5792,21.428,0.00015103,0.00021428,0.00015103,0.0,0.0,0.0,0.0,1e-11,0.0,0.0,0.0,1e-07,0.0,0.0,0.0,0.0,1e-07,1e-11,0.0
24464158.0,4995000000.0,5000000.0,5.0,0.0,0.0487,0.0487,0.0487,0.0487,21.428,1.5792,0.00021428,1.5792,21.428,0.0,0.00021428,0.0,0.0,0.0,0.0,0.0,1e-07,0.0,0.0,0.0,4.642e-05,0.0,0.0,0.0,0.0,4.642e-05,1e-07,0.0
24465005.0,4995000000.0,5000000.0,5.0,0.0,0.0487,0.0487,0.0487,0.0487,21.428,1.5792,0.019598,1.5792,21.428,0.0014444,0.019598,0.0014444,0.0,0.0,0.0,0.0,4.642e-05,0.0,0.0,0.0,4.642e-05,0.0,0.0,0.0,0.0,4.642e-05,4.642e-05,0.0
24462192.0,4995000000.0,5000000.0,5.0,0.0,0.0487,0.0487,0.0487,0.0487,21.428,0.42856,0.0020493,0.42856,21.428,4.0985e-05,0.0020493,4.0985e-05,0.0,0.0,0.0,0.0,4.642e-09,0.0,0.0,0.0,0.001,0.0,0.0,0.0,0.0,0.001,4.642e-09,0.0
24463948.0,4995000000.0,5000000.0,5.0,0.0,0.0487,0.0487,0.0487,0.0487,21.428,1.5792,0.0,1.5792,21.428,0.0014444,0.0,0.0014444,0.0,0.0,0.0,0.0,2.154e-10,0.0,0.0,0.0,4.642e-05,0.0,0.0,0.0,0.0,4.642e-05,2.154e-10,0.0
24460020.0,4995000000.0,5000000.0,5.0,0.0,0.0487,0.0487,0.0487,0.0487,21.428,0.11571,0.019598,0.11571,21.428,0.0,0.019598,0.0,0.0,0.0,0.0,0.0,1e-11,0.0,0.0,0.0,2.154e-06,0.0,0.0,0.0,0.0,2.154e-06,1e-11,0.0
24467265.0,4995000000.0,5000000.0,5.0,0.0,0.0487,0.0487,0.0487,0.0487,21.428,5.8156,0.019598,5.8156,21.428,0.0,0.019598,0.0,0.0,0.0,0.0,0.0,0.001,0.0,0.0,0.0,2.154e-06,0.0,0.0,0.0,0.0,2.154e-06,0.001,0.0
24464253.0,4995000000.0,5000000.0,5.0,0.0,0.0487,0.0487,0.0487,0.0487,21.428,1.5792,0.00021428,1.5792,21.428,0.00015103,0.00021428,0.00015103,0.0,0.0,0.0,0.0,1e-07,0.0,0.0,0.0,4.642e-09,0.0,0.0,0.0,0.0,4.642e-09,1e-07,0.0
24465025.0,4995000000.0,5000000.0,5.0,0.0,0.0487,0.0487,0.0487,0.0487,21.428,1.5792,0.019598,1.5792,21.428,0.013739,0.019598,0.013739,0.0,0.0,0.0,0.0,2.154e-10,0.0,0.0,0.0,2.154e-06,0.0,0.0,0.0,0.0,2.154e-06,2.154e-10,0.0
24464577.0,4995000000.0,5000000.0,5.0,0.0,0.0487,0.0487,0.0487,0.0487,21.428,1.5792,0.0020493,1.5792,21.428,0.00015103,0.0020493,0.00015103,0.0,0.0,0.0,0.0,1e-11,0.0,0.0,0.0,2.154e-06,0.0,0.0,0.0,0.0,2.154e-06,1e-11,0.0
24462017.0,4995000000.0,5000000.0,5.0,0.0,0.0487,0.0487,0.0487,0.0487,21.428,0.42856,0.00021428,0.42856,21.428,0.03587,0.00021428,0.03587,0.0,0.0,0.0,0.0,4.642e-05,0.0,0.0,0.0,0.001,0.0,0.0,0.0,0.0,0.001,4.642e-05,0.0
24462687.0,4995000000.0,5000000.0,5.0,0.0,0.0487,0.0487,0.0487,0.0487,21.428,0.42856,0.019598,0.42856,21.428,0.03587,0.019598,0.03587,0.0,0.0,0.0,0.0,1e-07,0.0,0.0,0.0,2.154e-06,0.0,0.0,0.0,0.0,2.154e-06,1e-07,0.0
24460028.0,4995000000.0,5000000.0,5.0,0.0,0.0487,0.0487,0.0487,0.0487,21.428,0.11571,0.019598,0.11571,21.428,0.0,0.019598,0.0,0.0,0.0,0.0,0.0,2.154e-10,0.0,0.0,0.0,4.642e-05,0.0,0.0,0.0,0.0,4.642e-05,2.154e-10,0.0
24464484.0,4995000000.0,5000000.0,5.0,0.0,0.0487,0.0487,0.0487,0.0487,21.428,1.5792,0.0020493,1.5792,21.428,0.0,0.0020493,0.0,0.0,0.0,0.0,0.0,2.154e-10,0.0,0.0,0.0,4.642e-09,0.0,0.0,0.0,0.0,4.642e-09,2.154e-10,0.0
24461524.0,4995000000.0,5000000.0,5.0,0.0,0.0487,0.0487,0.0487,0.0487,21.428,0.42856,0.0,0.42856,21.428,4.0985e-05,0.0,4.0985e-05,0.0,0.0,0.0,0.0,4.642e-05,0.0,0.0,0.0,1e-07,0.0,0.0,0.0,0.0,1e-07,4.642e-05,0.0
24467288.0,4995000000.0,5000000.0,5.0,0.0,0.0487,0.0487,0.0487,0.0487,21.428,5.8156,0.019598,5.8156,21.428,5.8156e-05,0.019598,5.8156e-05,0.0,0.0,0.0,0.0,4.642e-09,0.0,0.0,0.0,0.001,0.0,0.0,0.0,0.0,0.001,4.642e-09,0.0
24461603.0,4995000000.0,5000000.0,5.0,0.0,0.0487,0.0487,0.0487,0.0487,21.428,0.42856,0.0,0.42856,21.428,0.0037285,0.0,0.0037285,0.0,0.0,0.0,0.0,4.642e-09,0.0,0.0,0.0,4.642e-05,0.0,0.0,0.0,0.0,4.642e-05,4.642e-09,0.0
24461853.0,4995000000.0,5000000.0,5.0,0.0,0.0487,0.0487,0.0487,0.0487,21.428,0.42856,0.00021428,0.42856,21.428,4.0985e-05,0.00021428,4.0985e-05,0.0,0.0,0.0,0.0,1e-07,0.0,0.0,0.0,1e-07,0.0,0.0,0.0,0.0,1e-07,1e-07,0.0
24464478.0,4995000000.0,5000000.0,5.0,0.0,0.0487,0.0487,0.0487,0.0487,21.428,1.5792,0.0020493,1.5792,21.428,0.0,0.0020493,0.0,0.0,0.0,0.0,0.0,1e-11,0.0,0.0,0.0,1e-07,0.0,0.0,0.0,0.0,1e-07,1e-11,0.0
24464603.0,4995000000.0,5000000.0,5.0,0.0,0.0487,0.0487,0.0487,0.0487,21.428,1.5792,0.0020493,1.5792,21.428,0.00015103,0.0020493,0.00015103,0.0,0.0,0.0,0.0,2.154e-06,0.0,0.0,0.0,4.642e-09,0.0,0.0,0.0,0.0,4.642e-09,2.154e-06,0.0
24467412.0,4995000000.0,5000000.0,5.0,0.0,0.0487,0.0487,0.0487,0.0487,21.428,5.8156,0.019598,5.8156,21.428,0.005319,0.019598,0.005319,0.0,0.0,0.0,0.0,0.001,0.0,0.0,0.0,2.154e-06,0.0,0.0,0.0,0.0,2.154e-06,0.001,0.0
24466679.0,4995000000.0,5000000.0,5.0,0.0,0.0487,0.0487,0.0487,0.0487,21.428,5.8156,0.00021428,5.8156,21.428,0.00055617,0.00021428,0.00055617,0.0,0.0,0.0,0.0,0.001,0.0,0.0,0.0,0.001,0.0,0.0,0.0,0.0,0.001,0.001,0.0
24461534.0,4995000000.0,5000000.0,5.0,0.0,0.0487,0.0487,0.0487,0.0487,21.428,0.42856,0.0,0.42856,21.428,4.0985e-05,0.0,4.0985e-05,0.0,0.0,0.0,0.0,0.001,0.0,0.0,0.0,0.001,0.0,0.0,0.0,0.0,0.001,0.001,0.0
24465046.0,4995000000.0,5000000.0,5.0,0.0,0.0487,0.0487,0.0487,0.0487,21.428,1.5792,0.019598,1.5792,21.428,0.013739,0.019598,0.013739,0.0,0.0,0.0,0.0,2.154e-06,0.0,0.0,0.0,2.154e-06,0.0,0.0,0.0,0.0,2.154e-06,2.154e-06,0.0
24461400.0,4995000000.0,5000000.0,5.0,0.0,0.0487,0.0487,0.0487,0.0487,21.428,0.42856,0.0,0.42856,21.428,0.0,0.0,0.0,0.0,0.0,0.0,0.0,2.154e-10,0.0,0.0,0.0,4.642e-05,0.0,0.0,0.0,0.0,4.642e-05,2.154e-10,0.0
24467047.0,4995000000.0,5000000.0,5.0,0.0,0.0487,0.0487,0.0487,0.0487,21.428,5.8156,0.0020493,5.8156,21.428,0.005319,0.0020493,0.005319,0.0,0.0,0.0,0.0,1e-07,0.0,0.0,0.0,1e-07,0.0,0.0,0.0,0.0,1e-07,1e-07,0.0
24462000.0,4995000000.0,5000000.0,5.0,0.0,0.0487,0.0487,0.0487,0.0487,21.428,0.42856,0.00021428,0.42856,21.428,0.03587,0.00021428,0.03587,0.0,0.0,0.0,0.0,1e-07,0.0,0.0,0.0,1e-07,0.0,0.0,0.0,0.0,1e-07,1e-07,0.0
24467356.0,4995000000.0,5000000.0,5.0,0.0,0.0487,0.0487,0.0487,0.0487,21.428,5.8156,0.019598,5.8156,21.428,0.00055617,0.019598,0.00055617,0.0,0.0,0.0,0.0,4.642e-05,0.0,0.0,0.0,2.154e-06,0.0,0.0,0.0,0.0,2.154e-06,4.642e-05,0.0
24464339.0,4995000000.0,5000000.0,5.0,0.0,0.0487,0.0487,0.0487,0.0487,21.428,1.5792,0.00021428,1.5792,21.428,0.013739,0.00021428,0.013739,0.0,0.0,0.0,0.0,2.154e-10,0.0,0.0,0.0,2.154e-06,0.0,0.0,0.0,0.0,2.154e-06,2.154e-10,0.0
24468980.0,4995000000.0,5000000.0,5.0,0.0,0.0487,0.0487,0.0487,0.0487,21.428,21.428,0.00021428,21.428,21.428,0.0,0.00021428,0.0,0.0,0.0,0.0,0.0,0.001,0.0,0.0,0.0,2.154e-06,0.0,0.0,0.0,0.0,2.154e-06,0.001,0.0
24461932.0,4995000000.0,5000000.0,5.0,0.0,0.0487,0.0487,0.0487,0.0487,21.428,0.42856,0.00021428,0.42856,21.428,0.0037285,0.00021428,0.0037285,0.0,0.0,0.0,0.0,1e-11,0.0,0.0,0.0,4.642e-05,0.0,0.0,0.0,0.0,4.642e-05,1e-11,0.0
24461958.0,4995000000.0,5000000.0,5.0,0.0,0.0487,0.0487,0.0487,0.0487,21.428,0.42856,0.00021428,0.42856,21.428,0.0037285,0.00021428,0.0037285,0.0,0.0,0.0,0.0,2.154e-06,0.0,0.0,0.0,1e-07,0.0,0.0,0.0,0.0,1e-07,2.154e-06,0.0
24466984.0,4995000000.0,5000000.0,5.0,0.0,0.0487,0.0487,0.0487,0.0487,21.428,5.8156,0.0020493,5.8156,21.428,0.00055617,0.0020493,0.00055617,0.0,0.0,0.0,0.0,2.154e-10,0.0,0.0,0.0,1e-07,0.0,0.0,0.0,0.0,1e-07,2.154e-10,0.0
24461602.0,4995000000.0,5000000.0,5.0,0.0,0.0487,0.0487,0.0487,0.0487,21.428,0.42856,0.0,0.42856,21.428,0.0037285,0.0,0.0037285,0.0,0.0,0.0,0.0,4.642e-09,0.0,0.0,0.0,2.154e-06,0.0,0.0,0.0,0.0,2.154e-06,4.642e-09,0.0
24467042.0,4995000000.0,5000000.0,5.0,0.0,0.0487,0.0487,0.0487,0.0487,21.428,5.8156,0.0020493,5.8156,21.428,0.005319,0.0020493,0.005319,0.0,0.0,0.0,0.0,4.642e-09,0.0,0.0,0.0,4.642e-05,0.0,0.0,0.0,0.0,4.642e-05,4.642e-09,0.0
24461469.0,4995000000.0,5000000.0,5.0,0.0,0.0487,0.0487,0.0487,0.0487,21.428,0.42856,0.0,0.42856,21.428,4.2856e-06,0.0,4.2856e-06,0.0,0.0,0.0,0.0,2.154e-06,0.0,0.0,0.0,2.154e-06,0.0,0.0,0.0,0.0,2.154e-06,2.154e-06,0.0
24464032.0,4995000000.0,5000000.0,5.0,0.0,0.0487,0.0487,0.0487,0.0487,21.428,1.5792,0.0,1.5792,21.428,0.013739,0.0,0.013739,0.0,0.0,0.0,0.0,0.001,0.0,0.0,0.0,4.642e-05,0.0,0.0,0.0,0.0,4.642e-05,0.001,0.0
24461943.0,4995000000.0,5000000.0,5.0,0.0,0.0487,0.0487,0.0487,0.0487,21.428,0.42856,0.00021428,0.42856,21.428,0.0037285,0.00021428,0.0037285,0.0,0.0,0.0,0.0,4.642e-09,0.0,0.0,0.0,4.642e-09,0.0,0.0,0.0,0.0,4.642e-09,4.642e-09,0.0
24467337.0,4995000000.0,5000000.0,5.0,0.0,0.0487,0.0487,0.0487,0.0487,21.428,5.8156,0.019598,5.8156,21.428,0.00055617,0.019598,0.00055617,0.0,0.0,0.0,0.0,4.642e-09,0.0,0.0,0.0,0.001,0.0,0.0,0.0,0.0,0.001,4.642e-09,0.0
24462560.0,4995000000.0,5000000.0,5.0,0.0,0.0487,0.0487,0.0487,0.0487,21.428,0.42856,0.019598,0.42856,21.428,4.0985e-05,0.019598,4.0985e-05,0.0,0.0,0.0,0.0,0.001,0.0,0.0,0.0,1e-07,0.0,0.0,0.0,0.0,1e-07,0.001,0.0
24461846.0,4995000000.0,5000000.0,5.0,0.0,0.0487,0.0487,0.0487,0.0487,21.428,0.42856,0.00021428,0.42856,21.428,4.0985e-05,0.00021428,4.0985e-05,0.0,0.0,0.0,0.0,4.642e-09,0.0,0.0,0.0,1e-07,0.0,0.0,0.0,0.0,1e-07,4.642e-09,0.0
24462129.0,4995000000.0,5000000.0,5.0,0.0,0.0487,0.0487,0.0487,0.0487,21.428,0.42856,0.0020493,0.42856,21.428,4.2856e-06,0.0020493,4.2856e-06,0.0,0.0,0.0,0.0,1e-11,0.0,0.0,0.0,0.001,0.0,0.0,0.0,0.0,0.001,1e-11,0.0
24463955.0,4995000000.0,5000000.0,5.0,0.0,0.0487,0.0487,0.0487,0.0487,21.428,1.5792,0.0,1.5792,21.428,0.0014444,0.0,0.0014444,0.0,0.0,0.0,0.0,4.642e-09,0.0,0.0,0.0,4.642e-05,0.0,0.0,0.0,0.0,4.642e-05,4.642e-09,0.0
24464502.0,4995000000.0,5000000.0,5.0,0.0,0.0487,0.0487,0.0487,0.0487,21.428,1.5792,0.0020493,1.5792,21.428,0.0,0.0020493,0.0,0.0,0.0,0.0,0.0,1e-07,0.0,0.0,0.0,0.001,0.0,0.0,0.0,0.0,0.001,1e-07,0.0
24469332.0,4995000000.0,5000000.0,5.0,0.0,0.0487,0.0487,0.0487,0.0487,21.428,21.428,0.0020493,21.428,21.428,0.00021428,0.0020493,0.00021428,0.0,0.0,0.0,0.0,1e-11,0.0,0.0,0.0,0.001,0.0,0.0,0.0,0.0,0.001,1e-11,0.0
24462546.0,4995000000.0,5000000.0,5.0,0.0,0.0487,0.0487,0.0487,0.0487,21.428,0.42856,0.019598,0.42856,21.428,4.0985e-05,0.019598,4.0985e-05,0.0,0.0,0.0,0.0,2.154e-06,0.0,0.0,0.0,1e-07,0.0,0.0,0.0,0.0,1e-07,2.154e-06,0.0
24462364.0,4995000000.0,5000000.0,5.0,0.0,0.0487,0.0487,0.0487,0.0487,21.428,0.42856,0.0020493,0.42856,21.428,0.03587,0.0020493,0.03587,0.0,0.0,0.0,0.0,0.001,0.0,0.0,0.0,1e-07,0.0,0.0,0.0,0.0,1e-07,0.001,0.0
24466314.0,4995000000.0,5000000.0,5.0,0.0,0.0487,0.0487,0.0487,0.0487,21.428,5.8156,0.0,5.8156,21.428,0.00055617,0.0,0.00055617,0.0,0.0,0.0,0.0,1e-07,0.0,0.0,0.0,4.642e-05,0.0,0.0,0.0,0.0,4.642e-05,1e-07,0.0
24464964.0,4995000000.0,5000000.0,5.0,0.0,0.0487,0.0487,0.0487,0.0487,21.428,1.5792,0.019598,1.5792,21.428,0.00015103,0.019598,0.00015103,0.0,0.0,0.0,0.0,0.001,0.0,0.0,0.0,0.001,0.0,0.0,0.0,0.0,0.001,0.001,0.0
24463823.0,4995000000.0,5000000.0,5.0,0.0,0.0487,0.0487,0.0487,0.0487,21.428,1.5792,0.0,1.5792,21.428,0.0,0.0,0.0,0.0,0.0,0.0,0.0,2.154e-06,0.0,0.0,0.0,0.001,0.0,0.0,0.0,0.0,0.001,2.154e-06,0.0
24466999.0,4995000000.0,5000000.0,5.0,0.0,0.0487,0.0487,0.0487,0.0487,21.428,5.8156,0.0020493,5.8156,21.428,0.00055617,0.0020493,0.00055617,0.0,0.0,0.0,0.0,1e-07,0.0,0.0,0.0,2.154e-06,0.0,0.0,0.0,0.0,2.154e-06,1e-07,0.0
24464863.0,4995000000.0,5000000.0,5.0,0.0,0.0487,0.0487,0.0487,0.0487,21.428,1.5792,0.019598,1.5792,21.428,0.0,0.019598,0.0,0.0,0.0,0.0,0.0,0.001,0.0,0.0,0.0,1e-07,0.0,0.0,0.0,0.0,1e-07,0.001,0.0
24464659.0,4995000000.0,5000000.0,5.0,0.0,0.0487,0.0487,0.0487,0.0487,21.428,1.5792,0.0020493,1.5792,21.428,0.0014444,0.0020493,0.0014444,0.0,0.0,0.0,0.0,4.642e-05,0.0,0.0,0.0,4.642e-09,0.0,0.0,0.0,0.0,4.642e-09,4.642e-05,0.0
24464718.0,4995000000.0,5000000.0,5.0,0.0,0.0487,0.0487,0.0487,0.0487,21.428,1.5792,0.0020493,1.5792,21.428,0.013739,0.0020493,0.013739,0.0,0.0,0.0,0.0,0.001,0.0,0.0,0.0,4.642e-05,0.0,0.0,0.0,0.0,4.642e-05,0.001,0.0
24461887.0,4995000000.0,5000000.0,5.0,0.0,0.0487,0.0487,0.0487,0.0487,21.428,0.42856,0.00021428,0.42856,21.428,0.00039197,0.00021428,0.00039197,0.0,0.0,0.0,0.0,2.154e-10,0.0,0.0,0.0,4.642e-09,0.0,0.0,0.0,0.0,4.642e-09,2.154e-10,0.0
24461454.0,4995000000.0,5000000.0,5.0,0.0,0.0487,0.0487,0.0487,0.0487,21.428,0.42856,0.0,0.42856,21.428,4.2856e-06,0.0,4.2856e-06,0.0,0.0,0.0,0.0,4.642e-09,0.0,0.0,0.0,1e-07,0.0,0.0,0.0,0.0,1e-07,4.642e-09,0.0
24462435.0,4995000000.0,5000000.0,5.0,0.0,0.0487,0.0487,0.0487,0.0487,21.428,0.42856,0.019598,0.42856,21.428,0.0,0.019598,0.0,0.0,0.0,0.0,0.0,4.642e-09,0.0,0.0,0.0,2.154e-06,0.0,0.0,0.0,0.0,2.154e-06,4.642e-09,0.0
24466264.0,4995000000.0,5000000.0,5.0,0.0,0.0487,0.0487,0.0487,0.0487,21.428,5.8156,0.0,5.8156,21.428,5.8156e-05,0.0,5.8156e-05,0.0,0.0,0.0,0.0,1e-07,0.0,0.0,0.0,2.154e-06,0.0,0.0,0.0,0.0,2.154e-06,1e-07,0.0
24461671.0,4995000000.0,5000000.0,5.0,0.0,0.0487,0.0487,0.0487,0.0487,21.428,0.42856,0.0,0.42856,21.428,0.03587,0.0,0.03587,0.0,0.0,0.0,0.0,4.642e-05,0.0,0.0,0.0,1e-07,0.0,0.0,0.0,0.0,1e-07,4.642e-05,0.0
24462177.0,4995000000.0,5000000.0,5.0,0.0,0.0487,0.0487,0.0487,0.0487,21.428,0.42856,0.0020493,0.42856,21.428,4.0985e-05,0.0020493,4.0985e-05,0.0,0.0,0.0,0.0,1e-11,0.0,0.0,0.0,4.642e-05,0.0,0.0,0.0,0.0,4.642e-05,1e-11,0.0
24462464.0,4995000000.0,5000000.0,5.0,0.0,0.0487,0.0487,0.0487,0.0487,21.428,0.42856,0.019598,0.42856,21.428,0.0,0.019598,0.0,0.0,0.0,0.0,0.0,0.001,0.0,0.0,0.0,4.642e-05,0.0,0.0,0.0,0.0,4.642e-05,0.001,0.0
24464256.0,4995000000.0,5000000.0,5.0,0.0,0.0487,0.0487,0.0487,0.0487,21.428,1.5792,0.00021428,1.5792,21.428,0.00015103,0.00021428,0.00015103,0.0,0.0,0.0,0.0,1e-07,0.0,0.0,0.0,4.642e-05,0.0,0.0,0.0,0.0,4.642e-05,1e-07,0.0
24469121.0,4995000000.0,5000000.0,5.0,0.0,0.0487,0.0487,0.0487,0.0487,21.428,21.428,0.00021428,21.428,21.428,0.019598,0.00021428,0.019598,0.0,0.0,0.0,0.0,4.642e-05,0.0,0.0,0.0,4.642e-05,0.0,0.0,0.0,0.0,4.642e-05,4.642e-05,0.0
24466248.0,4995000000.0,5000000.0,5.0,0.0,0.0487,0.0487,0.0487,0.0487,21.428,5.8156,0.0,5.8156,21.428,5.8156e-05,0.0,5.8156e-05,0.0,0.0,0.0,0.0,2.154e-10,0.0,0.0,0.0,4.642e-09,0.0,0.0,0.0,0.0,4.642e-09,2.154e-10,0.0
24461575.0,4995000000.0,5000000.0,5.0,0.0,0.0487,0.0487,0.0487,0.0487,21.428,0.42856,0.0,0.42856,21.428,0.00039197,0.0,0.00039197,0.0,0.0,0.0,0.0,4.642e-05,0.0,0.0,0.0,4.642e-05,0.0,0.0,0.0,0.0,4.642e-05,4.642e-05,0.0
24466622.0,4995000000.0,5000000.0,5.0,0.0,0.0487,0.0487,0.0487,0.0487,21.428,5.8156,0.00021428,5.8156,21.428,5.8156e-05,0.00021428,5.8156e-05,0.0,0.0,0.0,0.0,4.642e-05,0.0,0.0,0.0,4.642e-05,0.0,0.0,0.0,0.0,4.642e-05,4.642e-05,0.0
24461462.0,4995000000.0,5000000.0,5.0,0.0,0.0487,0.0487,0.0487,0.0487,21.428,0.42856,0.0,0.42856,21.428,4.2856e-06,0.0,4.2856e-06,0.0,0.0,0.0,0.0,1e-07,0.0,0.0,0.0,2.154e-06,0.0,0.0,0.0,0.0,2.154e-06,1e-07,0.0
24463899.0,4995000000.0,5000000.0,5.0,0.0,0.0487,0.0487,0.0487,0.0487,21.428,1.5792,0.0,1.5792,21.428,0.00015103,0.0,0.00015103,0.0,0.0,0.0,0.0,2.154e-10,0.0,0.0,0.0,4.642e-05,0.0,0.0,0.0,0.0,4.642e-05,2.154e-10,0.0
24466585.0,4995000000.0,5000000.0,5.0,0.0,0.0487,0.0487,0.0487,0.0487,21.428,5.8156,0.00021428,5.8156,21.428,5.8156e-05,0.00021428,5.8156e-05,0.0,0.0,0.0,0.0,1e-11,0.0,0.0,0.0,1e-07,0.0,0.0,0.0,0.0,1e-07,1e-11,0.0
24462337.0,4995000000.0,5000000.0,5.0,0.0,0.0487,0.0487,0.0487,0.0487,21.428,0.42856,0.0020493,0.42856,21.428,0.03587,0.0020493,0.03587,0.0,0.0,0.0,0.0,4.642e-09,0.0,0.0,0.0,2.154e-06,0.0,0.0,0.0,0.0,2.154e-06,4.642e-09,0.0
24464249.0,4995000000.0,5000000.0,5.0,0.0,0.0487,0.0487,0.0487,0.0487,21.428,1.5792,0.00021428,1.5792,21.428,0.00015103,0.00021428,0.00015103,0.0,0.0,0.0,0.0,4.642e-09,0.0,0.0,0.0,4.642e-05,0.0,0.0,0.0,0.0,4.642e-05,4.642e-09,0.0
24461840.0,4995000000.0,5000000.0,5.0,0.0,0.0487,0.0487,0.0487,0.0487,21.428,0.42856,0.00021428,0.42856,21.428,4.0985e-05,0.00021428,4.0985e-05,0.0,0.0,0.0,0.0,2.154e-10,0.0,0.0,0.0,2.154e-06,0.0,0.0,0.0,0.0,2.154e-06,2.154e-10,0.0
24466922.0,4995000000.0,5000000.0,5.0,0.0,0.0487,0.0487,0.0487,0.0487,21.428,5.8156,0.0020493,5.8156,21.428,0.0,0.0020493,0.0,0.0,0.0,0.0,0.0,0.001,0.0,0.0,0.0,2.154e-06,0.0,0.0,0.0,0.0,2.154e-06,0.001,0.0
24461734.0,4995000000.0,5000000.0,5.0,0.0,0.0487,0.0487,0.0487,0.0487,21.428,0.42856,0.00021428,0.42856,21.428,0.0,0.00021428,0.0,0.0,0.0,0.0,0.0,1e-11,0.0,0.0,0.0,1e-07,0.0,0.0,0.0,0.0,1e-07,1e-11,0.0
24461517.0,4995000000.0,5000000.0,5.0,0.0,0.0487,0.0487,0.0487,0.0487,21.428,0.42856,0.0,0.42856,21.428,4.0985e-05,0.0,4.0985e-05,0.0,0.0,0.0,0.0,2.154e-06,0.0,0.0,0.0,1e-07,0.0,0.0,0.0,0.0,1e-07,2.154e-06,0.0
24461856.0,4995000000.0,5000000.0,5.0,0.0,0.0487,0.0487,0.0487,0.0487,21.428,0.42856,0.00021428,0.42856,21.428,4.0985e-05,0.00021428,4.0985e-05,0.0,0.0,0.0,0.0,1e-07,0.0,0.0,0.0,0.001,0.0,0.0,0.0,0.0,0.001,1e-07,0.0
24466670.0,4995000000.0,5000000.0,5.0,0.0,0.0487,0.0487,0.0487,0.0487,21.428,5.8156,0.00021428,5.8156,21.428,0.00055617,0.00021428,0.00055617,0.0,0.0,0.0,0.0,4.642e-05,0.0,0.0,0.0,2.154e-06,0.0,0.0,0.0,0.0,2.154e-06,4.642e-05,0.0
24461967.0,4995000000.0,5000000.0,5.0,0.0,0.0487,0.0487,0.0487,0.0487,21.428,0.42856,0.00021428,0.42856,21.428,0.0037285,0.00021428,0.0037285,0.0,0.0,0.0,0.0,4.642e-05,0.0,0.0,0.0,4.642e-05,0.0,0.0,0.0,0.0,4.642e-05,4.642e-05,0.0
24462105.0,4995000000.0,5000000.0,5.0,0.0,0.0487,0.0487,0.0487,0.0487,21.428,0.42856,0.0020493,0.42856,21.428,0.0,0.0020493,0.0,0.0,0.0,0.0,0.0,2.154e-06,0.0,0.0,0.0,1e-07,0.0,0.0,0.0,0.0,1e-07,2.154e-06,0.0
24467070.0,4995000000.0,5000000.0,5.0,0.0,0.0487,0.0487,0.0487,0.0487,21.428,5.8156,0.0020493,5.8156,21.428,0.005319,0.0020493,0.005319,0.0,0.0,0.0,0.0,0.001,0.0,0.0,0.0,4.642e-05,0.0,0.0,0.0,0.0,4.642e-05,0.001,0.0
24464248.0,4995000000.0,5000000.0,5.0,0.0,0.0487,0.0487,0.0487,0.0487,21.428,1.5792,0.00021428,1.5792,21.428,0.00015103,0.00021428,0.00015103,0.0,0.0,0.0,0.0,4.642e-09,0.0,0.0,0.0,2.154e-06,0.0,0.0,0.0,0.0,2.154e-06,4.642e-09,0.0
24462209.0,4995000000.0,5000000.0,5.0,0.0,0.0487,0.0487,0.0487,0.0487,21.428,0.42856,0.0020493,0.42856,21.428,4.0985e-05,0.0020493,4.0985e-05,0.0,0.0,0.0,0.0,4.642e-05,0.0,0.0,0.0,4.642e-09,0.0,0.0,0.0,0.0,4.642e-09,4.642e-05,0.0
24464142.0,4995000000.0,5000000.0,5.0,0.0,0.0487,0.0487,0.0487,0.0487,21.428,1.5792,0.00021428,1.5792,21.428,0.0,0.00021428,0.0,0.0,0.0,0.0,0.0,2.154e-10,0.0,0.0,0.0,1e-07,0.0,0.0,0.0,0.0,1e-07,2.154e-10,0.0
24466276.0,4995000000.0,5000000.0,5.0,0.0,0.0487,0.0487,0.0487,0.0487,21.428,5.8156,0.0,5.8156,21.428,5.8156e-05,0.0,5.8156e-05,0.0,0.0,0.0,0.0,4.642e-05,0.0,0.0,0.0,4.642e-09,0.0,0.0,0.0,0.0,4.642e-09,4.642e-05,0.0
24461659.0,4995000000.0,5000000.0,5.0,0.0,0.0487,0.0487,0.0487,0.0487,21.428,0.42856,0.0,0.42856,21.428,0.03587,0.0,0.03587,0.0,0.0,0.0,0.0,1e-07,0.0,0.0,0.0,4.642e-05,0.0,0.0,0.0,0.0,4.642e-05,1e-07,0.0
24468778.0,4995000000.0,5000000.0,5.0,0.0,0.0487,0.0487,0.0487,0.0487,21.428,21.428,0.0,21.428,21.428,0.019598,0.0,0.019598,0.0,0.0,0.0,0.0,4.642e-05,0.0,0.0,0.0,4.642e-05,0.0,0.0,0.0,0.0,4.642e-05,4.642e-05,0.0
24462576.0,4995000000.0,5000000.0,5.0,0.0,0.0487,0.0487,0.0487,0.0487,21.428,0.42856,0.019598,0.42856,21.428,0.00039197,0.019598,0.00039197,0.0,0.0,0.0,0.0,2.154e-10,0.0,0.0,0.0,4.642e-05,0.0,0.0,0.0,0.0,4.642e-05,2.154e-10,0.0
24469709.0,4995000000.0,5000000.0,5.0,0.0,0.0487,0.0487,0.0487,0.0487,21.428,21.428,0.019598,21.428,21.428,0.00021428,0.019598,0.00021428,0.0,0.0,0.0,0.0,4.642e-05,0.0,0.0,0.0,4.642e-05,0.0,0.0,0.0,0.0,4.642e-05,4.642e-05,0.0
24462212.0,4995000000.0,5000000.0,5.0,0.0,0.0487,0.0487,0.0487,0.0487,21.428,0.42856,0.0020493,0.42856,21.428,4.0985e-05,0.0020493,4.0985e-05,0.0,0.0,0.0,0.0,4.642e-05,0.0,0.0,0.0,4.642e-05,0.0,0.0,0.0,0.0,4.642e-05,4.642e-05,0.0
24462293.0,4995000000.0,5000000.0,5.0,0.0,0.0487,0.0487,0.0487,0.0487,21.428,0.42856,0.0020493,0.42856,21.428,0.0037285,0.0020493,0.0037285,0.0,0.0,0.0,0.0,1e-07,0.0,0.0,0.0,4.642e-09,0.0,0.0,0.0,0.0,4.642e-09,1e-07,0.0
24461652.0,4995000000.0,5000000.0,5.0,0.0,0.0487,0.0487,0.0487,0.0487,21.428,0.42856,0.0,0.42856,21.428,0.03587,0.0,0.03587,0.0,0.0,0.0,0.0,4.642e-09,0.0,0.0,0.0,4.642e-05,0.0,0.0,0.0,0.0,4.642e-05,4.642e-09,0.0
24463862.0,4995000000.0,5000000.0,5.0,0.0,0.0487,0.0487,0.0487,0.0487,21.428,1.5792,0.0,1.5792,21.428,1.5792e-05,0.0,1.5792e-05,0.0,0.0,0.0,0.0,1e-07,0.0,0.0,0.0,1e-07,0.0,0.0,0.0,0.0,1e-07,1e-07,0.0
24464353.0,4995000000.0,5000000.0,5.0,0.0,0.0487,0.0487,0.0487,0.0487,21.428,1.5792,0.00021428,1.5792,21.428,0.013739,0.00021428,0.013739,0.0,0.0,0.0,0.0,1e-07,0.0,0.0,0.0,2.154e-06,0.0,0.0,0.0,0.0,2.154e-06,1e-07,0.0
24464011.0,4995000000.0,5000000.0,5.0,0.0,0.0487,0.0487,0.0487,0.0487,21.428,1.5792,0.0,1.5792,21.428,0.013739,0.0,0.013739,0.0,0.0,0.0,0.0,1e-07,0.0,0.0,0.0,4.642e-05,0.0,0.0,0.0,0.0,4.642e-05,1e-07,0.0
24463858.0,4995000000.0,5000000.0,5.0,0.0,0.0487,0.0487,0.0487,0.0487,21.428,1.5792,0.0,1.5792,21.428,1.5792e-05,0.0,1.5792e-05,0.0,0.0,0.0,0.0,4.642e-09,0.0,0.0,0.0,0.001,0.0,0.0,0.0,0.0,0.001,4.642e-09,0.0
24460033.0,4995000000.0,5000000.0,5.0,0.0,0.0487,0.0487,0.0487,0.0487,21.428,0.11571,0.019598,0.11571,21.428,0.0,0.019598,0.0,0.0,0.0,0.0,0.0,4.642e-09,0.0,0.0,0.0,1e-07,0.0,0.0,0.0,0.0,1e-07,4.642e-09,0.0
24463805.0,4995000000.0,5000000.0,5.0,0.0,0.0487,0.0487,0.0487,0.0487,21.428,1.5792,0.0,1.5792,21.428,0.0,0.0,0.0,0.0,0.0,0.0,0.0,4.642e-09,0.0,0.0,0.0,4.642e-09,0.0,0.0,0.0,0.0,4.642e-09,4.642e-09,0.0
24464164.0,4995000000.0,5000000.0,5.0,0.0,0.0487,0.0487,0.0487,0.0487,21.428,1.5792,0.00021428,1.5792,21.428,0.0,0.00021428,0.0,0.0,0.0,0.0,0.0,2.154e-06,0.0,0.0,0.0,2.154e-06,0.0,0.0,0.0,0.0,2.154e-06,2.154e-06,0.0
24462709.0,4995000000.0,5000000.0,5.0,0.0,0.0487,0.0487,0.0487,0.0487,21.428,0.42856,0.019598,0.42856,21.428,0.03587,0.019598,0.03587,0.0,0.0,0.0,0.0,0.001,0.0,0.0,0.0,4.642e-05,0.0,0.0,0.0,0.0,4.642e-05,0.001,0.0
24469297.0,4995000000.0,5000000.0,5.0,0.0,0.0487,0.0487,0.0487,0.0487,21.428,21.428,0.0020493,21.428,21.428,0.0,0.0020493,0.0,0.0,0.0,0.0,0.0,4.642e-09,0.0,0.0,0.0,0.001,0.0,0.0,0.0,0.0,0.001,4.642e-09,0.0
24466699.0,4995000000.0,5000000.0,5.0,0.0,0.0487,0.0487,0.0487,0.0487,21.428,5.8156,0.00021428,5.8156,21.428,0.005319,0.00021428,0.005319,0.0,0.0,0.0,0.0,4.642e-09,0.0,0.0,0.0,4.642e-05,0.0,0.0,0.0,0.0,4.642e-05,4.642e-09,0.0
24460250.0,4995000000.0,5000000.0,5.0,0.0,0.0487,0.0487,0.0487,0.0487,21.428,0.11571,0.019598,0.11571,21.428,0.0010067,0.019598,0.0010067,0.0,0.0,0.0,0.0,4.642e-05,0.0,0.0,0.0,1e-07,0.0,0.0,0.0,0.0,1e-07,4.642e-05,0.0
24469080.0,4995000000.0,5000000.0,5.0,0.0,0.0487,0.0487,0.0487,0.0487,21.428,21.428,0.00021428,21.428,21.428,0.0020493,0.00021428,0.0020493,0.0,0.0,0.0,0.0,0.001,0.0,0.0,0.0,0.001,0.0,0.0,0.0,0.0,0.001,0.001,0.0
24466320.0,4995000000.0,5000000.0,5.0,0.0,0.0487,0.0487,0.0487,0.0487,21.428,5.8156,0.0,5.8156,21.428,0.00055617,0.0,0.00055617,0.0,0.0,0.0,0.0,2.154e-06,0.0,0.0,0.0,2.154e-06,0.0,0.0,0.0,0.0,2.154e-06,2.154e-06,0.0
24461449.0,4995000000.0,5000000.0,5.0,0.0,0.0487,0.0487,0.0487,0.0487,21.428,0.42856,0.0,0.42856,21.428,4.2856e-06,0.0,4.2856e-06,0.0,0.0,0.0,0.0,2.154e-10,0.0,0.0,0.0,4.642e-05,0.0,0.0,0.0,0.0,4.642e-05,2.154e-10,0.0
24467271.0,4995000000.0,5000000.0,5.0,0.0,0.0487,0.0487,0.0487,0.0487,21.428,5.8156,0.019598,5.8156,21.428,5.8156e-05,0.019598,5.8156e-05,0.0,0.0,0.0,0.0,1e-11,0.0,0.0,0.0,1e-07,0.0,0.0,0.0,0.0,1e-07,1e-11,0.0
24462183.0,4995000000.0,5000000.0,5.0,0.0,0.0487,0.0487,0.0487,0.0487,21.428,0.42856,0.0020493,0.42856,21.428,4.0985e-05,0.0020493,4.0985e-05,0.0,0.0,0.0,0.0,2.154e-10,0.0,0.0,0.0,2.154e-06,0.0,0.0,0.0,0.0,2.154e-06,2.154e-10,0.0
24468709.0,4995000000.0,5000000.0,5.0,0.0,0.0487,0.0487,0.0487,0.0487,21.428,21.428,0.0,21.428,21.428,0.0020493,0.0,0.0020493,0.0,0.0,0.0,0.0,4.642e-09,0.0,0.0,0.0,0.001,0.0,0.0,0.0,0.0,0.001,4.642e-09,0.0
24461804.0,4995000000.0,5000000.0,5.0,0.0,0.0487,0.0487,0.0487,0.0487,21.428,0.42856,0.00021428,0.42856,21.428,4.2856e-06,0.00021428,4.2856e-06,0.0,0.0,0.0,0.0,1e-07,0.0,0.0,0.0,1e-07,0.0,0.0,0.0,0.0,1e-07,1e-07,0.0
24466882.0,4995000000.0,5000000.0,5.0,0.0,0.0487,0.0487,0.0487,0.0487,21.428,5.8156,0.0020493,5.8156,21.428,0.0,0.0020493,0.0,0.0,0.0,0.0,0.0,1e-11,0.0,0.0,0.0,0.001,0.0,0.0,0.0,0.0,0.001,1e-11,0.0
24464575.0,4995000000.0,5000000.0,5.0,0.0,0.0487,0.0487,0.0487,0.0487,21.428,1.5792,0.0020493,1.5792,21.428,0.00015103,0.0020493,0.00015103,0.0,0.0,0.0,0.0,1e-11,0.0,0.0,0.0,4.642e-09,0.0,0.0,0.0,0.0,4.642e-09,1e-11,0.0
24463969.0,4995000000.0,5000000.0,5.0,0.0,0.0487,0.0487,0.0487,0.0487,21.428,1.5792,0.0,1.5792,21.428,0.0014444,0.0,0.0014444,0.0,0.0,0.0,0.0,2.154e-06,0.0,0.0,0.0,4.642e-05,0.0,0.0,0.0,0.0,4.642e-05,2.154e-06,0.0
24466572.0,4995000000.0,5000000.0,5.0,0.0,0.0487,0.0487,0.0487,0.0487,21.428,5.8156,0.00021428,5.8156,21.428,0.0,0.00021428,0.0,0.0,0.0,0.0,0.0,4.642e-05,0.0,0.0,0.0,2.154e-06,0.0,0.0,0.0,0.0,2.154e-06,4.642e-05,0.0
24467342.0,4995000000.0,5000000.0,5.0,0.0,0.0487,0.0487,0.0487,0.0487,21.428,5.8156,0.019598,5.8156,21.428,0.00055617,0.019598,0.00055617,0.0,0.0,0.0,0.0,1e-07,0.0,0.0,0.0,2.154e-06,0.0,0.0,0.0,0.0,2.154e-06,1e-07,0.0
24466948.0,4995000000.0,5000000.0,5.0,0.0,0.0487,0.0487,0.0487,0.0487,21.428,5.8156,0.0020493,5.8156,21.428,5.8156e-05,0.0020493,5.8156e-05,0.0,0.0,0.0,0.0,1e-07,0.0,0.0,0.0,4.642e-09,0.0,0.0,0.0,0.0,4.642e-09,1e-07,0.0
24464354.0,4995000000.0,5000000.0,5.0,0.0,0.0487,0.0487,0.0487,0.0487,21.428,1.5792,0.00021428,1.5792,21.428,0.013739,0.00021428,0.013739,0.0,0.0,0.0,0.0,1e-07,0.0,0.0,0.0,4.642e-05,0.0,0.0,0.0,0.0,4.642e-05,1e-07,0.0
24464485.0,4995000000.0,5000000.0,5.0,0.0,0.0487,0.0487,0.0487,0.0487,21.428,1.5792,0.0020493,1.5792,21.428,0.0,0.0020493,0.0,0.0,0.0,0.0,0.0,2.154e-10,0.0,0.0,0.0,1e-07,0.0,0.0,0.0,0.0,1e-07,2.154e-10,0.0
24464345.0,4995000000.0,5000000.0,5.0,0.0,0.0487,0.0487,0.0487,0.0487,21.428,1.5792,0.00021428,1.5792,21.428,0.013739,0.00021428,0.013739,0.0,0.0,0.0,0.0,4.642e-09,0.0,0.0,0.0,1e-07,0.0,0.0,0.0,0.0,1e-07,4.642e-09,0.0
24461407.0,4995000000.0,5000000.0,5.0,0.0,0.0487,0.0487,0.0487,0.0487,21.428,0.42856,0.0,0.42856,21.428,0.0,0.0,0.0,0.0,0.0,0.0,0.0,4.642e-09,0.0,0.0,0.0,4.642e-05,0.0,0.0,0.0,0.0,4.642e-05,4.642e-09,0.0
24464836.0,4995000000.0,5000000.0,5.0,0.0,0.0487,0.0487,0.0487,0.0487,21.428,1.5792,0.019598,1.5792,21.428,0.0,0.019598,0.0,0.0,0.0,0.0,0.0,4.642e-09,0.0,0.0,0.0,2.154e-06,0.0,0.0,0.0,0.0,2.154e-06,4.642e-09,0.0
24462006.0,4995000000.0,5000000.0,5.0,0.0,0.0487,0.0487,0.0487,0.0487,21.428,0.42856,0.00021428,0.42856,21.428,0.03587,0.00021428,0.03587,0.0,0.0,0.0,0.0,2.154e-06,0.0,0.0,0.0,4.642e-09,0.0,0.0,0.0,0.0,4.642e-09,2.154e-06,0.0
24467015.0,4995000000.0,5000000.0,5.0,0.0,0.0487,0.0487,0.0487,0.0487,21.428,5.8156,0.0020493,5.8156,21.428,0.00055617,0.0020493,0.00055617,0.0,0.0,0.0,0.0,4.642e-05,0.0,0.0,0.0,0.001,0.0,0.0,0.0,0.0,0.001,4.642e-05,0.0
24464002.0,4995000000.0,5000000.0,5.0,0.0,0.0487,0.0487,0.0487,0.0487,21.428,1.5792,0.0,1.5792,21.428,0.013739,0.0,0.013739,0.0,0.0,0.0,0.0,4.642e-09,0.0,0.0,0.0,1e-07,0.0,0.0,0.0,0.0,1e-07,4.642e-09,0.0
24463842.0,4995000000.0,5000000.0,5.0,0.0,0.0487,0.0487,0.0487,0.0487,21.428,1.5792,0.0,1.5792,21.428,1.5792e-05,0.0,1.5792e-05,0.0,0.0,0.0,0.0,1e-11,0.0,0.0,0.0,2.154e-06,0.0,0.0,0.0,0.0,2.154e-06,1e-11,0.0
24462283.0,4995000000.0,5000000.0,5.0,0.0,0.0487,0.0487,0.0487,0.0487,21.428,0.42856,0.0020493,0.42856,21.428,0.0037285,0.0020493,0.0037285,0.0,0.0,0.0,0.0,2.154e-10,0.0,0.0,0.0,0.001,0.0,0.0,0.0,0.0,0.001,2.154e-10,0.0
24462498.0,4995000000.0,5000000.0,5.0,0.0,0.0487,0.0487,0.0487,0.0487,21.428,0.42856,0.019598,0.42856,21.428,4.2856e-06,0.019598,4.2856e-06,0.0,0.0,0.0,0.0,2.154e-06,0.0,0.0,0.0,2.154e-06,0.0,0.0,0.0,0.0,2.154e-06,2.154e-06,0.0
24464276.0,4995000000.0,5000000.0,5.0,0.0,0.0487,0.0487,0.0487,0.0487,21.428,1.5792,0.00021428,1.5792,21.428,0.00015103,0.00021428,0.00015103,0.0,0.0,0.0,0.0,0.001,0.0,0.0,0.0,2.154e-06,0.0,0.0,0.0,0.0,2.154e-06,0.001,0.0
24466207.0,4995000000.0,5000000.0,5.0,0.0,0.0487,0.0487,0.0487,0.0487,21.428,5.8156,0.0,5.8156,21.428,0.0,0.0,0.0,0.0,0.0,0.0,0.0,4.642e-09,0.0,0.0,0.0,1e-07,0.0,0.0,0.0,0.0,1e-07,4.642e-09,0.0
24462574.0,4995000000.0,5000000.0,5.0,0.0,0.0487,0.0487,0.0487,0.0487,21.428,0.42856,0.019598,0.42856,21.428,0.00039197,0.019598,0.00039197,0.0,0.0,0.0,0.0,2.154e-10,0.0,0.0,0.0,1e-07,0.0,0.0,0.0,0.0,1e-07,2.154e-10,0.0
24462142.0,4995000000.0,5000000.0,5.0,0.0,0.0487,0.0487,0.0487,0.0487,21.428,0.42856,0.0020493,0.42856,21.428,4.2856e-06,0.0020493,4.2856e-06,0.0,0.0,0.0,0.0,4.642e-09,0.0,0.0,0.0,4.642e-05,0.0,0.0,0.0,0.0,4.642e-05,4.642e-09,0.0
24466621.0,4995000000.0,5000000.0,5.0,0.0,0.0487,0.0487,0.0487,0.0487,21.428,5.8156,0.00021428,5.8156,21.428,5.8156e-05,0.00021428,5.8156e-05,0.0,0.0,0.0,0.0,4.642e-05,0.0,0.0,0.0,2.154e-06,0.0,0.0,0.0,0.0,2.154e-06,4.642e-05,0.0
24466661.0,4995000000.0,5000000.0,5.0,0.0,0.0487,0.0487,0.0487,0.0487,21.428,5.8156,0.00021428,5.8156,21.428,0.00055617,0.00021428,0.00055617,0.0,0.0,0.0,0.0,2.154e-06,0.0,0.0,0.0,4.642e-09,0.0,0.0,0.0,0.0,4.642e-09,2.154e-06,0.0
24469079.0,4995000000.0,5000000.0,5.0,0.0,0.0487,0.0487,0.0487,0.0487,21.428,21.428,0.00021428,21.428,21.428,0.0020493,0.00021428,0.0020493,0.0,0.0,0.0,0.0,0.001,0.0,0.0,0.0,4.642e-05,0.0,0.0,0.0,0.0,4.642e-05,0.001,0.0
24469087.0,4995000000.0,5000000.0,5.0,0.0,0.0487,0.0487,0.0487,0.0487,21.428,21.428,0.00021428,21.428,21.428,0.019598,0.00021428,0.019598,0.0,0.0,0.0,0.0,1e-11,0.0,0.0,0.0,0.001,0.0,0.0,0.0,0.0,0.001,1e-11,0.0
24464999.0,4995000000.0,5000000.0,5.0,0.0,0.0487,0.0487,0.0487,0.0487,21.428,1.5792,0.019598,1.5792,21.428,0.0014444,0.019598,0.0014444,0.0,0.0,0.0,0.0,2.154e-06,0.0,0.0,0.0,0.001,0.0,0.0,0.0,0.0,0.001,2.154e-06,0.0
24466334.0,4995000000.0,5000000.0,5.0,0.0,0.0487,0.0487,0.0487,0.0487,21.428,5.8156,0.0,5.8156,21.428,0.00055617,0.0,0.00055617,0.0,0.0,0.0,0.0,0.001,0.0,0.0,0.0,2.154e-06,0.0,0.0,0.0,0.0,2.154e-06,0.001,0.0
24460145.0,4995000000.0,5000000.0,5.0,0.0,0.0487,0.0487,0.0487,0.0487,21.428,0.11571,0.019598,0.11571,21.428,1.1066e-05,0.019598,1.1066e-05,0.0,0.0,0.0,0.0,2.154e-06,0.0,0.0,0.0,1e-07,0.0,0.0,0.0,0.0,1e-07,2.154e-06,0.0
24460075.0,4995000000.0,5000000.0,5.0,0.0,0.0487,0.0487,0.0487,0.0487,21.428,0.11571,0.019598,0.11571,21.428,1.1571e-06,0.019598,1.1571e-06,0.0,0.0,0.0,0.0,2.154e-10,0.0,0.0,0.0,1e-07,0.0,0.0,0.0,0.0,1e-07,2.154e-10,0.0
24461552.0,4995000000.0,5000000.0,5.0,0.0,0.0487,0.0487,0.0487,0.0487,21.428,0.42856,0.0,0.42856,21.428,0.00039197,0.0,0.00039197,0.0,0.0,0.0,0.0,4.642e-09,0.0,0.0,0.0,1e-07,0.0,0.0,0.0,0.0,1e-07,4.642e-09,0.0
24462085.0,4995000000.0,5000000.0,5.0,0.0,0.0487,0.0487,0.0487,0.0487,21.428,0.42856,0.0020493,0.42856,21.428,0.0,0.0020493,0.0,0.0,0.0,0.0,0.0,2.154e-10,0.0,0.0,0.0,2.154e-06,0.0,0.0,0.0,0.0,2.154e-06,2.154e-10,0.0
24462652.0,4995000000.0,5000000.0,5.0,0.0,0.0487,0.0487,0.0487,0.0487,21.428,0.42856,0.019598,0.42856,21.428,0.0037285,0.019598,0.0037285,0.0,0.0,0.0,0.0,4.642e-05,0.0,0.0,0.0,2.154e-06,0.0,0.0,0.0,0.0,2.154e-06,4.642e-05,0.0
24468975.0,4995000000.0,5000000.0,5.0,0.0,0.0487,0.0487,0.0487,0.0487,21.428,21.428,0.00021428,21.428,21.428,0.0,0.00021428,0.0,0.0,0.0,0.0,0.0,4.642e-05,0.0,0.0,0.0,0.001,0.0,0.0,0.0,0.0,0.001,4.642e-05,0.0
24466368.0,4995000000.0,5000000.0,5.0,0.0,0.0487,0.0487,0.0487,0.0487,21.428,5.8156,0.0,5.8156,21.428,0.005319,0.0,0.005319,0.0,0.0,0.0,0.0,2.154e-06,0.0,0.0,0.0,1e-07,0.0,0.0,0.0,0.0,1e-07,2.154e-06,0.0
24462619.0,4995000000.0,5000000.0,5.0,0.0,0.0487,0.0487,0.0487,0.0487,21.428,0.42856,0.019598,0.42856,21.428,0.0037285,0.019598,0.0037285,0.0,0.0,0.0,0.0,1e-11,0.0,0.0,0.0,0.001,0.0,0.0,0.0,0.0,0.001,1e-11,0.0
24468758.0,4995000000.0,5000000.0,5.0,0.0,0.0487,0.0487,0.0487,0.0487,21.428,21.428,0.0,21.428,21.428,0.019598,0.0,0.019598,0.0,0.0,0.0,0.0,4.642e-09,0.0,0.0,0.0,0.001,0.0,0.0,0.0,0.0,0.001,4.642e-09,0.0
24466357.0,4995000000.0,5000000.0,5.0,0.0,0.0487,0.0487,0.0487,0.0487,21.428,5.8156,0.0,5.8156,21.428,0.005319,0.0,0.005319,0.0,0.0,0.0,0.0,4.642e-09,0.0,0.0,0.0,0.001,0.0,0.0,0.0,0.0,0.001,4.642e-09,0.0
24469752.0,4995000000.0,5000000.0,5.0,0.0,0.0487,0.0487,0.0487,0.0487,21.428,21.428,0.019598,21.428,21.428,0.0020493,0.019598,0.0020493,0.0,0.0,0.0,0.0,2.154e-06,0.0,0.0,0.0,0.001,0.0,0.0,0.0,0.0,0.001,2.154e-06,0.0
24463819.0,4995000000.0,5000000.0,5.0,0.0,0.0487,0.0487,0.0487,0.0487,21.428,1.5792,0.0,1.5792,21.428,0.0,0.0,0.0,0.0,0.0,0.0,0.0,2.154e-06,0.0,0.0,0.0,4.642e-09,0.0,0.0,0.0,0.0,4.642e-09,2.154e-06,0.0
24460257.0,4995000000.0,5000000.0,5.0,0.0,0.0487,0.0487,0.0487,0.0487,21.428,0.11571,0.019598,0.11571,21.428,0.0010067,0.019598,0.0010067,0.0,0.0,0.0,0.0,0.001,0.0,0.0,0.0,1e-07,0.0,0.0,0.0,0.0,1e-07,0.001,0.0
24464968.0,4995000000.0,5000000.0,5.0,0.0,0.0487,0.0487,0.0487,0.0487,21.428,1.5792,0.019598,1.5792,21.428,0.0014444,0.019598,0.0014444,0.0,0.0,0.0,0.0,1e-11,0.0,0.0,0.0,1e-07,0.0,0.0,0.0,0.0,1e-07,1e-11,0.0
24462521.0,4995000000.0,5000000.0,5.0,0.0,0.0487,0.0487,0.0487,0.0487,21.428,0.42856,0.019598,0.42856,21.428,4.0985e-05,0.019598,4.0985e-05,0.0,0.0,0.0,0.0,1e-11,0.0,0.0,0.0,0.001,0.0,0.0,0.0,0.0,0.001,1e-11,0.0
24469317.0,4995000000.0,5000000.0,5.0,0.0,0.0487,0.0487,0.0487,0.0487,21.428,21.428,0.0020493,21.428,21.428,0.0,0.0020493,0.0,0.0,0.0,0.0,0.0,4.642e-05,0.0,0.0,0.0,4.642e-05,0.0,0.0,0.0,0.0,4.642e-05,4.642e-05,0.0
24461965.0,4995000000.0,5000000.0,5.0,0.0,0.0487,0.0487,0.0487,0.0487,21.428,0.42856,0.00021428,0.42856,21.428,0.0037285,0.00021428,0.0037285,0.0,0.0,0.0,0.0,4.642e-05,0.0,0.0,0.0,1e-07,0.0,0.0,0.0,0.0,1e-07,4.642e-05,0.0
24461736.0,4995000000.0,5000000.0,5.0,0.0,0.0487,0.0487,0.0487,0.0487,21.428,0.42856,0.00021428,0.42856,21.428,0.0,0.00021428,0.0,0.0,0.0,0.0,0.0,1e-11,0.0,0.0,0.0,4.642e-05,0.0,0.0,0.0,0.0,4.642e-05,1e-11,0.0
24467371.0,4995000000.0,5000000.0,5.0,0.0,0.0487,0.0487,0.0487,0.0487,21.428,5.8156,0.019598,5.8156,21.428,0.005319,0.019598,0.005319,0.0,0.0,0.0,0.0,1e-11,0.0,0.0,0.0,4.642e-05,0.0,0.0,0.0,0.0,4.642e-05,1e-11,0.0
24464940.0,4995000000.0,5000000.0,5.0,0.0,0.0487,0.0487,0.0487,0.0487,21.428,1.5792,0.019598,1.5792,21.428,0.00015103,0.019598,0.00015103,0.0,0.0,0.0,0.0,1e-07,0.0,0.0,0.0,1e-07,0.0,0.0,0.0,0.0,1e-07,1e-07,0.0
24466936.0,4995000000.0,5000000.0,5.0,0.0,0.0487,0.0487,0.0487,0.0487,21.428,5.8156,0.0020493,5.8156,21.428,5.8156e-05,0.0020493,5.8156e-05,0.0,0.0,0.0,0.0,2.154e-10,0.0,0.0,0.0,2.154e-06,0.0,0.0,0.0,0.0,2.154e-06,2.154e-10,0.0
24462150.0,4995000000.0,5000000.0,5.0,0.0,0.0487,0.0487,0.0487,0.0487,21.428,0.42856,0.0020493,0.42856,21.428,4.2856e-06,0.0020493,4.2856e-06,0.0,0.0,0.0,0.0,1e-07,0.0,0.0,0.0,0.001,0.0,0.0,0.0,0.0,0.001,1e-07,0.0
24464304.0,4995000000.0,5000000.0,5.0,0.0,0.0487,0.0487,0.0487,0.0487,21.428,1.5792,0.00021428,1.5792,21.428,0.0014444,0.00021428,0.0014444,0.0,0.0,0.0,0.0,1e-07,0.0,0.0,0.0,2.154e-06,0.0,0.0,0.0,0.0,2.154e-06,1e-07,0.0
24462148.0,4995000000.0,5000000.0,5.0,0.0,0.0487,0.0487,0.0487,0.0487,21.428,0.42856,0.0020493,0.42856,21.428,4.2856e-06,0.0020493,4.2856e-06,0.0,0.0,0.0,0.0,1e-07,0.0,0.0,0.0,2.154e-06,0.0,0.0,0.0,0.0,2.154e-06,1e-07,0.0
24462451.0,4995000000.0,5000000.0,5.0,0.0,0.0487,0.0487,0.0487,0.0487,21.428,0.42856,0.019598,0.42856,21.428,0.0,0.019598,0.0,0.0,0.0,0.0,0.0,2.154e-06,0.0,0.0,0.0,0.001,0.0,0.0,0.0,0.0,0.001,2.154e-06,0.0
24464292.0,4995000000.0,5000000.0,5.0,0.0,0.0487,0.0487,0.0487,0.0487,21.428,1.5792,0.00021428,1.5792,21.428,0.0014444,0.00021428,0.0014444,0.0,0.0,0.0,0.0,2.154e-10,0.0,0.0,0.0,0.001,0.0,0.0,0.0,0.0,0.001,2.154e-10,0.0
24463988.0,4995000000.0,5000000.0,5.0,0.0,0.0487,0.0487,0.0487,0.0487,21.428,1.5792,0.0,1.5792,21.428,0.013739,0.0,0.013739,0.0,0.0,0.0,0.0,1e-11,0.0,0.0,0.0,1e-07,0.0,0.0,0.0,0.0,1e-07,1e-11,0.0
24466943.0,4995000000.0,5000000.0,5.0,0.0,0.0487,0.0487,0.0487,0.0487,21.428,5.8156,0.0020493,5.8156,21.428,5.8156e-05,0.0020493,5.8156e-05,0.0,0.0,0.0,0.0,4.642e-09,0.0,0.0,0.0,2.154e-06,0.0,0.0,0.0,0.0,2.154e-06,4.642e-09,0.0
24460302.0,4995000000.0,5000000.0,5.0,0.0,0.0487,0.0487,0.0487,0.0487,21.428,0.11571,0.019598,0.11571,21.428,0.009685,0.019598,0.009685,0.0,0.0,0.0,0.0,4.642e-05,0.0,0.0,0.0,0.001,0.0,0.0,0.0,0.0,0.001,4.642e-05,0.0
24462701.0,4995000000.0,5000000.0,5.0,0.0,0.0487,0.0487,0.0487,0.0487,21.428,0.42856,0.019598,0.42856,21.428,0.03587,0.019598,0.03587,0.0,0.0,0.0,0.0,4.642e-05,0.0,0.0,0.0,2.154e-06,0.0,0.0,0.0,0.0,2.154e-06,4.642e-05,0.0
24462274.0,4995000000.0,5000000.0,5.0,0.0,0.0487,0.0487,0.0487,0.0487,21.428,0.42856,0.0020493,0.42856,21.428,0.0037285,0.0020493,0.0037285,0.0,0.0,0.0,0.0,1e-11,0.0,0.0,0.0,2.154e-06,0.0,0.0,0.0,0.0,2.154e-06,1e-11,0.0
24462554.0,4995000000.0,5000000.0,5.0,0.0,0.0487,0.0487,0.0487,0.0487,21.428,0.42856,0.019598,0.42856,21.428,4.0985e-05,0.019598,4.0985e-05,0.0,0.0,0.0,0.0,4.642e-05,0.0,0.0,0.0,2.154e-06,0.0,0.0,0.0,0.0,2.154e-06,4.642e-05,0.0
24466321.0,4995000000.0,5000000.0,5.0,0.0,0.0487,0.0487,0.0487,0.0487,21.428,5.8156,0.0,5.8156,21.428,0.00055617,0.0,0.00055617,0.0,0.0,0.0,0.0,2.154e-06,0.0,0.0,0.0,4.642e-05,0.0,0.0,0.0,0.0,4.642e-05,2.154e-06,0.0
24462505.0,4995000000.0,5000000.0,5.0,0.0,0.0487,0.0487,0.0487,0.0487,21.428,0.42856,0.019598,0.42856,21.428,4.2856e-06,0.019598,4.2856e-06,0.0,0.0,0.0,0.0,4.642e-05,0.0,0.0,0.0,2.154e-06,0.0,0.0,0.0,0.0,2.154e-06,4.642e-05,0.0
24464341.0,4995000000.0,5000000.0,5.0,0.0,0.0487,0.0487,0.0487,0.0487,21.428,1.5792,0.00021428,1.5792,21.428,0.013739,0.00021428,0.013739,0.0,0.0,0.0,0.0,2.154e-10,0.0,0.0,0.0,0.001,0.0,0.0,0.0,0.0,0.001,2.154e-10,0.0
24464235.0,4995000000.0,5000000.0,5.0,0.0,0.0487,0.0487,0.0487,0.0487,21.428,1.5792,0.00021428,1.5792,21.428,0.00015103,0.00021428,0.00015103,0.0,0.0,0.0,0.0,1e-11,0.0,0.0,0.0,4.642e-05,0.0,0.0,0.0,0.0,4.642e-05,1e-11,0.0
24469381.0,4995000000.0,5000000.0,5.0,0.0,0.0487,0.0487,0.0487,0.0487,21.428,21.428,0.0020493,21.428,21.428,0.0020493,0.0020493,0.0020493,0.0,0.0,0.0,0.0,1e-11,0.0,0.0,0.0,0.001,0.0,0.0,0.0,0.0,0.001,1e-11,0.0
24464165.0,4995000000.0,5000000.0,5.0,0.0,0.0487,0.0487,0.0487,0.0487,21.428,1.5792,0.00021428,1.5792,21.428,0.0,0.00021428,0.0,0.0,0.0,0.0,0.0,2.154e-06,0.0,0.0,0.0,4.642e-05,0.0,0.0,0.0,0.0,4.642e-05,2.154e-06,0.0
24461419.0,4995000000.0,5000000.0,5.0,0.0,0.0487,0.0487,0.0487,0.0487,21.428,0.42856,0.0,0.42856,21.428,0.0,0.0,0.0,0.0,0.0,0.0,0.0,2.154e-06,0.0,0.0,0.0,1e-07,0.0,0.0,0.0,0.0,1e-07,2.154e-06,0.0
24468751.0,4995000000.0,5000000.0,5.0,0.0,0.0487,0.0487,0.0487,0.0487,21.428,21.428,0.0,21.428,21.428,0.019598,0.0,0.019598,0.0,0.0,0.0,0.0,2.154e-10,0.0,0.0,0.0,0.001,0.0,0.0,0.0,0.0,0.001,2.154e-10,0.0
24467336.0,4995000000.0,5000000.0,5.0,0.0,0.0487,0.0487,0.0487,0.0487,21.428,5.8156,0.019598,5.8156,21.428,0.00055617,0.019598,0.00055617,0.0,0.0,0.0,0.0,4.642e-09,0.0,0.0,0.0,4.642e-05,0.0,0.0,0.0,0.0,4.642e-05,4.642e-09,0.0
24464919.0,4995000000.0,5000000.0,5.0,0.0,0.0487,0.0487,0.0487,0.0487,21.428,1.5792,0.019598,1.5792,21.428,0.00015103,0.019598,0.00015103,0.0,0.0,0.0,0.0,1e-11,0.0,0.0,0.0,1e-07,0.0,0.0,0.0,0.0,1e-07,1e-11,0.0
24461568.0,4995000000.0,5000000.0,5.0,0.0,0.0487,0.0487,0.0487,0.0487,21.428,0.42856,0.0,0.42856,21.428,0.00039197,0.0,0.00039197,0.0,0.0,0.0,0.0,2.154e-06,0.0,0.0,0.0,4.642e-05,0.0,0.0,0.0,0.0,4.642e-05,2.154e-06,0.0
24464221.0,4995000000.0,5000000.0,5.0,0.0,0.0487,0.0487,0.0487,0.0487,21.428,1.5792,0.00021428,1.5792,21.428,1.5792e-05,0.00021428,1.5792e-05,0.0,0.0,0.0,0.0,4.642e-05,0.0,0.0,0.0,4.642e-05,0.0,0.0,0.0,0.0,4.642e-05,4.642e-05,0.0
24462353.0,4995000000.0,5000000.0,5.0,0.0,0.0487,0.0487,0.0487,0.0487,21.428,0.42856,0.0020493,0.42856,21.428,0.03587,0.0020493,0.03587,0.0,0.0,0.0,0.0,2.154e-06,0.0,0.0,0.0,0.001,0.0,0.0,0.0,0.0,0.001,2.154e-06,0.0
24464306.0,4995000000.0,5000000.0,5.0,0.0,0.0487,0.0487,0.0487,0.0487,21.428,1.5792,0.00021428,1.5792,21.428,0.0014444,0.00021428,0.0014444,0.0,0.0,0.0,0.0,1e-07,0.0,0.0,0.0,0.001,0.0,0.0,0.0,0.0,0.001,1e-07,0.0
24462169.0,4995000000.0,5000000.0,5.0,0.0,0.0487,0.0487,0.0487,0.0487,21.428,0.42856,0.0020493,0.42856,21.428,4.2856e-06,0.0020493,4.2856e-06,0.0,0.0,0.0,0.0,0.001,0.0,0.0,0.0,2.154e-06,0.0,0.0,0.0,0.0,2.154e-06,0.001,0.0
24466917.0,4995000000.0,5000000.0,5.0,0.0,0.0487,0.0487,0.0487,0.0487,21.428,5.8156,0.0020493,5.8156,21.428,0.0,0.0020493,0.0,0.0,0.0,0.0,0.0,4.642e-05,0.0,0.0,0.0,0.001,0.0,0.0,0.0,0.0,0.001,4.642e-05,0.0
24464640.0,4995000000.0,5000000.0,5.0,0.0,0.0487,0.0487,0.0487,0.0487,21.428,1.5792,0.0020493,1.5792,21.428,0.0014444,0.0020493,0.0014444,0.0,0.0,0.0,0.0,4.642e-09,0.0,0.0,0.0,2.154e-06,0.0,0.0,0.0,0.0,2.154e-06,4.642e-09,0.0
24462367.0,4995000000.0,5000000.0,5.0,0.0,0.0487,0.0487,0.0487,0.0487,21.428,0.42856,0.0020493,0.42856,21.428,0.03587,0.0020493,0.03587,0.0,0.0,0.0,0.0,0.001,0.0,0.0,0.0,0.001,0.0,0.0,0.0,0.0,0.001,0.001,0.0
24464331.0,4995000000.0,5000000.0,5.0,0.0,0.0487,0.0487,0.0487,0.0487,21.428,1.5792,0.00021428,1.5792,21.428,0.013739,0.00021428,0.013739,0.0,0.0,0.0,0.0,1e-11,0.0,0.0,0.0,1e-07,0.0,0.0,0.0,0.0,1e-07,1e-11,0.0
24464934.0,4995000000.0,5000000.0,5.0,0.0,0.0487,0.0487,0.0487,0.0487,21.428,1.5792,0.019598,1.5792,21.428,0.00015103,0.019598,0.00015103,0.0,0.0,0.0,0.0,4.642e-09,0.0,0.0,0.0,2.154e-06,0.0,0.0,0.0,0.0,2.154e-06,4.642e-09,0.0
24463893.0,4995000000.0,5000000.0,5.0,0.0,0.0487,0.0487,0.0487,0.0487,21.428,1.5792,0.0,1.5792,21.428,0.00015103,0.0,0.00015103,0.0,0.0,0.0,0.0,1e-11,0.0,0.0,0.0,0.001,0.0,0.0,0.0,0.0,0.001,1e-11,0.0
24462100.0,4995000000.0,5000000.0,5.0,0.0,0.0487,0.0487,0.0487,0.0487,21.428,0.42856,0.0020493,0.42856,21.428,0.0,0.0020493,0.0,0.0,0.0,0.0,0.0,1e-07,0.0,0.0,0.0,4.642e-05,0.0,0.0,0.0,0.0,4.642e-05,1e-07,0.0
24462246.0,4995000000.0,5000000.0,5.0,0.0,0.0487,0.0487,0.0487,0.0487,21.428,0.42856,0.0020493,0.42856,21.428,0.00039197,0.0020493,0.00039197,0.0,0.0,0.0,0.0,1e-07,0.0,0.0,0.0,2.154e-06,0.0,0.0,0.0,0.0,2.154e-06,1e-07,0.0
24461561.0,4995000000.0,5000000.0,5.0,0.0,0.0487,0.0487,0.0487,0.0487,21.428,0.42856,0.0,0.42856,21.428,0.00039197,0.0,0.00039197,0.0,0.0,0.0,0.0,1e-07,0.0,0.0,0.0,4.642e-05,0.0,0.0,0.0,0.0,4.642e-05,1e-07,0.0
24462456.0,4995000000.0,5000000.0,5.0,0.0,0.0487,0.0487,0.0487,0.0487,21.428,0.42856,0.019598,0.42856,21.428,0.0,0.019598,0.0,0.0,0.0,0.0,0.0,4.642e-05,0.0,0.0,0.0,2.154e-06,0.0,0.0,0.0,0.0,2.154e-06,4.642e-05,0.0
24464949.0,4995000000.0,5000000.0,5.0,0.0,0.0487,0.0487,0.0487,0.0487,21.428,1.5792,0.019598,1.5792,21.428,0.00015103,0.019598,0.00015103,0.0,0.0,0.0,0.0,2.154e-06,0.0,0.0,0.0,4.642e-05,0.0,0.0,0.0,0.0,4.642e-05,2.154e-06,0.0
24466319.0,4995000000.0,5000000.0,5.0,0.0,0.0487,0.0487,0.0487,0.0487,21.428,5.8156,0.0,5.8156,21.428,0.00055617,0.0,0.00055617,0.0,0.0,0.0,0.0,2.154e-06,0.0,0.0,0.0,1e-07,0.0,0.0,0.0,0.0,1e-07,2.154e-06,0.0
24467229.0,4995000000.0,5000000.0,5.0,0.0,0.0487,0.0487,0.0487,0.0487,21.428,5.8156,0.019598,5.8156,21.428,0.0,0.019598,0.0,0.0,0.0,0.0,0.0,2.154e-10,0.0,0.0,0.0,1e-07,0.0,0.0,0.0,0.0,1e-07,2.154e-10,0.0
24462449.0,4995000000.0,5000000.0,5.0,0.0,0.0487,0.0487,0.0487,0.0487,21.428,0.42856,0.019598,0.42856,21.428,0.0,0.019598,0.0,0.0,0.0,0.0,0.0,2.154e-06,0.0,0.0,0.0,2.154e-06,0.0,0.0,0.0,0.0,2.154e-06,2.154e-06,0.0
24464269.0,4995000000.0,5000000.0,5.0,0.0,0.0487,0.0487,0.0487,0.0487,21.428,1.5792,0.00021428,1.5792,21.428,0.00015103,0.00021428,0.00015103,0.0,0.0,0.0,0.0,4.642e-05,0.0,0.0,0.0,2.154e-06,0.0,0.0,0.0,0.0,2.154e-06,4.642e-05,0.0
24463934.0,4995000000.0,5000000.0,5.0,0.0,0.0487,0.0487,0.0487,0.0487,21.428,1.5792,0.0,1.5792,21.428,0.00015103,0.0,0.00015103,0.0,0.0,0.0,0.0,0.001,0.0,0.0,0.0,4.642e-05,0.0,0.0,0.0,0.0,4.642e-05,0.001,0.0
24466893.0,4995000000.0,5000000.0,5.0,0.0,0.0487,0.0487,0.0487,0.0487,21.428,5.8156,0.0020493,5.8156,21.428,0.0,0.0020493,0.0,0.0,0.0,0.0,0.0,4.642e-09,0.0,0.0,0.0,1e-07,0.0,0.0,0.0,0.0,1e-07,4.642e-09,0.0
24462359.0,4995000000.0,5000000.0,5.0,0.0,0.0487,0.0487,0.0487,0.0487,21.428,0.42856,0.0020493,0.42856,21.428,0.03587,0.0020493,0.03587,0.0,0.0,0.0,0.0,4.642e-05,0.0,0.0,0.0,4.642e-05,0.0,0.0,0.0,0.0,4.642e-05,4.642e-05,0.0
24461926.0,4995000000.0,5000000.0,5.0,0.0,0.0487,0.0487,0.0487,0.0487,21.428,0.42856,0.00021428,0.42856,21.428,0.00039197,0.00021428,0.00039197,0.0,0.0,0.0,0.0,0.001,0.0,0.0,0.0,0.001,0.0,0.0,0.0,0.0,0.001,0.001,0.0
24464849.0,4995000000.0,5000000.0,5.0,0.0,0.0487,0.0487,0.0487,0.0487,21.428,1.5792,0.019598,1.5792,21.428,0.0,0.019598,0.0,0.0,0.0,0.0,0.0,2.154e-06,0.0,0.0,0.0,1e-07,0.0,0.0,0.0,0.0,1e-07,2.154e-06,0.0
24462625.0,4995000000.0,5000000.0,5.0,0.0,0.0487,0.0487,0.0487,0.0487,21.428,0.42856,0.019598,0.42856,21.428,0.0037285,0.019598,0.0037285,0.0,0.0,0.0,0.0,2.154e-10,0.0,0.0,0.0,4.642e-05,0.0,0.0,0.0,0.0,4.642e-05,2.154e-10,0.0
24464134.0,4995000000.0,5000000.0,5.0,0.0,0.0487,0.0487,0.0487,0.0487,21.428,1.5792,0.00021428,1.5792,21.428,0.0,0.00021428,0.0,0.0,0.0,0.0,0.0,1e-11,0.0,0.0,0.0,4.642e-09,0.0,0.0,0.0,0.0,4.642e-09,1e-11,0.0
24464493.0,4995000000.0,5000000.0,5.0,0.0,0.0487,0.0487,0.0487,0.0487,21.428,1.5792,0.0020493,1.5792,21.428,0.0,0.0020493,0.0,0.0,0.0,0.0,0.0,4.642e-09,0.0,0.0,0.0,2.154e-06,0.0,0.0,0.0,0.0,2.154e-06,4.642e-09,0.0
24464212.0,4995000000.0,5000000.0,5.0,0.0,0.0487,0.0487,0.0487,0.0487,21.428,1.5792,0.00021428,1.5792,21.428,1.5792e-05,0.00021428,1.5792e-05,0.0,0.0,0.0,0.0,2.154e-06,0.0,0.0,0.0,1e-07,0.0,0.0,0.0,0.0,1e-07,2.154e-06,0.0
24464540.0,4995000000.0,5000000.0,5.0,0.0,0.0487,0.0487,0.0487,0.0487,21.428,1.5792,0.0020493,1.5792,21.428,1.5792e-05,0.0020493,1.5792e-05,0.0,0.0,0.0,0.0,4.642e-09,0.0,0.0,0.0,4.642e-09,0.0,0.0,0.0,0.0,4.642e-09,4.642e-09,0.0
24462135.0,4995000000.0,5000000.0,5.0,0.0,0.0487,0.0487,0.0487,0.0487,21.428,0.42856,0.0020493,0.42856,21.428,4.2856e-06,0.0020493,4.2856e-06,0.0,0.0,0.0,0.0,2.154e-10,0.0,0.0,0.0,4.642e-05,0.0,0.0,0.0,0.0,4.642e-05,2.154e-10,0.0
24464555.0,4995000000.0,5000000.0,5.0,0.0,0.0487,0.0487,0.0487,0.0487,21.428,1.5792,0.0020493,1.5792,21.428,1.5792e-05,0.0020493,1.5792e-05,0.0,0.0,0.0,0.0,2.154e-06,0.0,0.0,0.0,1e-07,0.0,0.0,0.0,0.0,1e-07,2.154e-06,0.0
24461959.0,4995000000.0,5000000.0,5.0,0.0,0.0487,0.0487,0.0487,0.0487,21.428,0.42856,0.00021428,0.42856,21.428,0.0037285,0.00021428,0.0037285,0.0,0.0,0.0,0.0,2.154e-06,0.0,0.0,0.0,2.154e-06,0.0,0.0,0.0,0.0,2.154e-06,2.154e-06,0.0
24464976.0,4995000000.0,5000000.0,5.0,0.0,0.0487,0.0487,0.0487,0.0487,21.428,1.5792,0.019598,1.5792,21.428,0.0014444,0.019598,0.0014444,0.0,0.0,0.0,0.0,2.154e-10,0.0,0.0,0.0,2.154e-06,0.0,0.0,0.0,0.0,2.154e-06,2.154e-10,0.0
24466564.0,4995000000.0,5000000.0,5.0,0.0,0.0487,0.0487,0.0487,0.0487,21.428,5.8156,0.00021428,5.8156,21.428,0.0,0.00021428,0.0,0.0,0.0,0.0,0.0,2.154e-06,0.0,0.0,0.0,1e-07,0.0,0.0,0.0,0.0,1e-07,2.154e-06,0.0
24461484.0,4995000000.0,5000000.0,5.0,0.0,0.0487,0.0487,0.0487,0.0487,21.428,0.42856,0.0,0.42856,21.428,4.2856e-06,0.0,4.2856e-06,0.0,0.0,0.0,0.0,0.001,0.0,0.0,0.0,4.642e-05,0.0,0.0,0.0,0.0,4.642e-05,0.001,0.0
24461394.0,4995000000.0,5000000.0,5.0,0.0,0.0487,0.0487,0.0487,0.0487,21.428,0.42856,0.0,0.42856,21.428,0.0,0.0,0.0,0.0,0.0,0.0,0.0,1e-11,0.0,0.0,0.0,0.001,0.0,0.0,0.0,0.0,0.001,1e-11,0.0
24466361.0,4995000000.0,5000000.0,5.0,0.0,0.0487,0.0487,0.0487,0.0487,21.428,5.8156,0.0,5.8156,21.428,0.005319,0.0,0.005319,0.0,0.0,0.0,0.0,1e-07,0.0,0.0,0.0,1e-07,0.0,0.0,0.0,0.0,1e-07,1e-07,0.0
24464933.0,4995000000.0,5000000.0,5.0,0.0,0.0487,0.0487,0.0487,0.0487,21.428,1.5792,0.019598,1.5792,21.428,0.00015103,0.019598,0.00015103,0.0,0.0,0.0,0.0,4.642e-09,0.0,0.0,0.0,1e-07,0.0,0.0,0.0,0.0,1e-07,4.642e-09,0.0
24469318.0,4995000000.0,5000000.0,5.0,0.0,0.0487,0.0487,0.0487,0.0487,21.428,21.428,0.0020493,21.428,21.428,0.0,0.0020493,0.0,0.0,0.0,0.0,0.0,4.642e-05,0.0,0.0,0.0,0.001,0.0,0.0,0.0,0.0,0.001,4.642e-05,0.0
24467397.0,4995000000.0,5000000.0,5.0,0.0,0.0487,0.0487,0.0487,0.0487,21.428,5.8156,0.019598,5.8156,21.428,0.005319,0.019598,0.005319,0.0,0.0,0.0,0.0,2.154e-06,0.0,0.0,0.0,1e-07,0.0,0.0,0.0,0.0,1e-07,2.154e-06,0.0
24461477.0,4995000000.0,5000000.0,5.0,0.0,0.0487,0.0487,0.0487,0.0487,21.428,0.42856,0.0,0.42856,21.428,4.2856e-06,0.0,4.2856e-06,0.0,0.0,0.0,0.0,4.642e-05,0.0,0.0,0.0,4.642e-05,0.0,0.0,0.0,0.0,4.642e-05,4.642e-05,0.0
24469323.0,4995000000.0,5000000.0,5.0,0.0,0.0487,0.0487,0.0487,0.0487,21.428,21.428,0.0020493,21.428,21.428,0.0,0.0020493,0.0,0.0,0.0,0.0,0.0,0.001,0.0,0.0,0.0,2.154e-06,0.0,0.0,0.0,0.0,2.154e-06,0.001,0.0
24466382.0,4995000000.0,5000000.0,5.0,0.0,0.0487,0.0487,0.0487,0.0487,21.428,5.8156,0.0,5.8156,21.428,0.005319,0.0,0.005319,0.0,0.0,0.0,0.0,0.001,0.0,0.0,0.0,1e-07,0.0,0.0,0.0,0.0,1e-07,0.001,0.0
24466277.0,4995000000.0,5000000.0,5.0,0.0,0.0487,0.0487,0.0487,0.0487,21.428,5.8156,0.0,5.8156,21.428,5.8156e-05,0.0,5.8156e-05,0.0,0.0,0.0,0.0,4.642e-05,0.0,0.0,0.0,1e-07,0.0,0.0,0.0,0.0,1e-07,4.642e-05,0.0
24460063.0,4995000000.0,5000000.0,5.0,0.0,0.0487,0.0487,0.0487,0.0487,21.428,0.11571,0.019598,0.11571,21.428,0.0,0.019598,0.0,0.0,0.0,0.0,0.0,0.001,0.0,0.0,0.0,4.642e-05,0.0,0.0,0.0,0.0,4.642e-05,0.001,0.0
24461432.0,4995000000.0,5000000.0,5.0,0.0,0.0487,0.0487,0.0487,0.0487,21.428,0.42856,0.0,0.42856,21.428,0.0,0.0,0.0,0.0,0.0,0.0,0.0,0.001,0.0,0.0,0.0,4.642e-09,0.0,0.0,0.0,0.0,4.642e-09,0.001,0.0
24469430.0,4995000000.0,5000000.0,5.0,0.0,0.0487,0.0487,0.0487,0.0487,21.428,21.428,0.0020493,21.428,21.428,0.019598,0.0020493,0.019598,0.0,0.0,0.0,0.0,1e-11,0.0,0.0,0.0,0.001,0.0,0.0,0.0,0.0,0.001,1e-11,0.0
24468716.0,4995000000.0,5000000.0,5.0,0.0,0.0487,0.0487,0.0487,0.0487,21.428,21.428,0.0,21.428,21.428,0.0020493,0.0,0.0020493,0.0,0.0,0.0,0.0,1e-07,0.0,0.0,0.0,0.001,0.0,0.0,0.0,0.0,0.001,1e-07,0.0
24464977.0,4995000000.0,5000000.0,5.0,0.0,0.0487,0.0487,0.0487,0.0487,21.428,1.5792,0.019598,1.5792,21.428,0.0014444,0.019598,0.0014444,0.0,0.0,0.0,0.0,2.154e-10,0.0,0.0,0.0,4.642e-05,0.0,0.0,0.0,0.0,4.642e-05,2.154e-10,0.0
24461924.0,4995000000.0,5000000.0,5.0,0.0,0.0487,0.0487,0.0487,0.0487,21.428,0.42856,0.00021428,0.42856,21.428,0.00039197,0.00021428,0.00039197,0.0,0.0,0.0,0.0,0.001,0.0,0.0,0.0,2.154e-06,0.0,0.0,0.0,0.0,2.154e-06,0.001,0.0
24464512.0,4995000000.0,5000000.0,5.0,0.0,0.0487,0.0487,0.0487,0.0487,21.428,1.5792,0.0020493,1.5792,21.428,0.0,0.0020493,0.0,0.0,0.0,0.0,0.0,4.642e-05,0.0,0.0,0.0,4.642e-09,0.0,0.0,0.0,0.0,4.642e-09,4.642e-05,0.0
24464597.0,4995000000.0,5000000.0,5.0,0.0,0.0487,0.0487,0.0487,0.0487,21.428,1.5792,0.0020493,1.5792,21.428,0.00015103,0.0020493,0.00015103,0.0,0.0,0.0,0.0,1e-07,0.0,0.0,0.0,1e-07,0.0,0.0,0.0,0.0,1e-07,1e-07,0.0
24460091.0,4995000000.0,5000000.0,5.0,0.0,0.0487,0.0487,0.0487,0.0487,21.428,0.11571,0.019598,0.11571,21.428,1.1571e-06,0.019598,1.1571e-06,0.0,0.0,0.0,0.0,1e-07,0.0,0.0,0.0,4.642e-05,0.0,0.0,0.0,0.0,4.642e-05,1e-07,0.0
24466203.0,4995000000.0,5000000.0,5.0,0.0,0.0487,0.0487,0.0487,0.0487,21.428,5.8156,0.0,5.8156,21.428,0.0,0.0,0.0,0.0,0.0,0.0,0.0,2.154e-10,0.0,0.0,0.0,0.001,0.0,0.0,0.0,0.0,0.001,2.154e-10,0.0
24462190.0,4995000000.0,5000000.0,5.0,0.0,0.0487,0.0487,0.0487,0.0487,21.428,0.42856,0.0020493,0.42856,21.428,4.0985e-05,0.0020493,4.0985e-05,0.0,0.0,0.0,0.0,4.642e-09,0.0,0.0,0.0,2.154e-06,0.0,0.0,0.0,0.0,2.154e-06,4.642e-09,0.0
24461772.0,4995000000.0,5000000.0,5.0,0.0,0.0487,0.0487,0.0487,0.0487,21.428,0.42856,0.00021428,0.42856,21.428,0.0,0.00021428,0.0,0.0,0.0,0.0,0.0,4.642e-05,0.0,0.0,0.0,0.001,0.0,0.0,0.0,0.0,0.001,4.642e-05,0.0
24466259.0,4995000000.0,5000000.0,5.0,0.0,0.0487,0.0487,0.0487,0.0487,21.428,5.8156,0.0,5.8156,21.428,5.8156e-05,0.0,5.8156e-05,0.0,0.0,0.0,0.0,4.642e-09,0.0,0.0,0.0,0.001,0.0,0.0,0.0,0.0,0.001,4.642e-09,0.0
24467385.0,4995000000.0,5000000.0,5.0,0.0,0.0487,0.0487,0.0487,0.0487,21.428,5.8156,0.019598,5.8156,21.428,0.005319,0.019598,0.005319,0.0,0.0,0.0,0.0,4.642e-09,0.0,0.0,0.0,4.642e-05,0.0,0.0,0.0,0.0,4.642e-05,4.642e-09,0.0
24464255.0,4995000000.0,5000000.0,5.0,0.0,0.0487,0.0487,0.0487,0.0487,21.428,1.5792,0.00021428,1.5792,21.428,0.00015103,0.00021428,0.00015103,0.0,0.0,0.0,0.0,1e-07,0.0,0.0,0.0,2.154e-06,0.0,0.0,0.0,0.0,2.154e-06,1e-07,0.0
24468660.0,4995000000.0,5000000.0,5.0,0.0,0.0487,0.0487,0.0487,0.0487,21.428,21.428,0.0,21.428,21.428,0.00021428,0.0,0.00021428,0.0,0.0,0.0,0.0,4.642e-09,0.0,0.0,0.0,0.001,0.0,0.0,0.0,0.0,0.001,4.642e-09,0.0
24467068.0,4995000000.0,5000000.0,5.0,0.0,0.0487,0.0487,0.0487,0.0487,21.428,5.8156,0.0020493,5.8156,21.428,0.005319,0.0020493,0.005319,0.0,0.0,0.0,0.0,0.001,0.0,0.0,0.0,1e-07,0.0,0.0,0.0,0.0,1e-07,0.001,0.0
24461425.0,4995000000.0,5000000.0,5.0,0.0,0.0487,0.0487,0.0487,0.0487,21.428,0.42856,0.0,0.42856,21.428,0.0,0.0,0.0,0.0,0.0,0.0,0.0,4.642e-05,0.0,0.0,0.0,4.642e-09,0.0,0.0,0.0,0.0,4.642e-09,4.642e-05,0.0
24466727.0,4995000000.0,5000000.0,5.0,0.0,0.0487,0.0487,0.0487,0.0487,21.428,5.8156,0.00021428,5.8156,21.428,0.005319,0.00021428,0.005319,0.0,0.0,0.0,0.0,0.001,0.0,0.0,0.0,4.642e-05,0.0,0.0,0.0,0.0,4.642e-05,0.001,0.0
24466556.0,4995000000.0,5000000.0,5.0,0.0,0.0487,0.0487,0.0487,0.0487,21.428,5.8156,0.00021428,5.8156,21.428,0.0,0.00021428,0.0,0.0,0.0,0.0,0.0,1e-07,0.0,0.0,0.0,4.642e-09,0.0,0.0,0.0,0.0,4.642e-09,1e-07,0.0
24462309.0,4995000000.0,5000000.0,5.0,0.0,0.0487,0.0487,0.0487,0.0487,21.428,0.42856,0.0020493,0.42856,21.428,0.0037285,0.0020493,0.0037285,0.0,0.0,0.0,0.0,4.642e-05,0.0,0.0,0.0,2.154e-06,0.0,0.0,0.0,0.0,2.154e-06,4.642e-05,0.0
24467300.0,4995000000.0,5000000.0,5.0,0.0,0.0487,0.0487,0.0487,0.0487,21.428,5.8156,0.019598,5.8156,21.428,5.8156e-05,0.019598,5.8156e-05,0.0,0.0,0.0,0.0,2.154e-06,0.0,0.0,0.0,2.154e-06,0.0,0.0,0.0,0.0,2.154e-06,2.154e-06,0.0
24461630.0,4995000000.0,5000000.0,5.0,0.0,0.0487,0.0487,0.0487,0.0487,21.428,0.42856,0.0,0.42856,21.428,0.0037285,0.0,0.0037285,0.0,0.0,0.0,0.0,0.001,0.0,0.0,0.0,2.154e-06,0.0,0.0,0.0,0.0,2.154e-06,0.001,0.0
24466991.0,4995000000.0,5000000.0,5.0,0.0,0.0487,0.0487,0.0487,0.0487,21.428,5.8156,0.0020493,5.8156,21.428,0.00055617,0.0020493,0.00055617,0.0,0.0,0.0,0.0,4.642e-09,0.0,0.0,0.0,1e-07,0.0,0.0,0.0,0.0,1e-07,4.642e-09,0.0
24461439.0,4995000000.0,5000000.0,5.0,0.0,0.0487,0.0487,0.0487,0.0487,21.428,0.42856,0.0,0.42856,21.428,4.2856e-06,0.0,4.2856e-06,0.0,0.0,0.0,0.0,1e-11,0.0,0.0,0.0,4.642e-09,0.0,0.0,0.0,0.0,4.642e-09,1e-11,0.0
24463912.0,4995000000.0,5000000.0,5.0,0.0,0.0487,0.0487,0.0487,0.0487,21.428,1.5792,0.0,1.5792,21.428,0.00015103,0.0,0.00015103,0.0,0.0,0.0,0.0,1e-07,0.0,0.0,0.0,2.154e-06,0.0,0.0,0.0,0.0,2.154e-06,1e-07,0.0
24460077.0,4995000000.0,5000000.0,5.0,0.0,0.0487,0.0487,0.0487,0.0487,21.428,0.11571,0.019598,0.11571,21.428,1.1571e-06,0.019598,1.1571e-06,0.0,0.0,0.0,0.0,2.154e-10,0.0,0.0,0.0,4.642e-05,0.0,0.0,0.0,0.0,4.642e-05,2.154e-10,0.0
24460159.0,4995000000.0,5000000.0,5.0,0.0,0.0487,0.0487,0.0487,0.0487,21.428,0.11571,0.019598,0.11571,21.428,1.1066e-05,0.019598,1.1066e-05,0.0,0.0,0.0,0.0,0.001,0.0,0.0,0.0,1e-07,0.0,0.0,0.0,0.0,1e-07,0.001,0.0
24465041.0,4995000000.0,5000000.0,5.0,0.0,0.0487,0.0487,0.0487,0.0487,21.428,1.5792,0.019598,1.5792,21.428,0.013739,0.019598,0.013739,0.0,0.0,0.0,0.0,1e-07,0.0,0.0,0.0,0.001,0.0,0.0,0.0,0.0,0.001,1e-07,0.0
24466993.0,4995000000.0,5000000.0,5.0,0.0,0.0487,0.0487,0.0487,0.0487,21.428,5.8156,0.0020493,5.8156,21.428,0.00055617,0.0020493,0.00055617,0.0,0.0,0.0,0.0,4.642e-09,0.0,0.0,0.0,4.642e-05,0.0,0.0,0.0,0.0,4.642e-05,4.642e-09,0.0
24462430.0,4995000000.0,5000000.0,5.0,0.0,0.0487,0.0487,0.0487,0.0487,21.428,0.42856,0.019598,0.42856,21.428,0.0,0.019598,0.0,0.0,0.0,0.0,0.0,2.154e-10,0.0,0.0,0.0,0.001,0.0,0.0,0.0,0.0,0.001,2.154e-10,0.0
24466329.0,4995000000.0,5000000.0,5.0,0.0,0.0487,0.0487,0.0487,0.0487,21.428,5.8156,0.0,5.8156,21.428,0.00055617,0.0,0.00055617,0.0,0.0,0.0,0.0,4.642e-05,0.0,0.0,0.0,0.001,0.0,0.0,0.0,0.0,0.001,4.642e-05,0.0
24464003.0,4995000000.0,5000000.0,5.0,0.0,0.0487,0.0487,0.0487,0.0487,21.428,1.5792,0.0,1.5792,21.428,0.013739,0.0,0.013739,0.0,0.0,0.0,0.0,4.642e-09,0.0,0.0,0.0,2.154e-06,0.0,0.0,0.0,0.0,2.154e-06,4.642e-09,0.0
24460103.0,4995000000.0,5000000.0,5.0,0.0,0.0487,0.0487,0.0487,0.0487,21.428,0.11571,0.019598,0.11571,21.428,1.1571e-06,0.019598,1.1571e-06,0.0,0.0,0.0,0.0,4.642e-05,0.0,0.0,0.0,1e-07,0.0,0.0,0.0,0.0,1e-07,4.642e-05,0.0
24461930.0,4995000000.0,5000000.0,5.0,0.0,0.0487,0.0487,0.0487,0.0487,21.428,0.42856,0.00021428,0.42856,21.428,0.0037285,0.00021428,0.0037285,0.0,0.0,0.0,0.0,1e-11,0.0,0.0,0.0,1e-07,0.0,0.0,0.0,0.0,1e-07,1e-11,0.0
24467253.0,4995000000.0,5000000.0,5.0,0.0,0.0487,0.0487,0.0487,0.0487,21.428,5.8156,0.019598,5.8156,21.428,0.0,0.019598,0.0,0.0,0.0,0.0,0.0,2.154e-06,0.0,0.0,0.0,0.001,0.0,0.0,0.0,0.0,0.001,2.154e-06,0.0
24462499.0,4995000000.0,5000000.0,5.0,0.0,0.0487,0.0487,0.0487,0.0487,21.428,0.42856,0.019598,0.42856,21.428,4.2856e-06,0.019598,4.2856e-06,0.0,0.0,0.0,0.0,2.154e-06,0.0,0.0,0.0,4.642e-05,0.0,0.0,0.0,0.0,4.642e-05,2.154e-06,0.0
24466297.0,4995000000.0,5000000.0,5.0,0.0,0.0487,0.0487,0.0487,0.0487,21.428,5.8156,0.0,5.8156,21.428,0.00055617,0.0,0.00055617,0.0,0.0,0.0,0.0,2.154e-10,0.0,0.0,0.0,4.642e-09,0.0,0.0,0.0,0.0,4.642e-09,2.154e-10,0.0
24461475.0,4995000000.0,5000000.0,5.0,0.0,0.0487,0.0487,0.0487,0.0487,21.428,0.42856,0.0,0.42856,21.428,4.2856e-06,0.0,4.2856e-06,0.0,0.0,0.0,0.0,4.642e-05,0.0,0.0,0.0,1e-07,0.0,0.0,0.0,0.0,1e-07,4.642e-05,0.0
24461957.0,4995000000.0,5000000.0,5.0,0.0,0.0487,0.0487,0.0487,0.0487,21.428,0.42856,0.00021428,0.42856,21.428,0.0037285,0.00021428,0.0037285,0.0,0.0,0.0,0.0,2.154e-06,0.0,0.0,0.0,4.642e-09,0.0,0.0,0.0,0.0,4.642e-09,2.154e-06,0.0
24461784.0,4995000000.0,5000000.0,5.0,0.0,0.0487,0.0487,0.0487,0.0487,21.428,0.42856,0.00021428,0.42856,21.428,4.2856e-06,0.00021428,4.2856e-06,0.0,0.0,0.0,0.0,1e-11,0.0,0.0,0.0,2.154e-06,0.0,0.0,0.0,0.0,2.154e-06,1e-11,0.0
24460278.0,4995000000.0,5000000.0,5.0,0.0,0.0487,0.0487,0.0487,0.0487,21.428,0.11571,0.019598,0.11571,21.428,0.009685,0.019598,0.009685,0.0,0.0,0.0,0.0,4.642e-09,0.0,0.0,0.0,1e-07,0.0,0.0,0.0,0.0,1e-07,4.642e-09,0.0
24462633.0,4995000000.0,5000000.0,5.0,0.0,0.0487,0.0487,0.0487,0.0487,21.428,0.42856,0.019598,0.42856,21.428,0.0037285,0.019598,0.0037285,0.0,0.0,0.0,0.0,4.642e-09,0.0,0.0,0.0,0.001,0.0,0.0,0.0,0.0,0.001,4.642e-09,0.0
24466266.0,4995000000.0,5000000.0,5.0,0.0,0.0487,0.0487,0.0487,0.0487,21.428,5.8156,0.0,5.8156,21.428,5.8156e-05,0.0,5.8156e-05,0.0,0.0,0.0,0.0,1e-07,0.0,0.0,0.0,0.001,0.0,0.0,0.0,0.0,0.001,1e-07,0.0
24467294.0,4995000000.0,5000000.0,5.0,0.0,0.0487,0.0487,0.0487,0.0487,21.428,5.8156,0.019598,5.8156,21.428,5.8156e-05,0.019598,5.8156e-05,0.0,0.0,0.0,0.0,1e-07,0.0,0.0,0.0,4.642e-05,0.0,0.0,0.0,0.0,4.642e-05,1e-07,0.0
24464887.0,4995000000.0,5000000.0,5.0,0.0,0.0487,0.0487,0.0487,0.0487,21.428,1.5792,0.019598,1.5792,21.428,1.5792e-05,0.019598,1.5792e-05,0.0,0.0,0.0,0.0,4.642e-09,0.0,0.0,0.0,0.001,0.0,0.0,0.0,0.0,0.001,4.642e-09,0.0
24464711.0,4995000000.0,5000000.0,5.0,0.0,0.0487,0.0487,0.0487,0.0487,21.428,1.5792,0.0020493,1.5792,21.428,0.013739,0.0020493,0.013739,0.0,0.0,0.0,0.0,4.642e-05,0.0,0.0,0.0,4.642e-05,0.0,0.0,0.0,0.0,4.642e-05,4.642e-05,0.0
24461989.0,4995000000.0,5000000.0,5.0,0.0,0.0487,0.0487,0.0487,0.0487,21.428,0.42856,0.00021428,0.42856,21.428,0.03587,0.00021428,0.03587,0.0,0.0,0.0,0.0,2.154e-10,0.0,0.0,0.0,0.001,0.0,0.0,0.0,0.0,0.001,2.154e-10,0.0
24461391.0,4995000000.0,5000000.0,5.0,0.0,0.0487,0.0487,0.0487,0.0487,21.428,0.42856,0.0,0.42856,21.428,0.0,0.0,0.0,0.0,0.0,0.0,0.0,1e-11,0.0,0.0,0.0,1e-07,0.0,0.0,0.0,0.0,1e-07,1e-11,0.0
24466542.0,4995000000.0,5000000.0,5.0,0.0,0.0487,0.0487,0.0487,0.0487,21.428,5.8156,0.00021428,5.8156,21.428,0.0,0.00021428,0.0,0.0,0.0,0.0,0.0,2.154e-10,0.0,0.0,0.0,4.642e-09,0.0,0.0,0.0,0.0,4.642e-09,2.154e-10,0.0
24467393.0,4995000000.0,5000000.0,5.0,0.0,0.0487,0.0487,0.0487,0.0487,21.428,5.8156,0.019598,5.8156,21.428,0.005319,0.019598,0.005319,0.0,0.0,0.0,0.0,1e-07,0.0,0.0,0.0,0.001,0.0,0.0,0.0,0.0,0.001,1e-07,0.0
24464218.0,4995000000.0,5000000.0,5.0,0.0,0.0487,0.0487,0.0487,0.0487,21.428,1.5792,0.00021428,1.5792,21.428,1.5792e-05,0.00021428,1.5792e-05,0.0,0.0,0.0,0.0,4.642e-05,0.0,0.0,0.0,4.642e-09,0.0,0.0,0.0,0.0,4.642e-09,4.642e-05,0.0
24462680.0,4995000000.0,5000000.0,5.0,0.0,0.0487,0.0487,0.0487,0.0487,21.428,0.42856,0.019598,0.42856,21.428,0.03587,0.019598,0.03587,0.0,0.0,0.0,0.0,4.642e-09,0.0,0.0,0.0,2.154e-06,0.0,0.0,0.0,0.0,2.154e-06,4.642e-09,0.0
24467279.0,4995000000.0,5000000.0,5.0,0.0,0.0487,0.0487,0.0487,0.0487,21.428,5.8156,0.019598,5.8156,21.428,5.8156e-05,0.019598,5.8156e-05,0.0,0.0,0.0,0.0,2.154e-10,0.0,0.0,0.0,2.154e-06,0.0,0.0,0.0,0.0,2.154e-06,2.154e-10,0.0
24464962.0,4995000000.0,5000000.0,5.0,0.0,0.0487,0.0487,0.0487,0.0487,21.428,1.5792,0.019598,1.5792,21.428,0.00015103,0.019598,0.00015103,0.0,0.0,0.0,0.0,0.001,0.0,0.0,0.0,2.154e-06,0.0,0.0,0.0,0.0,2.154e-06,0.001,0.0
24460169.0,4995000000.0,5000000.0,5.0,0.0,0.0487,0.0487,0.0487,0.0487,21.428,0.11571,0.019598,0.11571,21.428,0.00010583,0.019598,0.00010583,0.0,0.0,0.0,0.0,1e-11,0.0,0.0,0.0,0.001,0.0,0.0,0.0,0.0,0.001,1e-11,0.0
24460223.0,4995000000.0,5000000.0,5.0,0.0,0.0487,0.0487,0.0487,0.0487,21.428,0.11571,0.019598,0.11571,21.428,0.0010067,0.019598,0.0010067,0.0,0.0,0.0,0.0,2.154e-10,0.0,0.0,0.0,2.154e-06,0.0,0.0,0.0,0.0,2.154e-06,2.154e-10,0.0
24466998.0,4995000000.0,5000000.0,5.0,0.0,0.0487,0.0487,0.0487,0.0487,21.428,5.8156,0.0020493,5.8156,21.428,0.00055617,0.0020493,0.00055617,0.0,0.0,0.0,0.0,1e-07,0.0,0.0,0.0,1e-07,0.0,0.0,0.0,0.0,1e-07,1e-07,0.0
24462623.0,4995000000.0,5000000.0,5.0,0.0,0.0487,0.0487,0.0487,0.0487,21.428,0.42856,0.019598,0.42856,21.428,0.0037285,0.019598,0.0037285,0.0,0.0,0.0,0.0,2.154e-10,0.0,0.0,0.0,1e-07,0.0,0.0,0.0,0.0,1e-07,2.154e-10,0.0
24462513.0,4995000000.0,5000000.0,5.0,0.0,0.0487,0.0487,0.0487,0.0487,21.428,0.42856,0.019598,0.42856,21.428,4.2856e-06,0.019598,4.2856e-06,0.0,0.0,0.0,0.0,0.001,0.0,0.0,0.0,4.642e-05,0.0,0.0,0.0,0.0,4.642e-05,0.001,0.0
24469094.0,4995000000.0,5000000.0,5.0,0.0,0.0487,0.0487,0.0487,0.0487,21.428,21.428,0.00021428,21.428,21.428,0.019598,0.00021428,0.019598,0.0,0.0,0.0,0.0,2.154e-10,0.0,0.0,0.0,0.001,0.0,0.0,0.0,0.0,0.001,2.154e-10,0.0
24462232.0,4995000000.0,5000000.0,5.0,0.0,0.0487,0.0487,0.0487,0.0487,21.428,0.42856,0.0020493,0.42856,21.428,0.00039197,0.0020493,0.00039197,0.0,0.0,0.0,0.0,2.154e-10,0.0,0.0,0.0,2.154e-06,0.0,0.0,0.0,0.0,2.154e-06,2.154e-10,0.0
24462484.0,4995000000.0,5000000.0,5.0,0.0,0.0487,0.0487,0.0487,0.0487,21.428,0.42856,0.019598,0.42856,21.428,4.2856e-06,0.019598,4.2856e-06,0.0,0.0,0.0,0.0,4.642e-09,0.0,0.0,0.0,2.154e-06,0.0,0.0,0.0,0.0,2.154e-06,4.642e-09,0.0
24464149.0,4995000000.0,5000000.0,5.0,0.0,0.0487,0.0487,0.0487,0.0487,21.428,1.5792,0.00021428,1.5792,21.428,0.0,0.00021428,0.0,0.0,0.0,0.0,0.0,4.642e-09,0.0,0.0,0.0,1e-07,0.0,0.0,0.0,0.0,1e-07,4.642e-09,0.0
24462631.0,4995000000.0,5000000.0,5.0,0.0,0.0487,0.0487,0.0487,0.0487,21.428,0.42856,0.019598,0.42856,21.428,0.0037285,0.019598,0.0037285,0.0,0.0,0.0,0.0,4.642e-09,0.0,0.0,0.0,2.154e-06,0.0,0.0,0.0,0.0,2.154e-06,4.642e-09,0.0
24468981.0,4995000000.0,5000000.0,5.0,0.0,0.0487,0.0487,0.0487,0.0487,21.428,21.428,0.00021428,21.428,21.428,0.0,0.00021428,0.0,0.0,0.0,0.0,0.0,0.001,0.0,0.0,0.0,4.642e-05,0.0,0.0,0.0,0.0,4.642e-05,0.001,0.0
24466251.0,4995000000.0,5000000.0,5.0,0.0,0.0487,0.0487,0.0487,0.0487,21.428,5.8156,0.0,5.8156,21.428,5.8156e-05,0.0,5.8156e-05,0.0,0.0,0.0,0.0,2.154e-10,0.0,0.0,0.0,4.642e-05,0.0,0.0,0.0,0.0,4.642e-05,2.154e-10,0.0
24462589.0,4995000000.0,5000000.0,5.0,0.0,0.0487,0.0487,0.0487,0.0487,21.428,0.42856,0.019598,0.42856,21.428,0.00039197,0.019598,0.00039197,0.0,0.0,0.0,0.0,1e-07,0.0,0.0,0.0,2.154e-06,0.0,0.0,0.0,0.0,2.154e-06,1e-07,0.0
24462603.0,4995000000.0,5000000.0,5.0,0.0,0.0487,0.0487,0.0487,0.0487,21.428,0.42856,0.019598,0.42856,21.428,0.00039197,0.019598,0.00039197,0.0,0.0,0.0,0.0,4.642e-05,0.0,0.0,0.0,2.154e-06,0.0,0.0,0.0,0.0,2.154e-06,4.642e-05,0.0
24466340.0,4995000000.0,5000000.0,5.0,0.0,0.0487,0.0487,0.0487,0.0487,21.428,5.8156,0.0,5.8156,21.428,0.005319,0.0,0.005319,0.0,0.0,0.0,0.0,1e-11,0.0,0.0,0.0,1e-07,0.0,0.0,0.0,0.0,1e-07,1e-11,0.0
24467049.0,4995000000.0,5000000.0,5.0,0.0,0.0487,0.0487,0.0487,0.0487,21.428,5.8156,0.0020493,5.8156,21.428,0.005319,0.0020493,0.005319,0.0,0.0,0.0,0.0,1e-07,0.0,0.0,0.0,4.642e-05,0.0,0.0,0.0,0.0,4.642e-05,1e-07,0.0
24461673.0,4995000000.0,5000000.0,5.0,0.0,0.0487,0.0487,0.0487,0.0487,21.428,0.42856,0.0,0.42856,21.428,0.03587,0.0,0.03587,0.0,0.0,0.0,0.0,4.642e-05,0.0,0.0,0.0,4.642e-05,0.0,0.0,0.0,0.0,4.642e-05,4.642e-05,0.0
24466199.0,4995000000.0,5000000.0,5.0,0.0,0.0487,0.0487,0.0487,0.0487,21.428,5.8156,0.0,5.8156,21.428,0.0,0.0,0.0,0.0,0.0,0.0,0.0,2.154e-10,0.0,0.0,0.0,4.642e-09,0.0,0.0,0.0,0.0,4.642e-09,2.154e-10,0.0
24462345.0,4995000000.0,5000000.0,5.0,0.0,0.0487,0.0487,0.0487,0.0487,21.428,0.42856,0.0020493,0.42856,21.428,0.03587,0.0020493,0.03587,0.0,0.0,0.0,0.0,1e-07,0.0,0.0,0.0,4.642e-05,0.0,0.0,0.0,0.0,4.642e-05,1e-07,0.0
24461555.0,4995000000.0,5000000.0,5.0,0.0,0.0487,0.0487,0.0487,0.0487,21.428,0.42856,0.0,0.42856,21.428,0.00039197,0.0,0.00039197,0.0,0.0,0.0,0.0,4.642e-09,0.0,0.0,0.0,0.001,0.0,0.0,0.0,0.0,0.001,4.642e-09,0.0
24460309.0,4995000000.0,5000000.0,5.0,0.0,0.0487,0.0487,0.0487,0.0487,21.428,0.11571,0.019598,0.11571,21.428,0.009685,0.019598,0.009685,0.0,0.0,0.0,0.0,0.001,0.0,0.0,0.0,0.001,0.0,0.0,0.0,0.0,0.001,0.001,0.0
24467067.0,4995000000.0,5000000.0,5.0,0.0,0.0487,0.0487,0.0487,0.0487,21.428,5.8156,0.0020493,5.8156,21.428,0.005319,0.0020493,0.005319,0.0,0.0,0.0,0.0,0.001,0.0,0.0,0.0,4.642e-09,0.0,0.0,0.0,0.0,4.642e-09,0.001,0.0
24464520.0,4995000000.0,5000000.0,5.0,0.0,0.0487,0.0487,0.0487,0.0487,21.428,1.5792,0.0020493,1.5792,21.428,0.0,0.0020493,0.0,0.0,0.0,0.0,0.0,0.001,0.0,0.0,0.0,1e-07,0.0,0.0,0.0,0.0,1e-07,0.001,0.0
24466949.0,4995000000.0,5000000.0,5.0,0.0,0.0487,0.0487,0.0487,0.0487,21.428,5.8156,0.0020493,5.8156,21.428,5.8156e-05,0.0020493,5.8156e-05,0.0,0.0,0.0,0.0,1e-07,0.0,0.0,0.0,1e-07,0.0,0.0,0.0,0.0,1e-07,1e-07,0.0
24462444.0,4995000000.0,5000000.0,5.0,0.0,0.0487,0.0487,0.0487,0.0487,21.428,0.42856,0.019598,0.42856,21.428,0.0,0.019598,0.0,0.0,0.0,0.0,0.0,1e-07,0.0,0.0,0.0,0.001,0.0,0.0,0.0,0.0,0.001,1e-07,0.0
24463892.0,4995000000.0,5000000.0,5.0,0.0,0.0487,0.0487,0.0487,0.0487,21.428,1.5792,0.0,1.5792,21.428,0.00015103,0.0,0.00015103,0.0,0.0,0.0,0.0,1e-11,0.0,0.0,0.0,4.642e-05,0.0,0.0,0.0,0.0,4.642e-05,1e-11,0.0
24462588.0,4995000000.0,5000000.0,5.0,0.0,0.0487,0.0487,0.0487,0.0487,21.428,0.42856,0.019598,0.42856,21.428,0.00039197,0.019598,0.00039197,0.0,0.0,0.0,0.0,1e-07,0.0,0.0,0.0,1e-07,0.0,0.0,0.0,0.0,1e-07,1e-07,0.0
24462315.0,4995000000.0,5000000.0,5.0,0.0,0.0487,0.0487,0.0487,0.0487,21.428,0.42856,0.0020493,0.42856,21.428,0.0037285,0.0020493,0.0037285,0.0,0.0,0.0,0.0,0.001,0.0,0.0,0.0,1e-07,0.0,0.0,0.0,0.0,1e-07,0.001,0.0
24462568.0,4995000000.0,5000000.0,5.0,0.0,0.0487,0.0487,0.0487,0.0487,21.428,0.42856,0.019598,0.42856,21.428,0.00039197,0.019598,0.00039197,0.0,0.0,0.0,0.0,1e-11,0.0,0.0,0.0,2.154e-06,0.0,0.0,0.0,0.0,2.154e-06,1e-11,0.0
24461679.0,4995000000.0,5000000.0,5.0,0.0,0.0487,0.0487,0.0487,0.0487,21.428,0.42856,0.0,0.42856,21.428,0.03587,0.0,0.03587,0.0,0.0,0.0,0.0,0.001,0.0,0.0,0.0,2.154e-06,0.0,0.0,0.0,0.0,2.154e-06,0.001,0.0
24464684.0,4995000000.0,5000000.0,5.0,0.0,0.0487,0.0487,0.0487,0.0487,21.428,1.5792,0.0020493,1.5792,21.428,0.013739,0.0020493,0.013739,0.0,0.0,0.0,0.0,2.154e-10,0.0,0.0,0.0,0.001,0.0,0.0,0.0,0.0,0.001,2.154e-10,0.0
24461862.0,4995000000.0,5000000.0,5.0,0.0,0.0487,0.0487,0.0487,0.0487,21.428,0.42856,0.00021428,0.42856,21.428,4.0985e-05,0.00021428,4.0985e-05,0.0,0.0,0.0,0.0,2.154e-06,0.0,0.0,0.0,4.642e-05,0.0,0.0,0.0,0.0,4.642e-05,2.154e-06,0.0
24461936.0,4995000000.0,5000000.0,5.0,0.0,0.0487,0.0487,0.0487,0.0487,21.428,0.42856,0.00021428,0.42856,21.428,0.0037285,0.00021428,0.0037285,0.0,0.0,0.0,0.0,2.154e-10,0.0,0.0,0.0,4.642e-09,0.0,0.0,0.0,0.0,4.642e-09,2.154e-10,0.0
24464963.0,4995000000.0,5000000.0,5.0,0.0,0.0487,0.0487,0.0487,0.0487,21.428,1.5792,0.019598,1.5792,21.428,0.00015103,0.019598,0.00015103,0.0,0.0,0.0,0.0,0.001,0.0,0.0,0.0,4.642e-05,0.0,0.0,0.0,0.0,4.642e-05,0.001,0.0
24461961.0,4995000000.0,5000000.0,5.0,0.0,0.0487,0.0487,0.0487,0.0487,21.428,0.42856,0.00021428,0.42856,21.428,0.0037285,0.00021428,0.0037285,0.0,0.0,0.0,0.0,2.154e-06,0.0,0.0,0.0,0.001,0.0,0.0,0.0,0.0,0.001,2.154e-06,0.0
24469465.0,4995000000.0,5000000.0,5.0,0.0,0.0487,0.0487,0.0487,0.0487,21.428,21.428,0.0020493,21.428,21.428,0.019598,0.0020493,0.019598,0.0,0.0,0.0,0.0,4.642e-05,0.0,0.0,0.0,0.001,0.0,0.0,0.0,0.0,0.001,4.642e-05,0.0
24461463.0,4995000000.0,5000000.0,5.0,0.0,0.0487,0.0487,0.0487,0.0487,21.428,0.42856,0.0,0.42856,21.428,4.2856e-06,0.0,4.2856e-06,0.0,0.0,0.0,0.0,1e-07,0.0,0.0,0.0,4.642e-05,0.0,0.0,0.0,0.0,4.642e-05,1e-07,0.0
24464983.0,4995000000.0,5000000.0,5.0,0.0,0.0487,0.0487,0.0487,0.0487,21.428,1.5792,0.019598,1.5792,21.428,0.0014444,0.019598,0.0014444,0.0,0.0,0.0,0.0,4.642e-09,0.0,0.0,0.0,2.154e-06,0.0,0.0,0.0,0.0,2.154e-06,4.642e-09,0.0
24462014.0,4995000000.0,5000000.0,5.0,0.0,0.0487,0.0487,0.0487,0.0487,21.428,0.42856,0.00021428,0.42856,21.428,0.03587,0.00021428,0.03587,0.0,0.0,0.0,0.0,4.642e-05,0.0,0.0,0.0,1e-07,0.0,0.0,0.0,0.0,1e-07,4.642e-05,0.0
24463920.0,4995000000.0,5000000.0,5.0,0.0,0.0487,0.0487,0.0487,0.0487,21.428,1.5792,0.0,1.5792,21.428,0.00015103,0.0,0.00015103,0.0,0.0,0.0,0.0,2.154e-06,0.0,0.0,0.0,4.642e-05,0.0,0.0,0.0,0.0,4.642e-05,2.154e-06,0.0
24462527.0,4995000000.0,5000000.0,5.0,0.0,0.0487,0.0487,0.0487,0.0487,21.428,0.42856,0.019598,0.42856,21.428,4.0985e-05,0.019598,4.0985e-05,0.0,0.0,0.0,0.0,2.154e-10,0.0,0.0,0.0,4.642e-05,0.0,0.0,0.0,0.0,4.642e-05,2.154e-10,0.0
24462217.0,4995000000.0,5000000.0,5.0,0.0,0.0487,0.0487,0.0487,0.0487,21.428,0.42856,0.0020493,0.42856,21.428,4.0985e-05,0.0020493,4.0985e-05,0.0,0.0,0.0,0.0,0.001,0.0,0.0,0.0,1e-07,0.0,0.0,0.0,0.0,1e-07,0.001,0.0
24461758.0,4995000000.0,5000000.0,5.0,0.0,0.0487,0.0487,0.0487,0.0487,21.428,0.42856,0.00021428,0.42856,21.428,0.0,0.00021428,0.0,0.0,0.0,0.0,0.0,1e-07,0.0,0.0,0.0,0.001,0.0,0.0,0.0,0.0,0.001,1e-07,0.0
24465040.0,4995000000.0,5000000.0,5.0,0.0,0.0487,0.0487,0.0487,0.0487,21.428,1.5792,0.019598,1.5792,21.428,0.013739,0.019598,0.013739,0.0,0.0,0.0,0.0,1e-07,0.0,0.0,0.0,4.642e-05,0.0,0.0,0.0,0.0,4.642e-05,1e-07,0.0
24461646.0,4995000000.0,5000000.0,5.0,0.0,0.0487,0.0487,0.0487,0.0487,21.428,0.42856,0.0,0.42856,21.428,0.03587,0.0,0.03587,0.0,0.0,0.0,0.0,2.154e-10,0.0,0.0,0.0,0.001,0.0,0.0,0.0,0.0,0.001,2.154e-10,0.0
24462644.0,4995000000.0,5000000.0,5.0,0.0,0.0487,0.0487,0.0487,0.0487,21.428,0.42856,0.019598,0.42856,21.428,0.0037285,0.019598,0.0037285,0.0,0.0,0.0,0.0,2.154e-06,0.0,0.0,0.0,1e-07,0.0,0.0,0.0,0.0,1e-07,2.154e-06,0.0
24466643.0,4995000000.0,5000000.0,5.0,0.0,0.0487,0.0487,0.0487,0.0487,21.428,5.8156,0.00021428,5.8156,21.428,0.00055617,0.00021428,0.00055617,0.0,0.0,0.0,0.0,2.154e-10,0.0,0.0,0.0,4.642e-05,0.0,0.0,0.0,0.0,4.642e-05,2.154e-10,0.0
24469311.0,4995000000.0,5000000.0,5.0,0.0,0.0487,0.0487,0.0487,0.0487,21.428,21.428,0.0020493,21.428,21.428,0.0,0.0020493,0.0,0.0,0.0,0.0,0.0,2.154e-06,0.0,0.0,0.0,0.001,0.0,0.0,0.0,0.0,0.001,2.154e-06,0.0
24461498.0,4995000000.0,5000000.0,5.0,0.0,0.0487,0.0487,0.0487,0.0487,21.428,0.42856,0.0,0.42856,21.428,4.0985e-05,0.0,4.0985e-05,0.0,0.0,0.0,0.0,2.154e-10,0.0,0.0,0.0,4.642e-05,0.0,0.0,0.0,0.0,4.642e-05,2.154e-10,0.0
24466987.0,4995000000.0,5000000.0,5.0,0.0,0.0487,0.0487,0.0487,0.0487,21.428,5.8156,0.0020493,5.8156,21.428,0.00055617,0.0020493,0.00055617,0.0,0.0,0.0,0.0,2.154e-10,0.0,0.0,0.0,0.001,0.0,0.0,0.0,0.0,0.001,2.154e-10,0.0
24466292.0,4995000000.0,5000000.0,5.0,0.0,0.0487,0.0487,0.0487,0.0487,21.428,5.8156,0.0,5.8156,21.428,0.00055617,0.0,0.00055617,0.0,0.0,0.0,0.0,1e-11,0.0,0.0,0.0,2.154e-06,0.0,0.0,0.0,0.0,2.154e-06,1e-11,0.0
24469458.0,4995000000.0,5000000.0,5.0,0.0,0.0487,0.0487,0.0487,0.0487,21.428,21.428,0.0020493,21.428,21.428,0.019598,0.0020493,0.019598,0.0,0.0,0.0,0.0,2.154e-06,0.0,0.0,0.0,0.001,0.0,0.0,0.0,0.0,0.001,2.154e-06,0.0
24466691.0,4995000000.0,5000000.0,5.0,0.0,0.0487,0.0487,0.0487,0.0487,21.428,5.8156,0.00021428,5.8156,21.428,0.005319,0.00021428,0.005319,0.0,0.0,0.0,0.0,2.154e-10,0.0,0.0,0.0,2.154e-06,0.0,0.0,0.0,0.0,2.154e-06,2.154e-10,0.0
24460203.0,4995000000.0,5000000.0,5.0,0.0,0.0487,0.0487,0.0487,0.0487,21.428,0.11571,0.019598,0.11571,21.428,0.00010583,0.019598,0.00010583,0.0,0.0,0.0,0.0,4.642e-05,0.0,0.0,0.0,4.642e-05,0.0,0.0,0.0,0.0,4.642e-05,4.642e-05,0.0
24462469.0,4995000000.0,5000000.0,5.0,0.0,0.0487,0.0487,0.0487,0.0487,21.428,0.42856,0.019598,0.42856,21.428,4.2856e-06,0.019598,4.2856e-06,0.0,0.0,0.0,0.0,1e-11,0.0,0.0,0.0,1e-07,0.0,0.0,0.0,0.0,1e-07,1e-11,0.0
24464205.0,4995000000.0,5000000.0,5.0,0.0,0.0487,0.0487,0.0487,0.0487,21.428,1.5792,0.00021428,1.5792,21.428,1.5792e-05,0.00021428,1.5792e-05,0.0,0.0,0.0,0.0,1e-07,0.0,0.0,0.0,1e-07,0.0,0.0,0.0,0.0,1e-07,1e-07,0.0
24460070.0,4995000000.0,5000000.0,5.0,0.0,0.0487,0.0487,0.0487,0.0487,21.428,0.11571,0.019598,0.11571,21.428,1.1571e-06,0.019598,1.1571e-06,0.0,0.0,0.0,0.0,1e-11,0.0,0.0,0.0,4.642e-05,0.0,0.0,0.0,0.0,4.642e-05,1e-11,0.0
24469731.0,4995000000.0,5000000.0,5.0,0.0,0.0487,0.0487,0.0487,0.0487,21.428,21.428,0.019598,21.428,21.428,0.0020493,0.019598,0.0020493,0.0,0.0,0.0,0.0,2.154e-10,0.0,0.0,0.0,0.001,0.0,0.0,0.0,0.0,0.001,2.154e-10,0.0
24461637.0,4995000000.0,5000000.0,5.0,0.0,0.0487,0.0487,0.0487,0.0487,21.428,0.42856,0.0,0.42856,21.428,0.03587,0.0,0.03587,0.0,0.0,0.0,0.0,1e-11,0.0,0.0,0.0,2.154e-06,0.0,0.0,0.0,0.0,2.154e-06,1e-11,0.0
24462086.0,4995000000.0,5000000.0,5.0,0.0,0.0487,0.0487,0.0487,0.0487,21.428,0.42856,0.0020493,0.42856,21.428,0.0,0.0020493,0.0,0.0,0.0,0.0,0.0,2.154e-10,0.0,0.0,0.0,4.642e-05,0.0,0.0,0.0,0.0,4.642e-05,2.154e-10,0.0
24460120.0,4995000000.0,5000000.0,5.0,0.0,0.0487,0.0487,0.0487,0.0487,21.428,0.11571,0.019598,0.11571,21.428,1.1066e-05,0.019598,1.1066e-05,0.0,0.0,0.0,0.0,1e-11,0.0,0.0,0.0,0.001,0.0,0.0,0.0,0.0,0.001,1e-11,0.0
24464337.0,4995000000.0,5000000.0,5.0,0.0,0.0487,0.0487,0.0487,0.0487,21.428,1.5792,0.00021428,1.5792,21.428,0.013739,0.00021428,0.013739,0.0,0.0,0.0,0.0,2.154e-10,0.0,0.0,0.0,4.642e-09,0.0,0.0,0.0,0.0,4.642e-09,2.154e-10,0.0
24464479.0,4995000000.0,5000000.0,5.0,0.0,0.0487,0.0487,0.0487,0.0487,21.428,1.5792,0.0020493,1.5792,21.428,0.0,0.0020493,0.0,0.0,0.0,0.0,0.0,1e-11,0.0,0.0,0.0,2.154e-06,0.0,0.0,0.0,0.0,2.154e-06,1e-11,0.0
24464599.0,4995000000.0,5000000.0,5.0,0.0,0.0487,0.0487,0.0487,0.0487,21.428,1.5792,0.0020493,1.5792,21.428,0.00015103,0.0020493,0.00015103,0.0,0.0,0.0,0.0,1e-07,0.0,0.0,0.0,4.642e-05,0.0,0.0,0.0,0.0,4.642e-05,1e-07,0.0
24460173.0,4995000000.0,5000000.0,5.0,0.0,0.0487,0.0487,0.0487,0.0487,21.428,0.11571,0.019598,0.11571,21.428,0.00010583,0.019598,0.00010583,0.0,0.0,0.0,0.0,2.154e-10,0.0,0.0,0.0,1e-07,0.0,0.0,0.0,0.0,1e-07,2.154e-10,0.0
24462583.0,4995000000.0,5000000.0,5.0,0.0,0.0487,0.0487,0.0487,0.0487,21.428,0.42856,0.019598,0.42856,21.428,0.00039197,0.019598,0.00039197,0.0,0.0,0.0,0.0,4.642e-09,0.0,0.0,0.0,4.642e-05,0.0,0.0,0.0,0.0,4.642e-05,4.642e-09,0.0
24466906.0,4995000000.0,5000000.0,5.0,0.0,0.0487,0.0487,0.0487,0.0487,21.428,5.8156,0.0020493,5.8156,21.428,0.0,0.0020493,0.0,0.0,0.0,0.0,0.0,2.154e-06,0.0,0.0,0.0,4.642e-09,0.0,0.0,0.0,0.0,4.642e-09,2.154e-06,0.0
24463911.0,4995000000.0,5000000.0,5.0,0.0,0.0487,0.0487,0.0487,0.0487,21.428,1.5792,0.0,1.5792,21.428,0.00015103,0.0,0.00015103,0.0,0.0,0.0,0.0,1e-07,0.0,0.0,0.0,1e-07,0.0,0.0,0.0,0.0,1e-07,1e-07,0.0
24464313.0,4995000000.0,5000000.0,5.0,0.0,0.0487,0.0487,0.0487,0.0487,21.428,1.5792,0.00021428,1.5792,21.428,0.0014444,0.00021428,0.0014444,0.0,0.0,0.0,0.0,2.154e-06,0.0,0.0,0.0,0.001,0.0,0.0,0.0,0.0,0.001,2.154e-06,0.0
24469122.0,4995000000.0,5000000.0,5.0,0.0,0.0487,0.0487,0.0487,0.0487,21.428,21.428,0.00021428,21.428,21.428,0.019598,0.00021428,0.019598,0.0,0.0,0.0,0.0,4.642e-05,0.0,0.0,0.0,0.001,0.0,0.0,0.0,0.0,0.001,4.642e-05,0.0
24461504.0,4995000000.0,5000000.0,5.0,0.0,0.0487,0.0487,0.0487,0.0487,21.428,0.42856,0.0,0.42856,21.428,4.0985e-05,0.0,4.0985e-05,0.0,0.0,0.0,0.0,4.642e-09,0.0,0.0,0.0,2.154e-06,0.0,0.0,0.0,0.0,2.154e-06,4.642e-09,0.0
24464680.0,4995000000.0,5000000.0,5.0,0.0,0.0487,0.0487,0.0487,0.0487,21.428,1.5792,0.0020493,1.5792,21.428,0.013739,0.0020493,0.013739,0.0,0.0,0.0,0.0,2.154e-10,0.0,0.0,0.0,4.642e-09,0.0,0.0,0.0,0.0,4.642e-09,2.154e-10,0.0
24467390.0,4995000000.0,5000000.0,5.0,0.0,0.0487,0.0487,0.0487,0.0487,21.428,5.8156,0.019598,5.8156,21.428,0.005319,0.019598,0.005319,0.0,0.0,0.0,0.0,1e-07,0.0,0.0,0.0,1e-07,0.0,0.0,0.0,0.0,1e-07,1e-07,0.0
24466950.0,4995000000.0,5000000.0,5.0,0.0,0.0487,0.0487,0.0487,0.0487,21.428,5.8156,0.0020493,5.8156,21.428,5.8156e-05,0.0020493,5.8156e-05,0.0,0.0,0.0,0.0,1e-07,0.0,0.0,0.0,2.154e-06,0.0,0.0,0.0,0.0,2.154e-06,1e-07,0.0
24462591.0,4995000000.0,5000000.0,5.0,0.0,0.0487,0.0487,0.0487,0.0487,21.428,0.42856,0.019598,0.42856,21.428,0.00039197,0.019598,0.00039197,0.0,0.0,0.0,0.0,1e-07,0.0,0.0,0.0,0.001,0.0,0.0,0.0,0.0,0.001,1e-07,0.0
24536269.0,4995000000.0,5000000.0,5.0,0.0,0.1287,0.1287,0.1287,0.1287,0.063887,0.063887,6.3887e-07,0.063887,0.063887,6.1098e-06,6.3887e-07,6.1098e-06,0.0,0.0,0.0,0.0,2.154e-10,0.0,0.0,0.0,4.642e-09,0.0,0.0,0.0,0.0,4.642e-09,2.154e-10,0.0
24536894.0,4995000000.0,5000000.0,5.0,0.0,0.1287,0.1287,0.1287,0.1287,0.063887,0.063887,5.8431e-05,0.063887,0.063887,0.0,5.8431e-05,0.0,0.0,0.0,0.0,0.0,0.001,0.0,0.0,0.0,2.154e-06,0.0,0.0,0.0,0.0,2.154e-06,0.001,0.0
24536986.0,4995000000.0,5000000.0,5.0,0.0,0.1287,0.1287,0.1287,0.1287,0.063887,0.063887,5.8431e-05,0.063887,0.063887,6.1098e-06,5.8431e-05,6.1098e-06,0.0,0.0,0.0,0.0,4.642e-05,0.0,0.0,0.0,4.642e-05,0.0,0.0,0.0,0.0,4.642e-05,4.642e-05,0.0
24536585.0,4995000000.0,5000000.0,5.0,0.0,0.1287,0.1287,0.1287,0.1287,0.063887,0.063887,6.1098e-06,0.063887,0.063887,6.3887e-07,6.1098e-06,6.3887e-07,0.0,0.0,0.0,0.0,2.154e-06,0.0,0.0,0.0,1e-07,0.0,0.0,0.0,0.0,1e-07,2.154e-06,0.0
24537837.0,4995000000.0,5000000.0,5.0,0.0,0.1287,0.1287,0.1287,0.1287,0.063887,0.063887,0.0053473,0.063887,0.063887,0.051109,0.0053473,0.051109,0.0,0.0,0.0,0.0,2.154e-10,0.0,0.0,0.0,4.642e-09,0.0,0.0,0.0,0.0,4.642e-09,2.154e-10,0.0
24537395.0,4995000000.0,5000000.0,5.0,0.0,0.1287,0.1287,0.1287,0.1287,0.063887,0.063887,0.00055581,0.063887,0.063887,0.00055581,0.00055581,0.00055581,0.0,0.0,0.0,0.0,2.154e-10,0.0,0.0,0.0,2.154e-10,0.0,0.0,0.0,0.0,2.154e-10,2.154e-10,0.0
24536012.0,4995000000.0,5000000.0,5.0,0.0,0.1287,0.1287,0.1287,0.1287,0.063887,0.063887,0.0,0.063887,0.063887,5.8431e-05,0.0,5.8431e-05,0.0,0.0,0.0,0.0,0.001,0.0,0.0,0.0,2.154e-06,0.0,0.0,0.0,0.0,2.154e-06,0.001,0.0
24536200.0,4995000000.0,5000000.0,5.0,0.0,0.1287,0.1287,0.1287,0.1287,0.063887,0.063887,6.3887e-07,0.063887,0.063887,0.0,6.3887e-07,0.0,0.0,0.0,0.0,0.0,4.642e-05,0.0,0.0,0.0,1e-07,0.0,0.0,0.0,0.0,1e-07,4.642e-05,0.0
24536136.0,4995000000.0,5000000.0,5.0,0.0,0.1287,0.1287,0.1287,0.1287,0.063887,0.063887,0.0,0.063887,0.063887,0.051109,0.0,0.051109,0.0,0.0,0.0,0.0,1e-07,0.0,0.0,0.0,4.642e-09,0.0,0.0,0.0,0.0,4.642e-09,1e-07,0.0
24537129.0,4995000000.0,5000000.0,5.0,0.0,0.1287,0.1287,0.1287,0.1287,0.063887,0.063887,5.8431e-05,0.063887,0.063887,0.0053473,5.8431e-05,0.0053473,0.0,0.0,0.0,0.0,4.642e-05,0.0,0.0,0.0,2.154e-10,0.0,0.0,0.0,0.0,2.154e-10,4.642e-05,0.0
24537597.0,4995000000.0,5000000.0,5.0,0.0,0.1287,0.1287,0.1287,0.1287,0.063887,0.063887,0.0053473,0.063887,0.063887,6.3887e-07,0.0053473,6.3887e-07,0.0,0.0,0.0,0.0,4.642e-09,0.0,0.0,0.0,1e-11,0.0,0.0,0.0,0.0,1e-11,4.642e-09,0.0
24536935.0,4995000000.0,5000000.0,5.0,0.0,0.1287,0.1287,0.1287,0.1287,0.063887,0.063887,5.8431e-05,0.063887,0.063887,6.3887e-07,5.8431e-05,6.3887e-07,0.0,0.0,0.0,0.0,4.642e-05,0.0,0.0,0.0,1e-07,0.0,0.0,0.0,0.0,1e-07,4.642e-05,0.0
24537151.0,4995000000.0,5000000.0,5.0,0.0,0.1287,0.1287,0.1287,0.1287,0.063887,0.063887,5.8431e-05,0.063887,0.063887,0.051109,5.8431e-05,0.051109,0.0,0.0,0.0,0.0,2.154e-10,0.0,0.0,0.0,4.642e-09,0.0,0.0,0.0,0.0,4.642e-09,2.154e-10,0.0
24536891.0,4995000000.0,5000000.0,5.0,0.0,0.1287,0.1287,0.1287,0.1287,0.063887,0.063887,5.8431e-05,0.063887,0.063887,0.0,5.8431e-05,0.0,0.0,0.0,0.0,0.0,0.001,0.0,0.0,0.0,2.154e-10,0.0,0.0,0.0,0.0,2.154e-10,0.001,0.0
24537867.0,4995000000.0,5000000.0,5.0,0.0,0.1287,0.1287,0.1287,0.1287,0.063887,0.063887,0.0053473,0.063887,0.063887,0.051109,0.0053473,0.051109,0.0,0.0,0.0,0.0,4.642e-05,0.0,0.0,0.0,2.154e-06,0.0,0.0,0.0,0.0,2.154e-06,4.642e-05,0.0
24537655.0,4995000000.0,5000000.0,5.0,0.0,0.1287,0.1287,0.1287,0.1287,0.063887,0.063887,0.0053473,0.063887,0.063887,6.1098e-06,0.0053473,6.1098e-06,0.0,0.0,0.0,0.0,1e-07,0.0,0.0,0.0,4.642e-09,0.0,0.0,0.0,0.0,4.642e-09,1e-07,0.0
24537050.0,4995000000.0,5000000.0,5.0,0.0,0.1287,0.1287,0.1287,0.1287,0.063887,0.063887,5.8431e-05,0.063887,0.063887,0.00055581,5.8431e-05,0.00055581,0.0,0.0,0.0,0.0,1e-11,0.0,0.0,0.0,0.001,0.0,0.0,0.0,0.0,0.001,1e-11,0.0
24537194.0,4995000000.0,5000000.0,5.0,0.0,0.1287,0.1287,0.1287,0.1287,0.063887,0.063887,0.00055581,0.063887,0.063887,0.0,0.00055581,0.0,0.0,0.0,0.0,0.0,1e-11,0.0,0.0,0.0,1e-07,0.0,0.0,0.0,0.0,1e-07,1e-11,0.0
24535832.0,4995000000.0,5000000.0,5.0,0.0,0.1287,0.1287,0.1287,0.1287,0.063887,0.063887,0.0,0.063887,0.063887,0.0,0.0,0.0,0.0,0.0,0.0,0.0,2.154e-10,0.0,0.0,0.0,0.001,0.0,0.0,0.0,0.0,0.001,2.154e-10,0.0
24536465.0,4995000000.0,5000000.0,5.0,0.0,0.1287,0.1287,0.1287,0.1287,0.063887,0.063887,6.3887e-07,0.063887,0.063887,0.051109,6.3887e-07,0.051109,0.0,0.0,0.0,0.0,2.154e-10,0.0,0.0,0.0,4.642e-09,0.0,0.0,0.0,0.0,4.642e-09,2.154e-10,0.0
24537161.0,4995000000.0,5000000.0,5.0,0.0,0.1287,0.1287,0.1287,0.1287,0.063887,0.063887,5.8431e-05,0.063887,0.063887,0.051109,5.8431e-05,0.051109,0.0,0.0,0.0,0.0,4.642e-09,0.0,0.0,0.0,4.642e-05,0.0,0.0,0.0,0.0,4.642e-05,4.642e-09,0.0
24537586.0,4995000000.0,5000000.0,5.0,0.0,0.1287,0.1287,0.1287,0.1287,0.063887,0.063887,0.0053473,0.063887,0.063887,6.3887e-07,0.0053473,6.3887e-07,0.0,0.0,0.0,0.0,1e-11,0.0,0.0,0.0,1e-07,0.0,0.0,0.0,0.0,1e-07,1e-11,0.0
24536473.0,4995000000.0,5000000.0,5.0,0.0,0.1287,0.1287,0.1287,0.1287,0.063887,0.063887,6.3887e-07,0.063887,0.063887,0.051109,6.3887e-07,0.051109,0.0,0.0,0.0,0.0,4.642e-09,0.0,0.0,0.0,1e-07,0.0,0.0,0.0,0.0,1e-07,4.642e-09,0.0
24538103.0,4995000000.0,5000000.0,5.0,0.0,0.1287,0.1287,0.1287,0.1287,0.063887,0.063887,0.051109,0.063887,0.063887,0.00055581,0.051109,0.00055581,0.0,0.0,0.0,0.0,2.154e-06,0.0,0.0,0.0,4.642e-09,0.0,0.0,0.0,0.0,4.642e-09,2.154e-06,0.0
24536415.0,4995000000.0,5000000.0,5.0,0.0,0.1287,0.1287,0.1287,0.1287,0.063887,0.063887,6.3887e-07,0.063887,0.063887,0.0053473,6.3887e-07,0.0053473,0.0,0.0,0.0,0.0,2.154e-10,0.0,0.0,0.0,2.154e-10,0.0,0.0,0.0,0.0,2.154e-10,2.154e-10,0.0
24536081.0,4995000000.0,5000000.0,5.0,0.0,0.1287,0.1287,0.1287,0.1287,0.063887,0.063887,0.0,0.063887,0.063887,0.0053473,0.0,0.0053473,0.0,0.0,0.0,0.0,4.642e-09,0.0,0.0,0.0,1e-07,0.0,0.0,0.0,0.0,1e-07,4.642e-09,0.0
24537929.0,4995000000.0,5000000.0,5.0,0.0,0.1287,0.1287,0.1287,0.1287,0.063887,0.063887,0.051109,0.063887,0.063887,6.3887e-07,0.051109,6.3887e-07,0.0,0.0,0.0,0.0,1e-11,0.0,0.0,0.0,1e-07,0.0,0.0,0.0,0.0,1e-07,1e-11,0.0
24536403.0,4995000000.0,5000000.0,5.0,0.0,0.1287,0.1287,0.1287,0.1287,0.063887,0.063887,6.3887e-07,0.063887,0.063887,0.00055581,6.3887e-07,0.00055581,0.0,0.0,0.0,0.0,0.001,0.0,0.0,0.0,1e-07,0.0,0.0,0.0,0.0,1e-07,0.001,0.0
24535860.0,4995000000.0,5000000.0,5.0,0.0,0.1287,0.1287,0.1287,0.1287,0.063887,0.063887,0.0,0.063887,0.063887,0.0,0.0,0.0,0.0,0.0,0.0,0.0,4.642e-05,0.0,0.0,0.0,0.001,0.0,0.0,0.0,0.0,0.001,4.642e-05,0.0
24537921.0,4995000000.0,5000000.0,5.0,0.0,0.1287,0.1287,0.1287,0.1287,0.063887,0.063887,0.051109,0.063887,0.063887,0.0,0.051109,0.0,0.0,0.0,0.0,0.0,0.001,0.0,0.0,0.0,4.642e-09,0.0,0.0,0.0,0.0,4.642e-09,0.001,0.0
24535999.0,4995000000.0,5000000.0,5.0,0.0,0.1287,0.1287,0.1287,0.1287,0.063887,0.063887,0.0,0.063887,0.063887,5.8431e-05,0.0,5.8431e-05,0.0,0.0,0.0,0.0,2.154e-06,0.0,0.0,0.0,4.642e-05,0.0,0.0,0.0,0.0,4.642e-05,2.154e-06,0.0
24538148.0,4995000000.0,5000000.0,5.0,0.0,0.1287,0.1287,0.1287,0.1287,0.063887,0.063887,0.051109,0.063887,0.063887,0.0053473,0.051109,0.0053473,0.0,0.0,0.0,0.0,1e-07,0.0,0.0,0.0,4.642e-05,0.0,0.0,0.0,0.0,4.642e-05,1e-07,0.0
24537630.0,4995000000.0,5000000.0,5.0,0.0,0.1287,0.1287,0.1287,0.1287,0.063887,0.063887,0.0053473,0.063887,0.063887,6.3887e-07,0.0053473,6.3887e-07,0.0,0.0,0.0,0.0,0.001,0.0,0.0,0.0,4.642e-05,0.0,0.0,0.0,0.0,4.642e-05,0.001,0.0
24537011.0,4995000000.0,5000000.0,5.0,0.0,0.1287,0.1287,0.1287,0.1287,0.063887,0.063887,5.8431e-05,0.063887,0.063887,5.8431e-05,5.8431e-05,5.8431e-05,0.0,0.0,0.0,0.0,4.642e-09,0.0,0.0,0.0,4.642e-09,0.0,0.0,0.0,0.0,4.642e-09,4.642e-09,0.0
24537470.0,4995000000.0,5000000.0,5.0,0.0,0.1287,0.1287,0.1287,0.1287,0.063887,0.063887,0.00055581,0.063887,0.063887,0.0053473,0.00055581,0.0053473,0.0,0.0,0.0,0.0,2.154e-06,0.0,0.0,0.0,0.001,0.0,0.0,0.0,0.0,0.001,2.154e-06,0.0
24537899.0,4995000000.0,5000000.0,5.0,0.0,0.1287,0.1287,0.1287,0.1287,0.063887,0.063887,0.051109,0.063887,0.063887,0.0,0.051109,0.0,0.0,0.0,0.0,0.0,1e-07,0.0,0.0,0.0,2.154e-10,0.0,0.0,0.0,0.0,2.154e-10,1e-07,0.0
24538180.0,4995000000.0,5000000.0,5.0,0.0,0.1287,0.1287,0.1287,0.1287,0.063887,0.063887,0.051109,0.063887,0.063887,0.051109,0.051109,0.051109,0.0,0.0,0.0,0.0,2.154e-10,0.0,0.0,0.0,4.642e-09,0.0,0.0,0.0,0.0,4.642e-09,2.154e-10,0.0
24536157.0,4995000000.0,5000000.0,5.0,0.0,0.1287,0.1287,0.1287,0.1287,0.063887,0.063887,0.0,0.063887,0.063887,0.051109,0.0,0.051109,0.0,0.0,0.0,0.0,0.001,0.0,0.0,0.0,4.642e-09,0.0,0.0,0.0,0.0,4.642e-09,0.001,0.0
24537245.0,4995000000.0,5000000.0,5.0,0.0,0.1287,0.1287,0.1287,0.1287,0.063887,0.063887,0.00055581,0.063887,0.063887,6.3887e-07,0.00055581,6.3887e-07,0.0,0.0,0.0,0.0,1e-11,0.0,0.0,0.0,4.642e-05,0.0,0.0,0.0,0.0,4.642e-05,1e-11,0.0
24537177.0,4995000000.0,5000000.0,5.0,0.0,0.1287,0.1287,0.1287,0.1287,0.063887,0.063887,5.8431e-05,0.063887,0.063887,0.051109,5.8431e-05,0.051109,0.0,0.0,0.0,0.0,4.642e-05,0.0,0.0,0.0,1e-11,0.0,0.0,0.0,0.0,1e-11,4.642e-05,0.0
24536288.0,4995000000.0,5000000.0,5.0,0.0,0.1287,0.1287,0.1287,0.1287,0.063887,0.063887,6.3887e-07,0.063887,0.063887,6.1098e-06,6.3887e-07,6.1098e-06,0.0,0.0,0.0,0.0,2.154e-06,0.0,0.0,0.0,1e-11,0.0,0.0,0.0,0.0,1e-11,2.154e-06,0.0
24536686.0,4995000000.0,5000000.0,5.0,0.0,0.1287,0.1287,0.1287,0.1287,0.063887,0.063887,6.1098e-06,0.063887,0.063887,5.8431e-05,6.1098e-06,5.8431e-05,0.0,0.0,0.0,0.0,2.154e-06,0.0,0.0,0.0,0.001,0.0,0.0,0.0,0.0,0.001,2.154e-06,0.0
24537611.0,4995000000.0,5000000.0,5.0,0.0,0.1287,0.1287,0.1287,0.1287,0.063887,0.063887,0.0053473,0.063887,0.063887,6.3887e-07,0.0053473,6.3887e-07,0.0,0.0,0.0,0.0,2.154e-06,0.0,0.0,0.0,1e-11,0.0,0.0,0.0,0.0,1e-11,2.154e-06,0.0
24537408.0,4995000000.0,5000000.0,5.0,0.0,0.1287,0.1287,0.1287,0.1287,0.063887,0.063887,0.00055581,0.063887,0.063887,0.00055581,0.00055581,0.00055581,0.0,0.0,0.0,0.0,1e-07,0.0,0.0,0.0,1e-11,0.0,0.0,0.0,0.0,1e-11,1e-07,0.0
24537320.0,4995000000.0,5000000.0,5.0,0.0,0.1287,0.1287,0.1287,0.1287,0.063887,0.063887,0.00055581,0.063887,0.063887,6.1098e-06,0.00055581,6.1098e-06,0.0,0.0,0.0,0.0,2.154e-06,0.0,0.0,0.0,1e-07,0.0,0.0,0.0,0.0,1e-07,2.154e-06,0.0
24536646.0,4995000000.0,5000000.0,5.0,0.0,0.1287,0.1287,0.1287,0.1287,0.063887,0.063887,6.1098e-06,0.063887,0.063887,6.1098e-06,6.1098e-06,6.1098e-06,0.0,0.0,0.0,0.0,0.001,0.0,0.0,0.0,2.154e-10,0.0,0.0,0.0,0.0,2.154e-10,0.001,0.0
24537547.0,4995000000.0,5000000.0,5.0,0.0,0.1287,0.1287,0.1287,0.1287,0.063887,0.063887,0.0053473,0.063887,0.063887,0.0,0.0053473,0.0,0.0,0.0,0.0,0.0,2.154e-10,0.0,0.0,0.0,0.001,0.0,0.0,0.0,0.0,0.001,2.154e-10,0.0
24538195.0,4995000000.0,5000000.0,5.0,0.0,0.1287,0.1287,0.1287,0.1287,0.063887,0.063887,0.051109,0.063887,0.063887,0.051109,0.051109,0.051109,0.0,0.0,0.0,0.0,1e-07,0.0,0.0,0.0,1e-07,0.0,0.0,0.0,0.0,1e-07,1e-07,0.0
24537333.0,4995000000.0,5000000.0,5.0,0.0,0.1287,0.1287,0.1287,0.1287,0.063887,0.063887,0.00055581,0.063887,0.063887,6.1098e-06,0.00055581,6.1098e-06,0.0,0.0,0.0,0.0,0.001,0.0,0.0,0.0,4.642e-09,0.0,0.0,0.0,0.0,4.642e-09,0.001,0.0
24536158.0,4995000000.0,5000000.0,5.0,0.0,0.1287,0.1287,0.1287,0.1287,0.063887,0.063887,0.0,0.063887,0.063887,0.051109,0.0,0.051109,0.0,0.0,0.0,0.0,0.001,0.0,0.0,0.0,1e-07,0.0,0.0,0.0,0.0,1e-07,0.001,0.0
24536484.0,4995000000.0,5000000.0,5.0,0.0,0.1287,0.1287,0.1287,0.1287,0.063887,0.063887,6.3887e-07,0.063887,0.063887,0.051109,6.3887e-07,0.051109,0.0,0.0,0.0,0.0,2.154e-06,0.0,0.0,0.0,1e-11,0.0,0.0,0.0,0.0,1e-11,2.154e-06,0.0
24536861.0,4995000000.0,5000000.0,5.0,0.0,0.1287,0.1287,0.1287,0.1287,0.063887,0.063887,5.8431e-05,0.063887,0.063887,0.0,5.8431e-05,0.0,0.0,0.0,0.0,0.0,2.154e-10,0.0,0.0,0.0,0.001,0.0,0.0,0.0,0.0,0.001,2.154e-10,0.0
24537338.0,4995000000.0,5000000.0,5.0,0.0,0.1287,0.1287,0.1287,0.1287,0.063887,0.063887,0.00055581,0.063887,0.063887,5.8431e-05,0.00055581,5.8431e-05,0.0,0.0,0.0,0.0,1e-11,0.0,0.0,0.0,1e-11,0.0,0.0,0.0,0.0,1e-11,1e-11,0.0
24536987.0,4995000000.0,5000000.0,5.0,0.0,0.1287,0.1287,0.1287,0.1287,0.063887,0.063887,5.8431e-05,0.063887,0.063887,6.1098e-06,5.8431e-05,6.1098e-06,0.0,0.0,0.0,0.0,4.642e-05,0.0,0.0,0.0,0.001,0.0,0.0,0.0,0.0,0.001,4.642e-05,0.0
24536170.0,4995000000.0,5000000.0,5.0,0.0,0.1287,0.1287,0.1287,0.1287,0.063887,0.063887,6.3887e-07,0.063887,0.063887,0.0,6.3887e-07,0.0,0.0,0.0,0.0,0.0,2.154e-10,0.0,0.0,0.0,2.154e-10,0.0,0.0,0.0,0.0,2.154e-10,2.154e-10,0.0
24537627.0,4995000000.0,5000000.0,5.0,0.0,0.1287,0.1287,0.1287,0.1287,0.063887,0.063887,0.0053473,0.063887,0.063887,6.3887e-07,0.0053473,6.3887e-07,0.0,0.0,0.0,0.0,0.001,0.0,0.0,0.0,4.642e-09,0.0,0.0,0.0,0.0,4.642e-09,0.001,0.0
24536827.0,4995000000.0,5000000.0,5.0,0.0,0.1287,0.1287,0.1287,0.1287,0.063887,0.063887,6.1098e-06,0.063887,0.063887,0.051109,6.1098e-06,0.051109,0.0,0.0,0.0,0.0,2.154e-06,0.0,0.0,0.0,1e-11,0.0,0.0,0.0,0.0,1e-11,2.154e-06,0.0
24537235.0,4995000000.0,5000000.0,5.0,0.0,0.1287,0.1287,0.1287,0.1287,0.063887,0.063887,0.00055581,0.063887,0.063887,0.0,0.00055581,0.0,0.0,0.0,0.0,0.0,0.001,0.0,0.0,0.0,4.642e-09,0.0,0.0,0.0,0.0,4.642e-09,0.001,0.0
24537971.0,4995000000.0,5000000.0,5.0,0.0,0.1287,0.1287,0.1287,0.1287,0.063887,0.063887,0.051109,0.063887,0.063887,6.3887e-07,0.051109,6.3887e-07,0.0,0.0,0.0,0.0,0.001,0.0,0.0,0.0,1e-07,0.0,0.0,0.0,0.0,1e-07,0.001,0.0
24538061.0,4995000000.0,5000000.0,5.0,0.0,0.1287,0.1287,0.1287,0.1287,0.063887,0.063887,0.051109,0.063887,0.063887,5.8431e-05,0.051109,5.8431e-05,0.0,0.0,0.0,0.0,4.642e-05,0.0,0.0,0.0,4.642e-09,0.0,0.0,0.0,0.0,4.642e-09,4.642e-05,0.0
24536557.0,4995000000.0,5000000.0,5.0,0.0,0.1287,0.1287,0.1287,0.1287,0.063887,0.063887,6.1098e-06,0.063887,0.063887,6.3887e-07,6.1098e-06,6.3887e-07,0.0,0.0,0.0,0.0,1e-11,0.0,0.0,0.0,1e-07,0.0,0.0,0.0,0.0,1e-07,1e-11,0.0
24537118.0,4995000000.0,5000000.0,5.0,0.0,0.1287,0.1287,0.1287,0.1287,0.063887,0.063887,5.8431e-05,0.063887,0.063887,0.0053473,5.8431e-05,0.0053473,0.0,0.0,0.0,0.0,1e-07,0.0,0.0,0.0,2.154e-06,0.0,0.0,0.0,0.0,2.154e-06,1e-07,0.0
24536349.0,4995000000.0,5000000.0,5.0,0.0,0.1287,0.1287,0.1287,0.1287,0.063887,0.063887,6.3887e-07,0.063887,0.063887,5.8431e-05,6.3887e-07,5.8431e-05,0.0,0.0,0.0,0.0,4.642e-05,0.0,0.0,0.0,4.642e-05,0.0,0.0,0.0,0.0,4.642e-05,4.642e-05,0.0
24537833.0,4995000000.0,5000000.0,5.0,0.0,0.1287,0.1287,0.1287,0.1287,0.063887,0.063887,0.0053473,0.063887,0.063887,0.051109,0.0053473,0.051109,0.0,0.0,0.0,0.0,1e-11,0.0,0.0,0.0,4.642e-05,0.0,0.0,0.0,0.0,4.642e-05,1e-11,0.0
24536643.0,4995000000.0,5000000.0,5.0,0.0,0.1287,0.1287,0.1287,0.1287,0.063887,0.063887,6.1098e-06,0.063887,0.063887,6.1098e-06,6.1098e-06,6.1098e-06,0.0,0.0,0.0,0.0,4.642e-05,0.0,0.0,0.0,4.642e-05,0.0,0.0,0.0,0.0,4.642e-05,4.642e-05,0.0
24538147.0,4995000000.0,5000000.0,5.0,0.0,0.1287,0.1287,0.1287,0.1287,0.063887,0.063887,0.051109,0.063887,0.063887,0.0053473,0.051109,0.0053473,0.0,0.0,0.0,0.0,1e-07,0.0,0.0,0.0,2.154e-06,0.0,0.0,0.0,0.0,2.154e-06,1e-07,0.0
24538085.0,4995000000.0,5000000.0,5.0,0.0,0.1287,0.1287,0.1287,0.1287,0.063887,0.063887,0.051109,0.063887,0.063887,0.00055581,0.051109,0.00055581,0.0,0.0,0.0,0.0,2.154e-10,0.0,0.0,0.0,4.642e-05,0.0,0.0,0.0,0.0,4.642e-05,2.154e-10,0.0
24537458.0,4995000000.0,5000000.0,5.0,0.0,0.1287,0.1287,0.1287,0.1287,0.063887,0.063887,0.00055581,0.063887,0.063887,0.0053473,0.00055581,0.0053473,0.0,0.0,0.0,0.0,1e-07,0.0,0.0,0.0,2.154e-10,0.0,0.0,0.0,0.0,2.154e-10,1e-07,0.0
24537418.0,4995000000.0,5000000.0,5.0,0.0,0.1287,0.1287,0.1287,0.1287,0.063887,0.063887,0.00055581,0.063887,0.063887,0.00055581,0.00055581,0.00055581,0.0,0.0,0.0,0.0,2.154e-06,0.0,0.0,0.0,1e-07,0.0,0.0,0.0,0.0,1e-07,2.154e-06,0.0
24537828.0,4995000000.0,5000000.0,5.0,0.0,0.1287,0.1287,0.1287,0.1287,0.063887,0.063887,0.0053473,0.063887,0.063887,0.051109,0.0053473,0.051109,0.0,0.0,0.0,0.0,1e-11,0.0,0.0,0.0,1e-11,0.0,0.0,0.0,0.0,1e-11,1e-11,0.0
24535872.0,4995000000.0,5000000.0,5.0,0.0,0.1287,0.1287,0.1287,0.1287,0.063887,0.063887,0.0,0.063887,0.063887,6.3887e-07,0.0,6.3887e-07,0.0,0.0,0.0,0.0,1e-11,0.0,0.0,0.0,2.154e-06,0.0,0.0,0.0,0.0,2.154e-06,1e-11,0.0
24536080.0,4995000000.0,5000000.0,5.0,0.0,0.1287,0.1287,0.1287,0.1287,0.063887,0.063887,0.0,0.063887,0.063887,0.0053473,0.0,0.0053473,0.0,0.0,0.0,0.0,4.642e-09,0.0,0.0,0.0,4.642e-09,0.0,0.0,0.0,0.0,4.642e-09,4.642e-09,0.0
24538213.0,4995000000.0,5000000.0,5.0,0.0,0.1287,0.1287,0.1287,0.1287,0.063887,0.063887,0.051109,0.063887,0.063887,0.051109,0.051109,0.051109,0.0,0.0,0.0,0.0,0.001,0.0,0.0,0.0,1e-11,0.0,0.0,0.0,0.0,1e-11,0.001,0.0
24537869.0,4995000000.0,5000000.0,5.0,0.0,0.1287,0.1287,0.1287,0.1287,0.063887,0.063887,0.0053473,0.063887,0.063887,0.051109,0.0053473,0.051109,0.0,0.0,0.0,0.0,4.642e-05,0.0,0.0,0.0,0.001,0.0,0.0,0.0,0.0,0.001,4.642e-05,0.0
24537787.0,4995000000.0,5000000.0,5.0,0.0,0.1287,0.1287,0.1287,0.1287,0.063887,0.063887,0.0053473,0.063887,0.063887,0.0053473,0.0053473,0.0053473,0.0,0.0,0.0,0.0,2.154e-10,0.0,0.0,0.0,2.154e-10,0.0,0.0,0.0,0.0,2.154e-10,2.154e-10,0.0
24535862.0,4995000000.0,5000000.0,5.0,0.0,0.1287,0.1287,0.1287,0.1287,0.063887,0.063887,0.0,0.063887,0.063887,0.0,0.0,0.0,0.0,0.0,0.0,0.0,0.001,0.0,0.0,0.0,2.154e-10,0.0,0.0,0.0,0.0,2.154e-10,0.001,0.0
24536428.0,4995000000.0,5000000.0,5.0,0.0,0.1287,0.1287,0.1287,0.1287,0.063887,0.063887,6.3887e-07,0.063887,0.063887,0.0053473,6.3887e-07,0.0053473,0.0,0.0,0.0,0.0,1e-07,0.0,0.0,0.0,1e-11,0.0,0.0,0.0,0.0,1e-11,1e-07,0.0
24537497.0,4995000000.0,5000000.0,5.0,0.0,0.1287,0.1287,0.1287,0.1287,0.063887,0.063887,0.00055581,0.063887,0.063887,0.051109,0.00055581,0.051109,0.0,0.0,0.0,0.0,2.154e-10,0.0,0.0,0.0,4.642e-05,0.0,0.0,0.0,0.0,4.642e-05,2.154e-10,0.0
24536759.0,4995000000.0,5000000.0,5.0,0.0,0.1287,0.1287,0.1287,0.1287,0.063887,0.063887,6.1098e-06,0.063887,0.063887,0.0053473,6.1098e-06,0.0053473,0.0,0.0,0.0,0.0,2.154e-10,0.0,0.0,0.0,4.642e-09,0.0,0.0,0.0,0.0,4.642e-09,2.154e-10,0.0
24538186.0,4995000000.0,5000000.0,5.0,0.0,0.1287,0.1287,0.1287,0.1287,0.063887,0.063887,0.051109,0.063887,0.063887,0.051109,0.051109,0.051109,0.0,0.0,0.0,0.0,4.642e-09,0.0,0.0,0.0,2.154e-10,0.0,0.0,0.0,0.0,2.154e-10,4.642e-09,0.0
24537312.0,4995000000.0,5000000.0,5.0,0.0,0.1287,0.1287,0.1287,0.1287,0.063887,0.063887,0.00055581,0.063887,0.063887,6.1098e-06,0.00055581,6.1098e-06,0.0,0.0,0.0,0.0,1e-07,0.0,0.0,0.0,4.642e-09,0.0,0.0,0.0,0.0,4.642e-09,1e-07,0.0
24537542.0,4995000000.0,5000000.0,5.0,0.0,0.1287,0.1287,0.1287,0.1287,0.063887,0.063887,0.0053473,0.063887,0.063887,0.0,0.0053473,0.0,0.0,0.0,0.0,0.0,2.154e-10,0.0,0.0,0.0,2.154e-10,0.0,0.0,0.0,0.0,2.154e-10,2.154e-10,0.0
24536242.0,4995000000.0,5000000.0,5.0,0.0,0.1287,0.1287,0.1287,0.1287,0.063887,0.063887,6.3887e-07,0.063887,0.063887,6.3887e-07,6.3887e-07,6.3887e-07,0.0,0.0,0.0,0.0,2.154e-06,0.0,0.0,0.0,1e-07,0.0,0.0,0.0,0.0,1e-07,2.154e-06,0.0
24536023.0,4995000000.0,5000000.0,5.0,0.0,0.1287,0.1287,0.1287,0.1287,0.063887,0.063887,0.0,0.063887,0.063887,0.00055581,0.0,0.00055581,0.0,0.0,0.0,0.0,2.154e-10,0.0,0.0,0.0,2.154e-10,0.0,0.0,0.0,0.0,2.154e-10,2.154e-10,0.0
24536041.0,4995000000.0,5000000.0,5.0,0.0,0.1287,0.1287,0.1287,0.1287,0.063887,0.063887,0.0,0.063887,0.063887,0.00055581,0.0,0.00055581,0.0,0.0,0.0,0.0,1e-07,0.0,0.0,0.0,4.642e-05,0.0,0.0,0.0,0.0,4.642e-05,1e-07,0.0
24537426.0,4995000000.0,5000000.0,5.0,0.0,0.1287,0.1287,0.1287,0.1287,0.063887,0.063887,0.00055581,0.063887,0.063887,0.00055581,0.00055581,0.00055581,0.0,0.0,0.0,0.0,4.642e-05,0.0,0.0,0.0,2.154e-06,0.0,0.0,0.0,0.0,2.154e-06,4.642e-05,0.0
24536915.0,4995000000.0,5000000.0,5.0,0.0,0.1287,0.1287,0.1287,0.1287,0.063887,0.063887,5.8431e-05,0.063887,0.063887,6.3887e-07,5.8431e-05,6.3887e-07,0.0,0.0,0.0,0.0,4.642e-09,0.0,0.0,0.0,2.154e-06,0.0,0.0,0.0,0.0,2.154e-06,4.642e-09,0.0
24536836.0,4995000000.0,5000000.0,5.0,0.0,0.1287,0.1287,0.1287,0.1287,0.063887,0.063887,6.1098e-06,0.063887,0.063887,0.051109,6.1098e-06,0.051109,0.0,0.0,0.0,0.0,4.642e-05,0.0,0.0,0.0,4.642e-09,0.0,0.0,0.0,0.0,4.642e-09,4.642e-05,0.0
24537269.0,4995000000.0,5000000.0,5.0,0.0,0.1287,0.1287,0.1287,0.1287,0.063887,0.063887,0.00055581,0.063887,0.063887,6.3887e-07,0.00055581,6.3887e-07,0.0,0.0,0.0,0.0,2.154e-06,0.0,0.0,0.0,2.154e-10,0.0,0.0,0.0,0.0,2.154e-10,2.154e-06,0.0
24537811.0,4995000000.0,5000000.0,5.0,0.0,0.1287,0.1287,0.1287,0.1287,0.063887,0.063887,0.0053473,0.063887,0.063887,0.0053473,0.0053473,0.0053473,0.0,0.0,0.0,0.0,2.154e-06,0.0,0.0,0.0,2.154e-06,0.0,0.0,0.0,0.0,2.154e-06,2.154e-06,0.0
24537702.0,4995000000.0,5000000.0,5.0,0.0,0.1287,0.1287,0.1287,0.1287,0.063887,0.063887,0.0053473,0.063887,0.063887,5.8431e-05,0.0053473,5.8431e-05,0.0,0.0,0.0,0.0,1e-07,0.0,0.0,0.0,1e-11,0.0,0.0,0.0,0.0,1e-11,1e-07,0.0
24537610.0,4995000000.0,5000000.0,5.0,0.0,0.1287,0.1287,0.1287,0.1287,0.063887,0.063887,0.0053473,0.063887,0.063887,6.3887e-07,0.0053473,6.3887e-07,0.0,0.0,0.0,0.0,1e-07,0.0,0.0,0.0,0.001,0.0,0.0,0.0,0.0,0.001,1e-07,0.0
24536668.0,4995000000.0,5000000.0,5.0,0.0,0.1287,0.1287,0.1287,0.1287,0.063887,0.063887,6.1098e-06,0.063887,0.063887,5.8431e-05,6.1098e-06,5.8431e-05,0.0,0.0,0.0,0.0,4.642e-09,0.0,0.0,0.0,4.642e-09,0.0,0.0,0.0,0.0,4.642e-09,4.642e-09,0.0
24537958.0,4995000000.0,5000000.0,5.0,0.0,0.1287,0.1287,0.1287,0.1287,0.063887,0.063887,0.051109,0.063887,0.063887,6.3887e-07,0.051109,6.3887e-07,0.0,0.0,0.0,0.0,2.154e-06,0.0,0.0,0.0,2.154e-06,0.0,0.0,0.0,0.0,2.154e-06,2.154e-06,0.0
24536108.0,4995000000.0,5000000.0,5.0,0.0,0.1287,0.1287,0.1287,0.1287,0.063887,0.063887,0.0,0.063887,0.063887,0.0053473,0.0,0.0053473,0.0,0.0,0.0,0.0,0.001,0.0,0.0,0.0,4.642e-09,0.0,0.0,0.0,0.0,4.642e-09,0.001,0.0
24538152.0,4995000000.0,5000000.0,5.0,0.0,0.1287,0.1287,0.1287,0.1287,0.063887,0.063887,0.051109,0.063887,0.063887,0.0053473,0.051109,0.0053473,0.0,0.0,0.0,0.0,2.154e-06,0.0,0.0,0.0,4.642e-09,0.0,0.0,0.0,0.0,4.642e-09,2.154e-06,0.0
24537940.0,4995000000.0,5000000.0,5.0,0.0,0.1287,0.1287,0.1287,0.1287,0.063887,0.063887,0.051109,0.063887,0.063887,6.3887e-07,0.051109,6.3887e-07,0.0,0.0,0.0,0.0,4.642e-09,0.0,0.0,0.0,1e-11,0.0,0.0,0.0,0.0,1e-11,4.642e-09,0.0
24537729.0,4995000000.0,5000000.0,5.0,0.0,0.1287,0.1287,0.1287,0.1287,0.063887,0.063887,0.0053473,0.063887,0.063887,5.8431e-05,0.0053473,5.8431e-05,0.0,0.0,0.0,0.0,0.001,0.0,0.0,0.0,0.001,0.0,0.0,0.0,0.0,0.001,0.001,0.0
24536866.0,4995000000.0,5000000.0,5.0,0.0,0.1287,0.1287,0.1287,0.1287,0.063887,0.063887,5.8431e-05,0.063887,0.063887,0.0,5.8431e-05,0.0,0.0,0.0,0.0,0.0,4.642e-09,0.0,0.0,0.0,2.154e-06,0.0,0.0,0.0,0.0,2.154e-06,4.642e-09,0.0
24537763.0,4995000000.0,5000000.0,5.0,0.0,0.1287,0.1287,0.1287,0.1287,0.063887,0.063887,0.0053473,0.063887,0.063887,0.00055581,0.0053473,0.00055581,0.0,0.0,0.0,0.0,2.154e-06,0.0,0.0,0.0,4.642e-05,0.0,0.0,0.0,0.0,4.642e-05,2.154e-06,0.0
24537625.0,4995000000.0,5000000.0,5.0,0.0,0.1287,0.1287,0.1287,0.1287,0.063887,0.063887,0.0053473,0.063887,0.063887,6.3887e-07,0.0053473,6.3887e-07,0.0,0.0,0.0,0.0,0.001,0.0,0.0,0.0,1e-11,0.0,0.0,0.0,0.0,1e-11,0.001,0.0
24537448.0,4995000000.0,5000000.0,5.0,0.0,0.1287,0.1287,0.1287,0.1287,0.063887,0.063887,0.00055581,0.063887,0.063887,0.0053473,0.00055581,0.0053473,0.0,0.0,0.0,0.0,2.154e-10,0.0,0.0,0.0,4.642e-05,0.0,0.0,0.0,0.0,4.642e-05,2.154e-10,0.0
24537830.0,4995000000.0,5000000.0,5.0,0.0,0.1287,0.1287,0.1287,0.1287,0.063887,0.063887,0.0053473,0.063887,0.063887,0.051109,0.0053473,0.051109,0.0,0.0,0.0,0.0,1e-11,0.0,0.0,0.0,4.642e-09,0.0,0.0,0.0,0.0,4.642e-09,1e-11,0.0
24536105.0,4995000000.0,5000000.0,5.0,0.0,0.1287,0.1287,0.1287,0.1287,0.063887,0.063887,0.0,0.063887,0.063887,0.0053473,0.0,0.0053473,0.0,0.0,0.0,0.0,4.642e-05,0.0,0.0,0.0,0.001,0.0,0.0,0.0,0.0,0.001,4.642e-05,0.0
24538081.0,4995000000.0,5000000.0,5.0,0.0,0.1287,0.1287,0.1287,0.1287,0.063887,0.063887,0.051109,0.063887,0.063887,0.00055581,0.051109,0.00055581,0.0,0.0,0.0,0.0,2.154e-10,0.0,0.0,0.0,2.154e-10,0.0,0.0,0.0,0.0,2.154e-10,2.154e-10,0.0
24538021.0,4995000000.0,5000000.0,5.0,0.0,0.1287,0.1287,0.1287,0.1287,0.063887,0.063887,0.051109,0.063887,0.063887,6.1098e-06,0.051109,6.1098e-06,0.0,0.0,0.0,0.0,0.001,0.0,0.0,0.0,2.154e-06,0.0,0.0,0.0,0.0,2.154e-06,0.001,0.0
24536166.0,4995000000.0,5000000.0,5.0,0.0,0.1287,0.1287,0.1287,0.1287,0.063887,0.063887,6.3887e-07,0.063887,0.063887,0.0,6.3887e-07,0.0,0.0,0.0,0.0,0.0,1e-11,0.0,0.0,0.0,2.154e-06,0.0,0.0,0.0,0.0,2.154e-06,1e-11,0.0
24537107.0,4995000000.0,5000000.0,5.0,0.0,0.1287,0.1287,0.1287,0.1287,0.063887,0.063887,5.8431e-05,0.063887,0.063887,0.0053473,5.8431e-05,0.0053473,0.0,0.0,0.0,0.0,4.642e-09,0.0,0.0,0.0,1e-11,0.0,0.0,0.0,0.0,1e-11,4.642e-09,0.0
24537651.0,4995000000.0,5000000.0,5.0,0.0,0.1287,0.1287,0.1287,0.1287,0.063887,0.063887,0.0053473,0.063887,0.063887,6.1098e-06,0.0053473,6.1098e-06,0.0,0.0,0.0,0.0,4.642e-09,0.0,0.0,0.0,4.642e-05,0.0,0.0,0.0,0.0,4.642e-05,4.642e-09,0.0
24536058.0,4995000000.0,5000000.0,5.0,0.0,0.1287,0.1287,0.1287,0.1287,0.063887,0.063887,0.0,0.063887,0.063887,0.00055581,0.0,0.00055581,0.0,0.0,0.0,0.0,0.001,0.0,0.0,0.0,2.154e-10,0.0,0.0,0.0,0.0,2.154e-10,0.001,0.0
24537794.0,4995000000.0,5000000.0,5.0,0.0,0.1287,0.1287,0.1287,0.1287,0.063887,0.063887,0.0053473,0.063887,0.063887,0.0053473,0.0053473,0.0053473,0.0,0.0,0.0,0.0,4.642e-09,0.0,0.0,0.0,2.154e-10,0.0,0.0,0.0,0.0,2.154e-10,4.642e-09,0.0
24537522.0,4995000000.0,5000000.0,5.0,0.0,0.1287,0.1287,0.1287,0.1287,0.063887,0.063887,0.00055581,0.063887,0.063887,0.051109,0.00055581,0.051109,0.0,0.0,0.0,0.0,4.642e-05,0.0,0.0,0.0,4.642e-09,0.0,0.0,0.0,0.0,4.642e-09,4.642e-05,0.0
24536019.0,4995000000.0,5000000.0,5.0,0.0,0.1287,0.1287,0.1287,0.1287,0.063887,0.063887,0.0,0.063887,0.063887,0.00055581,0.0,0.00055581,0.0,0.0,0.0,0.0,1e-11,0.0,0.0,0.0,2.154e-06,0.0,0.0,0.0,0.0,2.154e-06,1e-11,0.0
24537977.0,4995000000.0,5000000.0,5.0,0.0,0.1287,0.1287,0.1287,0.1287,0.063887,0.063887,0.051109,0.063887,0.063887,6.1098e-06,0.051109,6.1098e-06,0.0,0.0,0.0,0.0,1e-11,0.0,0.0,0.0,4.642e-09,0.0,0.0,0.0,0.0,4.642e-09,1e-11,0.0
24537571.0,4995000000.0,5000000.0,5.0,0.0,0.1287,0.1287,0.1287,0.1287,0.063887,0.063887,0.0053473,0.063887,0.063887,0.0,0.0053473,0.0,0.0,0.0,0.0,0.0,4.642e-05,0.0,0.0,0.0,4.642e-09,0.0,0.0,0.0,0.0,4.642e-09,4.642e-05,0.0
24537965.0,4995000000.0,5000000.0,5.0,0.0,0.1287,0.1287,0.1287,0.1287,0.063887,0.063887,0.051109,0.063887,0.063887,6.3887e-07,0.051109,6.3887e-07,0.0,0.0,0.0,0.0,4.642e-05,0.0,0.0,0.0,2.154e-06,0.0,0.0,0.0,0.0,2.154e-06,4.642e-05,0.0
24537546.0,4995000000.0,5000000.0,5.0,0.0,0.1287,0.1287,0.1287,0.1287,0.063887,0.063887,0.0053473,0.063887,0.063887,0.0,0.0053473,0.0,0.0,0.0,0.0,0.0,2.154e-10,0.0,0.0,0.0,4.642e-05,0.0,0.0,0.0,0.0,4.642e-05,2.154e-10,0.0
24538202.0,4995000000.0,5000000.0,5.0,0.0,0.1287,0.1287,0.1287,0.1287,0.063887,0.063887,0.051109,0.063887,0.063887,0.051109,0.051109,0.051109,0.0,0.0,0.0,0.0,2.154e-06,0.0,0.0,0.0,1e-07,0.0,0.0,0.0,0.0,1e-07,2.154e-06,0.0
24536570.0,4995000000.0,5000000.0,5.0,0.0,0.1287,0.1287,0.1287,0.1287,0.063887,0.063887,6.1098e-06,0.063887,0.063887,6.3887e-07,6.1098e-06,6.3887e-07,0.0,0.0,0.0,0.0,4.642e-09,0.0,0.0,0.0,4.642e-09,0.0,0.0,0.0,0.0,4.642e-09,4.642e-09,0.0
24536566.0,4995000000.0,5000000.0,5.0,0.0,0.1287,0.1287,0.1287,0.1287,0.063887,0.063887,6.1098e-06,0.063887,0.063887,6.3887e-07,6.1098e-06,6.3887e-07,0.0,0.0,0.0,0.0,2.154e-10,0.0,0.0,0.0,4.642e-05,0.0,0.0,0.0,0.0,4.642e-05,2.154e-10,0.0
24537838.0,4995000000.0,5000000.0,5.0,0.0,0.1287,0.1287,0.1287,0.1287,0.063887,0.063887,0.0053473,0.063887,0.063887,0.051109,0.0053473,0.051109,0.0,0.0,0.0,0.0,2.154e-10,0.0,0.0,0.0,1e-07,0.0,0.0,0.0,0.0,1e-07,2.154e-10,0.0
24537579.0,4995000000.0,5000000.0,5.0,0.0,0.1287,0.1287,0.1287,0.1287,0.063887,0.063887,0.0053473,0.063887,0.063887,0.0,0.0053473,0.0,0.0,0.0,0.0,0.0,0.001,0.0,0.0,0.0,1e-07,0.0,0.0,0.0,0.0,1e-07,0.001,0.0
24536959.0,4995000000.0,5000000.0,5.0,0.0,0.1287,0.1287,0.1287,0.1287,0.063887,0.063887,5.8431e-05,0.063887,0.063887,6.1098e-06,5.8431e-05,6.1098e-06,0.0,0.0,0.0,0.0,2.154e-10,0.0,0.0,0.0,0.001,0.0,0.0,0.0,0.0,0.001,2.154e-10,0.0
24536397.0,4995000000.0,5000000.0,5.0,0.0,0.1287,0.1287,0.1287,0.1287,0.063887,0.063887,6.3887e-07,0.063887,0.063887,0.00055581,6.3887e-07,0.00055581,0.0,0.0,0.0,0.0,4.642e-05,0.0,0.0,0.0,2.154e-06,0.0,0.0,0.0,0.0,2.154e-06,4.642e-05,0.0
24536271.0,4995000000.0,5000000.0,5.0,0.0,0.1287,0.1287,0.1287,0.1287,0.063887,0.063887,6.3887e-07,0.063887,0.063887,6.1098e-06,6.3887e-07,6.1098e-06,0.0,0.0,0.0,0.0,2.154e-10,0.0,0.0,0.0,2.154e-06,0.0,0.0,0.0,0.0,2.154e-06,2.154e-10,0.0
24537249.0,4995000000.0,5000000.0,5.0,0.0,0.1287,0.1287,0.1287,0.1287,0.063887,0.063887,0.00055581,0.063887,0.063887,6.3887e-07,0.00055581,6.3887e-07,0.0,0.0,0.0,0.0,2.154e-10,0.0,0.0,0.0,4.642e-09,0.0,0.0,0.0,0.0,4.642e-09,2.154e-10,0.0
24537009.0,4995000000.0,5000000.0,5.0,0.0,0.1287,0.1287,0.1287,0.1287,0.063887,0.063887,5.8431e-05,0.063887,0.063887,5.8431e-05,5.8431e-05,5.8431e-05,0.0,0.0,0.0,0.0,4.642e-09,0.0,0.0,0.0,1e-11,0.0,0.0,0.0,0.0,1e-11,4.642e-09,0.0
24537006.0,4995000000.0,5000000.0,5.0,0.0,0.1287,0.1287,0.1287,0.1287,0.063887,0.063887,5.8431e-05,0.063887,0.063887,5.8431e-05,5.8431e-05,5.8431e-05,0.0,0.0,0.0,0.0,2.154e-10,0.0,0.0,0.0,2.154e-06,0.0,0.0,0.0,0.0,2.154e-06,2.154e-10,0.0
24536198.0,4995000000.0,5000000.0,5.0,0.0,0.1287,0.1287,0.1287,0.1287,0.063887,0.063887,6.3887e-07,0.063887,0.063887,0.0,6.3887e-07,0.0,0.0,0.0,0.0,0.0,4.642e-05,0.0,0.0,0.0,2.154e-10,0.0,0.0,0.0,0.0,2.154e-10,4.642e-05,0.0
24537398.0,4995000000.0,5000000.0,5.0,0.0,0.1287,0.1287,0.1287,0.1287,0.063887,0.063887,0.00055581,0.063887,0.063887,0.00055581,0.00055581,0.00055581,0.0,0.0,0.0,0.0,2.154e-10,0.0,0.0,0.0,2.154e-06,0.0,0.0,0.0,0.0,2.154e-06,2.154e-10,0.0
24538020.0,4995000000.0,5000000.0,5.0,0.0,0.1287,0.1287,0.1287,0.1287,0.063887,0.063887,0.051109,0.063887,0.063887,6.1098e-06,0.051109,6.1098e-06,0.0,0.0,0.0,0.0,0.001,0.0,0.0,0.0,1e-07,0.0,0.0,0.0,0.0,1e-07,0.001,0.0
24537291.0,4995000000.0,5000000.0,5.0,0.0,0.1287,0.1287,0.1287,0.1287,0.063887,0.063887,0.00055581,0.063887,0.063887,6.1098e-06,0.00055581,6.1098e-06,0.0,0.0,0.0,0.0,1e-11,0.0,0.0,0.0,4.642e-09,0.0,0.0,0.0,0.0,4.642e-09,1e-11,0.0
24537714.0,4995000000.0,5000000.0,5.0,0.0,0.1287,0.1287,0.1287,0.1287,0.063887,0.063887,0.0053473,0.063887,0.063887,5.8431e-05,0.0053473,5.8431e-05,0.0,0.0,0.0,0.0,2.154e-06,0.0,0.0,0.0,4.642e-05,0.0,0.0,0.0,0.0,4.642e-05,2.154e-06,0.0
24536939.0,4995000000.0,5000000.0,5.0,0.0,0.1287,0.1287,0.1287,0.1287,0.063887,0.063887,5.8431e-05,0.063887,0.063887,6.3887e-07,5.8431e-05,6.3887e-07,0.0,0.0,0.0,0.0,0.001,0.0,0.0,0.0,1e-11,0.0,0.0,0.0,0.0,1e-11,0.001,0.0
24536383.0,4995000000.0,5000000.0,5.0,0.0,0.1287,0.1287,0.1287,0.1287,0.063887,0.063887,6.3887e-07,0.063887,0.063887,0.00055581,6.3887e-07,0.00055581,0.0,0.0,0.0,0.0,1e-07,0.0,0.0,0.0,2.154e-06,0.0,0.0,0.0,0.0,2.154e-06,1e-07,0.0
24536951.0,4995000000.0,5000000.0,5.0,0.0,0.1287,0.1287,0.1287,0.1287,0.063887,0.063887,5.8431e-05,0.063887,0.063887,6.1098e-06,5.8431e-05,6.1098e-06,0.0,0.0,0.0,0.0,1e-11,0.0,0.0,0.0,4.642e-05,0.0,0.0,0.0,0.0,4.642e-05,1e-11,0.0
24537097.0,4995000000.0,5000000.0,5.0,0.0,0.1287,0.1287,0.1287,0.1287,0.063887,0.063887,5.8431e-05,0.063887,0.063887,0.0053473,5.8431e-05,0.0053473,0.0,0.0,0.0,0.0,1e-11,0.0,0.0,0.0,2.154e-06,0.0,0.0,0.0,0.0,2.154e-06,1e-11,0.0
24537357.0,4995000000.0,5000000.0,5.0,0.0,0.1287,0.1287,0.1287,0.1287,0.063887,0.063887,0.00055581,0.063887,0.063887,5.8431e-05,0.00055581,5.8431e-05,0.0,0.0,0.0,0.0,4.642e-09,0.0,0.0,0.0,4.642e-05,0.0,0.0,0.0,0.0,4.642e-05,4.642e-09,0.0
24536509.0,4995000000.0,5000000.0,5.0,0.0,0.1287,0.1287,0.1287,0.1287,0.063887,0.063887,6.1098e-06,0.063887,0.063887,0.0,6.1098e-06,0.0,0.0,0.0,0.0,0.0,1e-11,0.0,0.0,0.0,2.154e-06,0.0,0.0,0.0,0.0,2.154e-06,1e-11,0.0
24537168.0,4995000000.0,5000000.0,5.0,0.0,0.1287,0.1287,0.1287,0.1287,0.063887,0.063887,5.8431e-05,0.063887,0.063887,0.051109,5.8431e-05,0.051109,0.0,0.0,0.0,0.0,1e-07,0.0,0.0,0.0,4.642e-05,0.0,0.0,0.0,0.0,4.642e-05,1e-07,0.0
24536869.0,4995000000.0,5000000.0,5.0,0.0,0.1287,0.1287,0.1287,0.1287,0.063887,0.063887,5.8431e-05,0.063887,0.063887,0.0,5.8431e-05,0.0,0.0,0.0,0.0,0.0,1e-07,0.0,0.0,0.0,1e-11,0.0,0.0,0.0,0.0,1e-11,1e-07,0.0
24536426.0,4995000000.0,5000000.0,5.0,0.0,0.1287,0.1287,0.1287,0.1287,0.063887,0.063887,6.3887e-07,0.063887,0.063887,0.0053473,6.3887e-07,0.0053473,0.0,0.0,0.0,0.0,4.642e-09,0.0,0.0,0.0,4.642e-05,0.0,0.0,0.0,0.0,4.642e-05,4.642e-09,0.0
24536864.0,4995000000.0,5000000.0,5.0,0.0,0.1287,0.1287,0.1287,0.1287,0.063887,0.063887,5.8431e-05,0.063887,0.063887,0.0,5.8431e-05,0.0,0.0,0.0,0.0,0.0,4.642e-09,0.0,0.0,0.0,4.642e-09,0.0,0.0,0.0,0.0,4.642e-09,4.642e-09,0.0
24538055.0,4995000000.0,5000000.0,5.0,0.0,0.1287,0.1287,0.1287,0.1287,0.063887,0.063887,0.051109,0.063887,0.063887,5.8431e-05,0.051109,5.8431e-05,0.0,0.0,0.0,0.0,2.154e-06,0.0,0.0,0.0,1e-07,0.0,0.0,0.0,0.0,1e-07,2.154e-06,0.0
24537716.0,4995000000.0,5000000.0,5.0,0.0,0.1287,0.1287,0.1287,0.1287,0.063887,0.063887,0.0053473,0.063887,0.063887,5.8431e-05,0.0053473,5.8431e-05,0.0,0.0,0.0,0.0,4.642e-05,0.0,0.0,0.0,1e-11,0.0,0.0,0.0,0.0,1e-11,4.642e-05,0.0
24536665.0,4995000000.0,5000000.0,5.0,0.0,0.1287,0.1287,0.1287,0.1287,0.063887,0.063887,6.1098e-06,0.063887,0.063887,5.8431e-05,6.1098e-06,5.8431e-05,0.0,0.0,0.0,0.0,2.154e-10,0.0,0.0,0.0,0.001,0.0,0.0,0.0,0.0,0.001,2.154e-10,0.0
24535953.0,4995000000.0,5000000.0,5.0,0.0,0.1287,0.1287,0.1287,0.1287,0.063887,0.063887,0.0,0.063887,0.063887,6.1098e-06,0.0,6.1098e-06,0.0,0.0,0.0,0.0,4.642e-05,0.0,0.0,0.0,2.154e-10,0.0,0.0,0.0,0.0,2.154e-10,4.642e-05,0.0
24537239.0,4995000000.0,5000000.0,5.0,0.0,0.1287,0.1287,0.1287,0.1287,0.063887,0.063887,0.00055581,0.063887,0.063887,0.0,0.00055581,0.0,0.0,0.0,0.0,0.0,0.001,0.0,0.0,0.0,0.001,0.0,0.0,0.0,0.0,0.001,0.001,0.0
24537140.0,4995000000.0,5000000.0,5.0,0.0,0.1287,0.1287,0.1287,0.1287,0.063887,0.063887,5.8431e-05,0.063887,0.063887,0.0053473,5.8431e-05,0.0053473,0.0,0.0,0.0,0.0,0.001,0.0,0.0,0.0,4.642e-05,0.0,0.0,0.0,0.0,4.642e-05,0.001,0.0
24538169.0,4995000000.0,5000000.0,5.0,0.0,0.1287,0.1287,0.1287,0.1287,0.063887,0.063887,0.051109,0.063887,0.063887,0.0053473,0.051109,0.0053473,0.0,0.0,0.0,0.0,0.001,0.0,0.0,0.0,4.642e-05,0.0,0.0,0.0,0.0,4.642e-05,0.001,0.0
24535975.0,4995000000.0,5000000.0,5.0,0.0,0.1287,0.1287,0.1287,0.1287,0.063887,0.063887,0.0,0.063887,0.063887,5.8431e-05,0.0,5.8431e-05,0.0,0.0,0.0,0.0,2.154e-10,0.0,0.0,0.0,4.642e-09,0.0,0.0,0.0,0.0,4.642e-09,2.154e-10,0.0
24537755.0,4995000000.0,5000000.0,5.0,0.0,0.1287,0.1287,0.1287,0.1287,0.063887,0.063887,0.0053473,0.063887,0.063887,0.00055581,0.0053473,0.00055581,0.0,0.0,0.0,0.0,1e-07,0.0,0.0,0.0,2.154e-06,0.0,0.0,0.0,0.0,2.154e-06,1e-07,0.0
24536944.0,4995000000.0,5000000.0,5.0,0.0,0.1287,0.1287,0.1287,0.1287,0.063887,0.063887,5.8431e-05,0.063887,0.063887,6.3887e-07,5.8431e-05,6.3887e-07,0.0,0.0,0.0,0.0,0.001,0.0,0.0,0.0,4.642e-05,0.0,0.0,0.0,0.0,4.642e-05,0.001,0.0
24537536.0,4995000000.0,5000000.0,5.0,0.0,0.1287,0.1287,0.1287,0.1287,0.063887,0.063887,0.0053473,0.063887,0.063887,0.0,0.0053473,0.0,0.0,0.0,0.0,0.0,1e-11,0.0,0.0,0.0,4.642e-09,0.0,0.0,0.0,0.0,4.642e-09,1e-11,0.0
24537905.0,4995000000.0,5000000.0,5.0,0.0,0.1287,0.1287,0.1287,0.1287,0.063887,0.063887,0.051109,0.063887,0.063887,0.0,0.051109,0.0,0.0,0.0,0.0,0.0,2.154e-06,0.0,0.0,0.0,1e-11,0.0,0.0,0.0,0.0,1e-11,2.154e-06,0.0
24536018.0,4995000000.0,5000000.0,5.0,0.0,0.1287,0.1287,0.1287,0.1287,0.063887,0.063887,0.0,0.063887,0.063887,0.00055581,0.0,0.00055581,0.0,0.0,0.0,0.0,1e-11,0.0,0.0,0.0,1e-07,0.0,0.0,0.0,0.0,1e-07,1e-11,0.0
24535924.0,4995000000.0,5000000.0,5.0,0.0,0.1287,0.1287,0.1287,0.1287,0.063887,0.063887,0.0,0.063887,0.063887,6.1098e-06,0.0,6.1098e-06,0.0,0.0,0.0,0.0,2.154e-10,0.0,0.0,0.0,1e-11,0.0,0.0,0.0,0.0,1e-11,2.154e-10,0.0
24536956.0,4995000000.0,5000000.0,5.0,0.0,0.1287,0.1287,0.1287,0.1287,0.063887,0.063887,5.8431e-05,0.063887,0.063887,6.1098e-06,5.8431e-05,6.1098e-06,0.0,0.0,0.0,0.0,2.154e-10,0.0,0.0,0.0,1e-07,0.0,0.0,0.0,0.0,1e-07,2.154e-10,0.0
24536972.0,4995000000.0,5000000.0,5.0,0.0,0.1287,0.1287,0.1287,0.1287,0.063887,0.063887,5.8431e-05,0.063887,0.063887,6.1098e-06,5.8431e-05,6.1098e-06,0.0,0.0,0.0,0.0,1e-07,0.0,0.0,0.0,4.642e-05,0.0,0.0,0.0,0.0,4.642e-05,1e-07,0.0
24537931.0,4995000000.0,5000000.0,5.0,0.0,0.1287,0.1287,0.1287,0.1287,0.063887,0.063887,0.051109,0.063887,0.063887,6.3887e-07,0.051109,6.3887e-07,0.0,0.0,0.0,0.0,1e-11,0.0,0.0,0.0,4.642e-05,0.0,0.0,0.0,0.0,4.642e-05,1e-11,0.0
24537780.0,4995000000.0,5000000.0,5.0,0.0,0.1287,0.1287,0.1287,0.1287,0.063887,0.063887,0.0053473,0.063887,0.063887,0.0053473,0.0053473,0.0053473,0.0,0.0,0.0,0.0,1e-11,0.0,0.0,0.0,2.154e-10,0.0,0.0,0.0,0.0,2.154e-10,1e-11,0.0
24537672.0,4995000000.0,5000000.0,5.0,0.0,0.1287,0.1287,0.1287,0.1287,0.063887,0.063887,0.0053473,0.063887,0.063887,6.1098e-06,0.0053473,6.1098e-06,0.0,0.0,0.0,0.0,4.642e-05,0.0,0.0,0.0,4.642e-05,0.0,0.0,0.0,0.0,4.642e-05,4.642e-05,0.0
24536194.0,4995000000.0,5000000.0,5.0,0.0,0.1287,0.1287,0.1287,0.1287,0.063887,0.063887,6.3887e-07,0.063887,0.063887,0.0,6.3887e-07,0.0,0.0,0.0,0.0,0.0,2.154e-06,0.0,0.0,0.0,2.154e-06,0.0,0.0,0.0,0.0,2.154e-06,2.154e-06,0.0
24536803.0,4995000000.0,5000000.0,5.0,0.0,0.1287,0.1287,0.1287,0.1287,0.063887,0.063887,6.1098e-06,0.063887,0.063887,0.051109,6.1098e-06,0.051109,0.0,0.0,0.0,0.0,1e-11,0.0,0.0,0.0,2.154e-06,0.0,0.0,0.0,0.0,2.154e-06,1e-11,0.0
24537831.0,4995000000.0,5000000.0,5.0,0.0,0.1287,0.1287,0.1287,0.1287,0.063887,0.063887,0.0053473,0.063887,0.063887,0.051109,0.0053473,0.051109,0.0,0.0,0.0,0.0,1e-11,0.0,0.0,0.0,1e-07,0.0,0.0,0.0,0.0,1e-07,1e-11,0.0
24536970.0,4995000000.0,5000000.0,5.0,0.0,0.1287,0.1287,0.1287,0.1287,0.063887,0.063887,5.8431e-05,0.063887,0.063887,6.1098e-06,5.8431e-05,6.1098e-06,0.0,0.0,0.0,0.0,1e-07,0.0,0.0,0.0,1e-07,0.0,0.0,0.0,0.0,1e-07,1e-07,0.0
24536654.0,4995000000.0,5000000.0,5.0,0.0,0.1287,0.1287,0.1287,0.1287,0.063887,0.063887,6.1098e-06,0.063887,0.063887,5.8431e-05,6.1098e-06,5.8431e-05,0.0,0.0,0.0,0.0,1e-11,0.0,0.0,0.0,4.642e-09,0.0,0.0,0.0,0.0,4.642e-09,1e-11,0.0
24536815.0,4995000000.0,5000000.0,5.0,0.0,0.1287,0.1287,0.1287,0.1287,0.063887,0.063887,6.1098e-06,0.063887,0.063887,0.051109,6.1098e-06,0.051109,0.0,0.0,0.0,0.0,4.642e-09,0.0,0.0,0.0,4.642e-09,0.0,0.0,0.0,0.0,4.642e-09,4.642e-09,0.0
24537474.0,4995000000.0,5000000.0,5.0,0.0,0.1287,0.1287,0.1287,0.1287,0.063887,0.063887,0.00055581,0.063887,0.063887,0.0053473,0.00055581,0.0053473,0.0,0.0,0.0,0.0,4.642e-05,0.0,0.0,0.0,1e-07,0.0,0.0,0.0,0.0,1e-07,4.642e-05,0.0
24538189.0,4995000000.0,5000000.0,5.0,0.0,0.1287,0.1287,0.1287,0.1287,0.063887,0.063887,0.051109,0.063887,0.063887,0.051109,0.051109,0.051109,0.0,0.0,0.0,0.0,4.642e-09,0.0,0.0,0.0,2.154e-06,0.0,0.0,0.0,0.0,2.154e-06,4.642e-09,0.0
24537739.0,4995000000.0,5000000.0,5.0,0.0,0.1287,0.1287,0.1287,0.1287,0.063887,0.063887,0.0053473,0.063887,0.063887,0.00055581,0.0053473,0.00055581,0.0,0.0,0.0,0.0,2.154e-10,0.0,0.0,0.0,4.642e-09,0.0,0.0,0.0,0.0,4.642e-09,2.154e-10,0.0
24536369.0,4995000000.0,5000000.0,5.0,0.0,0.1287,0.1287,0.1287,0.1287,0.063887,0.063887,6.3887e-07,0.063887,0.063887,0.00055581,6.3887e-07,0.00055581,0.0,0.0,0.0,0.0,2.154e-10,0.0,0.0,0.0,2.154e-06,0.0,0.0,0.0,0.0,2.154e-06,2.154e-10,0.0
24536411.0,4995000000.0,5000000.0,5.0,0.0,0.1287,0.1287,0.1287,0.1287,0.063887,0.063887,6.3887e-07,0.063887,0.063887,0.0053473,6.3887e-07,0.0053473,0.0,0.0,0.0,0.0,1e-11,0.0,0.0,0.0,2.154e-06,0.0,0.0,0.0,0.0,2.154e-06,1e-11,0.0
24537457.0,4995000000.0,5000000.0,5.0,0.0,0.1287,0.1287,0.1287,0.1287,0.063887,0.063887,0.00055581,0.063887,0.063887,0.0053473,0.00055581,0.0053473,0.0,0.0,0.0,0.0,1e-07,0.0,0.0,0.0,1e-11,0.0,0.0,0.0,0.0,1e-11,1e-07,0.0
24535939.0,4995000000.0,5000000.0,5.0,0.0,0.1287,0.1287,0.1287,0.1287,0.063887,0.063887,0.0,0.063887,0.063887,6.1098e-06,0.0,6.1098e-06,0.0,0.0,0.0,0.0,1e-07,0.0,0.0,0.0,2.154e-10,0.0,0.0,0.0,0.0,2.154e-10,1e-07,0.0
24535876.0,4995000000.0,5000000.0,5.0,0.0,0.1287,0.1287,0.1287,0.1287,0.063887,0.063887,0.0,0.063887,0.063887,6.3887e-07,0.0,6.3887e-07,0.0,0.0,0.0,0.0,2.154e-10,0.0,0.0,0.0,2.154e-10,0.0,0.0,0.0,0.0,2.154e-10,2.154e-10,0.0
24536298.0,4995000000.0,5000000.0,5.0,0.0,0.1287,0.1287,0.1287,0.1287,0.063887,0.063887,6.3887e-07,0.063887,0.063887,6.1098e-06,6.3887e-07,6.1098e-06,0.0,0.0,0.0,0.0,4.642e-05,0.0,0.0,0.0,1e-07,0.0,0.0,0.0,0.0,1e-07,4.642e-05,0.0
24536838.0,4995000000.0,5000000.0,5.0,0.0,0.1287,0.1287,0.1287,0.1287,0.063887,0.063887,6.1098e-06,0.063887,0.063887,0.051109,6.1098e-06,0.051109,0.0,0.0,0.0,0.0,4.642e-05,0.0,0.0,0.0,2.154e-06,0.0,0.0,0.0,0.0,2.154e-06,4.642e-05,0.0
24535930.0,4995000000.0,5000000.0,5.0,0.0,0.1287,0.1287,0.1287,0.1287,0.063887,0.063887,0.0,0.063887,0.063887,6.1098e-06,0.0,6.1098e-06,0.0,0.0,0.0,0.0,2.154e-10,0.0,0.0,0.0,0.001,0.0,0.0,0.0,0.0,0.001,2.154e-10,0.0
24536300.0,4995000000.0,5000000.0,5.0,0.0,0.1287,0.1287,0.1287,0.1287,0.063887,0.063887,6.3887e-07,0.063887,0.063887,6.1098e-06,6.3887e-07,6.1098e-06,0.0,0.0,0.0,0.0,4.642e-05,0.0,0.0,0.0,4.642e-05,0.0,0.0,0.0,0.0,4.642e-05,4.642e-05,0.0
24536153.0,4995000000.0,5000000.0,5.0,0.0,0.1287,0.1287,0.1287,0.1287,0.063887,0.063887,0.0,0.063887,0.063887,0.051109,0.0,0.051109,0.0,0.0,0.0,0.0,4.642e-05,0.0,0.0,0.0,4.642e-05,0.0,0.0,0.0,0.0,4.642e-05,4.642e-05,0.0
24537394.0,4995000000.0,5000000.0,5.0,0.0,0.1287,0.1287,0.1287,0.1287,0.063887,0.063887,0.00055581,0.063887,0.063887,0.00055581,0.00055581,0.00055581,0.0,0.0,0.0,0.0,2.154e-10,0.0,0.0,0.0,1e-11,0.0,0.0,0.0,0.0,1e-11,2.154e-10,0.0
24536469.0,4995000000.0,5000000.0,5.0,0.0,0.1287,0.1287,0.1287,0.1287,0.063887,0.063887,6.3887e-07,0.063887,0.063887,0.051109,6.3887e-07,0.051109,0.0,0.0,0.0,0.0,2.154e-10,0.0,0.0,0.0,0.001,0.0,0.0,0.0,0.0,0.001,2.154e-10,0.0
24537710.0,4995000000.0,5000000.0,5.0,0.0,0.1287,0.1287,0.1287,0.1287,0.063887,0.063887,0.0053473,0.063887,0.063887,5.8431e-05,0.0053473,5.8431e-05,0.0,0.0,0.0,0.0,2.154e-06,0.0,0.0,0.0,2.154e-10,0.0,0.0,0.0,0.0,2.154e-10,2.154e-06,0.0
24537936.0,4995000000.0,5000000.0,5.0,0.0,0.1287,0.1287,0.1287,0.1287,0.063887,0.063887,0.051109,0.063887,0.063887,6.3887e-07,0.051109,6.3887e-07,0.0,0.0,0.0,0.0,2.154e-10,0.0,0.0,0.0,1e-07,0.0,0.0,0.0,0.0,1e-07,2.154e-10,0.0
24537595.0,4995000000.0,5000000.0,5.0,0.0,0.1287,0.1287,0.1287,0.1287,0.063887,0.063887,0.0053473,0.063887,0.063887,6.3887e-07,0.0053473,6.3887e-07,0.0,0.0,0.0,0.0,2.154e-10,0.0,0.0,0.0,4.642e-05,0.0,0.0,0.0,0.0,4.642e-05,2.154e-10,0.0
24537600.0,4995000000.0,5000000.0,5.0,0.0,0.1287,0.1287,0.1287,0.1287,0.063887,0.063887,0.0053473,0.063887,0.063887,6.3887e-07,0.0053473,6.3887e-07,0.0,0.0,0.0,0.0,4.642e-09,0.0,0.0,0.0,1e-07,0.0,0.0,0.0,0.0,1e-07,4.642e-09,0.0
24537654.0,4995000000.0,5000000.0,5.0,0.0,0.1287,0.1287,0.1287,0.1287,0.063887,0.063887,0.0053473,0.063887,0.063887,6.1098e-06,0.0053473,6.1098e-06,0.0,0.0,0.0,0.0,1e-07,0.0,0.0,0.0,2.154e-10,0.0,0.0,0.0,0.0,2.154e-10,1e-07,0.0
24537946.0,4995000000.0,5000000.0,5.0,0.0,0.1287,0.1287,0.1287,0.1287,0.063887,0.063887,0.051109,0.063887,0.063887,6.3887e-07,0.051109,6.3887e-07,0.0,0.0,0.0,0.0,4.642e-09,0.0,0.0,0.0,0.001,0.0,0.0,0.0,0.0,0.001,4.642e-09,0.0
24537663.0,4995000000.0,5000000.0,5.0,0.0,0.1287,0.1287,0.1287,0.1287,0.063887,0.063887,0.0053473,0.063887,0.063887,6.1098e-06,0.0053473,6.1098e-06,0.0,0.0,0.0,0.0,2.154e-06,0.0,0.0,0.0,1e-07,0.0,0.0,0.0,0.0,1e-07,2.154e-06,0.0
24538201.0,4995000000.0,5000000.0,5.0,0.0,0.1287,0.1287,0.1287,0.1287,0.063887,0.063887,0.051109,0.063887,0.063887,0.051109,0.051109,0.051109,0.0,0.0,0.0,0.0,2.154e-06,0.0,0.0,0.0,4.642e-09,0.0,0.0,0.0,0.0,4.642e-09,2.154e-06,0.0
24536505.0,4995000000.0,5000000.0,5.0,0.0,0.1287,0.1287,0.1287,0.1287,0.063887,0.063887,6.1098e-06,0.063887,0.063887,0.0,6.1098e-06,0.0,0.0,0.0,0.0,0.0,1e-11,0.0,0.0,0.0,1e-11,0.0,0.0,0.0,0.0,1e-11,1e-11,0.0
24536441.0,4995000000.0,5000000.0,5.0,0.0,0.1287,0.1287,0.1287,0.1287,0.063887,0.063887,6.3887e-07,0.063887,0.063887,0.0053473,6.3887e-07,0.0053473,0.0,0.0,0.0,0.0,2.154e-06,0.0,0.0,0.0,0.001,0.0,0.0,0.0,0.0,0.001,2.154e-06,0.0
24536229.0,4995000000.0,5000000.0,5.0,0.0,0.1287,0.1287,0.1287,0.1287,0.063887,0.063887,6.3887e-07,0.063887,0.063887,6.3887e-07,6.3887e-07,6.3887e-07,0.0,0.0,0.0,0.0,4.642e-09,0.0,0.0,0.0,2.154e-06,0.0,0.0,0.0,0.0,2.154e-06,4.642e-09,0.0
24536042.0,4995000000.0,5000000.0,5.0,0.0,0.1287,0.1287,0.1287,0.1287,0.063887,0.063887,0.0,0.063887,0.063887,0.00055581,0.0,0.00055581,0.0,0.0,0.0,0.0,1e-07,0.0,0.0,0.0,0.001,0.0,0.0,0.0,0.0,0.001,1e-07,0.0
24536611.0,4995000000.0,5000000.0,5.0,0.0,0.1287,0.1287,0.1287,0.1287,0.063887,0.063887,6.1098e-06,0.063887,0.063887,6.1098e-06,6.1098e-06,6.1098e-06,0.0,0.0,0.0,0.0,2.154e-10,0.0,0.0,0.0,2.154e-10,0.0,0.0,0.0,0.0,2.154e-10,2.154e-10,0.0
24536392.0,4995000000.0,5000000.0,5.0,0.0,0.1287,0.1287,0.1287,0.1287,0.063887,0.063887,6.3887e-07,0.063887,0.063887,0.00055581,6.3887e-07,0.00055581,0.0,0.0,0.0,0.0,2.154e-06,0.0,0.0,0.0,0.001,0.0,0.0,0.0,0.0,0.001,2.154e-06,0.0
24536358.0,4995000000.0,5000000.0,5.0,0.0,0.1287,0.1287,0.1287,0.1287,0.063887,0.063887,6.3887e-07,0.063887,0.063887,0.00055581,6.3887e-07,0.00055581,0.0,0.0,0.0,0.0,1e-11,0.0,0.0,0.0,1e-11,0.0,0.0,0.0,0.0,1e-11,1e-11,0.0
24537364.0,4995000000.0,5000000.0,5.0,0.0,0.1287,0.1287,0.1287,0.1287,0.063887,0.063887,0.00055581,0.063887,0.063887,5.8431e-05,0.00055581,5.8431e-05,0.0,0.0,0.0,0.0,1e-07,0.0,0.0,0.0,4.642e-05,0.0,0.0,0.0,0.0,4.642e-05,1e-07,0.0
24537507.0,4995000000.0,5000000.0,5.0,0.0,0.1287,0.1287,0.1287,0.1287,0.063887,0.063887,0.00055581,0.063887,0.063887,0.051109,0.00055581,0.051109,0.0,0.0,0.0,0.0,1e-07,0.0,0.0,0.0,2.154e-10,0.0,0.0,0.0,0.0,2.154e-10,1e-07,0.0
24536040.0,4995000000.0,5000000.0,5.0,0.0,0.1287,0.1287,0.1287,0.1287,0.063887,0.063887,0.0,0.063887,0.063887,0.00055581,0.0,0.00055581,0.0,0.0,0.0,0.0,1e-07,0.0,0.0,0.0,2.154e-06,0.0,0.0,0.0,0.0,2.154e-06,1e-07,0.0
24538024.0,4995000000.0,5000000.0,5.0,0.0,0.1287,0.1287,0.1287,0.1287,0.063887,0.063887,0.051109,0.063887,0.063887,5.8431e-05,0.051109,5.8431e-05,0.0,0.0,0.0,0.0,1e-11,0.0,0.0,0.0,1e-11,0.0,0.0,0.0,0.0,1e-11,1e-11,0.0
24536712.0,4995000000.0,5000000.0,5.0,0.0,0.1287,0.1287,0.1287,0.1287,0.063887,0.063887,6.1098e-06,0.063887,0.063887,0.00055581,6.1098e-06,0.00055581,0.0,0.0,0.0,0.0,2.154e-10,0.0,0.0,0.0,2.154e-06,0.0,0.0,0.0,0.0,2.154e-06,2.154e-10,0.0
24536402.0,4995000000.0,5000000.0,5.0,0.0,0.1287,0.1287,0.1287,0.1287,0.063887,0.063887,6.3887e-07,0.063887,0.063887,0.00055581,6.3887e-07,0.00055581,0.0,0.0,0.0,0.0,0.001,0.0,0.0,0.0,4.642e-09,0.0,0.0,0.0,0.0,4.642e-09,0.001,0.0
24536562.0,4995000000.0,5000000.0,5.0,0.0,0.1287,0.1287,0.1287,0.1287,0.063887,0.063887,6.1098e-06,0.063887,0.063887,6.3887e-07,6.1098e-06,6.3887e-07,0.0,0.0,0.0,0.0,2.154e-10,0.0,0.0,0.0,2.154e-10,0.0,0.0,0.0,0.0,2.154e-10,2.154e-10,0.0
24537295.0,4995000000.0,5000000.0,5.0,0.0,0.1287,0.1287,0.1287,0.1287,0.063887,0.063887,0.00055581,0.063887,0.063887,6.1098e-06,0.00055581,6.1098e-06,0.0,0.0,0.0,0.0,1e-11,0.0,0.0,0.0,0.001,0.0,0.0,0.0,0.0,0.001,1e-11,0.0
24537402.0,4995000000.0,5000000.0,5.0,0.0,0.1287,0.1287,0.1287,0.1287,0.063887,0.063887,0.00055581,0.063887,0.063887,0.00055581,0.00055581,0.00055581,0.0,0.0,0.0,0.0,4.642e-09,0.0,0.0,0.0,2.154e-10,0.0,0.0,0.0,0.0,2.154e-10,4.642e-09,0.0
24536055.0,4995000000.0,5000000.0,5.0,0.0,0.1287,0.1287,0.1287,0.1287,0.063887,0.063887,0.0,0.063887,0.063887,0.00055581,0.0,0.00055581,0.0,0.0,0.0,0.0,4.642e-05,0.0,0.0,0.0,4.642e-05,0.0,0.0,0.0,0.0,4.642e-05,4.642e-05,0.0
24537698.0,4995000000.0,5000000.0,5.0,0.0,0.1287,0.1287,0.1287,0.1287,0.063887,0.063887,0.0053473,0.063887,0.063887,5.8431e-05,0.0053473,5.8431e-05,0.0,0.0,0.0,0.0,4.642e-09,0.0,0.0,0.0,1e-07,0.0,0.0,0.0,0.0,1e-07,4.642e-09,0.0
24538208.0,4995000000.0,5000000.0,5.0,0.0,0.1287,0.1287,0.1287,0.1287,0.063887,0.063887,0.051109,0.063887,0.063887,0.051109,0.051109,0.051109,0.0,0.0,0.0,0.0,4.642e-05,0.0,0.0,0.0,4.642e-09,0.0,0.0,0.0,0.0,4.642e-09,4.642e-05,0.0
24536362.0,4995000000.0,5000000.0,5.0,0.0,0.1287,0.1287,0.1287,0.1287,0.063887,0.063887,6.3887e-07,0.063887,0.063887,0.00055581,6.3887e-07,0.00055581,0.0,0.0,0.0,0.0,1e-11,0.0,0.0,0.0,2.154e-06,0.0,0.0,0.0,0.0,2.154e-06,1e-11,0.0
24536784.0,4995000000.0,5000000.0,5.0,0.0,0.1287,0.1287,0.1287,0.1287,0.063887,0.063887,6.1098e-06,0.063887,0.063887,0.0053473,6.1098e-06,0.0053473,0.0,0.0,0.0,0.0,2.154e-06,0.0,0.0,0.0,0.001,0.0,0.0,0.0,0.0,0.001,2.154e-06,0.0
24537227.0,4995000000.0,5000000.0,5.0,0.0,0.1287,0.1287,0.1287,0.1287,0.063887,0.063887,0.00055581,0.063887,0.063887,0.0,0.00055581,0.0,0.0,0.0,0.0,0.0,4.642e-05,0.0,0.0,0.0,2.154e-10,0.0,0.0,0.0,0.0,2.154e-10,4.642e-05,0.0
24536237.0,4995000000.0,5000000.0,5.0,0.0,0.1287,0.1287,0.1287,0.1287,0.063887,0.063887,6.3887e-07,0.063887,0.063887,6.3887e-07,6.3887e-07,6.3887e-07,0.0,0.0,0.0,0.0,1e-07,0.0,0.0,0.0,4.642e-05,0.0,0.0,0.0,0.0,4.642e-05,1e-07,0.0
24537894.0,4995000000.0,5000000.0,5.0,0.0,0.1287,0.1287,0.1287,0.1287,0.063887,0.063887,0.051109,0.063887,0.063887,0.0,0.051109,0.0,0.0,0.0,0.0,0.0,4.642e-09,0.0,0.0,0.0,1e-07,0.0,0.0,0.0,0.0,1e-07,4.642e-09,0.0
24537366.0,4995000000.0,5000000.0,5.0,0.0,0.1287,0.1287,0.1287,0.1287,0.063887,0.063887,0.00055581,0.063887,0.063887,5.8431e-05,0.00055581,5.8431e-05,0.0,0.0,0.0,0.0,2.154e-06,0.0,0.0,0.0,1e-11,0.0,0.0,0.0,0.0,1e-11,2.154e-06,0.0
24535989.0,4995000000.0,5000000.0,5.0,0.0,0.1287,0.1287,0.1287,0.1287,0.063887,0.063887,0.0,0.063887,0.063887,5.8431e-05,0.0,5.8431e-05,0.0,0.0,0.0,0.0,1e-07,0.0,0.0,0.0,4.642e-09,0.0,0.0,0.0,0.0,4.642e-09,1e-07,0.0
24537124.0,4995000000.0,5000000.0,5.0,0.0,0.1287,0.1287,0.1287,0.1287,0.063887,0.063887,5.8431e-05,0.063887,0.063887,0.0053473,5.8431e-05,0.0053473,0.0,0.0,0.0,0.0,2.154e-06,0.0,0.0,0.0,1e-07,0.0,0.0,0.0,0.0,1e-07,2.154e-06,0.0
24536322.0,4995000000.0,5000000.0,5.0,0.0,0.1287,0.1287,0.1287,0.1287,0.063887,0.063887,6.3887e-07,0.063887,0.063887,5.8431e-05,6.3887e-07,5.8431e-05,0.0,0.0,0.0,0.0,2.154e-10,0.0,0.0,0.0,0.001,0.0,0.0,0.0,0.0,0.001,2.154e-10,0.0
24537461.0,4995000000.0,5000000.0,5.0,0.0,0.1287,0.1287,0.1287,0.1287,0.063887,0.063887,0.00055581,0.063887,0.063887,0.0053473,0.00055581,0.0053473,0.0,0.0,0.0,0.0,1e-07,0.0,0.0,0.0,2.154e-06,0.0,0.0,0.0,0.0,2.154e-06,1e-07,0.0
24538123.0,4995000000.0,5000000.0,5.0,0.0,0.1287,0.1287,0.1287,0.1287,0.063887,0.063887,0.051109,0.063887,0.063887,0.0053473,0.051109,0.0053473,0.0,0.0,0.0,0.0,1e-11,0.0,0.0,0.0,2.154e-10,0.0,0.0,0.0,0.0,2.154e-10,1e-11,0.0
24536253.0,4995000000.0,5000000.0,5.0,0.0,0.1287,0.1287,0.1287,0.1287,0.063887,0.063887,6.3887e-07,0.063887,0.063887,6.3887e-07,6.3887e-07,6.3887e-07,0.0,0.0,0.0,0.0,0.001,0.0,0.0,0.0,1e-11,0.0,0.0,0.0,0.0,1e-11,0.001,0.0
24536739.0,4995000000.0,5000000.0,5.0,0.0,0.1287,0.1287,0.1287,0.1287,0.063887,0.063887,6.1098e-06,0.063887,0.063887,0.00055581,6.1098e-06,0.00055581,0.0,0.0,0.0,0.0,4.642e-05,0.0,0.0,0.0,1e-07,0.0,0.0,0.0,0.0,1e-07,4.642e-05,0.0
24537882.0,4995000000.0,5000000.0,5.0,0.0,0.1287,0.1287,0.1287,0.1287,0.063887,0.063887,0.051109,0.063887,0.063887,0.0,0.051109,0.0,0.0,0.0,0.0,0.0,1e-11,0.0,0.0,0.0,4.642e-05,0.0,0.0,0.0,0.0,4.642e-05,1e-11,0.0
24537467.0,4995000000.0,5000000.0,5.0,0.0,0.1287,0.1287,0.1287,0.1287,0.063887,0.063887,0.00055581,0.063887,0.063887,0.0053473,0.00055581,0.0053473,0.0,0.0,0.0,0.0,2.154e-06,0.0,0.0,0.0,1e-07,0.0,0.0,0.0,0.0,1e-07,2.154e-06,0.0
24537998.0,4995000000.0,5000000.0,5.0,0.0,0.1287,0.1287,0.1287,0.1287,0.063887,0.063887,0.051109,0.063887,0.063887,6.1098e-06,0.051109,6.1098e-06,0.0,0.0,0.0,0.0,1e-07,0.0,0.0,0.0,4.642e-09,0.0,0.0,0.0,0.0,4.642e-09,1e-07,0.0
24536917.0,4995000000.0,5000000.0,5.0,0.0,0.1287,0.1287,0.1287,0.1287,0.063887,0.063887,5.8431e-05,0.063887,0.063887,6.3887e-07,5.8431e-05,6.3887e-07,0.0,0.0,0.0,0.0,4.642e-09,0.0,0.0,0.0,0.001,0.0,0.0,0.0,0.0,0.001,4.642e-09,0.0
24537437.0,4995000000.0,5000000.0,5.0,0.0,0.1287,0.1287,0.1287,0.1287,0.063887,0.063887,0.00055581,0.063887,0.063887,0.0053473,0.00055581,0.0053473,0.0,0.0,0.0,0.0,1e-11,0.0,0.0,0.0,2.154e-10,0.0,0.0,0.0,0.0,2.154e-10,1e-11,0.0
24535993.0,4995000000.0,5000000.0,5.0,0.0,0.1287,0.1287,0.1287,0.1287,0.063887,0.063887,0.0,0.063887,0.063887,5.8431e-05,0.0,5.8431e-05,0.0,0.0,0.0,0.0,1e-07,0.0,0.0,0.0,0.001,0.0,0.0,0.0,0.0,0.001,1e-07,0.0
24536859.0,4995000000.0,5000000.0,5.0,0.0,0.1287,0.1287,0.1287,0.1287,0.063887,0.063887,5.8431e-05,0.063887,0.063887,0.0,5.8431e-05,0.0,0.0,0.0,0.0,0.0,2.154e-10,0.0,0.0,0.0,2.154e-06,0.0,0.0,0.0,0.0,2.154e-06,2.154e-10,0.0
24538096.0,4995000000.0,5000000.0,5.0,0.0,0.1287,0.1287,0.1287,0.1287,0.063887,0.063887,0.051109,0.063887,0.063887,0.00055581,0.051109,0.00055581,0.0,0.0,0.0,0.0,1e-07,0.0,0.0,0.0,4.642e-09,0.0,0.0,0.0,0.0,4.642e-09,1e-07,0.0
24538049.0,4995000000.0,5000000.0,5.0,0.0,0.1287,0.1287,0.1287,0.1287,0.063887,0.063887,0.051109,0.063887,0.063887,5.8431e-05,0.051109,5.8431e-05,0.0,0.0,0.0,0.0,1e-07,0.0,0.0,0.0,2.154e-06,0.0,0.0,0.0,0.0,2.154e-06,1e-07,0.0
24537845.0,4995000000.0,5000000.0,5.0,0.0,0.1287,0.1287,0.1287,0.1287,0.063887,0.063887,0.0053473,0.063887,0.063887,0.051109,0.0053473,0.051109,0.0,0.0,0.0,0.0,4.642e-09,0.0,0.0,0.0,1e-07,0.0,0.0,0.0,0.0,1e-07,4.642e-09,0.0
24537010.0,4995000000.0,5000000.0,5.0,0.0,0.1287,0.1287,0.1287,0.1287,0.063887,0.063887,5.8431e-05,0.063887,0.063887,5.8431e-05,5.8431e-05,5.8431e-05,0.0,0.0,0.0,0.0,4.642e-09,0.0,0.0,0.0,2.154e-10,0.0,0.0,0.0,0.0,2.154e-10,4.642e-09,0.0
24538053.0,4995000000.0,5000000.0,5.0,0.0,0.1287,0.1287,0.1287,0.1287,0.063887,0.063887,0.051109,0.063887,0.063887,5.8431e-05,0.051109,5.8431e-05,0.0,0.0,0.0,0.0,2.154e-06,0.0,0.0,0.0,2.154e-10,0.0,0.0,0.0,0.0,2.154e-10,2.154e-06,0.0
24538014.0,4995000000.0,5000000.0,5.0,0.0,0.1287,0.1287,0.1287,0.1287,0.063887,0.063887,0.051109,0.063887,0.063887,6.1098e-06,0.051109,6.1098e-06,0.0,0.0,0.0,0.0,4.642e-05,0.0,0.0,0.0,2.154e-06,0.0,0.0,0.0,0.0,2.154e-06,4.642e-05,0.0
24537923.0,4995000000.0,5000000.0,5.0,0.0,0.1287,0.1287,0.1287,0.1287,0.063887,0.063887,0.051109,0.063887,0.063887,0.0,0.051109,0.0,0.0,0.0,0.0,0.0,0.001,0.0,0.0,0.0,2.154e-06,0.0,0.0,0.0,0.0,2.154e-06,0.001,0.0
24537721.0,4995000000.0,5000000.0,5.0,0.0,0.1287,0.1287,0.1287,0.1287,0.063887,0.063887,0.0053473,0.063887,0.063887,5.8431e-05,0.0053473,5.8431e-05,0.0,0.0,0.0,0.0,4.642e-05,0.0,0.0,0.0,4.642e-05,0.0,0.0,0.0,0.0,4.642e-05,4.642e-05,0.0
24536069.0,4995000000.0,5000000.0,5.0,0.0,0.1287,0.1287,0.1287,0.1287,0.063887,0.063887,0.0,0.063887,0.063887,0.0053473,0.0,0.0053473,0.0,0.0,0.0,0.0,1e-11,0.0,0.0,0.0,4.642e-05,0.0,0.0,0.0,0.0,4.642e-05,1e-11,0.0
24537513.0,4995000000.0,5000000.0,5.0,0.0,0.1287,0.1287,0.1287,0.1287,0.063887,0.063887,0.00055581,0.063887,0.063887,0.051109,0.00055581,0.051109,0.0,0.0,0.0,0.0,2.154e-06,0.0,0.0,0.0,1e-11,0.0,0.0,0.0,0.0,1e-11,2.154e-06,0.0
24536529.0,4995000000.0,5000000.0,5.0,0.0,0.1287,0.1287,0.1287,0.1287,0.063887,0.063887,6.1098e-06,0.063887,0.063887,0.0,6.1098e-06,0.0,0.0,0.0,0.0,0.0,1e-07,0.0,0.0,0.0,1e-07,0.0,0.0,0.0,0.0,1e-07,1e-07,0.0
24536338.0,4995000000.0,5000000.0,5.0,0.0,0.1287,0.1287,0.1287,0.1287,0.063887,0.063887,6.3887e-07,0.063887,0.063887,5.8431e-05,6.3887e-07,5.8431e-05,0.0,0.0,0.0,0.0,2.154e-06,0.0,0.0,0.0,2.154e-10,0.0,0.0,0.0,0.0,2.154e-10,2.154e-06,0.0
24537403.0,4995000000.0,5000000.0,5.0,0.0,0.1287,0.1287,0.1287,0.1287,0.063887,0.063887,0.00055581,0.063887,0.063887,0.00055581,0.00055581,0.00055581,0.0,0.0,0.0,0.0,4.642e-09,0.0,0.0,0.0,4.642e-09,0.0,0.0,0.0,0.0,4.642e-09,4.642e-09,0.0
24536417.0,4995000000.0,5000000.0,5.0,0.0,0.1287,0.1287,0.1287,0.1287,0.063887,0.063887,6.3887e-07,0.063887,0.063887,0.0053473,6.3887e-07,0.0053473,0.0,0.0,0.0,0.0,2.154e-10,0.0,0.0,0.0,1e-07,0.0,0.0,0.0,0.0,1e-07,2.154e-10,0.0
24536294.0,4995000000.0,5000000.0,5.0,0.0,0.1287,0.1287,0.1287,0.1287,0.063887,0.063887,6.3887e-07,0.063887,0.063887,6.1098e-06,6.3887e-07,6.1098e-06,0.0,0.0,0.0,0.0,2.154e-06,0.0,0.0,0.0,0.001,0.0,0.0,0.0,0.0,0.001,2.154e-06,0.0
24537490.0,4995000000.0,5000000.0,5.0,0.0,0.1287,0.1287,0.1287,0.1287,0.063887,0.063887,0.00055581,0.063887,0.063887,0.051109,0.00055581,0.051109,0.0,0.0,0.0,0.0,1e-11,0.0,0.0,0.0,4.642e-05,0.0,0.0,0.0,0.0,4.642e-05,1e-11,0.0
24536658.0,4995000000.0,5000000.0,5.0,0.0,0.1287,0.1287,0.1287,0.1287,0.063887,0.063887,6.1098e-06,0.063887,0.063887,5.8431e-05,6.1098e-06,5.8431e-05,0.0,0.0,0.0,0.0,1e-11,0.0,0.0,0.0,0.001,0.0,0.0,0.0,0.0,0.001,1e-11,0.0
24535944.0,4995000000.0,5000000.0,5.0,0.0,0.1287,0.1287,0.1287,0.1287,0.063887,0.063887,0.0,0.063887,0.063887,6.1098e-06,0.0,6.1098e-06,0.0,0.0,0.0,0.0,1e-07,0.0,0.0,0.0,0.001,0.0,0.0,0.0,0.0,0.001,1e-07,0.0
24537275.0,4995000000.0,5000000.0,5.0,0.0,0.1287,0.1287,0.1287,0.1287,0.063887,0.063887,0.00055581,0.063887,0.063887,6.3887e-07,0.00055581,6.3887e-07,0.0,0.0,0.0,0.0,4.642e-05,0.0,0.0,0.0,1e-11,0.0,0.0,0.0,0.0,1e-11,4.642e-05,0.0
24538217.0,4995000000.0,5000000.0,5.0,0.0,0.1287,0.1287,0.1287,0.1287,0.063887,0.063887,0.051109,0.063887,0.063887,0.051109,0.051109,0.051109,0.0,0.0,0.0,0.0,0.001,0.0,0.0,0.0,2.154e-06,0.0,0.0,0.0,0.0,2.154e-06,0.001,0.0
24536588.0,4995000000.0,5000000.0,5.0,0.0,0.1287,0.1287,0.1287,0.1287,0.063887,0.063887,6.1098e-06,0.063887,0.063887,6.3887e-07,6.1098e-06,6.3887e-07,0.0,0.0,0.0,0.0,2.154e-06,0.0,0.0,0.0,0.001,0.0,0.0,0.0,0.0,0.001,2.154e-06,0.0
24537533.0,4995000000.0,5000000.0,5.0,0.0,0.1287,0.1287,0.1287,0.1287,0.063887,0.063887,0.00055581,0.063887,0.063887,0.051109,0.00055581,0.051109,0.0,0.0,0.0,0.0,0.001,0.0,0.0,0.0,0.001,0.0,0.0,0.0,0.0,0.001,0.001,0.0
24537372.0,4995000000.0,5000000.0,5.0,0.0,0.1287,0.1287,0.1287,0.1287,0.063887,0.063887,0.00055581,0.063887,0.063887,5.8431e-05,0.00055581,5.8431e-05,0.0,0.0,0.0,0.0,2.154e-06,0.0,0.0,0.0,0.001,0.0,0.0,0.0,0.0,0.001,2.154e-06,0.0
24537133.0,4995000000.0,5000000.0,5.0,0.0,0.1287,0.1287,0.1287,0.1287,0.063887,0.063887,5.8431e-05,0.063887,0.063887,0.0053473,5.8431e-05,0.0053473,0.0,0.0,0.0,0.0,4.642e-05,0.0,0.0,0.0,4.642e-05,0.0,0.0,0.0,0.0,4.642e-05,4.642e-05,0.0
24537489.0,4995000000.0,5000000.0,5.0,0.0,0.1287,0.1287,0.1287,0.1287,0.063887,0.063887,0.00055581,0.063887,0.063887,0.051109,0.00055581,0.051109,0.0,0.0,0.0,0.0,1e-11,0.0,0.0,0.0,2.154e-06,0.0,0.0,0.0,0.0,2.154e-06,1e-11,0.0
24537103.0,4995000000.0,5000000.0,5.0,0.0,0.1287,0.1287,0.1287,0.1287,0.063887,0.063887,5.8431e-05,0.063887,0.063887,0.0053473,5.8431e-05,0.0053473,0.0,0.0,0.0,0.0,2.154e-10,0.0,0.0,0.0,1e-07,0.0,0.0,0.0,0.0,1e-07,2.154e-10,0.0
24537305.0,4995000000.0,5000000.0,5.0,0.0,0.1287,0.1287,0.1287,0.1287,0.063887,0.063887,0.00055581,0.063887,0.063887,6.1098e-06,0.00055581,6.1098e-06,0.0,0.0,0.0,0.0,4.642e-09,0.0,0.0,0.0,4.642e-09,0.0,0.0,0.0,0.0,4.642e-09,4.642e-09,0.0
24535958.0,4995000000.0,5000000.0,5.0,0.0,0.1287,0.1287,0.1287,0.1287,0.063887,0.063887,0.0,0.063887,0.063887,6.1098e-06,0.0,6.1098e-06,0.0,0.0,0.0,0.0,4.642e-05,0.0,0.0,0.0,0.001,0.0,0.0,0.0,0.0,0.001,4.642e-05,0.0
24537893.0,4995000000.0,5000000.0,5.0,0.0,0.1287,0.1287,0.1287,0.1287,0.063887,0.063887,0.051109,0.063887,0.063887,0.0,0.051109,0.0,0.0,0.0,0.0,0.0,4.642e-09,0.0,0.0,0.0,4.642e-09,0.0,0.0,0.0,0.0,4.642e-09,4.642e-09,0.0
24537330.0,4995000000.0,5000000.0,5.0,0.0,0.1287,0.1287,0.1287,0.1287,0.063887,0.063887,0.00055581,0.063887,0.063887,6.1098e-06,0.00055581,6.1098e-06,0.0,0.0,0.0,0.0,4.642e-05,0.0,0.0,0.0,0.001,0.0,0.0,0.0,0.0,0.001,4.642e-05,0.0
24536746.0,4995000000.0,5000000.0,5.0,0.0,0.1287,0.1287,0.1287,0.1287,0.063887,0.063887,6.1098e-06,0.063887,0.063887,0.00055581,6.1098e-06,0.00055581,0.0,0.0,0.0,0.0,0.001,0.0,0.0,0.0,1e-07,0.0,0.0,0.0,0.0,1e-07,0.001,0.0
24536003.0,4995000000.0,5000000.0,5.0,0.0,0.1287,0.1287,0.1287,0.1287,0.063887,0.063887,0.0,0.063887,0.063887,5.8431e-05,0.0,5.8431e-05,0.0,0.0,0.0,0.0,4.642e-05,0.0,0.0,0.0,4.642e-09,0.0,0.0,0.0,0.0,4.642e-09,4.642e-05,0.0
24537793.0,4995000000.0,5000000.0,5.0,0.0,0.1287,0.1287,0.1287,0.1287,0.063887,0.063887,0.0053473,0.063887,0.063887,0.0053473,0.0053473,0.0053473,0.0,0.0,0.0,0.0,4.642e-09,0.0,0.0,0.0,1e-11,0.0,0.0,0.0,0.0,1e-11,4.642e-09,0.0
24536098.0,4995000000.0,5000000.0,5.0,0.0,0.1287,0.1287,0.1287,0.1287,0.063887,0.063887,0.0,0.063887,0.063887,0.0053473,0.0,0.0053473,0.0,0.0,0.0,0.0,2.154e-06,0.0,0.0,0.0,0.001,0.0,0.0,0.0,0.0,0.001,2.154e-06,0.0
24536250.0,4995000000.0,5000000.0,5.0,0.0,0.1287,0.1287,0.1287,0.1287,0.063887,0.063887,6.3887e-07,0.063887,0.063887,6.3887e-07,6.3887e-07,6.3887e-07,0.0,0.0,0.0,0.0,4.642e-05,0.0,0.0,0.0,2.154e-06,0.0,0.0,0.0,0.0,2.154e-06,4.642e-05,0.0
24535907.0,4995000000.0,5000000.0,5.0,0.0,0.1287,0.1287,0.1287,0.1287,0.063887,0.063887,0.0,0.063887,0.063887,6.3887e-07,0.0,6.3887e-07,0.0,0.0,0.0,0.0,4.642e-05,0.0,0.0,0.0,2.154e-06,0.0,0.0,0.0,0.0,2.154e-06,4.642e-05,0.0
24538064.0,4995000000.0,5000000.0,5.0,0.0,0.1287,0.1287,0.1287,0.1287,0.063887,0.063887,0.051109,0.063887,0.063887,5.8431e-05,0.051109,5.8431e-05,0.0,0.0,0.0,0.0,4.642e-05,0.0,0.0,0.0,4.642e-05,0.0,0.0,0.0,0.0,4.642e-05,4.642e-05,0.0
24536493.0,4995000000.0,5000000.0,5.0,0.0,0.1287,0.1287,0.1287,0.1287,0.063887,0.063887,6.3887e-07,0.063887,0.063887,0.051109,6.3887e-07,0.051109,0.0,0.0,0.0,0.0,4.642e-05,0.0,0.0,0.0,4.642e-09,0.0,0.0,0.0,0.0,4.642e-09,4.642e-05,0.0
24537797.0,4995000000.0,5000000.0,5.0,0.0,0.1287,0.1287,0.1287,0.1287,0.063887,0.063887,0.0053473,0.063887,0.063887,0.0053473,0.0053473,0.0053473,0.0,0.0,0.0,0.0,4.642e-09,0.0,0.0,0.0,2.154e-06,0.0,0.0,0.0,0.0,2.154e-06,4.642e-09,0.0
24538107.0,4995000000.0,5000000.0,5.0,0.0,0.1287,0.1287,0.1287,0.1287,0.063887,0.063887,0.051109,0.063887,0.063887,0.00055581,0.051109,0.00055581,0.0,0.0,0.0,0.0,2.154e-06,0.0,0.0,0.0,0.001,0.0,0.0,0.0,0.0,0.001,2.154e-06,0.0
24537616.0,4995000000.0,5000000.0,5.0,0.0,0.1287,0.1287,0.1287,0.1287,0.063887,0.063887,0.0053473,0.063887,0.063887,6.3887e-07,0.0053473,6.3887e-07,0.0,0.0,0.0,0.0,2.154e-06,0.0,0.0,0.0,4.642e-05,0.0,0.0,0.0,0.0,4.642e-05,2.154e-06,0.0
24537661.0,4995000000.0,5000000.0,5.0,0.0,0.1287,0.1287,0.1287,0.1287,0.063887,0.063887,0.0053473,0.063887,0.063887,6.1098e-06,0.0053473,6.1098e-06,0.0,0.0,0.0,0.0,2.154e-06,0.0,0.0,0.0,2.154e-10,0.0,0.0,0.0,0.0,2.154e-10,2.154e-06,0.0
24537846.0,4995000000.0,5000000.0,5.0,0.0,0.1287,0.1287,0.1287,0.1287,0.063887,0.063887,0.0053473,0.063887,0.063887,0.051109,0.0053473,0.051109,0.0,0.0,0.0,0.0,4.642e-09,0.0,0.0,0.0,2.154e-06,0.0,0.0,0.0,0.0,2.154e-06,4.642e-09,0.0
24536014.0,4995000000.0,5000000.0,5.0,0.0,0.1287,0.1287,0.1287,0.1287,0.063887,0.063887,0.0,0.063887,0.063887,5.8431e-05,0.0,5.8431e-05,0.0,0.0,0.0,0.0,0.001,0.0,0.0,0.0,0.001,0.0,0.0,0.0,0.0,0.001,0.001,0.0
24536088.0,4995000000.0,5000000.0,5.0,0.0,0.1287,0.1287,0.1287,0.1287,0.063887,0.063887,0.0,0.063887,0.063887,0.0053473,0.0,0.0053473,0.0,0.0,0.0,0.0,1e-07,0.0,0.0,0.0,1e-07,0.0,0.0,0.0,0.0,1e-07,1e-07,0.0
24537052.0,4995000000.0,5000000.0,5.0,0.0,0.1287,0.1287,0.1287,0.1287,0.063887,0.063887,5.8431e-05,0.063887,0.063887,0.00055581,5.8431e-05,0.00055581,0.0,0.0,0.0,0.0,2.154e-10,0.0,0.0,0.0,2.154e-10,0.0,0.0,0.0,0.0,2.154e-10,2.154e-10,0.0
24536437.0,4995000000.0,5000000.0,5.0,0.0,0.1287,0.1287,0.1287,0.1287,0.063887,0.063887,6.3887e-07,0.063887,0.063887,0.0053473,6.3887e-07,0.0053473,0.0,0.0,0.0,0.0,2.154e-06,0.0,0.0,0.0,4.642e-09,0.0,0.0,0.0,0.0,4.642e-09,2.154e-06,0.0
24537090.0,4995000000.0,5000000.0,5.0,0.0,0.1287,0.1287,0.1287,0.1287,0.063887,0.063887,5.8431e-05,0.063887,0.063887,0.00055581,5.8431e-05,0.00055581,0.0,0.0,0.0,0.0,0.001,0.0,0.0,0.0,2.154e-06,0.0,0.0,0.0,0.0,2.154e-06,0.001,0.0
24536368.0,4995000000.0,5000000.0,5.0,0.0,0.1287,0.1287,0.1287,0.1287,0.063887,0.063887,6.3887e-07,0.063887,0.063887,0.00055581,6.3887e-07,0.00055581,0.0,0.0,0.0,0.0,2.154e-10,0.0,0.0,0.0,1e-07,0.0,0.0,0.0,0.0,1e-07,2.154e-10,0.0
24537604.0,4995000000.0,5000000.0,5.0,0.0,0.1287,0.1287,0.1287,0.1287,0.063887,0.063887,0.0053473,0.063887,0.063887,6.3887e-07,0.0053473,6.3887e-07,0.0,0.0,0.0,0.0,1e-07,0.0,0.0,0.0,1e-11,0.0,0.0,0.0,0.0,1e-11,1e-07,0.0
24536821.0,4995000000.0,5000000.0,5.0,0.0,0.1287,0.1287,0.1287,0.1287,0.063887,0.063887,6.1098e-06,0.063887,0.063887,0.051109,6.1098e-06,0.051109,0.0,0.0,0.0,0.0,1e-07,0.0,0.0,0.0,2.154e-10,0.0,0.0,0.0,0.0,2.154e-10,1e-07,0.0
24535909.0,4995000000.0,5000000.0,5.0,0.0,0.1287,0.1287,0.1287,0.1287,0.063887,0.063887,0.0,0.063887,0.063887,6.3887e-07,0.0,6.3887e-07,0.0,0.0,0.0,0.0,4.642e-05,0.0,0.0,0.0,0.001,0.0,0.0,0.0,0.0,0.001,4.642e-05,0.0
24537221.0,4995000000.0,5000000.0,5.0,0.0,0.1287,0.1287,0.1287,0.1287,0.063887,0.063887,0.00055581,0.063887,0.063887,0.0,0.00055581,0.0,0.0,0.0,0.0,0.0,2.154e-06,0.0,0.0,0.0,4.642e-09,0.0,0.0,0.0,0.0,4.642e-09,2.154e-06,0.0
24537820.0,4995000000.0,5000000.0,5.0,0.0,0.1287,0.1287,0.1287,0.1287,0.063887,0.063887,0.0053473,0.063887,0.063887,0.0053473,0.0053473,0.0053473,0.0,0.0,0.0,0.0,4.642e-05,0.0,0.0,0.0,0.001,0.0,0.0,0.0,0.0,0.001,4.642e-05,0.0
24537229.0,4995000000.0,5000000.0,5.0,0.0,0.1287,0.1287,0.1287,0.1287,0.063887,0.063887,0.00055581,0.063887,0.063887,0.0,0.00055581,0.0,0.0,0.0,0.0,0.0,4.642e-05,0.0,0.0,0.0,1e-07,0.0,0.0,0.0,0.0,1e-07,4.642e-05,0.0
24537002.0,4995000000.0,5000000.0,5.0,0.0,0.1287,0.1287,0.1287,0.1287,0.063887,0.063887,5.8431e-05,0.063887,0.063887,5.8431e-05,5.8431e-05,5.8431e-05,0.0,0.0,0.0,0.0,2.154e-10,0.0,0.0,0.0,1e-11,0.0,0.0,0.0,0.0,1e-11,2.154e-10,0.0
24538110.0,4995000000.0,5000000.0,5.0,0.0,0.1287,0.1287,0.1287,0.1287,0.063887,0.063887,0.051109,0.063887,0.063887,0.00055581,0.051109,0.00055581,0.0,0.0,0.0,0.0,4.642e-05,0.0,0.0,0.0,4.642e-09,0.0,0.0,0.0,0.0,4.642e-09,4.642e-05,0.0
24537190.0,4995000000.0,5000000.0,5.0,0.0,0.1287,0.1287,0.1287,0.1287,0.063887,0.063887,5.8431e-05,0.063887,0.063887,0.051109,5.8431e-05,0.051109,0.0,0.0,0.0,0.0,0.001,0.0,0.0,0.0,0.001,0.0,0.0,0.0,0.0,0.001,0.001,0.0
24536409.0,4995000000.0,5000000.0,5.0,0.0,0.1287,0.1287,0.1287,0.1287,0.063887,0.063887,6.3887e-07,0.063887,0.063887,0.0053473,6.3887e-07,0.0053473,0.0,0.0,0.0,0.0,1e-11,0.0,0.0,0.0,4.642e-09,0.0,0.0,0.0,0.0,4.642e-09,1e-11,0.0
24536304.0,4995000000.0,5000000.0,5.0,0.0,0.1287,0.1287,0.1287,0.1287,0.063887,0.063887,6.3887e-07,0.063887,0.063887,6.1098e-06,6.3887e-07,6.1098e-06,0.0,0.0,0.0,0.0,0.001,0.0,0.0,0.0,4.642e-09,0.0,0.0,0.0,0.0,4.642e-09,0.001,0.0
24535858.0,4995000000.0,5000000.0,5.0,0.0,0.1287,0.1287,0.1287,0.1287,0.063887,0.063887,0.0,0.063887,0.063887,0.0,0.0,0.0,0.0,0.0,0.0,0.0,4.642e-05,0.0,0.0,0.0,2.154e-06,0.0,0.0,0.0,0.0,2.154e-06,4.642e-05,0.0
24536936.0,4995000000.0,5000000.0,5.0,0.0,0.1287,0.1287,0.1287,0.1287,0.063887,0.063887,5.8431e-05,0.063887,0.063887,6.3887e-07,5.8431e-05,6.3887e-07,0.0,0.0,0.0,0.0,4.642e-05,0.0,0.0,0.0,2.154e-06,0.0,0.0,0.0,0.0,2.154e-06,4.642e-05,0.0
24536736.0,4995000000.0,5000000.0,5.0,0.0,0.1287,0.1287,0.1287,0.1287,0.063887,0.063887,6.1098e-06,0.063887,0.063887,0.00055581,6.1098e-06,0.00055581,0.0,0.0,0.0,0.0,4.642e-05,0.0,0.0,0.0,1e-11,0.0,0.0,0.0,0.0,1e-11,4.642e-05,0.0
24536545.0,4995000000.0,5000000.0,5.0,0.0,0.1287,0.1287,0.1287,0.1287,0.063887,0.063887,6.1098e-06,0.063887,0.063887,0.0,6.1098e-06,0.0,0.0,0.0,0.0,0.0,4.642e-05,0.0,0.0,0.0,4.642e-05,0.0,0.0,0.0,0.0,4.642e-05,4.642e-05,0.0
24536840.0,4995000000.0,5000000.0,5.0,0.0,0.1287,0.1287,0.1287,0.1287,0.063887,0.063887,6.1098e-06,0.063887,0.063887,0.051109,6.1098e-06,0.051109,0.0,0.0,0.0,0.0,4.642e-05,0.0,0.0,0.0,0.001,0.0,0.0,0.0,0.0,0.001,4.642e-05,0.0
24537362.0,4995000000.0,5000000.0,5.0,0.0,0.1287,0.1287,0.1287,0.1287,0.063887,0.063887,0.00055581,0.063887,0.063887,5.8431e-05,0.00055581,5.8431e-05,0.0,0.0,0.0,0.0,1e-07,0.0,0.0,0.0,1e-07,0.0,0.0,0.0,0.0,1e-07,1e-07,0.0
24537353.0,4995000000.0,5000000.0,5.0,0.0,0.1287,0.1287,0.1287,0.1287,0.063887,0.063887,0.00055581,0.063887,0.063887,5.8431e-05,0.00055581,5.8431e-05,0.0,0.0,0.0,0.0,4.642e-09,0.0,0.0,0.0,2.154e-10,0.0,0.0,0.0,0.0,2.154e-10,4.642e-09,0.0
24535915.0,4995000000.0,5000000.0,5.0,0.0,0.1287,0.1287,0.1287,0.1287,0.063887,0.063887,0.0,0.063887,0.063887,6.3887e-07,0.0,6.3887e-07,0.0,0.0,0.0,0.0,0.001,0.0,0.0,0.0,4.642e-05,0.0,0.0,0.0,0.0,4.642e-05,0.001,0.0
24537242.0,4995000000.0,5000000.0,5.0,0.0,0.1287,0.1287,0.1287,0.1287,0.063887,0.063887,0.00055581,0.063887,0.063887,6.3887e-07,0.00055581,6.3887e-07,0.0,0.0,0.0,0.0,1e-11,0.0,0.0,0.0,4.642e-09,0.0,0.0,0.0,0.0,4.642e-09,1e-11,0.0
24536146.0,4995000000.0,5000000.0,5.0,0.0,0.1287,0.1287,0.1287,0.1287,0.063887,0.063887,0.0,0.063887,0.063887,0.051109,0.0,0.051109,0.0,0.0,0.0,0.0,2.154e-06,0.0,0.0,0.0,4.642e-05,0.0,0.0,0.0,0.0,4.642e-05,2.154e-06,0.0
24536775.0,4995000000.0,5000000.0,5.0,0.0,0.1287,0.1287,0.1287,0.1287,0.063887,0.063887,6.1098e-06,0.063887,0.063887,0.0053473,6.1098e-06,0.0053473,0.0,0.0,0.0,0.0,1e-07,0.0,0.0,0.0,2.154e-06,0.0,0.0,0.0,0.0,2.154e-06,1e-07,0.0
24536683.0,4995000000.0,5000000.0,5.0,0.0,0.1287,0.1287,0.1287,0.1287,0.063887,0.063887,6.1098e-06,0.063887,0.063887,5.8431e-05,6.1098e-06,5.8431e-05,0.0,0.0,0.0,0.0,2.154e-06,0.0,0.0,0.0,1e-07,0.0,0.0,0.0,0.0,1e-07,2.154e-06,0.0
24537335.0,4995000000.0,5000000.0,5.0,0.0,0.1287,0.1287,0.1287,0.1287,0.063887,0.063887,0.00055581,0.063887,0.063887,6.1098e-06,0.00055581,6.1098e-06,0.0,0.0,0.0,0.0,0.001,0.0,0.0,0.0,2.154e-06,0.0,0.0,0.0,0.0,2.154e-06,0.001,0.0
24537943.0,4995000000.0,5000000.0,5.0,0.0,0.1287,0.1287,0.1287,0.1287,0.063887,0.063887,0.051109,0.063887,0.063887,6.3887e-07,0.051109,6.3887e-07,0.0,0.0,0.0,0.0,4.642e-09,0.0,0.0,0.0,1e-07,0.0,0.0,0.0,0.0,1e-07,4.642e-09,0.0
24537051.0,4995000000.0,5000000.0,5.0,0.0,0.1287,0.1287,0.1287,0.1287,0.063887,0.063887,5.8431e-05,0.063887,0.063887,0.00055581,5.8431e-05,0.00055581,0.0,0.0,0.0,0.0,2.154e-10,0.0,0.0,0.0,1e-11,0.0,0.0,0.0,0.0,1e-11,2.154e-10,0.0
24535844.0,4995000000.0,5000000.0,5.0,0.0,0.1287,0.1287,0.1287,0.1287,0.063887,0.063887,0.0,0.063887,0.063887,0.0,0.0,0.0,0.0,0.0,0.0,0.0,1e-07,0.0,0.0,0.0,2.154e-06,0.0,0.0,0.0,0.0,2.154e-06,1e-07,0.0
24537871.0,4995000000.0,5000000.0,5.0,0.0,0.1287,0.1287,0.1287,0.1287,0.063887,0.063887,0.0053473,0.063887,0.063887,0.051109,0.0053473,0.051109,0.0,0.0,0.0,0.0,0.001,0.0,0.0,0.0,2.154e-10,0.0,0.0,0.0,0.0,2.154e-10,0.001,0.0
24537349.0,4995000000.0,5000000.0,5.0,0.0,0.1287,0.1287,0.1287,0.1287,0.063887,0.063887,0.00055581,0.063887,0.063887,5.8431e-05,0.00055581,5.8431e-05,0.0,0.0,0.0,0.0,2.154e-10,0.0,0.0,0.0,2.154e-06,0.0,0.0,0.0,0.0,2.154e-06,2.154e-10,0.0
24537084.0,4995000000.0,5000000.0,5.0,0.0,0.1287,0.1287,0.1287,0.1287,0.063887,0.063887,5.8431e-05,0.063887,0.063887,0.00055581,5.8431e-05,0.00055581,0.0,0.0,0.0,0.0,4.642e-05,0.0,0.0,0.0,4.642e-05,0.0,0.0,0.0,0.0,4.642e-05,4.642e-05,0.0
24538193.0,4995000000.0,5000000.0,5.0,0.0,0.1287,0.1287,0.1287,0.1287,0.063887,0.063887,0.051109,0.063887,0.063887,0.051109,0.051109,0.051109,0.0,0.0,0.0,0.0,1e-07,0.0,0.0,0.0,2.154e-10,0.0,0.0,0.0,0.0,2.154e-10,1e-07,0.0
24535926.0,4995000000.0,5000000.0,5.0,0.0,0.1287,0.1287,0.1287,0.1287,0.063887,0.063887,0.0,0.063887,0.063887,6.1098e-06,0.0,6.1098e-06,0.0,0.0,0.0,0.0,2.154e-10,0.0,0.0,0.0,4.642e-09,0.0,0.0,0.0,0.0,4.642e-09,2.154e-10,0.0
24537676.0,4995000000.0,5000000.0,5.0,0.0,0.1287,0.1287,0.1287,0.1287,0.063887,0.063887,0.0053473,0.063887,0.063887,6.1098e-06,0.0053473,6.1098e-06,0.0,0.0,0.0,0.0,0.001,0.0,0.0,0.0,4.642e-09,0.0,0.0,0.0,0.0,4.642e-09,0.001,0.0
24536586.0,4995000000.0,5000000.0,5.0,0.0,0.1287,0.1287,0.1287,0.1287,0.063887,0.063887,6.1098e-06,0.063887,0.063887,6.3887e-07,6.1098e-06,6.3887e-07,0.0,0.0,0.0,0.0,2.154e-06,0.0,0.0,0.0,2.154e-06,0.0,0.0,0.0,0.0,2.154e-06,2.154e-06,0.0
24536144.0,4995000000.0,5000000.0,5.0,0.0,0.1287,0.1287,0.1287,0.1287,0.063887,0.063887,0.0,0.063887,0.063887,0.051109,0.0,0.051109,0.0,0.0,0.0,0.0,2.154e-06,0.0,0.0,0.0,1e-07,0.0,0.0,0.0,0.0,1e-07,2.154e-06,0.0
24538196.0,4995000000.0,5000000.0,5.0,0.0,0.1287,0.1287,0.1287,0.1287,0.063887,0.063887,0.051109,0.063887,0.063887,0.051109,0.051109,0.051109,0.0,0.0,0.0,0.0,1e-07,0.0,0.0,0.0,2.154e-06,0.0,0.0,0.0,0.0,2.154e-06,1e-07,0.0
24536261.0,4995000000.0,5000000.0,5.0,0.0,0.1287,0.1287,0.1287,0.1287,0.063887,0.063887,6.3887e-07,0.063887,0.063887,6.1098e-06,6.3887e-07,6.1098e-06,0.0,0.0,0.0,0.0,1e-11,0.0,0.0,0.0,2.154e-10,0.0,0.0,0.0,0.0,2.154e-10,1e-11,0.0
24536443.0,4995000000.0,5000000.0,5.0,0.0,0.1287,0.1287,0.1287,0.1287,0.063887,0.063887,6.3887e-07,0.063887,0.063887,0.0053473,6.3887e-07,0.0053473,0.0,0.0,0.0,0.0,4.642e-05,0.0,0.0,0.0,2.154e-10,0.0,0.0,0.0,0.0,2.154e-10,4.642e-05,0.0
24536224.0,4995000000.0,5000000.0,5.0,0.0,0.1287,0.1287,0.1287,0.1287,0.063887,0.063887,6.3887e-07,0.063887,0.063887,6.3887e-07,6.3887e-07,6.3887e-07,0.0,0.0,0.0,0.0,2.154e-10,0.0,0.0,0.0,0.001,0.0,0.0,0.0,0.0,0.001,2.154e-10,0.0
24537622.0,4995000000.0,5000000.0,5.0,0.0,0.1287,0.1287,0.1287,0.1287,0.063887,0.063887,0.0053473,0.063887,0.063887,6.3887e-07,0.0053473,6.3887e-07,0.0,0.0,0.0,0.0,4.642e-05,0.0,0.0,0.0,2.154e-06,0.0,0.0,0.0,0.0,2.154e-06,4.642e-05,0.0
24537096.0,4995000000.0,5000000.0,5.0,0.0,0.1287,0.1287,0.1287,0.1287,0.063887,0.063887,5.8431e-05,0.063887,0.063887,0.0053473,5.8431e-05,0.0053473,0.0,0.0,0.0,0.0,1e-11,0.0,0.0,0.0,1e-07,0.0,0.0,0.0,0.0,1e-07,1e-11,0.0
24537122.0,4995000000.0,5000000.0,5.0,0.0,0.1287,0.1287,0.1287,0.1287,0.063887,0.063887,5.8431e-05,0.063887,0.063887,0.0053473,5.8431e-05,0.0053473,0.0,0.0,0.0,0.0,2.154e-06,0.0,0.0,0.0,2.154e-10,0.0,0.0,0.0,0.0,2.154e-10,2.154e-06,0.0
24538185.0,4995000000.0,5000000.0,5.0,0.0,0.1287,0.1287,0.1287,0.1287,0.063887,0.063887,0.051109,0.063887,0.063887,0.051109,0.051109,0.051109,0.0,0.0,0.0,0.0,4.642e-09,0.0,0.0,0.0,1e-11,0.0,0.0,0.0,0.0,1e-11,4.642e-09,0.0
24537908.0,4995000000.0,5000000.0,5.0,0.0,0.1287,0.1287,0.1287,0.1287,0.063887,0.063887,0.051109,0.063887,0.063887,0.0,0.051109,0.0,0.0,0.0,0.0,0.0,2.154e-06,0.0,0.0,0.0,1e-07,0.0,0.0,0.0,0.0,1e-07,2.154e-06,0.0
24535819.0,4995000000.0,5000000.0,5.0,0.0,0.1287,0.1287,0.1287,0.1287,0.063887,0.063887,0.0,0.063887,0.063887,0.0,0.0,0.0,0.0,0.0,0.0,0.0,1e-11,0.0,0.0,0.0,1e-11,0.0,0.0,0.0,0.0,1e-11,1e-11,0.0
24535967.0,4995000000.0,5000000.0,5.0,0.0,0.1287,0.1287,0.1287,0.1287,0.063887,0.063887,0.0,0.063887,0.063887,5.8431e-05,0.0,5.8431e-05,0.0,0.0,0.0,0.0,1e-11,0.0,0.0,0.0,2.154e-10,0.0,0.0,0.0,0.0,2.154e-10,1e-11,0.0
24536887.0,4995000000.0,5000000.0,5.0,0.0,0.1287,0.1287,0.1287,0.1287,0.063887,0.063887,5.8431e-05,0.063887,0.063887,0.0,5.8431e-05,0.0,0.0,0.0,0.0,0.0,4.642e-05,0.0,0.0,0.0,2.154e-06,0.0,0.0,0.0,0.0,2.154e-06,4.642e-05,0.0
24536787.0,4995000000.0,5000000.0,5.0,0.0,0.1287,0.1287,0.1287,0.1287,0.063887,0.063887,6.1098e-06,0.063887,0.063887,0.0053473,6.1098e-06,0.0053473,0.0,0.0,0.0,0.0,4.642e-05,0.0,0.0,0.0,4.642e-09,0.0,0.0,0.0,0.0,4.642e-09,4.642e-05,0.0
24536414.0,4995000000.0,5000000.0,5.0,0.0,0.1287,0.1287,0.1287,0.1287,0.063887,0.063887,6.3887e-07,0.063887,0.063887,0.0053473,6.3887e-07,0.0053473,0.0,0.0,0.0,0.0,2.154e-10,0.0,0.0,0.0,1e-11,0.0,0.0,0.0,0.0,1e-11,2.154e-10,0.0
24538176.0,4995000000.0,5000000.0,5.0,0.0,0.1287,0.1287,0.1287,0.1287,0.063887,0.063887,0.051109,0.063887,0.063887,0.051109,0.051109,0.051109,0.0,0.0,0.0,0.0,1e-11,0.0,0.0,0.0,4.642e-05,0.0,0.0,0.0,0.0,4.642e-05,1e-11,0.0
24536329.0,4995000000.0,5000000.0,5.0,0.0,0.1287,0.1287,0.1287,0.1287,0.063887,0.063887,6.3887e-07,0.063887,0.063887,5.8431e-05,6.3887e-07,5.8431e-05,0.0,0.0,0.0,0.0,4.642e-09,0.0,0.0,0.0,0.001,0.0,0.0,0.0,0.0,0.001,4.642e-09,0.0
24538173.0,4995000000.0,5000000.0,5.0,0.0,0.1287,0.1287,0.1287,0.1287,0.063887,0.063887,0.051109,0.063887,0.063887,0.051109,0.051109,0.051109,0.0,0.0,0.0,0.0,1e-11,0.0,0.0,0.0,4.642e-09,0.0,0.0,0.0,0.0,4.642e-09,1e-11,0.0
24537384.0,4995000000.0,5000000.0,5.0,0.0,0.1287,0.1287,0.1287,0.1287,0.063887,0.063887,0.00055581,0.063887,0.063887,5.8431e-05,0.00055581,5.8431e-05,0.0,0.0,0.0,0.0,0.001,0.0,0.0,0.0,2.154e-06,0.0,0.0,0.0,0.0,2.154e-06,0.001,0.0
24537491.0,4995000000.0,5000000.0,5.0,0.0,0.1287,0.1287,0.1287,0.1287,0.063887,0.063887,0.00055581,0.063887,0.063887,0.051109,0.00055581,0.051109,0.0,0.0,0.0,0.0,1e-11,0.0,0.0,0.0,0.001,0.0,0.0,0.0,0.0,0.001,1e-11,0.0
24536785.0,4995000000.0,5000000.0,5.0,0.0,0.1287,0.1287,0.1287,0.1287,0.063887,0.063887,6.1098e-06,0.063887,0.063887,0.0053473,6.1098e-06,0.0053473,0.0,0.0,0.0,0.0,4.642e-05,0.0,0.0,0.0,1e-11,0.0,0.0,0.0,0.0,1e-11,4.642e-05,0.0
24536990.0,4995000000.0,5000000.0,5.0,0.0,0.1287,0.1287,0.1287,0.1287,0.063887,0.063887,5.8431e-05,0.063887,0.063887,6.1098e-06,5.8431e-05,6.1098e-06,0.0,0.0,0.0,0.0,0.001,0.0,0.0,0.0,4.642e-09,0.0,0.0,0.0,0.0,4.642e-09,0.001,0.0
24537565.0,4995000000.0,5000000.0,5.0,0.0,0.1287,0.1287,0.1287,0.1287,0.063887,0.063887,0.0053473,0.063887,0.063887,0.0,0.0053473,0.0,0.0,0.0,0.0,0.0,2.154e-06,0.0,0.0,0.0,1e-07,0.0,0.0,0.0,0.0,1e-07,2.154e-06,0.0
24538001.0,4995000000.0,5000000.0,5.0,0.0,0.1287,0.1287,0.1287,0.1287,0.063887,0.063887,0.051109,0.063887,0.063887,6.1098e-06,0.051109,6.1098e-06,0.0,0.0,0.0,0.0,1e-07,0.0,0.0,0.0,4.642e-05,0.0,0.0,0.0,0.0,4.642e-05,1e-07,0.0
24536900.0,4995000000.0,5000000.0,5.0,0.0,0.1287,0.1287,0.1287,0.1287,0.063887,0.063887,5.8431e-05,0.063887,0.063887,6.3887e-07,5.8431e-05,6.3887e-07,0.0,0.0,0.0,0.0,1e-11,0.0,0.0,0.0,1e-07,0.0,0.0,0.0,0.0,1e-07,1e-11,0.0
24538029.0,4995000000.0,5000000.0,5.0,0.0,0.1287,0.1287,0.1287,0.1287,0.063887,0.063887,0.051109,0.063887,0.063887,5.8431e-05,0.051109,5.8431e-05,0.0,0.0,0.0,0.0,1e-11,0.0,0.0,0.0,4.642e-05,0.0,0.0,0.0,0.0,4.642e-05,1e-11,0.0
24536213.0,4995000000.0,5000000.0,5.0,0.0,0.1287,0.1287,0.1287,0.1287,0.063887,0.063887,6.3887e-07,0.063887,0.063887,6.3887e-07,6.3887e-07,6.3887e-07,0.0,0.0,0.0,0.0,1e-11,0.0,0.0,0.0,4.642e-09,0.0,0.0,0.0,0.0,4.642e-09,1e-11,0.0
24536122.0,4995000000.0,5000000.0,5.0,0.0,0.1287,0.1287,0.1287,0.1287,0.063887,0.063887,0.0,0.063887,0.063887,0.051109,0.0,0.051109,0.0,0.0,0.0,0.0,2.154e-10,0.0,0.0,0.0,4.642e-09,0.0,0.0,0.0,0.0,4.642e-09,2.154e-10,0.0
24537800.0,4995000000.0,5000000.0,5.0,0.0,0.1287,0.1287,0.1287,0.1287,0.063887,0.063887,0.0053473,0.063887,0.063887,0.0053473,0.0053473,0.0053473,0.0,0.0,0.0,0.0,1e-07,0.0,0.0,0.0,1e-11,0.0,0.0,0.0,0.0,1e-11,1e-07,0.0
24537113.0,4995000000.0,5000000.0,5.0,0.0,0.1287,0.1287,0.1287,0.1287,0.063887,0.063887,5.8431e-05,0.063887,0.063887,0.0053473,5.8431e-05,0.0053473,0.0,0.0,0.0,0.0,4.642e-09,0.0,0.0,0.0,0.001,0.0,0.0,0.0,0.0,0.001,4.642e-09,0.0
24537095.0,4995000000.0,5000000.0,5.0,0.0,0.1287,0.1287,0.1287,0.1287,0.063887,0.063887,5.8431e-05,0.063887,0.063887,0.0053473,5.8431e-05,0.0053473,0.0,0.0,0.0,0.0,1e-11,0.0,0.0,0.0,4.642e-09,0.0,0.0,0.0,0.0,4.642e-09,1e-11,0.0
24537087.0,4995000000.0,5000000.0,5.0,0.0,0.1287,0.1287,0.1287,0.1287,0.063887,0.063887,5.8431e-05,0.063887,0.063887,0.00055581,5.8431e-05,0.00055581,0.0,0.0,0.0,0.0,0.001,0.0,0.0,0.0,2.154e-10,0.0,0.0,0.0,0.0,2.154e-10,0.001,0.0
24536381.0,4995000000.0,5000000.0,5.0,0.0,0.1287,0.1287,0.1287,0.1287,0.063887,0.063887,6.3887e-07,0.063887,0.063887,0.00055581,6.3887e-07,0.00055581,0.0,0.0,0.0,0.0,1e-07,0.0,0.0,0.0,4.642e-09,0.0,0.0,0.0,0.0,4.642e-09,1e-07,0.0
24537020.0,4995000000.0,5000000.0,5.0,0.0,0.1287,0.1287,0.1287,0.1287,0.063887,0.063887,5.8431e-05,0.063887,0.063887,5.8431e-05,5.8431e-05,5.8431e-05,0.0,0.0,0.0,0.0,1e-07,0.0,0.0,0.0,2.154e-06,0.0,0.0,0.0,0.0,2.154e-06,1e-07,0.0
24536345.0,4995000000.0,5000000.0,5.0,0.0,0.1287,0.1287,0.1287,0.1287,0.063887,0.063887,6.3887e-07,0.063887,0.063887,5.8431e-05,6.3887e-07,5.8431e-05,0.0,0.0,0.0,0.0,4.642e-05,0.0,0.0,0.0,2.154e-10,0.0,0.0,0.0,0.0,2.154e-10,4.642e-05,0.0
24536652.0,4995000000.0,5000000.0,5.0,0.0,0.1287,0.1287,0.1287,0.1287,0.063887,0.063887,6.1098e-06,0.063887,0.063887,5.8431e-05,6.1098e-06,5.8431e-05,0.0,0.0,0.0,0.0,1e-11,0.0,0.0,0.0,1e-11,0.0,0.0,0.0,0.0,1e-11,1e-11,0.0
24537580.0,4995000000.0,5000000.0,5.0,0.0,0.1287,0.1287,0.1287,0.1287,0.063887,0.063887,0.0053473,0.063887,0.063887,0.0,0.0053473,0.0,0.0,0.0,0.0,0.0,0.001,0.0,0.0,0.0,2.154e-06,0.0,0.0,0.0,0.0,2.154e-06,0.001,0.0
24536603.0,4995000000.0,5000000.0,5.0,0.0,0.1287,0.1287,0.1287,0.1287,0.063887,0.063887,6.1098e-06,0.063887,0.063887,6.1098e-06,6.1098e-06,6.1098e-06,0.0,0.0,0.0,0.0,1e-11,0.0,0.0,0.0,1e-11,0.0,0.0,0.0,0.0,1e-11,1e-11,0.0
24536692.0,4995000000.0,5000000.0,5.0,0.0,0.1287,0.1287,0.1287,0.1287,0.063887,0.063887,6.1098e-06,0.063887,0.063887,5.8431e-05,6.1098e-06,5.8431e-05,0.0,0.0,0.0,0.0,4.642e-05,0.0,0.0,0.0,4.642e-05,0.0,0.0,0.0,0.0,4.642e-05,4.642e-05,0.0
24537670.0,4995000000.0,5000000.0,5.0,0.0,0.1287,0.1287,0.1287,0.1287,0.063887,0.063887,0.0053473,0.063887,0.063887,6.1098e-06,0.0053473,6.1098e-06,0.0,0.0,0.0,0.0,4.642e-05,0.0,0.0,0.0,1e-07,0.0,0.0,0.0,0.0,1e-07,4.642e-05,0.0
24536070.0,4995000000.0,5000000.0,5.0,0.0,0.1287,0.1287,0.1287,0.1287,0.063887,0.063887,0.0,0.063887,0.063887,0.0053473,0.0,0.0053473,0.0,0.0,0.0,0.0,1e-11,0.0,0.0,0.0,0.001,0.0,0.0,0.0,0.0,0.001,1e-11,0.0
24536969.0,4995000000.0,5000000.0,5.0,0.0,0.1287,0.1287,0.1287,0.1287,0.063887,0.063887,5.8431e-05,0.063887,0.063887,6.1098e-06,5.8431e-05,6.1098e-06,0.0,0.0,0.0,0.0,1e-07,0.0,0.0,0.0,4.642e-09,0.0,0.0,0.0,0.0,4.642e-09,1e-07,0.0
24537328.0,4995000000.0,5000000.0,5.0,0.0,0.1287,0.1287,0.1287,0.1287,0.063887,0.063887,0.00055581,0.063887,0.063887,6.1098e-06,0.00055581,6.1098e-06,0.0,0.0,0.0,0.0,4.642e-05,0.0,0.0,0.0,2.154e-06,0.0,0.0,0.0,0.0,2.154e-06,4.642e-05,0.0
24536670.0,4995000000.0,5000000.0,5.0,0.0,0.1287,0.1287,0.1287,0.1287,0.063887,0.063887,6.1098e-06,0.063887,0.063887,5.8431e-05,6.1098e-06,5.8431e-05,0.0,0.0,0.0,0.0,4.642e-09,0.0,0.0,0.0,2.154e-06,0.0,0.0,0.0,0.0,2.154e-06,4.642e-09,0.0
24536219.0,4995000000.0,5000000.0,5.0,0.0,0.1287,0.1287,0.1287,0.1287,0.063887,0.063887,6.3887e-07,0.063887,0.063887,6.3887e-07,6.3887e-07,6.3887e-07,0.0,0.0,0.0,0.0,2.154e-10,0.0,0.0,0.0,2.154e-10,0.0,0.0,0.0,0.0,2.154e-10,2.154e-10,0.0
24535831.0,4995000000.0,5000000.0,5.0,0.0,0.1287,0.1287,0.1287,0.1287,0.063887,0.063887,0.0,0.063887,0.063887,0.0,0.0,0.0,0.0,0.0,0.0,0.0,2.154e-10,0.0,0.0,0.0,4.642e-05,0.0,0.0,0.0,0.0,4.642e-05,2.154e-10,0.0
24537289.0,4995000000.0,5000000.0,5.0,0.0,0.1287,0.1287,0.1287,0.1287,0.063887,0.063887,0.00055581,0.063887,0.063887,6.1098e-06,0.00055581,6.1098e-06,0.0,0.0,0.0,0.0,1e-11,0.0,0.0,0.0,1e-11,0.0,0.0,0.0,0.0,1e-11,1e-11,0.0
24537798.0,4995000000.0,5000000.0,5.0,0.0,0.1287,0.1287,0.1287,0.1287,0.063887,0.063887,0.0053473,0.063887,0.063887,0.0053473,0.0053473,0.0053473,0.0,0.0,0.0,0.0,4.642e-09,0.0,0.0,0.0,4.642e-05,0.0,0.0,0.0,0.0,4.642e-05,4.642e-09,0.0
24536290.0,4995000000.0,5000000.0,5.0,0.0,0.1287,0.1287,0.1287,0.1287,0.063887,0.063887,6.3887e-07,0.063887,0.063887,6.1098e-06,6.3887e-07,6.1098e-06,0.0,0.0,0.0,0.0,2.154e-06,0.0,0.0,0.0,4.642e-09,0.0,0.0,0.0,0.0,4.642e-09,2.154e-06,0.0
24538007.0,4995000000.0,5000000.0,5.0,0.0,0.1287,0.1287,0.1287,0.1287,0.063887,0.063887,0.051109,0.063887,0.063887,6.1098e-06,0.051109,6.1098e-06,0.0,0.0,0.0,0.0,2.154e-06,0.0,0.0,0.0,2.154e-06,0.0,0.0,0.0,0.0,2.154e-06,2.154e-06,0.0
24537063.0,4995000000.0,5000000.0,5.0,0.0,0.1287,0.1287,0.1287,0.1287,0.063887,0.063887,5.8431e-05,0.063887,0.063887,0.00055581,5.8431e-05,0.00055581,0.0,0.0,0.0,0.0,4.642e-09,0.0,0.0,0.0,4.642e-05,0.0,0.0,0.0,0.0,4.642e-05,4.642e-09,0.0
24537451.0,4995000000.0,5000000.0,5.0,0.0,0.1287,0.1287,0.1287,0.1287,0.063887,0.063887,0.00055581,0.063887,0.063887,0.0053473,0.00055581,0.0053473,0.0,0.0,0.0,0.0,4.642e-09,0.0,0.0,0.0,2.154e-10,0.0,0.0,0.0,0.0,2.154e-10,4.642e-09,0.0
24537019.0,4995000000.0,5000000.0,5.0,0.0,0.1287,0.1287,0.1287,0.1287,0.063887,0.063887,5.8431e-05,0.063887,0.063887,5.8431e-05,5.8431e-05,5.8431e-05,0.0,0.0,0.0,0.0,1e-07,0.0,0.0,0.0,1e-07,0.0,0.0,0.0,0.0,1e-07,1e-07,0.0
24536119.0,4995000000.0,5000000.0,5.0,0.0,0.1287,0.1287,0.1287,0.1287,0.063887,0.063887,0.0,0.063887,0.063887,0.051109,0.0,0.051109,0.0,0.0,0.0,0.0,1e-11,0.0,0.0,0.0,0.001,0.0,0.0,0.0,0.0,0.001,1e-11,0.0
24536635.0,4995000000.0,5000000.0,5.0,0.0,0.1287,0.1287,0.1287,0.1287,0.063887,0.063887,6.1098e-06,0.063887,0.063887,6.1098e-06,6.1098e-06,6.1098e-06,0.0,0.0,0.0,0.0,2.154e-06,0.0,0.0,0.0,2.154e-06,0.0,0.0,0.0,0.0,2.154e-06,2.154e-06,0.0
24537764.0,4995000000.0,5000000.0,5.0,0.0,0.1287,0.1287,0.1287,0.1287,0.063887,0.063887,0.0053473,0.063887,0.063887,0.00055581,0.0053473,0.00055581,0.0,0.0,0.0,0.0,2.154e-06,0.0,0.0,0.0,0.001,0.0,0.0,0.0,0.0,0.001,2.154e-06,0.0
24536673.0,4995000000.0,5000000.0,5.0,0.0,0.1287,0.1287,0.1287,0.1287,0.063887,0.063887,6.1098e-06,0.063887,0.063887,5.8431e-05,6.1098e-06,5.8431e-05,0.0,0.0,0.0,0.0,1e-07,0.0,0.0,0.0,1e-11,0.0,0.0,0.0,0.0,1e-11,1e-07,0.0
24536825.0,4995000000.0,5000000.0,5.0,0.0,0.1287,0.1287,0.1287,0.1287,0.063887,0.063887,6.1098e-06,0.063887,0.063887,0.051109,6.1098e-06,0.051109,0.0,0.0,0.0,0.0,1e-07,0.0,0.0,0.0,4.642e-05,0.0,0.0,0.0,0.0,4.642e-05,1e-07,0.0
24537226.0,4995000000.0,5000000.0,5.0,0.0,0.1287,0.1287,0.1287,0.1287,0.063887,0.063887,0.00055581,0.063887,0.063887,0.0,0.00055581,0.0,0.0,0.0,0.0,0.0,4.642e-05,0.0,0.0,0.0,1e-11,0.0,0.0,0.0,0.0,1e-11,4.642e-05,0.0
24537865.0,4995000000.0,5000000.0,5.0,0.0,0.1287,0.1287,0.1287,0.1287,0.063887,0.063887,0.0053473,0.063887,0.063887,0.051109,0.0053473,0.051109,0.0,0.0,0.0,0.0,4.642e-05,0.0,0.0,0.0,4.642e-09,0.0,0.0,0.0,0.0,4.642e-09,4.642e-05,0.0
24538093.0,4995000000.0,5000000.0,5.0,0.0,0.1287,0.1287,0.1287,0.1287,0.063887,0.063887,0.051109,0.063887,0.063887,0.00055581,0.051109,0.00055581,0.0,0.0,0.0,0.0,4.642e-09,0.0,0.0,0.0,0.001,0.0,0.0,0.0,0.0,0.001,4.642e-09,0.0
24536958.0,4995000000.0,5000000.0,5.0,0.0,0.1287,0.1287,0.1287,0.1287,0.063887,0.063887,5.8431e-05,0.063887,0.063887,6.1098e-06,5.8431e-05,6.1098e-06,0.0,0.0,0.0,0.0,2.154e-10,0.0,0.0,0.0,4.642e-05,0.0,0.0,0.0,0.0,4.642e-05,2.154e-10,0.0
24536835.0,4995000000.0,5000000.0,5.0,0.0,0.1287,0.1287,0.1287,0.1287,0.063887,0.063887,6.1098e-06,0.063887,0.063887,0.051109,6.1098e-06,0.051109,0.0,0.0,0.0,0.0,4.642e-05,0.0,0.0,0.0,2.154e-10,0.0,0.0,0.0,0.0,2.154e-10,4.642e-05,0.0
24536038.0,4995000000.0,5000000.0,5.0,0.0,0.1287,0.1287,0.1287,0.1287,0.063887,0.063887,0.0,0.063887,0.063887,0.00055581,0.0,0.00055581,0.0,0.0,0.0,0.0,1e-07,0.0,0.0,0.0,4.642e-09,0.0,0.0,0.0,0.0,4.642e-09,1e-07,0.0
24537191.0,4995000000.0,5000000.0,5.0,0.0,0.1287,0.1287,0.1287,0.1287,0.063887,0.063887,0.00055581,0.063887,0.063887,0.0,0.00055581,0.0,0.0,0.0,0.0,0.0,1e-11,0.0,0.0,0.0,1e-11,0.0,0.0,0.0,0.0,1e-11,1e-11,0.0
24535869.0,4995000000.0,5000000.0,5.0,0.0,0.1287,0.1287,0.1287,0.1287,0.063887,0.063887,0.0,0.063887,0.063887,6.3887e-07,0.0,6.3887e-07,0.0,0.0,0.0,0.0,1e-11,0.0,0.0,0.0,2.154e-10,0.0,0.0,0.0,0.0,2.154e-10,1e-11,0.0
24537671.0,4995000000.0,5000000.0,5.0,0.0,0.1287,0.1287,0.1287,0.1287,0.063887,0.063887,0.0053473,0.063887,0.063887,6.1098e-06,0.0053473,6.1098e-06,0.0,0.0,0.0,0.0,4.642e-05,0.0,0.0,0.0,2.154e-06,0.0,0.0,0.0,0.0,2.154e-06,4.642e-05,0.0
24537367.0,4995000000.0,5000000.0,5.0,0.0,0.1287,0.1287,0.1287,0.1287,0.063887,0.063887,0.00055581,0.063887,0.063887,5.8431e-05,0.00055581,5.8431e-05,0.0,0.0,0.0,0.0,2.154e-06,0.0,0.0,0.0,2.154e-10,0.0,0.0,0.0,0.0,2.154e-10,2.154e-06,0.0
24537560.0,4995000000.0,5000000.0,5.0,0.0,0.1287,0.1287,0.1287,0.1287,0.063887,0.063887,0.0053473,0.063887,0.063887,0.0,0.0053473,0.0,0.0,0.0,0.0,0.0,1e-07,0.0,0.0,0.0,4.642e-05,0.0,0.0,0.0,0.0,4.642e-05,1e-07,0.0
24537515.0,4995000000.0,5000000.0,5.0,0.0,0.1287,0.1287,0.1287,0.1287,0.063887,0.063887,0.00055581,0.063887,0.063887,0.051109,0.00055581,0.051109,0.0,0.0,0.0,0.0,2.154e-06,0.0,0.0,0.0,4.642e-09,0.0,0.0,0.0,0.0,4.642e-09,2.154e-06,0.0
24537485.0,4995000000.0,5000000.0,5.0,0.0,0.1287,0.1287,0.1287,0.1287,0.063887,0.063887,0.00055581,0.063887,0.063887,0.051109,0.00055581,0.051109,0.0,0.0,0.0,0.0,1e-11,0.0,0.0,0.0,1e-11,0.0,0.0,0.0,0.0,1e-11,1e-11,0.0
24536016.0,4995000000.0,5000000.0,5.0,0.0,0.1287,0.1287,0.1287,0.1287,0.063887,0.063887,0.0,0.063887,0.063887,0.00055581,0.0,0.00055581,0.0,0.0,0.0,0.0,1e-11,0.0,0.0,0.0,2.154e-10,0.0,0.0,0.0,0.0,2.154e-10,1e-11,0.0
24536164.0,4995000000.0,5000000.0,5.0,0.0,0.1287,0.1287,0.1287,0.1287,0.063887,0.063887,6.3887e-07,0.063887,0.063887,0.0,6.3887e-07,0.0,0.0,0.0,0.0,0.0,1e-11,0.0,0.0,0.0,4.642e-09,0.0,0.0,0.0,0.0,4.642e-09,1e-11,0.0
24536029.0,4995000000.0,5000000.0,5.0,0.0,0.1287,0.1287,0.1287,0.1287,0.063887,0.063887,0.0,0.063887,0.063887,0.00055581,0.0,0.00055581,0.0,0.0,0.0,0.0,4.642e-09,0.0,0.0,0.0,1e-11,0.0,0.0,0.0,0.0,1e-11,4.642e-09,0.0
24536495.0,4995000000.0,5000000.0,5.0,0.0,0.1287,0.1287,0.1287,0.1287,0.063887,0.063887,6.3887e-07,0.063887,0.063887,0.051109,6.3887e-07,0.051109,0.0,0.0,0.0,0.0,4.642e-05,0.0,0.0,0.0,2.154e-06,0.0,0.0,0.0,0.0,2.154e-06,4.642e-05,0.0
24536867.0,4995000000.0,5000000.0,5.0,0.0,0.1287,0.1287,0.1287,0.1287,0.063887,0.063887,5.8431e-05,0.063887,0.063887,0.0,5.8431e-05,0.0,0.0,0.0,0.0,0.0,4.642e-09,0.0,0.0,0.0,4.642e-05,0.0,0.0,0.0,0.0,4.642e-05,4.642e-09,0.0
24536251.0,4995000000.0,5000000.0,5.0,0.0,0.1287,0.1287,0.1287,0.1287,0.063887,0.063887,6.3887e-07,0.063887,0.063887,6.3887e-07,6.3887e-07,6.3887e-07,0.0,0.0,0.0,0.0,4.642e-05,0.0,0.0,0.0,4.642e-05,0.0,0.0,0.0,0.0,4.642e-05,4.642e-05,0.0
24537876.0,4995000000.0,5000000.0,5.0,0.0,0.1287,0.1287,0.1287,0.1287,0.063887,0.063887,0.0053473,0.063887,0.063887,0.051109,0.0053473,0.051109,0.0,0.0,0.0,0.0,0.001,0.0,0.0,0.0,0.001,0.0,0.0,0.0,0.0,0.001,0.001,0.0
24537422.0,4995000000.0,5000000.0,5.0,0.0,0.1287,0.1287,0.1287,0.1287,0.063887,0.063887,0.00055581,0.063887,0.063887,0.00055581,0.00055581,0.00055581,0.0,0.0,0.0,0.0,4.642e-05,0.0,0.0,0.0,1e-11,0.0,0.0,0.0,0.0,1e-11,4.642e-05,0.0
24537396.0,4995000000.0,5000000.0,5.0,0.0,0.1287,0.1287,0.1287,0.1287,0.063887,0.063887,0.00055581,0.063887,0.063887,0.00055581,0.00055581,0.00055581,0.0,0.0,0.0,0.0,2.154e-10,0.0,0.0,0.0,4.642e-09,0.0,0.0,0.0,0.0,4.642e-09,2.154e-10,0.0
24536587.0,4995000000.0,5000000.0,5.0,0.0,0.1287,0.1287,0.1287,0.1287,0.063887,0.063887,6.1098e-06,0.063887,0.063887,6.3887e-07,6.1098e-06,6.3887e-07,0.0,0.0,0.0,0.0,2.154e-06,0.0,0.0,0.0,4.642e-05,0.0,0.0,0.0,0.0,4.642e-05,2.154e-06,0.0
24537079.0,4995000000.0,5000000.0,5.0,0.0,0.1287,0.1287,0.1287,0.1287,0.063887,0.063887,5.8431e-05,0.063887,0.063887,0.00055581,5.8431e-05,0.00055581,0.0,0.0,0.0,0.0,4.642e-05,0.0,0.0,0.0,1e-11,0.0,0.0,0.0,0.0,1e-11,4.642e-05,0.0
24535968.0,4995000000.0,5000000.0,5.0,0.0,0.1287,0.1287,0.1287,0.1287,0.063887,0.063887,0.0,0.063887,0.063887,5.8431e-05,0.0,5.8431e-05,0.0,0.0,0.0,0.0,1e-11,0.0,0.0,0.0,4.642e-09,0.0,0.0,0.0,0.0,4.642e-09,1e-11,0.0
24537969.0,4995000000.0,5000000.0,5.0,0.0,0.1287,0.1287,0.1287,0.1287,0.063887,0.063887,0.051109,0.063887,0.063887,6.3887e-07,0.051109,6.3887e-07,0.0,0.0,0.0,0.0,0.001,0.0,0.0,0.0,2.154e-10,0.0,0.0,0.0,0.0,2.154e-10,0.001,0.0
24537431.0,4995000000.0,5000000.0,5.0,0.0,0.1287,0.1287,0.1287,0.1287,0.063887,0.063887,0.00055581,0.063887,0.063887,0.00055581,0.00055581,0.00055581,0.0,0.0,0.0,0.0,0.001,0.0,0.0,0.0,4.642e-09,0.0,0.0,0.0,0.0,4.642e-09,0.001,0.0
24536168.0,4995000000.0,5000000.0,5.0,0.0,0.1287,0.1287,0.1287,0.1287,0.063887,0.063887,6.3887e-07,0.063887,0.063887,0.0,6.3887e-07,0.0,0.0,0.0,0.0,0.0,1e-11,0.0,0.0,0.0,0.001,0.0,0.0,0.0,0.0,0.001,1e-11,0.0
24537405.0,4995000000.0,5000000.0,5.0,0.0,0.1287,0.1287,0.1287,0.1287,0.063887,0.063887,0.00055581,0.063887,0.063887,0.00055581,0.00055581,0.00055581,0.0,0.0,0.0,0.0,4.642e-09,0.0,0.0,0.0,2.154e-06,0.0,0.0,0.0,0.0,2.154e-06,4.642e-09,0.0
24537222.0,4995000000.0,5000000.0,5.0,0.0,0.1287,0.1287,0.1287,0.1287,0.063887,0.063887,0.00055581,0.063887,0.063887,0.0,0.00055581,0.0,0.0,0.0,0.0,0.0,2.154e-06,0.0,0.0,0.0,1e-07,0.0,0.0,0.0,0.0,1e-07,2.154e-06,0.0
24537631.0,4995000000.0,5000000.0,5.0,0.0,0.1287,0.1287,0.1287,0.1287,0.063887,0.063887,0.0053473,0.063887,0.063887,6.3887e-07,0.0053473,6.3887e-07,0.0,0.0,0.0,0.0,0.001,0.0,0.0,0.0,0.001,0.0,0.0,0.0,0.0,0.001,0.001,0.0
24537745.0,4995000000.0,5000000.0,5.0,0.0,0.1287,0.1287,0.1287,0.1287,0.063887,0.063887,0.0053473,0.063887,0.063887,0.00055581,0.0053473,0.00055581,0.0,0.0,0.0,0.0,4.642e-09,0.0,0.0,0.0,2.154e-10,0.0,0.0,0.0,0.0,2.154e-10,4.642e-09,0.0
24536188.0,4995000000.0,5000000.0,5.0,0.0,0.1287,0.1287,0.1287,0.1287,0.063887,0.063887,6.3887e-07,0.063887,0.063887,0.0,6.3887e-07,0.0,0.0,0.0,0.0,0.0,1e-07,0.0,0.0,0.0,4.642e-05,0.0,0.0,0.0,0.0,4.642e-05,1e-07,0.0
24538041.0,4995000000.0,5000000.0,5.0,0.0,0.1287,0.1287,0.1287,0.1287,0.063887,0.063887,0.051109,0.063887,0.063887,5.8431e-05,0.051109,5.8431e-05,0.0,0.0,0.0,0.0,4.642e-09,0.0,0.0,0.0,1e-07,0.0,0.0,0.0,0.0,1e-07,4.642e-09,0.0
24536140.0,4995000000.0,5000000.0,5.0,0.0,0.1287,0.1287,0.1287,0.1287,0.063887,0.063887,0.0,0.063887,0.063887,0.051109,0.0,0.051109,0.0,0.0,0.0,0.0,1e-07,0.0,0.0,0.0,0.001,0.0,0.0,0.0,0.0,0.001,1e-07,0.0
24537263.0,4995000000.0,5000000.0,5.0,0.0,0.1287,0.1287,0.1287,0.1287,0.063887,0.063887,0.00055581,0.063887,0.063887,6.3887e-07,0.00055581,6.3887e-07,0.0,0.0,0.0,0.0,1e-07,0.0,0.0,0.0,4.642e-09,0.0,0.0,0.0,0.0,4.642e-09,1e-07,0.0
24537337.0,4995000000.0,5000000.0,5.0,0.0,0.1287,0.1287,0.1287,0.1287,0.063887,0.063887,0.00055581,0.063887,0.063887,6.1098e-06,0.00055581,6.1098e-06,0.0,0.0,0.0,0.0,0.001,0.0,0.0,0.0,0.001,0.0,0.0,0.0,0.0,0.001,0.001,0.0
24536282.0,4995000000.0,5000000.0,5.0,0.0,0.1287,0.1287,0.1287,0.1287,0.063887,0.063887,6.3887e-07,0.063887,0.063887,6.1098e-06,6.3887e-07,6.1098e-06,0.0,0.0,0.0,0.0,1e-07,0.0,0.0,0.0,2.154e-10,0.0,0.0,0.0,0.0,2.154e-10,1e-07,0.0
24536110.0,4995000000.0,5000000.0,5.0,0.0,0.1287,0.1287,0.1287,0.1287,0.063887,0.063887,0.0,0.063887,0.063887,0.0053473,0.0,0.0053473,0.0,0.0,0.0,0.0,0.001,0.0,0.0,0.0,2.154e-06,0.0,0.0,0.0,0.0,2.154e-06,0.001,0.0
24537160.0,4995000000.0,5000000.0,5.0,0.0,0.1287,0.1287,0.1287,0.1287,0.063887,0.063887,5.8431e-05,0.063887,0.063887,0.051109,5.8431e-05,0.051109,0.0,0.0,0.0,0.0,4.642e-09,0.0,0.0,0.0,2.154e-06,0.0,0.0,0.0,0.0,2.154e-06,4.642e-09,0.0
24535838.0,4995000000.0,5000000.0,5.0,0.0,0.1287,0.1287,0.1287,0.1287,0.063887,0.063887,0.0,0.063887,0.063887,0.0,0.0,0.0,0.0,0.0,0.0,0.0,4.642e-09,0.0,0.0,0.0,4.642e-05,0.0,0.0,0.0,0.0,4.642e-05,4.642e-09,0.0
24536949.0,4995000000.0,5000000.0,5.0,0.0,0.1287,0.1287,0.1287,0.1287,0.063887,0.063887,5.8431e-05,0.063887,0.063887,6.1098e-06,5.8431e-05,6.1098e-06,0.0,0.0,0.0,0.0,1e-11,0.0,0.0,0.0,1e-07,0.0,0.0,0.0,0.0,1e-07,1e-11,0.0
24537323.0,4995000000.0,5000000.0,5.0,0.0,0.1287,0.1287,0.1287,0.1287,0.063887,0.063887,0.00055581,0.063887,0.063887,6.1098e-06,0.00055581,6.1098e-06,0.0,0.0,0.0,0.0,2.154e-06,0.0,0.0,0.0,0.001,0.0,0.0,0.0,0.0,0.001,2.154e-06,0.0
24536328.0,4995000000.0,5000000.0,5.0,0.0,0.1287,0.1287,0.1287,0.1287,0.063887,0.063887,6.3887e-07,0.063887,0.063887,5.8431e-05,6.3887e-07,5.8431e-05,0.0,0.0,0.0,0.0,4.642e-09,0.0,0.0,0.0,4.642e-05,0.0,0.0,0.0,0.0,4.642e-05,4.642e-09,0.0
24535825.0,4995000000.0,5000000.0,5.0,0.0,0.1287,0.1287,0.1287,0.1287,0.063887,0.063887,0.0,0.063887,0.063887,0.0,0.0,0.0,0.0,0.0,0.0,0.0,1e-11,0.0,0.0,0.0,0.001,0.0,0.0,0.0,0.0,0.001,1e-11,0.0
24536446.0,4995000000.0,5000000.0,5.0,0.0,0.1287,0.1287,0.1287,0.1287,0.063887,0.063887,6.3887e-07,0.063887,0.063887,0.0053473,6.3887e-07,0.0053473,0.0,0.0,0.0,0.0,4.642e-05,0.0,0.0,0.0,2.154e-06,0.0,0.0,0.0,0.0,2.154e-06,4.642e-05,0.0
24537440.0,4995000000.0,5000000.0,5.0,0.0,0.1287,0.1287,0.1287,0.1287,0.063887,0.063887,0.00055581,0.063887,0.063887,0.0053473,0.00055581,0.0053473,0.0,0.0,0.0,0.0,1e-11,0.0,0.0,0.0,2.154e-06,0.0,0.0,0.0,0.0,2.154e-06,1e-11,0.0
24536050.0,4995000000.0,5000000.0,5.0,0.0,0.1287,0.1287,0.1287,0.1287,0.063887,0.063887,0.0,0.063887,0.063887,0.00055581,0.0,0.00055581,0.0,0.0,0.0,0.0,4.642e-05,0.0,0.0,0.0,1e-11,0.0,0.0,0.0,0.0,1e-11,4.642e-05,0.0
24537815.0,4995000000.0,5000000.0,5.0,0.0,0.1287,0.1287,0.1287,0.1287,0.063887,0.063887,0.0053473,0.063887,0.063887,0.0053473,0.0053473,0.0053473,0.0,0.0,0.0,0.0,4.642e-05,0.0,0.0,0.0,2.154e-10,0.0,0.0,0.0,0.0,2.154e-10,4.642e-05,0.0
24537158.0,4995000000.0,5000000.0,5.0,0.0,0.1287,0.1287,0.1287,0.1287,0.063887,0.063887,5.8431e-05,0.063887,0.063887,0.051109,5.8431e-05,0.051109,0.0,0.0,0.0,0.0,4.642e-09,0.0,0.0,0.0,4.642e-09,0.0,0.0,0.0,0.0,4.642e-09,4.642e-09,0.0
24535892.0,4995000000.0,5000000.0,5.0,0.0,0.1287,0.1287,0.1287,0.1287,0.063887,0.063887,0.0,0.063887,0.063887,6.3887e-07,0.0,6.3887e-07,0.0,0.0,0.0,0.0,1e-07,0.0,0.0,0.0,1e-07,0.0,0.0,0.0,0.0,1e-07,1e-07,0.0
24538153.0,4995000000.0,5000000.0,5.0,0.0,0.1287,0.1287,0.1287,0.1287,0.063887,0.063887,0.051109,0.063887,0.063887,0.0053473,0.051109,0.0053473,0.0,0.0,0.0,0.0,2.154e-06,0.0,0.0,0.0,1e-07,0.0,0.0,0.0,0.0,1e-07,2.154e-06,0.0
24537415.0,4995000000.0,5000000.0,5.0,0.0,0.1287,0.1287,0.1287,0.1287,0.063887,0.063887,0.00055581,0.063887,0.063887,0.00055581,0.00055581,0.00055581,0.0,0.0,0.0,0.0,2.154e-06,0.0,0.0,0.0,1e-11,0.0,0.0,0.0,0.0,1e-11,2.154e-06,0.0
24536162.0,4995000000.0,5000000.0,5.0,0.0,0.1287,0.1287,0.1287,0.1287,0.063887,0.063887,6.3887e-07,0.063887,0.063887,0.0,6.3887e-07,0.0,0.0,0.0,0.0,0.0,1e-11,0.0,0.0,0.0,1e-11,0.0,0.0,0.0,0.0,1e-11,1e-11,0.0
24536336.0,4995000000.0,5000000.0,5.0,0.0,0.1287,0.1287,0.1287,0.1287,0.063887,0.063887,6.3887e-07,0.063887,0.063887,5.8431e-05,6.3887e-07,5.8431e-05,0.0,0.0,0.0,0.0,1e-07,0.0,0.0,0.0,0.001,0.0,0.0,0.0,0.0,0.001,1e-07,0.0
24536589.0,4995000000.0,5000000.0,5.0,0.0,0.1287,0.1287,0.1287,0.1287,0.063887,0.063887,6.1098e-06,0.063887,0.063887,6.3887e-07,6.1098e-06,6.3887e-07,0.0,0.0,0.0,0.0,4.642e-05,0.0,0.0,0.0,1e-11,0.0,0.0,0.0,0.0,1e-11,4.642e-05,0.0
24536258.0,4995000000.0,5000000.0,5.0,0.0,0.1287,0.1287,0.1287,0.1287,0.063887,0.063887,6.3887e-07,0.063887,0.063887,6.3887e-07,6.3887e-07,6.3887e-07,0.0,0.0,0.0,0.0,0.001,0.0,0.0,0.0,4.642e-05,0.0,0.0,0.0,0.0,4.642e-05,0.001,0.0
24536365.0,4995000000.0,5000000.0,5.0,0.0,0.1287,0.1287,0.1287,0.1287,0.063887,0.063887,6.3887e-07,0.063887,0.063887,0.00055581,6.3887e-07,0.00055581,0.0,0.0,0.0,0.0,2.154e-10,0.0,0.0,0.0,1e-11,0.0,0.0,0.0,0.0,1e-11,2.154e-10,0.0
24536711.0,4995000000.0,5000000.0,5.0,0.0,0.1287,0.1287,0.1287,0.1287,0.063887,0.063887,6.1098e-06,0.063887,0.063887,0.00055581,6.1098e-06,0.00055581,0.0,0.0,0.0,0.0,2.154e-10,0.0,0.0,0.0,1e-07,0.0,0.0,0.0,0.0,1e-07,2.154e-10,0.0
24536997.0,4995000000.0,5000000.0,5.0,0.0,0.1287,0.1287,0.1287,0.1287,0.063887,0.063887,5.8431e-05,0.063887,0.063887,5.8431e-05,5.8431e-05,5.8431e-05,0.0,0.0,0.0,0.0,1e-11,0.0,0.0,0.0,4.642e-09,0.0,0.0,0.0,0.0,4.642e-09,1e-11,0.0
24537400.0,4995000000.0,5000000.0,5.0,0.0,0.1287,0.1287,0.1287,0.1287,0.063887,0.063887,0.00055581,0.063887,0.063887,0.00055581,0.00055581,0.00055581,0.0,0.0,0.0,0.0,2.154e-10,0.0,0.0,0.0,0.001,0.0,0.0,0.0,0.0,0.001,2.154e-10,0.0
24537792.0,4995000000.0,5000000.0,5.0,0.0,0.1287,0.1287,0.1287,0.1287,0.063887,0.063887,0.0053473,0.063887,0.063887,0.0053473,0.0053473,0.0053473,0.0,0.0,0.0,0.0,2.154e-10,0.0,0.0,0.0,0.001,0.0,0.0,0.0,0.0,0.001,2.154e-10,0.0
24537127.0,4995000000.0,5000000.0,5.0,0.0,0.1287,0.1287,0.1287,0.1287,0.063887,0.063887,5.8431e-05,0.063887,0.063887,0.0053473,5.8431e-05,0.0053473,0.0,0.0,0.0,0.0,2.154e-06,0.0,0.0,0.0,0.001,0.0,0.0,0.0,0.0,0.001,2.154e-06,0.0
24537633.0,4995000000.0,5000000.0,5.0,0.0,0.1287,0.1287,0.1287,0.1287,0.063887,0.063887,0.0053473,0.063887,0.063887,6.1098e-06,0.0053473,6.1098e-06,0.0,0.0,0.0,0.0,1e-11,0.0,0.0,0.0,2.154e-10,0.0,0.0,0.0,0.0,2.154e-10,1e-11,0.0
24536631.0,4995000000.0,5000000.0,5.0,0.0,0.1287,0.1287,0.1287,0.1287,0.063887,0.063887,6.1098e-06,0.063887,0.063887,6.1098e-06,6.1098e-06,6.1098e-06,0.0,0.0,0.0,0.0,2.154e-06,0.0,0.0,0.0,1e-11,0.0,0.0,0.0,0.0,1e-11,2.154e-06,0.0
24536189.0,4995000000.0,5000000.0,5.0,0.0,0.1287,0.1287,0.1287,0.1287,0.063887,0.063887,6.3887e-07,0.063887,0.063887,0.0,6.3887e-07,0.0,0.0,0.0,0.0,0.0,1e-07,0.0,0.0,0.0,0.001,0.0,0.0,0.0,0.0,0.001,1e-07,0.0
24536878.0,4995000000.0,5000000.0,5.0,0.0,0.1287,0.1287,0.1287,0.1287,0.063887,0.063887,5.8431e-05,0.063887,0.063887,0.0,5.8431e-05,0.0,0.0,0.0,0.0,0.0,2.154e-06,0.0,0.0,0.0,4.642e-09,0.0,0.0,0.0,0.0,4.642e-09,2.154e-06,0.0
24537890.0,4995000000.0,5000000.0,5.0,0.0,0.1287,0.1287,0.1287,0.1287,0.063887,0.063887,0.051109,0.063887,0.063887,0.0,0.051109,0.0,0.0,0.0,0.0,0.0,2.154e-10,0.0,0.0,0.0,0.001,0.0,0.0,0.0,0.0,0.001,2.154e-10,0.0
24537841.0,4995000000.0,5000000.0,5.0,0.0,0.1287,0.1287,0.1287,0.1287,0.063887,0.063887,0.0053473,0.063887,0.063887,0.051109,0.0053473,0.051109,0.0,0.0,0.0,0.0,2.154e-10,0.0,0.0,0.0,0.001,0.0,0.0,0.0,0.0,0.001,2.154e-10,0.0
24537484.0,4995000000.0,5000000.0,5.0,0.0,0.1287,0.1287,0.1287,0.1287,0.063887,0.063887,0.00055581,0.063887,0.063887,0.0053473,0.00055581,0.0053473,0.0,0.0,0.0,0.0,0.001,0.0,0.0,0.0,0.001,0.0,0.0,0.0,0.0,0.001,0.001,0.0
24535890.0,4995000000.0,5000000.0,5.0,0.0,0.1287,0.1287,0.1287,0.1287,0.063887,0.063887,0.0,0.063887,0.063887,6.3887e-07,0.0,6.3887e-07,0.0,0.0,0.0,0.0,1e-07,0.0,0.0,0.0,2.154e-10,0.0,0.0,0.0,0.0,2.154e-10,1e-07,0.0
24537758.0,4995000000.0,5000000.0,5.0,0.0,0.1287,0.1287,0.1287,0.1287,0.063887,0.063887,0.0053473,0.063887,0.063887,0.00055581,0.0053473,0.00055581,0.0,0.0,0.0,0.0,2.154e-06,0.0,0.0,0.0,1e-11,0.0,0.0,0.0,0.0,1e-11,2.154e-06,0.0
24537178.0,4995000000.0,5000000.0,5.0,0.0,0.1287,0.1287,0.1287,0.1287,0.063887,0.063887,5.8431e-05,0.063887,0.063887,0.051109,5.8431e-05,0.051109,0.0,0.0,0.0,0.0,4.642e-05,0.0,0.0,0.0,2.154e-10,0.0,0.0,0.0,0.0,2.154e-10,4.642e-05,0.0
24537718.0,4995000000.0,5000000.0,5.0,0.0,0.1287,0.1287,0.1287,0.1287,0.063887,0.063887,0.0053473,0.063887,0.063887,5.8431e-05,0.0053473,5.8431e-05,0.0,0.0,0.0,0.0,4.642e-05,0.0,0.0,0.0,4.642e-09,0.0,0.0,0.0,0.0,4.642e-09,4.642e-05,0.0
24537046.0,4995000000.0,5000000.0,5.0,0.0,0.1287,0.1287,0.1287,0.1287,0.063887,0.063887,5.8431e-05,0.063887,0.063887,0.00055581,5.8431e-05,0.00055581,0.0,0.0,0.0,0.0,1e-11,0.0,0.0,0.0,4.642e-09,0.0,0.0,0.0,0.0,4.642e-09,1e-11,0.0
24536442.0,4995000000.0,5000000.0,5.0,0.0,0.1287,0.1287,0.1287,0.1287,0.063887,0.063887,6.3887e-07,0.063887,0.063887,0.0053473,6.3887e-07,0.0053473,0.0,0.0,0.0,0.0,4.642e-05,0.0,0.0,0.0,1e-11,0.0,0.0,0.0,0.0,1e-11,4.642e-05,0.0
24538115.0,4995000000.0,5000000.0,5.0,0.0,0.1287,0.1287,0.1287,0.1287,0.063887,0.063887,0.051109,0.063887,0.063887,0.00055581,0.051109,0.00055581,0.0,0.0,0.0,0.0,0.001,0.0,0.0,0.0,1e-11,0.0,0.0,0.0,0.0,1e-11,0.001,0.0
24537733.0,4995000000.0,5000000.0,5.0,0.0,0.1287,0.1287,0.1287,0.1287,0.063887,0.063887,0.0053473,0.063887,0.063887,0.00055581,0.0053473,0.00055581,0.0,0.0,0.0,0.0,1e-11,0.0,0.0,0.0,1e-07,0.0,0.0,0.0,0.0,1e-07,1e-11,0.0
24537187.0,4995000000.0,5000000.0,5.0,0.0,0.1287,0.1287,0.1287,0.1287,0.063887,0.063887,5.8431e-05,0.063887,0.063887,0.051109,5.8431e-05,0.051109,0.0,0.0,0.0,0.0,0.001,0.0,0.0,0.0,1e-07,0.0,0.0,0.0,0.0,1e-07,0.001,0.0
24537850.0,4995000000.0,5000000.0,5.0,0.0,0.1287,0.1287,0.1287,0.1287,0.063887,0.063887,0.0053473,0.063887,0.063887,0.051109,0.0053473,0.051109,0.0,0.0,0.0,0.0,1e-07,0.0,0.0,0.0,2.154e-10,0.0,0.0,0.0,0.0,2.154e-10,1e-07,0.0
24536330.0,4995000000.0,5000000.0,5.0,0.0,0.1287,0.1287,0.1287,0.1287,0.063887,0.063887,6.3887e-07,0.063887,0.063887,5.8431e-05,6.3887e-07,5.8431e-05,0.0,0.0,0.0,0.0,1e-07,0.0,0.0,0.0,1e-11,0.0,0.0,0.0,0.0,1e-11,1e-07,0.0
24536370.0,4995000000.0,5000000.0,5.0,0.0,0.1287,0.1287,0.1287,0.1287,0.063887,0.063887,6.3887e-07,0.063887,0.063887,0.00055581,6.3887e-07,0.00055581,0.0,0.0,0.0,0.0,2.154e-10,0.0,0.0,0.0,4.642e-05,0.0,0.0,0.0,0.0,4.642e-05,2.154e-10,0.0
24537683.0,4995000000.0,5000000.0,5.0,0.0,0.1287,0.1287,0.1287,0.1287,0.063887,0.063887,0.0053473,0.063887,0.063887,5.8431e-05,0.0053473,5.8431e-05,0.0,0.0,0.0,0.0,1e-11,0.0,0.0,0.0,4.642e-09,0.0,0.0,0.0,0.0,4.642e-09,1e-11,0.0
24536662.0,4995000000.0,5000000.0,5.0,0.0,0.1287,0.1287,0.1287,0.1287,0.063887,0.063887,6.1098e-06,0.063887,0.063887,5.8431e-05,6.1098e-06,5.8431e-05,0.0,0.0,0.0,0.0,2.154e-10,0.0,0.0,0.0,1e-07,0.0,0.0,0.0,0.0,1e-07,2.154e-10,0.0
24536289.0,4995000000.0,5000000.0,5.0,0.0,0.1287,0.1287,0.1287,0.1287,0.063887,0.063887,6.3887e-07,0.063887,0.063887,6.1098e-06,6.3887e-07,6.1098e-06,0.0,0.0,0.0,0.0,2.154e-06,0.0,0.0,0.0,2.154e-10,0.0,0.0,0.0,0.0,2.154e-10,2.154e-06,0.0
24536021.0,4995000000.0,5000000.0,5.0,0.0,0.1287,0.1287,0.1287,0.1287,0.063887,0.063887,0.0,0.063887,0.063887,0.00055581,0.0,0.00055581,0.0,0.0,0.0,0.0,1e-11,0.0,0.0,0.0,0.001,0.0,0.0,0.0,0.0,0.001,1e-11,0.0
24537501.0,4995000000.0,5000000.0,5.0,0.0,0.1287,0.1287,0.1287,0.1287,0.063887,0.063887,0.00055581,0.063887,0.063887,0.051109,0.00055581,0.051109,0.0,0.0,0.0,0.0,4.642e-09,0.0,0.0,0.0,4.642e-09,0.0,0.0,0.0,0.0,4.642e-09,4.642e-09,0.0
24535910.0,4995000000.0,5000000.0,5.0,0.0,0.1287,0.1287,0.1287,0.1287,0.063887,0.063887,0.0,0.063887,0.063887,6.3887e-07,0.0,6.3887e-07,0.0,0.0,0.0,0.0,0.001,0.0,0.0,0.0,1e-11,0.0,0.0,0.0,0.0,1e-11,0.001,0.0
24537076.0,4995000000.0,5000000.0,5.0,0.0,0.1287,0.1287,0.1287,0.1287,0.063887,0.063887,5.8431e-05,0.063887,0.063887,0.00055581,5.8431e-05,0.00055581,0.0,0.0,0.0,0.0,2.154e-06,0.0,0.0,0.0,2.154e-06,0.0,0.0,0.0,0.0,2.154e-06,2.154e-06,0.0
24537734.0,4995000000.0,5000000.0,5.0,0.0,0.1287,0.1287,0.1287,0.1287,0.063887,0.063887,0.0053473,0.063887,0.063887,0.00055581,0.0053473,0.00055581,0.0,0.0,0.0,0.0,1e-11,0.0,0.0,0.0,2.154e-06,0.0,0.0,0.0,0.0,2.154e-06,1e-11,0.0
24538116.0,4995000000.0,5000000.0,5.0,0.0,0.1287,0.1287,0.1287,0.1287,0.063887,0.063887,0.051109,0.063887,0.063887,0.00055581,0.051109,0.00055581,0.0,0.0,0.0,0.0,0.001,0.0,0.0,0.0,2.154e-10,0.0,0.0,0.0,0.0,2.154e-10,0.001,0.0
24536744.0,4995000000.0,5000000.0,5.0,0.0,0.1287,0.1287,0.1287,0.1287,0.063887,0.063887,6.1098e-06,0.063887,0.063887,0.00055581,6.1098e-06,0.00055581,0.0,0.0,0.0,0.0,0.001,0.0,0.0,0.0,2.154e-10,0.0,0.0,0.0,0.0,2.154e-10,0.001,0.0
24537401.0,4995000000.0,5000000.0,5.0,0.0,0.1287,0.1287,0.1287,0.1287,0.063887,0.063887,0.00055581,0.063887,0.063887,0.00055581,0.00055581,0.00055581,0.0,0.0,0.0,0.0,4.642e-09,0.0,0.0,0.0,1e-11,0.0,0.0,0.0,0.0,1e-11,4.642e-09,0.0
24536501.0,4995000000.0,5000000.0,5.0,0.0,0.1287,0.1287,0.1287,0.1287,0.063887,0.063887,6.3887e-07,0.063887,0.063887,0.051109,6.3887e-07,0.051109,0.0,0.0,0.0,0.0,0.001,0.0,0.0,0.0,1e-07,0.0,0.0,0.0,0.0,1e-07,0.001,0.0
24536693.0,4995000000.0,5000000.0,5.0,0.0,0.1287,0.1287,0.1287,0.1287,0.063887,0.063887,6.1098e-06,0.063887,0.063887,5.8431e-05,6.1098e-06,5.8431e-05,0.0,0.0,0.0,0.0,4.642e-05,0.0,0.0,0.0,0.001,0.0,0.0,0.0,0.0,0.001,4.642e-05,0.0
24536766.0,4995000000.0,5000000.0,5.0,0.0,0.1287,0.1287,0.1287,0.1287,0.063887,0.063887,6.1098e-06,0.063887,0.063887,0.0053473,6.1098e-06,0.0053473,0.0,0.0,0.0,0.0,4.642e-09,0.0,0.0,0.0,4.642e-09,0.0,0.0,0.0,0.0,4.642e-09,4.642e-09,0.0
24536209.0,4995000000.0,5000000.0,5.0,0.0,0.1287,0.1287,0.1287,0.1287,0.063887,0.063887,6.3887e-07,0.063887,0.063887,0.0,6.3887e-07,0.0,0.0,0.0,0.0,0.0,0.001,0.0,0.0,0.0,4.642e-05,0.0,0.0,0.0,0.0,4.642e-05,0.001,0.0
24535925.0,4995000000.0,5000000.0,5.0,0.0,0.1287,0.1287,0.1287,0.1287,0.063887,0.063887,0.0,0.063887,0.063887,6.1098e-06,0.0,6.1098e-06,0.0,0.0,0.0,0.0,2.154e-10,0.0,0.0,0.0,2.154e-10,0.0,0.0,0.0,0.0,2.154e-10,2.154e-10,0.0
24536984.0,4995000000.0,5000000.0,5.0,0.0,0.1287,0.1287,0.1287,0.1287,0.063887,0.063887,5.8431e-05,0.063887,0.063887,6.1098e-06,5.8431e-05,6.1098e-06,0.0,0.0,0.0,0.0,4.642e-05,0.0,0.0,0.0,1e-07,0.0,0.0,0.0,0.0,1e-07,4.642e-05,0.0
24535923.0,4995000000.0,5000000.0,5.0,0.0,0.1287,0.1287,0.1287,0.1287,0.063887,0.063887,0.0,0.063887,0.063887,6.1098e-06,0.0,6.1098e-06,0.0,0.0,0.0,0.0,1e-11,0.0,0.0,0.0,0.001,0.0,0.0,0.0,0.0,0.001,1e-11,0.0
24536720.0,4995000000.0,5000000.0,5.0,0.0,0.1287,0.1287,0.1287,0.1287,0.063887,0.063887,6.1098e-06,0.063887,0.063887,0.00055581,6.1098e-06,0.00055581,0.0,0.0,0.0,0.0,4.642e-09,0.0,0.0,0.0,4.642e-05,0.0,0.0,0.0,0.0,4.642e-05,4.642e-09,0.0
24537944.0,4995000000.0,5000000.0,5.0,0.0,0.1287,0.1287,0.1287,0.1287,0.063887,0.063887,0.051109,0.063887,0.063887,6.3887e-07,0.051109,6.3887e-07,0.0,0.0,0.0,0.0,4.642e-09,0.0,0.0,0.0,2.154e-06,0.0,0.0,0.0,0.0,2.154e-06,4.642e-09,0.0
24537535.0,4995000000.0,5000000.0,5.0,0.0,0.1287,0.1287,0.1287,0.1287,0.063887,0.063887,0.0053473,0.063887,0.063887,0.0,0.0053473,0.0,0.0,0.0,0.0,0.0,1e-11,0.0,0.0,0.0,2.154e-10,0.0,0.0,0.0,0.0,2.154e-10,1e-11,0.0
24538216.0,4995000000.0,5000000.0,5.0,0.0,0.1287,0.1287,0.1287,0.1287,0.063887,0.063887,0.051109,0.063887,0.063887,0.051109,0.051109,0.051109,0.0,0.0,0.0,0.0,0.001,0.0,0.0,0.0,1e-07,0.0,0.0,0.0,0.0,1e-07,0.001,0.0
24536197.0,4995000000.0,5000000.0,5.0,0.0,0.1287,0.1287,0.1287,0.1287,0.063887,0.063887,6.3887e-07,0.063887,0.063887,0.0,6.3887e-07,0.0,0.0,0.0,0.0,0.0,4.642e-05,0.0,0.0,0.0,1e-11,0.0,0.0,0.0,0.0,1e-11,4.642e-05,0.0
24537172.0,4995000000.0,5000000.0,5.0,0.0,0.1287,0.1287,0.1287,0.1287,0.063887,0.063887,5.8431e-05,0.063887,0.063887,0.051109,5.8431e-05,0.051109,0.0,0.0,0.0,0.0,2.154e-06,0.0,0.0,0.0,4.642e-09,0.0,0.0,0.0,0.0,4.642e-09,2.154e-06,0.0
24535940.0,4995000000.0,5000000.0,5.0,0.0,0.1287,0.1287,0.1287,0.1287,0.063887,0.063887,0.0,0.063887,0.063887,6.1098e-06,0.0,6.1098e-06,0.0,0.0,0.0,0.0,1e-07,0.0,0.0,0.0,4.642e-09,0.0,0.0,0.0,0.0,4.642e-09,1e-07,0.0
24537757.0,4995000000.0,5000000.0,5.0,0.0,0.1287,0.1287,0.1287,0.1287,0.063887,0.063887,0.0053473,0.063887,0.063887,0.00055581,0.0053473,0.00055581,0.0,0.0,0.0,0.0,1e-07,0.0,0.0,0.0,0.001,0.0,0.0,0.0,0.0,0.001,1e-07,0.0
24536373.0,4995000000.0,5000000.0,5.0,0.0,0.1287,0.1287,0.1287,0.1287,0.063887,0.063887,6.3887e-07,0.063887,0.063887,0.00055581,6.3887e-07,0.00055581,0.0,0.0,0.0,0.0,4.642e-09,0.0,0.0,0.0,2.154e-10,0.0,0.0,0.0,0.0,2.154e-10,4.642e-09,0.0
24536596.0,4995000000.0,5000000.0,5.0,0.0,0.1287,0.1287,0.1287,0.1287,0.063887,0.063887,6.1098e-06,0.063887,0.063887,6.3887e-07,6.1098e-06,6.3887e-07,0.0,0.0,0.0,0.0,0.001,0.0,0.0,0.0,1e-11,0.0,0.0,0.0,0.0,1e-11,0.001,0.0
24536614.0,4995000000.0,5000000.0,5.0,0.0,0.1287,0.1287,0.1287,0.1287,0.063887,0.063887,6.1098e-06,0.063887,0.063887,6.1098e-06,6.1098e-06,6.1098e-06,0.0,0.0,0.0,0.0,2.154e-10,0.0,0.0,0.0,2.154e-06,0.0,0.0,0.0,0.0,2.154e-06,2.154e-10,0.0
24537329.0,4995000000.0,5000000.0,5.0,0.0,0.1287,0.1287,0.1287,0.1287,0.063887,0.063887,0.00055581,0.063887,0.063887,6.1098e-06,0.00055581,6.1098e-06,0.0,0.0,0.0,0.0,4.642e-05,0.0,0.0,0.0,4.642e-05,0.0,0.0,0.0,0.0,4.642e-05,4.642e-05,0.0
24537282.0,4995000000.0,5000000.0,5.0,0.0,0.1287,0.1287,0.1287,0.1287,0.063887,0.063887,0.00055581,0.063887,0.063887,6.3887e-07,0.00055581,6.3887e-07,0.0,0.0,0.0,0.0,0.001,0.0,0.0,0.0,1e-11,0.0,0.0,0.0,0.0,1e-11,0.001,0.0
24536450.0,4995000000.0,5000000.0,5.0,0.0,0.1287,0.1287,0.1287,0.1287,0.063887,0.063887,6.3887e-07,0.063887,0.063887,0.0053473,6.3887e-07,0.0053473,0.0,0.0,0.0,0.0,0.001,0.0,0.0,0.0,2.154e-10,0.0,0.0,0.0,0.0,2.154e-10,0.001,0.0
24538060.0,4995000000.0,5000000.0,5.0,0.0,0.1287,0.1287,0.1287,0.1287,0.063887,0.063887,0.051109,0.063887,0.063887,5.8431e-05,0.051109,5.8431e-05,0.0,0.0,0.0,0.0,4.642e-05,0.0,0.0,0.0,2.154e-10,0.0,0.0,0.0,0.0,2.154e-10,4.642e-05,0.0
24537180.0,4995000000.0,5000000.0,5.0,0.0,0.1287,0.1287,0.1287,0.1287,0.063887,0.063887,5.8431e-05,0.063887,0.063887,0.051109,5.8431e-05,0.051109,0.0,0.0,0.0,0.0,4.642e-05,0.0,0.0,0.0,1e-07,0.0,0.0,0.0,0.0,1e-07,4.642e-05,0.0
24536973.0,4995000000.0,5000000.0,5.0,0.0,0.1287,0.1287,0.1287,0.1287,0.063887,0.063887,5.8431e-05,0.063887,0.063887,6.1098e-06,5.8431e-05,6.1098e-06,0.0,0.0,0.0,0.0,1e-07,0.0,0.0,0.0,0.001,0.0,0.0,0.0,0.0,0.001,1e-07,0.0
24538100.0,4995000000.0,5000000.0,5.0,0.0,0.1287,0.1287,0.1287,0.1287,0.063887,0.063887,0.051109,0.063887,0.063887,0.00055581,0.051109,0.00055581,0.0,0.0,0.0,0.0,1e-07,0.0,0.0,0.0,0.001,0.0,0.0,0.0,0.0,0.001,1e-07,0.0
24536879.0,4995000000.0,5000000.0,5.0,0.0,0.1287,0.1287,0.1287,0.1287,0.063887,0.063887,5.8431e-05,0.063887,0.063887,0.0,5.8431e-05,0.0,0.0,0.0,0.0,0.0,2.154e-06,0.0,0.0,0.0,1e-07,0.0,0.0,0.0,0.0,1e-07,2.154e-06,0.0
24538008.0,4995000000.0,5000000.0,5.0,0.0,0.1287,0.1287,0.1287,0.1287,0.063887,0.063887,0.051109,0.063887,0.063887,6.1098e-06,0.051109,6.1098e-06,0.0,0.0,0.0,0.0,2.154e-06,0.0,0.0,0.0,4.642e-05,0.0,0.0,0.0,0.0,4.642e-05,2.154e-06,0.0
24537813.0,4995000000.0,5000000.0,5.0,0.0,0.1287,0.1287,0.1287,0.1287,0.063887,0.063887,0.0053473,0.063887,0.063887,0.0053473,0.0053473,0.0053473,0.0,0.0,0.0,0.0,2.154e-06,0.0,0.0,0.0,0.001,0.0,0.0,0.0,0.0,0.001,2.154e-06,0.0
24537358.0,4995000000.0,5000000.0,5.0,0.0,0.1287,0.1287,0.1287,0.1287,0.063887,0.063887,0.00055581,0.063887,0.063887,5.8431e-05,0.00055581,5.8431e-05,0.0,0.0,0.0,0.0,4.642e-09,0.0,0.0,0.0,0.001,0.0,0.0,0.0,0.0,0.001,4.642e-09,0.0
24536079.0,4995000000.0,5000000.0,5.0,0.0,0.1287,0.1287,0.1287,0.1287,0.063887,0.063887,0.0,0.063887,0.063887,0.0053473,0.0,0.0053473,0.0,0.0,0.0,0.0,4.642e-09,0.0,0.0,0.0,2.154e-10,0.0,0.0,0.0,0.0,2.154e-10,4.642e-09,0.0
24536765.0,4995000000.0,5000000.0,5.0,0.0,0.1287,0.1287,0.1287,0.1287,0.063887,0.063887,6.1098e-06,0.063887,0.063887,0.0053473,6.1098e-06,0.0053473,0.0,0.0,0.0,0.0,4.642e-09,0.0,0.0,0.0,2.154e-10,0.0,0.0,0.0,0.0,2.154e-10,4.642e-09,0.0
24536453.0,4995000000.0,5000000.0,5.0,0.0,0.1287,0.1287,0.1287,0.1287,0.063887,0.063887,6.3887e-07,0.063887,0.063887,0.0053473,6.3887e-07,0.0053473,0.0,0.0,0.0,0.0,0.001,0.0,0.0,0.0,2.154e-06,0.0,0.0,0.0,0.0,2.154e-06,0.001,0.0
24537463.0,4995000000.0,5000000.0,5.0,0.0,0.1287,0.1287,0.1287,0.1287,0.063887,0.063887,0.00055581,0.063887,0.063887,0.0053473,0.00055581,0.0053473,0.0,0.0,0.0,0.0,1e-07,0.0,0.0,0.0,0.001,0.0,0.0,0.0,0.0,0.001,1e-07,0.0
24537576.0,4995000000.0,5000000.0,5.0,0.0,0.1287,0.1287,0.1287,0.1287,0.063887,0.063887,0.0053473,0.063887,0.063887,0.0,0.0053473,0.0,0.0,0.0,0.0,0.0,0.001,0.0,0.0,0.0,1e-11,0.0,0.0,0.0,0.0,1e-11,0.001,0.0
24536273.0,4995000000.0,5000000.0,5.0,0.0,0.1287,0.1287,0.1287,0.1287,0.063887,0.063887,6.3887e-07,0.063887,0.063887,6.1098e-06,6.3887e-07,6.1098e-06,0.0,0.0,0.0,0.0,2.154e-10,0.0,0.0,0.0,0.001,0.0,0.0,0.0,0.0,0.001,2.154e-10,0.0
24536196.0,4995000000.0,5000000.0,5.0,0.0,0.1287,0.1287,0.1287,0.1287,0.063887,0.063887,6.3887e-07,0.063887,0.063887,0.0,6.3887e-07,0.0,0.0,0.0,0.0,0.0,2.154e-06,0.0,0.0,0.0,0.001,0.0,0.0,0.0,0.0,0.001,2.154e-06,0.0
24536364.0,4995000000.0,5000000.0,5.0,0.0,0.1287,0.1287,0.1287,0.1287,0.063887,0.063887,6.3887e-07,0.063887,0.063887,0.00055581,6.3887e-07,0.00055581,0.0,0.0,0.0,0.0,1e-11,0.0,0.0,0.0,0.001,0.0,0.0,0.0,0.0,0.001,1e-11,0.0
24536771.0,4995000000.0,5000000.0,5.0,0.0,0.1287,0.1287,0.1287,0.1287,0.063887,0.063887,6.1098e-06,0.063887,0.063887,0.0053473,6.1098e-06,0.0053473,0.0,0.0,0.0,0.0,1e-07,0.0,0.0,0.0,1e-11,0.0,0.0,0.0,0.0,1e-11,1e-07,0.0
24537898.0,4995000000.0,5000000.0,5.0,0.0,0.1287,0.1287,0.1287,0.1287,0.063887,0.063887,0.051109,0.063887,0.063887,0.0,0.051109,0.0,0.0,0.0,0.0,0.0,1e-07,0.0,0.0,0.0,1e-11,0.0,0.0,0.0,0.0,1e-11,1e-07,0.0
24537326.0,4995000000.0,5000000.0,5.0,0.0,0.1287,0.1287,0.1287,0.1287,0.063887,0.063887,0.00055581,0.063887,0.063887,6.1098e-06,0.00055581,6.1098e-06,0.0,0.0,0.0,0.0,4.642e-05,0.0,0.0,0.0,4.642e-09,0.0,0.0,0.0,0.0,4.642e-09,4.642e-05,0.0
24536797.0,4995000000.0,5000000.0,5.0,0.0,0.1287,0.1287,0.1287,0.1287,0.063887,0.063887,6.1098e-06,0.063887,0.063887,0.0053473,6.1098e-06,0.0053473,0.0,0.0,0.0,0.0,0.001,0.0,0.0,0.0,4.642e-05,0.0,0.0,0.0,0.0,4.642e-05,0.001,0.0
24536480.0,4995000000.0,5000000.0,5.0,0.0,0.1287,0.1287,0.1287,0.1287,0.063887,0.063887,6.3887e-07,0.063887,0.063887,0.051109,6.3887e-07,0.051109,0.0,0.0,0.0,0.0,1e-07,0.0,0.0,0.0,1e-07,0.0,0.0,0.0,0.0,1e-07,1e-07,0.0
24537193.0,4995000000.0,5000000.0,5.0,0.0,0.1287,0.1287,0.1287,0.1287,0.063887,0.063887,0.00055581,0.063887,0.063887,0.0,0.00055581,0.0,0.0,0.0,0.0,0.0,1e-11,0.0,0.0,0.0,4.642e-09,0.0,0.0,0.0,0.0,4.642e-09,1e-11,0.0
24537128.0,4995000000.0,5000000.0,5.0,0.0,0.1287,0.1287,0.1287,0.1287,0.063887,0.063887,5.8431e-05,0.063887,0.063887,0.0053473,5.8431e-05,0.0053473,0.0,0.0,0.0,0.0,4.642e-05,0.0,0.0,0.0,1e-11,0.0,0.0,0.0,0.0,1e-11,4.642e-05,0.0
24536946.0,4995000000.0,5000000.0,5.0,0.0,0.1287,0.1287,0.1287,0.1287,0.063887,0.063887,5.8431e-05,0.063887,0.063887,6.1098e-06,5.8431e-05,6.1098e-06,0.0,0.0,0.0,0.0,1e-11,0.0,0.0,0.0,1e-11,0.0,0.0,0.0,0.0,1e-11,1e-11,0.0
24537985.0,4995000000.0,5000000.0,5.0,0.0,0.1287,0.1287,0.1287,0.1287,0.063887,0.063887,0.051109,0.063887,0.063887,6.1098e-06,0.051109,6.1098e-06,0.0,0.0,0.0,0.0,2.154e-10,0.0,0.0,0.0,1e-07,0.0,0.0,0.0,0.0,1e-07,2.154e-10,0.0
24537553.0,4995000000.0,5000000.0,5.0,0.0,0.1287,0.1287,0.1287,0.1287,0.063887,0.063887,0.0053473,0.063887,0.063887,0.0,0.0053473,0.0,0.0,0.0,0.0,0.0,4.642e-09,0.0,0.0,0.0,4.642e-05,0.0,0.0,0.0,0.0,4.642e-05,4.642e-09,0.0
24537475.0,4995000000.0,5000000.0,5.0,0.0,0.1287,0.1287,0.1287,0.1287,0.063887,0.063887,0.00055581,0.063887,0.063887,0.0053473,0.00055581,0.0053473,0.0,0.0,0.0,0.0,4.642e-05,0.0,0.0,0.0,2.154e-06,0.0,0.0,0.0,0.0,2.154e-06,4.642e-05,0.0
24537106.0,4995000000.0,5000000.0,5.0,0.0,0.1287,0.1287,0.1287,0.1287,0.063887,0.063887,5.8431e-05,0.063887,0.063887,0.0053473,5.8431e-05,0.0053473,0.0,0.0,0.0,0.0,2.154e-10,0.0,0.0,0.0,0.001,0.0,0.0,0.0,0.0,0.001,2.154e-10,0.0
24537008.0,4995000000.0,5000000.0,5.0,0.0,0.1287,0.1287,0.1287,0.1287,0.063887,0.063887,5.8431e-05,0.063887,0.063887,5.8431e-05,5.8431e-05,5.8431e-05,0.0,0.0,0.0,0.0,2.154e-10,0.0,0.0,0.0,0.001,0.0,0.0,0.0,0.0,0.001,2.154e-10,0.0
24536548.0,4995000000.0,5000000.0,5.0,0.0,0.1287,0.1287,0.1287,0.1287,0.063887,0.063887,6.1098e-06,0.063887,0.063887,0.0,6.1098e-06,0.0,0.0,0.0,0.0,0.0,0.001,0.0,0.0,0.0,2.154e-10,0.0,0.0,0.0,0.0,2.154e-10,0.001,0.0
24536957.0,4995000000.0,5000000.0,5.0,0.0,0.1287,0.1287,0.1287,0.1287,0.063887,0.063887,5.8431e-05,0.063887,0.063887,6.1098e-06,5.8431e-05,6.1098e-06,0.0,0.0,0.0,0.0,2.154e-10,0.0,0.0,0.0,2.154e-06,0.0,0.0,0.0,0.0,2.154e-06,2.154e-10,0.0
24537843.0,4995000000.0,5000000.0,5.0,0.0,0.1287,0.1287,0.1287,0.1287,0.063887,0.063887,0.0053473,0.063887,0.063887,0.051109,0.0053473,0.051109,0.0,0.0,0.0,0.0,4.642e-09,0.0,0.0,0.0,2.154e-10,0.0,0.0,0.0,0.0,2.154e-10,4.642e-09,0.0
24536912.0,4995000000.0,5000000.0,5.0,0.0,0.1287,0.1287,0.1287,0.1287,0.063887,0.063887,5.8431e-05,0.063887,0.063887,6.3887e-07,5.8431e-05,6.3887e-07,0.0,0.0,0.0,0.0,4.642e-09,0.0,0.0,0.0,2.154e-10,0.0,0.0,0.0,0.0,2.154e-10,4.642e-09,0.0
24537067.0,4995000000.0,5000000.0,5.0,0.0,0.1287,0.1287,0.1287,0.1287,0.063887,0.063887,5.8431e-05,0.063887,0.063887,0.00055581,5.8431e-05,0.00055581,0.0,0.0,0.0,0.0,1e-07,0.0,0.0,0.0,4.642e-09,0.0,0.0,0.0,0.0,4.642e-09,1e-07,0.0
24536334.0,4995000000.0,5000000.0,5.0,0.0,0.1287,0.1287,0.1287,0.1287,0.063887,0.063887,6.3887e-07,0.063887,0.063887,5.8431e-05,6.3887e-07,5.8431e-05,0.0,0.0,0.0,0.0,1e-07,0.0,0.0,0.0,2.154e-06,0.0,0.0,0.0,0.0,2.154e-06,1e-07,0.0
24536573.0,4995000000.0,5000000.0,5.0,0.0,0.1287,0.1287,0.1287,0.1287,0.063887,0.063887,6.1098e-06,0.063887,0.063887,6.3887e-07,6.1098e-06,6.3887e-07,0.0,0.0,0.0,0.0,4.642e-09,0.0,0.0,0.0,4.642e-05,0.0,0.0,0.0,0.0,4.642e-05,4.642e-09,0.0
24537575.0,4995000000.0,5000000.0,5.0,0.0,0.1287,0.1287,0.1287,0.1287,0.063887,0.063887,0.0053473,0.063887,0.063887,0.0,0.0053473,0.0,0.0,0.0,0.0,0.0,4.642e-05,0.0,0.0,0.0,0.001,0.0,0.0,0.0,0.0,0.001,4.642e-05,0.0
24536337.0,4995000000.0,5000000.0,5.0,0.0,0.1287,0.1287,0.1287,0.1287,0.063887,0.063887,6.3887e-07,0.063887,0.063887,5.8431e-05,6.3887e-07,5.8431e-05,0.0,0.0,0.0,0.0,2.154e-06,0.0,0.0,0.0,1e-11,0.0,0.0,0.0,0.0,1e-11,2.154e-06,0.0
24537974.0,4995000000.0,5000000.0,5.0,0.0,0.1287,0.1287,0.1287,0.1287,0.063887,0.063887,0.051109,0.063887,0.063887,6.3887e-07,0.051109,6.3887e-07,0.0,0.0,0.0,0.0,0.001,0.0,0.0,0.0,0.001,0.0,0.0,0.0,0.0,0.001,0.001,0.0
24536926.0,4995000000.0,5000000.0,5.0,0.0,0.1287,0.1287,0.1287,0.1287,0.063887,0.063887,5.8431e-05,0.063887,0.063887,6.3887e-07,5.8431e-05,6.3887e-07,0.0,0.0,0.0,0.0,2.154e-06,0.0,0.0,0.0,2.154e-10,0.0,0.0,0.0,0.0,2.154e-10,2.154e-06,0.0
24536462.0,4995000000.0,5000000.0,5.0,0.0,0.1287,0.1287,0.1287,0.1287,0.063887,0.063887,6.3887e-07,0.063887,0.063887,0.051109,6.3887e-07,0.051109,0.0,0.0,0.0,0.0,1e-11,0.0,0.0,0.0,0.001,0.0,0.0,0.0,0.0,0.001,1e-11,0.0
24537167.0,4995000000.0,5000000.0,5.0,0.0,0.1287,0.1287,0.1287,0.1287,0.063887,0.063887,5.8431e-05,0.063887,0.063887,0.051109,5.8431e-05,0.051109,0.0,0.0,0.0,0.0,1e-07,0.0,0.0,0.0,2.154e-06,0.0,0.0,0.0,0.0,2.154e-06,1e-07,0.0
24537175.0,4995000000.0,5000000.0,5.0,0.0,0.1287,0.1287,0.1287,0.1287,0.063887,0.063887,5.8431e-05,0.063887,0.063887,0.051109,5.8431e-05,0.051109,0.0,0.0,0.0,0.0,2.154e-06,0.0,0.0,0.0,4.642e-05,0.0,0.0,0.0,0.0,4.642e-05,2.154e-06,0.0
24537909.0,4995000000.0,5000000.0,5.0,0.0,0.1287,0.1287,0.1287,0.1287,0.063887,0.063887,0.051109,0.063887,0.063887,0.0,0.051109,0.0,0.0,0.0,0.0,0.0,2.154e-06,0.0,0.0,0.0,2.154e-06,0.0,0.0,0.0,0.0,2.154e-06,2.154e-06,0.0
24537646.0,4995000000.0,5000000.0,5.0,0.0,0.1287,0.1287,0.1287,0.1287,0.063887,0.063887,0.0053473,0.063887,0.063887,6.1098e-06,0.0053473,6.1098e-06,0.0,0.0,0.0,0.0,4.642e-09,0.0,0.0,0.0,1e-11,0.0,0.0,0.0,0.0,1e-11,4.642e-09,0.0
24535874.0,4995000000.0,5000000.0,5.0,0.0,0.1287,0.1287,0.1287,0.1287,0.063887,0.063887,0.0,0.063887,0.063887,6.3887e-07,0.0,6.3887e-07,0.0,0.0,0.0,0.0,1e-11,0.0,0.0,0.0,0.001,0.0,0.0,0.0,0.0,0.001,1e-11,0.0
24537154.0,4995000000.0,5000000.0,5.0,0.0,0.1287,0.1287,0.1287,0.1287,0.063887,0.063887,5.8431e-05,0.063887,0.063887,0.051109,5.8431e-05,0.051109,0.0,0.0,0.0,0.0,2.154e-10,0.0,0.0,0.0,4.642e-05,0.0,0.0,0.0,0.0,4.642e-05,2.154e-10,0.0
24537332.0,4995000000.0,5000000.0,5.0,0.0,0.1287,0.1287,0.1287,0.1287,0.063887,0.063887,0.00055581,0.063887,0.063887,6.1098e-06,0.00055581,6.1098e-06,0.0,0.0,0.0,0.0,0.001,0.0,0.0,0.0,2.154e-10,0.0,0.0,0.0,0.0,2.154e-10,0.001,0.0
24536908.0,4995000000.0,5000000.0,5.0,0.0,0.1287,0.1287,0.1287,0.1287,0.063887,0.063887,5.8431e-05,0.063887,0.063887,6.3887e-07,5.8431e-05,6.3887e-07,0.0,0.0,0.0,0.0,2.154e-10,0.0,0.0,0.0,2.154e-06,0.0,0.0,0.0,0.0,2.154e-06,2.154e-10,0.0
24537994.0,4995000000.0,5000000.0,5.0,0.0,0.1287,0.1287,0.1287,0.1287,0.063887,0.063887,0.051109,0.063887,0.063887,6.1098e-06,0.051109,6.1098e-06,0.0,0.0,0.0,0.0,4.642e-09,0.0,0.0,0.0,4.642e-05,0.0,0.0,0.0,0.0,4.642e-05,4.642e-09,0.0
24537824.0,4995000000.0,5000000.0,5.0,0.0,0.1287,0.1287,0.1287,0.1287,0.063887,0.063887,0.0053473,0.063887,0.063887,0.0053473,0.0053473,0.0053473,0.0,0.0,0.0,0.0,0.001,0.0,0.0,0.0,1e-07,0.0,0.0,0.0,0.0,1e-07,0.001,0.0
24536010.0,4995000000.0,5000000.0,5.0,0.0,0.1287,0.1287,0.1287,0.1287,0.063887,0.063887,0.0,0.063887,0.063887,5.8431e-05,0.0,5.8431e-05,0.0,0.0,0.0,0.0,0.001,0.0,0.0,0.0,4.642e-09,0.0,0.0,0.0,0.0,4.642e-09,0.001,0.0
24537789.0,4995000000.0,5000000.0,5.0,0.0,0.1287,0.1287,0.1287,0.1287,0.063887,0.063887,0.0053473,0.063887,0.063887,0.0053473,0.0053473,0.0053473,0.0,0.0,0.0,0.0,2.154e-10,0.0,0.0,0.0,1e-07,0.0,0.0,0.0,0.0,1e-07,2.154e-10,0.0
24537499.0,4995000000.0,5000000.0,5.0,0.0,0.1287,0.1287,0.1287,0.1287,0.063887,0.063887,0.00055581,0.063887,0.063887,0.051109,0.00055581,0.051109,0.0,0.0,0.0,0.0,4.642e-09,0.0,0.0,0.0,1e-11,0.0,0.0,0.0,0.0,1e-11,4.642e-09,0.0
24536039.0,4995000000.0,5000000.0,5.0,0.0,0.1287,0.1287,0.1287,0.1287,0.063887,0.063887,0.0,0.063887,0.063887,0.00055581,0.0,0.00055581,0.0,0.0,0.0,0.0,1e-07,0.0,0.0,0.0,1e-07,0.0,0.0,0.0,0.0,1e-07,1e-07,0.0
24537201.0,4995000000.0,5000000.0,5.0,0.0,0.1287,0.1287,0.1287,0.1287,0.063887,0.063887,0.00055581,0.063887,0.063887,0.0,0.00055581,0.0,0.0,0.0,0.0,0.0,2.154e-10,0.0,0.0,0.0,1e-07,0.0,0.0,0.0,0.0,1e-07,2.154e-10,0.0
24538018.0,4995000000.0,5000000.0,5.0,0.0,0.1287,0.1287,0.1287,0.1287,0.063887,0.063887,0.051109,0.063887,0.063887,6.1098e-06,0.051109,6.1098e-06,0.0,0.0,0.0,0.0,0.001,0.0,0.0,0.0,2.154e-10,0.0,0.0,0.0,0.0,2.154e-10,0.001,0.0
24536432.0,4995000000.0,5000000.0,5.0,0.0,0.1287,0.1287,0.1287,0.1287,0.063887,0.063887,6.3887e-07,0.063887,0.063887,0.0053473,6.3887e-07,0.0053473,0.0,0.0,0.0,0.0,1e-07,0.0,0.0,0.0,2.154e-06,0.0,0.0,0.0,0.0,2.154e-06,1e-07,0.0
24536824.0,4995000000.0,5000000.0,5.0,0.0,0.1287,0.1287,0.1287,0.1287,0.063887,0.063887,6.1098e-06,0.063887,0.063887,0.051109,6.1098e-06,0.051109,0.0,0.0,0.0,0.0,1e-07,0.0,0.0,0.0,2.154e-06,0.0,0.0,0.0,0.0,2.154e-06,1e-07,0.0
24537701.0,4995000000.0,5000000.0,5.0,0.0,0.1287,0.1287,0.1287,0.1287,0.063887,0.063887,0.0053473,0.063887,0.063887,5.8431e-05,0.0053473,5.8431e-05,0.0,0.0,0.0,0.0,4.642e-09,0.0,0.0,0.0,0.001,0.0,0.0,0.0,0.0,0.001,4.642e-09,0.0
24535987.0,4995000000.0,5000000.0,5.0,0.0,0.1287,0.1287,0.1287,0.1287,0.063887,0.063887,0.0,0.063887,0.063887,5.8431e-05,0.0,5.8431e-05,0.0,0.0,0.0,0.0,1e-07,0.0,0.0,0.0,1e-11,0.0,0.0,0.0,0.0,1e-11,1e-07,0.0
24537003.0,4995000000.0,5000000.0,5.0,0.0,0.1287,0.1287,0.1287,0.1287,0.063887,0.063887,5.8431e-05,0.063887,0.063887,5.8431e-05,5.8431e-05,5.8431e-05,0.0,0.0,0.0,0.0,2.154e-10,0.0,0.0,0.0,2.154e-10,0.0,0.0,0.0,0.0,2.154e-10,2.154e-10,0.0
24537325.0,4995000000.0,5000000.0,5.0,0.0,0.1287,0.1287,0.1287,0.1287,0.063887,0.063887,0.00055581,0.063887,0.063887,6.1098e-06,0.00055581,6.1098e-06,0.0,0.0,0.0,0.0,4.642e-05,0.0,0.0,0.0,2.154e-10,0.0,0.0,0.0,0.0,2.154e-10,4.642e-05,0.0
24535961.0,4995000000.0,5000000.0,5.0,0.0,0.1287,0.1287,0.1287,0.1287,0.063887,0.063887,0.0,0.063887,0.063887,6.1098e-06,0.0,6.1098e-06,0.0,0.0,0.0,0.0,0.001,0.0,0.0,0.0,4.642e-09,0.0,0.0,0.0,0.0,4.642e-09,0.001,0.0
24536745.0,4995000000.0,5000000.0,5.0,0.0,0.1287,0.1287,0.1287,0.1287,0.063887,0.063887,6.1098e-06,0.063887,0.063887,0.00055581,6.1098e-06,0.00055581,0.0,0.0,0.0,0.0,0.001,0.0,0.0,0.0,4.642e-09,0.0,0.0,0.0,0.0,4.642e-09,0.001,0.0
24536560.0,4995000000.0,5000000.0,5.0,0.0,0.1287,0.1287,0.1287,0.1287,0.063887,0.063887,6.1098e-06,0.063887,0.063887,6.3887e-07,6.1098e-06,6.3887e-07,0.0,0.0,0.0,0.0,1e-11,0.0,0.0,0.0,0.001,0.0,0.0,0.0,0.0,0.001,1e-11,0.0
24537447.0,4995000000.0,5000000.0,5.0,0.0,0.1287,0.1287,0.1287,0.1287,0.063887,0.063887,0.00055581,0.063887,0.063887,0.0053473,0.00055581,0.0053473,0.0,0.0,0.0,0.0,2.154e-10,0.0,0.0,0.0,2.154e-06,0.0,0.0,0.0,0.0,2.154e-06,2.154e-10,0.0
24536235.0,4995000000.0,5000000.0,5.0,0.0,0.1287,0.1287,0.1287,0.1287,0.063887,0.063887,6.3887e-07,0.063887,0.063887,6.3887e-07,6.3887e-07,6.3887e-07,0.0,0.0,0.0,0.0,1e-07,0.0,0.0,0.0,1e-07,0.0,0.0,0.0,0.0,1e-07,1e-07,0.0
24537677.0,4995000000.0,5000000.0,5.0,0.0,0.1287,0.1287,0.1287,0.1287,0.063887,0.063887,0.0053473,0.063887,0.063887,6.1098e-06,0.0053473,6.1098e-06,0.0,0.0,0.0,0.0,0.001,0.0,0.0,0.0,1e-07,0.0,0.0,0.0,0.0,1e-07,0.001,0.0
24535893.0,4995000000.0,5000000.0,5.0,0.0,0.1287,0.1287,0.1287,0.1287,0.063887,0.063887,0.0,0.063887,0.063887,6.3887e-07,0.0,6.3887e-07,0.0,0.0,0.0,0.0,1e-07,0.0,0.0,0.0,2.154e-06,0.0,0.0,0.0,0.0,2.154e-06,1e-07,0.0
24536536.0,4995000000.0,5000000.0,5.0,0.0,0.1287,0.1287,0.1287,0.1287,0.063887,0.063887,6.1098e-06,0.063887,0.063887,0.0,6.1098e-06,0.0,0.0,0.0,0.0,0.0,2.154e-06,0.0,0.0,0.0,1e-07,0.0,0.0,0.0,0.0,1e-07,2.154e-06,0.0
24537720.0,4995000000.0,5000000.0,5.0,0.0,0.1287,0.1287,0.1287,0.1287,0.063887,0.063887,0.0053473,0.063887,0.063887,5.8431e-05,0.0053473,5.8431e-05,0.0,0.0,0.0,0.0,4.642e-05,0.0,0.0,0.0,2.154e-06,0.0,0.0,0.0,0.0,2.154e-06,4.642e-05,0.0
24537450.0,4995000000.0,5000000.0,5.0,0.0,0.1287,0.1287,0.1287,0.1287,0.063887,0.063887,0.00055581,0.063887,0.063887,0.0053473,0.00055581,0.0053473,0.0,0.0,0.0,0.0,4.642e-09,0.0,0.0,0.0,1e-11,0.0,0.0,0.0,0.0,1e-11,4.642e-09,0.0
24537339.0,4995000000.0,5000000.0,5.0,0.0,0.1287,0.1287,0.1287,0.1287,0.063887,0.063887,0.00055581,0.063887,0.063887,5.8431e-05,0.00055581,5.8431e-05,0.0,0.0,0.0,0.0,1e-11,0.0,0.0,0.0,2.154e-10,0.0,0.0,0.0,0.0,2.154e-10,1e-11,0.0
24537520.0,4995000000.0,5000000.0,5.0,0.0,0.1287,0.1287,0.1287,0.1287,0.063887,0.063887,0.00055581,0.063887,0.063887,0.051109,0.00055581,0.051109,0.0,0.0,0.0,0.0,4.642e-05,0.0,0.0,0.0,1e-11,0.0,0.0,0.0,0.0,1e-11,4.642e-05,0.0
24536412.0,4995000000.0,5000000.0,5.0,0.0,0.1287,0.1287,0.1287,0.1287,0.063887,0.063887,6.3887e-07,0.063887,0.063887,0.0053473,6.3887e-07,0.0053473,0.0,0.0,0.0,0.0,1e-11,0.0,0.0,0.0,4.642e-05,0.0,0.0,0.0,0.0,4.642e-05,1e-11,0.0
24536005.0,4995000000.0,5000000.0,5.0,0.0,0.1287,0.1287,0.1287,0.1287,0.063887,0.063887,0.0,0.063887,0.063887,5.8431e-05,0.0,5.8431e-05,0.0,0.0,0.0,0.0,4.642e-05,0.0,0.0,0.0,2.154e-06,0.0,0.0,0.0,0.0,2.154e-06,4.642e-05,0.0
24536227.0,4995000000.0,5000000.0,5.0,0.0,0.1287,0.1287,0.1287,0.1287,0.063887,0.063887,6.3887e-07,0.063887,0.063887,6.3887e-07,6.3887e-07,6.3887e-07,0.0,0.0,0.0,0.0,4.642e-09,0.0,0.0,0.0,4.642e-09,0.0,0.0,0.0,0.0,4.642e-09,4.642e-09,0.0
24536115.0,4995000000.0,5000000.0,5.0,0.0,0.1287,0.1287,0.1287,0.1287,0.063887,0.063887,0.0,0.063887,0.063887,0.051109,0.0,0.051109,0.0,0.0,0.0,0.0,1e-11,0.0,0.0,0.0,4.642e-09,0.0,0.0,0.0,0.0,4.642e-09,1e-11,0.0
24535918.0,4995000000.0,5000000.0,5.0,0.0,0.1287,0.1287,0.1287,0.1287,0.063887,0.063887,0.0,0.063887,0.063887,6.1098e-06,0.0,6.1098e-06,0.0,0.0,0.0,0.0,1e-11,0.0,0.0,0.0,2.154e-10,0.0,0.0,0.0,0.0,2.154e-10,1e-11,0.0
24536774.0,4995000000.0,5000000.0,5.0,0.0,0.1287,0.1287,0.1287,0.1287,0.063887,0.063887,6.1098e-06,0.063887,0.063887,0.0053473,6.1098e-06,0.0053473,0.0,0.0,0.0,0.0,1e-07,0.0,0.0,0.0,1e-07,0.0,0.0,0.0,0.0,1e-07,1e-07,0.0
24537873.0,4995000000.0,5000000.0,5.0,0.0,0.1287,0.1287,0.1287,0.1287,0.063887,0.063887,0.0053473,0.063887,0.063887,0.051109,0.0053473,0.051109,0.0,0.0,0.0,0.0,0.001,0.0,0.0,0.0,1e-07,0.0,0.0,0.0,0.0,1e-07,0.001,0.0
24537165.0,4995000000.0,5000000.0,5.0,0.0,0.1287,0.1287,0.1287,0.1287,0.063887,0.063887,5.8431e-05,0.063887,0.063887,0.051109,5.8431e-05,0.051109,0.0,0.0,0.0,0.0,1e-07,0.0,0.0,0.0,4.642e-09,0.0,0.0,0.0,0.0,4.642e-09,1e-07,0.0
24537769.0,4995000000.0,5000000.0,5.0,0.0,0.1287,0.1287,0.1287,0.1287,0.063887,0.063887,0.0053473,0.063887,0.063887,0.00055581,0.0053473,0.00055581,0.0,0.0,0.0,0.0,4.642e-05,0.0,0.0,0.0,2.154e-06,0.0,0.0,0.0,0.0,2.154e-06,4.642e-05,0.0
24536660.0,4995000000.0,5000000.0,5.0,0.0,0.1287,0.1287,0.1287,0.1287,0.063887,0.063887,6.1098e-06,0.063887,0.063887,5.8431e-05,6.1098e-06,5.8431e-05,0.0,0.0,0.0,0.0,2.154e-10,0.0,0.0,0.0,2.154e-10,0.0,0.0,0.0,0.0,2.154e-10,2.154e-10,0.0
24537034.0,4995000000.0,5000000.0,5.0,0.0,0.1287,0.1287,0.1287,0.1287,0.063887,0.063887,5.8431e-05,0.063887,0.063887,5.8431e-05,5.8431e-05,5.8431e-05,0.0,0.0,0.0,0.0,4.642e-05,0.0,0.0,0.0,2.154e-06,0.0,0.0,0.0,0.0,2.154e-06,4.642e-05,0.0
24537635.0,4995000000.0,5000000.0,5.0,0.0,0.1287,0.1287,0.1287,0.1287,0.063887,0.063887,0.0053473,0.063887,0.063887,6.1098e-06,0.0053473,6.1098e-06,0.0,0.0,0.0,0.0,1e-11,0.0,0.0,0.0,1e-07,0.0,0.0,0.0,0.0,1e-07,1e-11,0.0
24537427.0,4995000000.0,5000000.0,5.0,0.0,0.1287,0.1287,0.1287,0.1287,0.063887,0.063887,0.00055581,0.063887,0.063887,0.00055581,0.00055581,0.00055581,0.0,0.0,0.0,0.0,4.642e-05,0.0,0.0,0.0,4.642e-05,0.0,0.0,0.0,0.0,4.642e-05,4.642e-05,0.0
24537149.0,4995000000.0,5000000.0,5.0,0.0,0.1287,0.1287,0.1287,0.1287,0.063887,0.063887,5.8431e-05,0.063887,0.063887,0.051109,5.8431e-05,0.051109,0.0,0.0,0.0,0.0,2.154e-10,0.0,0.0,0.0,1e-11,0.0,0.0,0.0,0.0,1e-11,2.154e-10,0.0
24536783.0,4995000000.0,5000000.0,5.0,0.0,0.1287,0.1287,0.1287,0.1287,0.063887,0.063887,6.1098e-06,0.063887,0.063887,0.0053473,6.1098e-06,0.0053473,0.0,0.0,0.0,0.0,2.154e-06,0.0,0.0,0.0,4.642e-05,0.0,0.0,0.0,0.0,4.642e-05,2.154e-06,0.0
24537042.0,4995000000.0,5000000.0,5.0,0.0,0.1287,0.1287,0.1287,0.1287,0.063887,0.063887,5.8431e-05,0.063887,0.063887,5.8431e-05,5.8431e-05,5.8431e-05,0.0,0.0,0.0,0.0,0.001,0.0,0.0,0.0,4.642e-05,0.0,0.0,0.0,0.0,4.642e-05,0.001,0.0
24537529.0,4995000000.0,5000000.0,5.0,0.0,0.1287,0.1287,0.1287,0.1287,0.063887,0.063887,0.00055581,0.063887,0.063887,0.051109,0.00055581,0.051109,0.0,0.0,0.0,0.0,0.001,0.0,0.0,0.0,4.642e-09,0.0,0.0,0.0,0.0,4.642e-09,0.001,0.0
24537669.0,4995000000.0,5000000.0,5.0,0.0,0.1287,0.1287,0.1287,0.1287,0.063887,0.063887,0.0053473,0.063887,0.063887,6.1098e-06,0.0053473,6.1098e-06,0.0,0.0,0.0,0.0,4.642e-05,0.0,0.0,0.0,4.642e-09,0.0,0.0,0.0,0.0,4.642e-09,4.642e-05,0.0
24537211.0,4995000000.0,5000000.0,5.0,0.0,0.1287,0.1287,0.1287,0.1287,0.063887,0.063887,0.00055581,0.063887,0.063887,0.0,0.00055581,0.0,0.0,0.0,0.0,0.0,4.642e-09,0.0,0.0,0.0,0.001,0.0,0.0,0.0,0.0,0.001,4.642e-09,0.0
24536629.0,4995000000.0,5000000.0,5.0,0.0,0.1287,0.1287,0.1287,0.1287,0.063887,0.063887,6.1098e-06,0.063887,0.063887,6.1098e-06,6.1098e-06,6.1098e-06,0.0,0.0,0.0,0.0,1e-07,0.0,0.0,0.0,4.642e-05,0.0,0.0,0.0,0.0,4.642e-05,1e-07,0.0
24537224.0,4995000000.0,5000000.0,5.0,0.0,0.1287,0.1287,0.1287,0.1287,0.063887,0.063887,0.00055581,0.063887,0.063887,0.0,0.00055581,0.0,0.0,0.0,0.0,0.0,2.154e-06,0.0,0.0,0.0,4.642e-05,0.0,0.0,0.0,0.0,4.642e-05,2.154e-06,0.0
24536139.0,4995000000.0,5000000.0,5.0,0.0,0.1287,0.1287,0.1287,0.1287,0.063887,0.063887,0.0,0.063887,0.063887,0.051109,0.0,0.051109,0.0,0.0,0.0,0.0,1e-07,0.0,0.0,0.0,4.642e-05,0.0,0.0,0.0,0.0,4.642e-05,1e-07,0.0
24536580.0,4995000000.0,5000000.0,5.0,0.0,0.1287,0.1287,0.1287,0.1287,0.063887,0.063887,6.1098e-06,0.063887,0.063887,6.3887e-07,6.1098e-06,6.3887e-07,0.0,0.0,0.0,0.0,1e-07,0.0,0.0,0.0,4.642e-05,0.0,0.0,0.0,0.0,4.642e-05,1e-07,0.0
24535865.0,4995000000.0,5000000.0,5.0,0.0,0.1287,0.1287,0.1287,0.1287,0.063887,0.063887,0.0,0.063887,0.063887,0.0,0.0,0.0,0.0,0.0,0.0,0.0,0.001,0.0,0.0,0.0,2.154e-06,0.0,0.0,0.0,0.0,2.154e-06,0.001,0.0
24536535.0,4995000000.0,5000000.0,5.0,0.0,0.1287,0.1287,0.1287,0.1287,0.063887,0.063887,6.1098e-06,0.063887,0.063887,0.0,6.1098e-06,0.0,0.0,0.0,0.0,0.0,2.154e-06,0.0,0.0,0.0,4.642e-09,0.0,0.0,0.0,0.0,4.642e-09,2.154e-06,0.0
24537968.0,4995000000.0,5000000.0,5.0,0.0,0.1287,0.1287,0.1287,0.1287,0.063887,0.063887,0.051109,0.063887,0.063887,6.3887e-07,0.051109,6.3887e-07,0.0,0.0,0.0,0.0,0.001,0.0,0.0,0.0,1e-11,0.0,0.0,0.0,0.0,1e-11,0.001,0.0
24536804.0,4995000000.0,5000000.0,5.0,0.0,0.1287,0.1287,0.1287,0.1287,0.063887,0.063887,6.1098e-06,0.063887,0.063887,0.051109,6.1098e-06,0.051109,0.0,0.0,0.0,0.0,1e-11,0.0,0.0,0.0,4.642e-05,0.0,0.0,0.0,0.0,4.642e-05,1e-11,0.0
24536743.0,4995000000.0,5000000.0,5.0,0.0,0.1287,0.1287,0.1287,0.1287,0.063887,0.063887,6.1098e-06,0.063887,0.063887,0.00055581,6.1098e-06,0.00055581,0.0,0.0,0.0,0.0,0.001,0.0,0.0,0.0,1e-11,0.0,0.0,0.0,0.0,1e-11,0.001,0.0
24537521.0,4995000000.0,5000000.0,5.0,0.0,0.1287,0.1287,0.1287,0.1287,0.063887,0.063887,0.00055581,0.063887,0.063887,0.051109,0.00055581,0.051109,0.0,0.0,0.0,0.0,4.642e-05,0.0,0.0,0.0,2.154e-10,0.0,0.0,0.0,0.0,2.154e-10,4.642e-05,0.0
24537659.0,4995000000.0,5000000.0,5.0,0.0,0.1287,0.1287,0.1287,0.1287,0.063887,0.063887,0.0053473,0.063887,0.063887,6.1098e-06,0.0053473,6.1098e-06,0.0,0.0,0.0,0.0,1e-07,0.0,0.0,0.0,0.001,0.0,0.0,0.0,0.0,0.001,1e-07,0.0
24537170.0,4995000000.0,5000000.0,5.0,0.0,0.1287,0.1287,0.1287,0.1287,0.063887,0.063887,5.8431e-05,0.063887,0.063887,0.051109,5.8431e-05,0.051109,0.0,0.0,0.0,0.0,2.154e-06,0.0,0.0,0.0,1e-11,0.0,0.0,0.0,0.0,1e-11,2.154e-06,0.0
24537066.0,4995000000.0,5000000.0,5.0,0.0,0.1287,0.1287,0.1287,0.1287,0.063887,0.063887,5.8431e-05,0.063887,0.063887,0.00055581,5.8431e-05,0.00055581,0.0,0.0,0.0,0.0,1e-07,0.0,0.0,0.0,2.154e-10,0.0,0.0,0.0,0.0,2.154e-10,1e-07,0.0
24536498.0,4995000000.0,5000000.0,5.0,0.0,0.1287,0.1287,0.1287,0.1287,0.063887,0.063887,6.3887e-07,0.063887,0.063887,0.051109,6.3887e-07,0.051109,0.0,0.0,0.0,0.0,0.001,0.0,0.0,0.0,1e-11,0.0,0.0,0.0,0.0,1e-11,0.001,0.0
24537980.0,4995000000.0,5000000.0,5.0,0.0,0.1287,0.1287,0.1287,0.1287,0.063887,0.063887,0.051109,0.063887,0.063887,6.1098e-06,0.051109,6.1098e-06,0.0,0.0,0.0,0.0,1e-11,0.0,0.0,0.0,4.642e-05,0.0,0.0,0.0,0.0,4.642e-05,1e-11,0.0
24536961.0,4995000000.0,5000000.0,5.0,0.0,0.1287,0.1287,0.1287,0.1287,0.063887,0.063887,5.8431e-05,0.063887,0.063887,6.1098e-06,5.8431e-05,6.1098e-06,0.0,0.0,0.0,0.0,4.642e-09,0.0,0.0,0.0,2.154e-10,0.0,0.0,0.0,0.0,2.154e-10,4.642e-09,0.0
24535884.0,4995000000.0,5000000.0,5.0,0.0,0.1287,0.1287,0.1287,0.1287,0.063887,0.063887,0.0,0.063887,0.063887,6.3887e-07,0.0,6.3887e-07,0.0,0.0,0.0,0.0,4.642e-09,0.0,0.0,0.0,4.642e-09,0.0,0.0,0.0,0.0,4.642e-09,4.642e-09,0.0
24537960.0,4995000000.0,5000000.0,5.0,0.0,0.1287,0.1287,0.1287,0.1287,0.063887,0.063887,0.051109,0.063887,0.063887,6.3887e-07,0.051109,6.3887e-07,0.0,0.0,0.0,0.0,2.154e-06,0.0,0.0,0.0,0.001,0.0,0.0,0.0,0.0,0.001,2.154e-06,0.0
24536593.0,4995000000.0,5000000.0,5.0,0.0,0.1287,0.1287,0.1287,0.1287,0.063887,0.063887,6.1098e-06,0.063887,0.063887,6.3887e-07,6.1098e-06,6.3887e-07,0.0,0.0,0.0,0.0,4.642e-05,0.0,0.0,0.0,2.154e-06,0.0,0.0,0.0,0.0,2.154e-06,4.642e-05,0.0
24536221.0,4995000000.0,5000000.0,5.0,0.0,0.1287,0.1287,0.1287,0.1287,0.063887,0.063887,6.3887e-07,0.063887,0.063887,6.3887e-07,6.3887e-07,6.3887e-07,0.0,0.0,0.0,0.0,2.154e-10,0.0,0.0,0.0,1e-07,0.0,0.0,0.0,0.0,1e-07,2.154e-10,0.0
24535842.0,4995000000.0,5000000.0,5.0,0.0,0.1287,0.1287,0.1287,0.1287,0.063887,0.063887,0.0,0.063887,0.063887,0.0,0.0,0.0,0.0,0.0,0.0,0.0,1e-07,0.0,0.0,0.0,4.642e-09,0.0,0.0,0.0,0.0,4.642e-09,1e-07,0.0
24537564.0,4995000000.0,5000000.0,5.0,0.0,0.1287,0.1287,0.1287,0.1287,0.063887,0.063887,0.0053473,0.063887,0.063887,0.0,0.0053473,0.0,0.0,0.0,0.0,0.0,2.154e-06,0.0,0.0,0.0,4.642e-09,0.0,0.0,0.0,0.0,4.642e-09,2.154e-06,0.0
24537952.0,4995000000.0,5000000.0,5.0,0.0,0.1287,0.1287,0.1287,0.1287,0.063887,0.063887,0.051109,0.063887,0.063887,6.3887e-07,0.051109,6.3887e-07,0.0,0.0,0.0,0.0,1e-07,0.0,0.0,0.0,4.642e-05,0.0,0.0,0.0,0.0,4.642e-05,1e-07,0.0
24537678.0,4995000000.0,5000000.0,5.0,0.0,0.1287,0.1287,0.1287,0.1287,0.063887,0.063887,0.0053473,0.063887,0.063887,6.1098e-06,0.0053473,6.1098e-06,0.0,0.0,0.0,0.0,0.001,0.0,0.0,0.0,2.154e-06,0.0,0.0,0.0,0.0,2.154e-06,0.001,0.0
24536600.0,4995000000.0,5000000.0,5.0,0.0,0.1287,0.1287,0.1287,0.1287,0.063887,0.063887,6.1098e-06,0.063887,0.063887,6.3887e-07,6.1098e-06,6.3887e-07,0.0,0.0,0.0,0.0,0.001,0.0,0.0,0.0,2.154e-06,0.0,0.0,0.0,0.0,2.154e-06,0.001,0.0
24537656.0,4995000000.0,5000000.0,5.0,0.0,0.1287,0.1287,0.1287,0.1287,0.063887,0.063887,0.0053473,0.063887,0.063887,6.1098e-06,0.0053473,6.1098e-06,0.0,0.0,0.0,0.0,1e-07,0.0,0.0,0.0,1e-07,0.0,0.0,0.0,0.0,1e-07,1e-07,0.0
24537202.0,4995000000.0,5000000.0,5.0,0.0,0.1287,0.1287,0.1287,0.1287,0.063887,0.063887,0.00055581,0.063887,0.063887,0.0,0.00055581,0.0,0.0,0.0,0.0,0.0,2.154e-10,0.0,0.0,0.0,2.154e-06,0.0,0.0,0.0,0.0,2.154e-06,2.154e-10,0.0
24536479.0,4995000000.0,5000000.0,5.0,0.0,0.1287,0.1287,0.1287,0.1287,0.063887,0.063887,6.3887e-07,0.063887,0.063887,0.051109,6.3887e-07,0.051109,0.0,0.0,0.0,0.0,1e-07,0.0,0.0,0.0,4.642e-09,0.0,0.0,0.0,0.0,4.642e-09,1e-07,0.0
24537637.0,4995000000.0,5000000.0,5.0,0.0,0.1287,0.1287,0.1287,0.1287,0.063887,0.063887,0.0053473,0.063887,0.063887,6.1098e-06,0.0053473,6.1098e-06,0.0,0.0,0.0,0.0,1e-11,0.0,0.0,0.0,4.642e-05,0.0,0.0,0.0,0.0,4.642e-05,1e-11,0.0
24537842.0,4995000000.0,5000000.0,5.0,0.0,0.1287,0.1287,0.1287,0.1287,0.063887,0.063887,0.0053473,0.063887,0.063887,0.051109,0.0053473,0.051109,0.0,0.0,0.0,0.0,4.642e-09,0.0,0.0,0.0,1e-11,0.0,0.0,0.0,0.0,1e-11,4.642e-09,0.0
24536241.0,4995000000.0,5000000.0,5.0,0.0,0.1287,0.1287,0.1287,0.1287,0.063887,0.063887,6.3887e-07,0.063887,0.063887,6.3887e-07,6.3887e-07,6.3887e-07,0.0,0.0,0.0,0.0,2.154e-06,0.0,0.0,0.0,4.642e-09,0.0,0.0,0.0,0.0,4.642e-09,2.154e-06,0.0
24537273.0,4995000000.0,5000000.0,5.0,0.0,0.1287,0.1287,0.1287,0.1287,0.063887,0.063887,0.00055581,0.063887,0.063887,6.3887e-07,0.00055581,6.3887e-07,0.0,0.0,0.0,0.0,2.154e-06,0.0,0.0,0.0,4.642e-05,0.0,0.0,0.0,0.0,4.642e-05,2.154e-06,0.0
24537626.0,4995000000.0,5000000.0,5.0,0.0,0.1287,0.1287,0.1287,0.1287,0.063887,0.063887,0.0053473,0.063887,0.063887,6.3887e-07,0.0053473,6.3887e-07,0.0,0.0,0.0,0.0,0.001,0.0,0.0,0.0,2.154e-10,0.0,0.0,0.0,0.0,2.154e-10,0.001,0.0
24537999.0,4995000000.0,5000000.0,5.0,0.0,0.1287,0.1287,0.1287,0.1287,0.063887,0.063887,0.051109,0.063887,0.063887,6.1098e-06,0.051109,6.1098e-06,0.0,0.0,0.0,0.0,1e-07,0.0,0.0,0.0,1e-07,0.0,0.0,0.0,0.0,1e-07,1e-07,0.0
24537290.0,4995000000.0,5000000.0,5.0,0.0,0.1287,0.1287,0.1287,0.1287,0.063887,0.063887,0.00055581,0.063887,0.063887,6.1098e-06,0.00055581,6.1098e-06,0.0,0.0,0.0,0.0,1e-11,0.0,0.0,0.0,2.154e-10,0.0,0.0,0.0,0.0,2.154e-10,1e-11,0.0
24536547.0,4995000000.0,5000000.0,5.0,0.0,0.1287,0.1287,0.1287,0.1287,0.063887,0.063887,6.1098e-06,0.063887,0.063887,0.0,6.1098e-06,0.0,0.0,0.0,0.0,0.0,0.001,0.0,0.0,0.0,1e-11,0.0,0.0,0.0,0.0,1e-11,0.001,0.0
24536569.0,4995000000.0,5000000.0,5.0,0.0,0.1287,0.1287,0.1287,0.1287,0.063887,0.063887,6.1098e-06,0.063887,0.063887,6.3887e-07,6.1098e-06,6.3887e-07,0.0,0.0,0.0,0.0,4.642e-09,0.0,0.0,0.0,2.154e-10,0.0,0.0,0.0,0.0,2.154e-10,4.642e-09,0.0
24537324.0,4995000000.0,5000000.0,5.0,0.0,0.1287,0.1287,0.1287,0.1287,0.063887,0.063887,0.00055581,0.063887,0.063887,6.1098e-06,0.00055581,6.1098e-06,0.0,0.0,0.0,0.0,4.642e-05,0.0,0.0,0.0,1e-11,0.0,0.0,0.0,0.0,1e-11,4.642e-05,0.0
24536114.0,4995000000.0,5000000.0,5.0,0.0,0.1287,0.1287,0.1287,0.1287,0.063887,0.063887,0.0,0.063887,0.063887,0.051109,0.0,0.051109,0.0,0.0,0.0,0.0,1e-11,0.0,0.0,0.0,2.154e-10,0.0,0.0,0.0,0.0,2.154e-10,1e-11,0.0
24537834.0,4995000000.0,5000000.0,5.0,0.0,0.1287,0.1287,0.1287,0.1287,0.063887,0.063887,0.0053473,0.063887,0.063887,0.051109,0.0053473,0.051109,0.0,0.0,0.0,0.0,1e-11,0.0,0.0,0.0,0.001,0.0,0.0,0.0,0.0,0.001,1e-11,0.0
24538076.0,4995000000.0,5000000.0,5.0,0.0,0.1287,0.1287,0.1287,0.1287,0.063887,0.063887,0.051109,0.063887,0.063887,0.00055581,0.051109,0.00055581,0.0,0.0,0.0,0.0,1e-11,0.0,0.0,0.0,1e-07,0.0,0.0,0.0,0.0,1e-07,1e-11,0.0
24536669.0,4995000000.0,5000000.0,5.0,0.0,0.1287,0.1287,0.1287,0.1287,0.063887,0.063887,6.1098e-06,0.063887,0.063887,5.8431e-05,6.1098e-06,5.8431e-05,0.0,0.0,0.0,0.0,4.642e-09,0.0,0.0,0.0,1e-07,0.0,0.0,0.0,0.0,1e-07,4.642e-09,0.0
24535870.0,4995000000.0,5000000.0,5.0,0.0,0.1287,0.1287,0.1287,0.1287,0.063887,0.063887,0.0,0.063887,0.063887,6.3887e-07,0.0,6.3887e-07,0.0,0.0,0.0,0.0,1e-11,0.0,0.0,0.0,4.642e-09,0.0,0.0,0.0,0.0,4.642e-09,1e-11,0.0
24538084.0,4995000000.0,5000000.0,5.0,0.0,0.1287,0.1287,0.1287,0.1287,0.063887,0.063887,0.051109,0.063887,0.063887,0.00055581,0.051109,0.00055581,0.0,0.0,0.0,0.0,2.154e-10,0.0,0.0,0.0,2.154e-06,0.0,0.0,0.0,0.0,2.154e-06,2.154e-10,0.0
24537957.0,4995000000.0,5000000.0,5.0,0.0,0.1287,0.1287,0.1287,0.1287,0.063887,0.063887,0.051109,0.063887,0.063887,6.3887e-07,0.051109,6.3887e-07,0.0,0.0,0.0,0.0,2.154e-06,0.0,0.0,0.0,1e-07,0.0,0.0,0.0,0.0,1e-07,2.154e-06,0.0
24536538.0,4995000000.0,5000000.0,5.0,0.0,0.1287,0.1287,0.1287,0.1287,0.063887,0.063887,6.1098e-06,0.063887,0.063887,0.0,6.1098e-06,0.0,0.0,0.0,0.0,0.0,2.154e-06,0.0,0.0,0.0,4.642e-05,0.0,0.0,0.0,0.0,4.642e-05,2.154e-06,0.0
24536093.0,4995000000.0,5000000.0,5.0,0.0,0.1287,0.1287,0.1287,0.1287,0.063887,0.063887,0.0,0.063887,0.063887,0.0053473,0.0,0.0053473,0.0,0.0,0.0,0.0,2.154e-06,0.0,0.0,0.0,2.154e-10,0.0,0.0,0.0,0.0,2.154e-10,2.154e-06,0.0
24537135.0,4995000000.0,5000000.0,5.0,0.0,0.1287,0.1287,0.1287,0.1287,0.063887,0.063887,5.8431e-05,0.063887,0.063887,0.0053473,5.8431e-05,0.0053473,0.0,0.0,0.0,0.0,0.001,0.0,0.0,0.0,1e-11,0.0,0.0,0.0,0.0,1e-11,0.001,0.0
24536467.0,4995000000.0,5000000.0,5.0,0.0,0.1287,0.1287,0.1287,0.1287,0.063887,0.063887,6.3887e-07,0.063887,0.063887,0.051109,6.3887e-07,0.051109,0.0,0.0,0.0,0.0,2.154e-10,0.0,0.0,0.0,2.154e-06,0.0,0.0,0.0,0.0,2.154e-06,2.154e-10,0.0
24537550.0,4995000000.0,5000000.0,5.0,0.0,0.1287,0.1287,0.1287,0.1287,0.063887,0.063887,0.0053473,0.063887,0.063887,0.0,0.0053473,0.0,0.0,0.0,0.0,0.0,4.642e-09,0.0,0.0,0.0,4.642e-09,0.0,0.0,0.0,0.0,4.642e-09,4.642e-09,0.0
24537892.0,4995000000.0,5000000.0,5.0,0.0,0.1287,0.1287,0.1287,0.1287,0.063887,0.063887,0.051109,0.063887,0.063887,0.0,0.051109,0.0,0.0,0.0,0.0,0.0,4.642e-09,0.0,0.0,0.0,2.154e-10,0.0,0.0,0.0,0.0,2.154e-10,4.642e-09,0.0
24536149.0,4995000000.0,5000000.0,5.0,0.0,0.1287,0.1287,0.1287,0.1287,0.063887,0.063887,0.0,0.063887,0.063887,0.051109,0.0,0.051109,0.0,0.0,0.0,0.0,4.642e-05,0.0,0.0,0.0,2.154e-10,0.0,0.0,0.0,0.0,2.154e-10,4.642e-05,0.0
24536352.0,4995000000.0,5000000.0,5.0,0.0,0.1287,0.1287,0.1287,0.1287,0.063887,0.063887,6.3887e-07,0.063887,0.063887,5.8431e-05,6.3887e-07,5.8431e-05,0.0,0.0,0.0,0.0,0.001,0.0,0.0,0.0,2.154e-10,0.0,0.0,0.0,0.0,2.154e-10,0.001,0.0
24537045.0,4995000000.0,5000000.0,5.0,0.0,0.1287,0.1287,0.1287,0.1287,0.063887,0.063887,5.8431e-05,0.063887,0.063887,0.00055581,5.8431e-05,0.00055581,0.0,0.0,0.0,0.0,1e-11,0.0,0.0,0.0,2.154e-10,0.0,0.0,0.0,0.0,2.154e-10,1e-11,0.0
24536486.0,4995000000.0,5000000.0,5.0,0.0,0.1287,0.1287,0.1287,0.1287,0.063887,0.063887,6.3887e-07,0.063887,0.063887,0.051109,6.3887e-07,0.051109,0.0,0.0,0.0,0.0,2.154e-06,0.0,0.0,0.0,4.642e-09,0.0,0.0,0.0,0.0,4.642e-09,2.154e-06,0.0
24537592.0,4995000000.0,5000000.0,5.0,0.0,0.1287,0.1287,0.1287,0.1287,0.063887,0.063887,0.0053473,0.063887,0.063887,6.3887e-07,0.0053473,6.3887e-07,0.0,0.0,0.0,0.0,2.154e-10,0.0,0.0,0.0,4.642e-09,0.0,0.0,0.0,0.0,4.642e-09,2.154e-10,0.0
24536013.0,4995000000.0,5000000.0,5.0,0.0,0.1287,0.1287,0.1287,0.1287,0.063887,0.063887,0.0,0.063887,0.063887,5.8431e-05,0.0,5.8431e-05,0.0,0.0,0.0,0.0,0.001,0.0,0.0,0.0,4.642e-05,0.0,0.0,0.0,0.0,4.642e-05,0.001,0.0
24536841.0,4995000000.0,5000000.0,5.0,0.0,0.1287,0.1287,0.1287,0.1287,0.063887,0.063887,6.1098e-06,0.063887,0.063887,0.051109,6.1098e-06,0.051109,0.0,0.0,0.0,0.0,0.001,0.0,0.0,0.0,1e-11,0.0,0.0,0.0,0.0,1e-11,0.001,0.0
24535898.0,4995000000.0,5000000.0,5.0,0.0,0.1287,0.1287,0.1287,0.1287,0.063887,0.063887,0.0,0.063887,0.063887,6.3887e-07,0.0,6.3887e-07,0.0,0.0,0.0,0.0,2.154e-06,0.0,0.0,0.0,4.642e-09,0.0,0.0,0.0,0.0,4.642e-09,2.154e-06,0.0
24535984.0,4995000000.0,5000000.0,5.0,0.0,0.1287,0.1287,0.1287,0.1287,0.063887,0.063887,0.0,0.063887,0.063887,5.8431e-05,0.0,5.8431e-05,0.0,0.0,0.0,0.0,4.642e-09,0.0,0.0,0.0,2.154e-06,0.0,0.0,0.0,0.0,2.154e-06,4.642e-09,0.0
24536553.0,4995000000.0,5000000.0,5.0,0.0,0.1287,0.1287,0.1287,0.1287,0.063887,0.063887,6.1098e-06,0.063887,0.063887,0.0,6.1098e-06,0.0,0.0,0.0,0.0,0.0,0.001,0.0,0.0,0.0,0.001,0.0,0.0,0.0,0.0,0.001,0.001,0.0
24537574.0,4995000000.0,5000000.0,5.0,0.0,0.1287,0.1287,0.1287,0.1287,0.063887,0.063887,0.0053473,0.063887,0.063887,0.0,0.0053473,0.0,0.0,0.0,0.0,0.0,4.642e-05,0.0,0.0,0.0,4.642e-05,0.0,0.0,0.0,0.0,4.642e-05,4.642e-05,0.0
24536578.0,4995000000.0,5000000.0,5.0,0.0,0.1287,0.1287,0.1287,0.1287,0.063887,0.063887,6.1098e-06,0.063887,0.063887,6.3887e-07,6.1098e-06,6.3887e-07,0.0,0.0,0.0,0.0,1e-07,0.0,0.0,0.0,1e-07,0.0,0.0,0.0,0.0,1e-07,1e-07,0.0
24536494.0,4995000000.0,5000000.0,5.0,0.0,0.1287,0.1287,0.1287,0.1287,0.063887,0.063887,6.3887e-07,0.063887,0.063887,0.051109,6.3887e-07,0.051109,0.0,0.0,0.0,0.0,4.642e-05,0.0,0.0,0.0,1e-07,0.0,0.0,0.0,0.0,1e-07,4.642e-05,0.0
24538113.0,4995000000.0,5000000.0,5.0,0.0,0.1287,0.1287,0.1287,0.1287,0.063887,0.063887,0.051109,0.063887,0.063887,0.00055581,0.051109,0.00055581,0.0,0.0,0.0,0.0,4.642e-05,0.0,0.0,0.0,4.642e-05,0.0,0.0,0.0,0.0,4.642e-05,4.642e-05,0.0
24537504.0,4995000000.0,5000000.0,5.0,0.0,0.1287,0.1287,0.1287,0.1287,0.063887,0.063887,0.00055581,0.063887,0.063887,0.051109,0.00055581,0.051109,0.0,0.0,0.0,0.0,4.642e-09,0.0,0.0,0.0,4.642e-05,0.0,0.0,0.0,0.0,4.642e-05,4.642e-09,0.0
24536371.0,4995000000.0,5000000.0,5.0,0.0,0.1287,0.1287,0.1287,0.1287,0.063887,0.063887,6.3887e-07,0.063887,0.063887,0.00055581,6.3887e-07,0.00055581,0.0,0.0,0.0,0.0,2.154e-10,0.0,0.0,0.0,0.001,0.0,0.0,0.0,0.0,0.001,2.154e-10,0.0
24535980.0,4995000000.0,5000000.0,5.0,0.0,0.1287,0.1287,0.1287,0.1287,0.063887,0.063887,0.0,0.063887,0.063887,5.8431e-05,0.0,5.8431e-05,0.0,0.0,0.0,0.0,4.642e-09,0.0,0.0,0.0,1e-11,0.0,0.0,0.0,0.0,1e-11,4.642e-09,0.0
24536395.0,4995000000.0,5000000.0,5.0,0.0,0.1287,0.1287,0.1287,0.1287,0.063887,0.063887,6.3887e-07,0.063887,0.063887,0.00055581,6.3887e-07,0.00055581,0.0,0.0,0.0,0.0,4.642e-05,0.0,0.0,0.0,4.642e-09,0.0,0.0,0.0,0.0,4.642e-09,4.642e-05,0.0
24537680.0,4995000000.0,5000000.0,5.0,0.0,0.1287,0.1287,0.1287,0.1287,0.063887,0.063887,0.0053473,0.063887,0.063887,6.1098e-06,0.0053473,6.1098e-06,0.0,0.0,0.0,0.0,0.001,0.0,0.0,0.0,0.001,0.0,0.0,0.0,0.0,0.001,0.001,0.0
24536871.0,4995000000.0,5000000.0,5.0,0.0,0.1287,0.1287,0.1287,0.1287,0.063887,0.063887,5.8431e-05,0.063887,0.063887,0.0,5.8431e-05,0.0,0.0,0.0,0.0,0.0,1e-07,0.0,0.0,0.0,4.642e-09,0.0,0.0,0.0,0.0,4.642e-09,1e-07,0.0
24537157.0,4995000000.0,5000000.0,5.0,0.0,0.1287,0.1287,0.1287,0.1287,0.063887,0.063887,5.8431e-05,0.063887,0.063887,0.051109,5.8431e-05,0.051109,0.0,0.0,0.0,0.0,4.642e-09,0.0,0.0,0.0,2.154e-10,0.0,0.0,0.0,0.0,2.154e-10,4.642e-09,0.0
24536854.0,4995000000.0,5000000.0,5.0,0.0,0.1287,0.1287,0.1287,0.1287,0.063887,0.063887,5.8431e-05,0.063887,0.063887,0.0,5.8431e-05,0.0,0.0,0.0,0.0,0.0,1e-11,0.0,0.0,0.0,0.001,0.0,0.0,0.0,0.0,0.001,1e-11,0.0
24536267.0,4995000000.0,5000000.0,5.0,0.0,0.1287,0.1287,0.1287,0.1287,0.063887,0.063887,6.3887e-07,0.063887,0.063887,6.1098e-06,6.3887e-07,6.1098e-06,0.0,0.0,0.0,0.0,2.154e-10,0.0,0.0,0.0,1e-11,0.0,0.0,0.0,0.0,1e-11,2.154e-10,0.0
24536380.0,4995000000.0,5000000.0,5.0,0.0,0.1287,0.1287,0.1287,0.1287,0.063887,0.063887,6.3887e-07,0.063887,0.063887,0.00055581,6.3887e-07,0.00055581,0.0,0.0,0.0,0.0,1e-07,0.0,0.0,0.0,2.154e-10,0.0,0.0,0.0,0.0,2.154e-10,1e-07,0.0
24537492.0,4995000000.0,5000000.0,5.0,0.0,0.1287,0.1287,0.1287,0.1287,0.063887,0.063887,0.00055581,0.063887,0.063887,0.051109,0.00055581,0.051109,0.0,0.0,0.0,0.0,2.154e-10,0.0,0.0,0.0,1e-11,0.0,0.0,0.0,0.0,1e-11,2.154e-10,0.0
24536067.0,4995000000.0,5000000.0,5.0,0.0,0.1287,0.1287,0.1287,0.1287,0.063887,0.063887,0.0,0.063887,0.063887,0.0053473,0.0,0.0053473,0.0,0.0,0.0,0.0,1e-11,0.0,0.0,0.0,1e-07,0.0,0.0,0.0,0.0,1e-07,1e-11,0.0
24537632.0,4995000000.0,5000000.0,5.0,0.0,0.1287,0.1287,0.1287,0.1287,0.063887,0.063887,0.0053473,0.063887,0.063887,6.1098e-06,0.0053473,6.1098e-06,0.0,0.0,0.0,0.0,1e-11,0.0,0.0,0.0,1e-11,0.0,0.0,0.0,0.0,1e-11,1e-11,0.0
24536645.0,4995000000.0,5000000.0,5.0,0.0,0.1287,0.1287,0.1287,0.1287,0.063887,0.063887,6.1098e-06,0.063887,0.063887,6.1098e-06,6.1098e-06,6.1098e-06,0.0,0.0,0.0,0.0,0.001,0.0,0.0,0.0,1e-11,0.0,0.0,0.0,0.0,1e-11,0.001,0.0
24536499.0,4995000000.0,5000000.0,5.0,0.0,0.1287,0.1287,0.1287,0.1287,0.063887,0.063887,6.3887e-07,0.063887,0.063887,0.051109,6.3887e-07,0.051109,0.0,0.0,0.0,0.0,0.001,0.0,0.0,0.0,2.154e-10,0.0,0.0,0.0,0.0,2.154e-10,0.001,0.0
24537772.0,4995000000.0,5000000.0,5.0,0.0,0.1287,0.1287,0.1287,0.1287,0.063887,0.063887,0.0053473,0.063887,0.063887,0.00055581,0.0053473,0.00055581,0.0,0.0,0.0,0.0,0.001,0.0,0.0,0.0,1e-11,0.0,0.0,0.0,0.0,1e-11,0.001,0.0
24536260.0,4995000000.0,5000000.0,5.0,0.0,0.1287,0.1287,0.1287,0.1287,0.063887,0.063887,6.3887e-07,0.063887,0.063887,6.1098e-06,6.3887e-07,6.1098e-06,0.0,0.0,0.0,0.0,1e-11,0.0,0.0,0.0,1e-11,0.0,0.0,0.0,0.0,1e-11,1e-11,0.0
24535855.0,4995000000.0,5000000.0,5.0,0.0,0.1287,0.1287,0.1287,0.1287,0.063887,0.063887,0.0,0.063887,0.063887,0.0,0.0,0.0,0.0,0.0,0.0,0.0,4.642e-05,0.0,0.0,0.0,2.154e-10,0.0,0.0,0.0,0.0,2.154e-10,4.642e-05,0.0
24535911.0,4995000000.0,5000000.0,5.0,0.0,0.1287,0.1287,0.1287,0.1287,0.063887,0.063887,0.0,0.063887,0.063887,6.3887e-07,0.0,6.3887e-07,0.0,0.0,0.0,0.0,0.001,0.0,0.0,0.0,2.154e-10,0.0,0.0,0.0,0.0,2.154e-10,0.001,0.0
24537643.0,4995000000.0,5000000.0,5.0,0.0,0.1287,0.1287,0.1287,0.1287,0.063887,0.063887,0.0053473,0.063887,0.063887,6.1098e-06,0.0053473,6.1098e-06,0.0,0.0,0.0,0.0,2.154e-10,0.0,0.0,0.0,2.154e-06,0.0,0.0,0.0,0.0,2.154e-06,2.154e-10,0.0
24536319.0,4995000000.0,5000000.0,5.0,0.0,0.1287,0.1287,0.1287,0.1287,0.063887,0.063887,6.3887e-07,0.063887,0.063887,5.8431e-05,6.3887e-07,5.8431e-05,0.0,0.0,0.0,0.0,2.154e-10,0.0,0.0,0.0,1e-07,0.0,0.0,0.0,0.0,1e-07,2.154e-10,0.0
24537441.0,4995000000.0,5000000.0,5.0,0.0,0.1287,0.1287,0.1287,0.1287,0.063887,0.063887,0.00055581,0.063887,0.063887,0.0053473,0.00055581,0.0053473,0.0,0.0,0.0,0.0,1e-11,0.0,0.0,0.0,4.642e-05,0.0,0.0,0.0,0.0,4.642e-05,1e-11,0.0
24537041.0,4995000000.0,5000000.0,5.0,0.0,0.1287,0.1287,0.1287,0.1287,0.063887,0.063887,5.8431e-05,0.063887,0.063887,5.8431e-05,5.8431e-05,5.8431e-05,0.0,0.0,0.0,0.0,0.001,0.0,0.0,0.0,2.154e-06,0.0,0.0,0.0,0.0,2.154e-06,0.001,0.0
24536059.0,4995000000.0,5000000.0,5.0,0.0,0.1287,0.1287,0.1287,0.1287,0.063887,0.063887,0.0,0.063887,0.063887,0.00055581,0.0,0.00055581,0.0,0.0,0.0,0.0,0.001,0.0,0.0,0.0,4.642e-09,0.0,0.0,0.0,0.0,4.642e-09,0.001,0.0
24537288.0,4995000000.0,5000000.0,5.0,0.0,0.1287,0.1287,0.1287,0.1287,0.063887,0.063887,0.00055581,0.063887,0.063887,6.3887e-07,0.00055581,6.3887e-07,0.0,0.0,0.0,0.0,0.001,0.0,0.0,0.0,0.001,0.0,0.0,0.0,0.0,0.001,0.001,0.0
24537369.0,4995000000.0,5000000.0,5.0,0.0,0.1287,0.1287,0.1287,0.1287,0.063887,0.063887,0.00055581,0.063887,0.063887,5.8431e-05,0.00055581,5.8431e-05,0.0,0.0,0.0,0.0,2.154e-06,0.0,0.0,0.0,1e-07,0.0,0.0,0.0,0.0,1e-07,2.154e-06,0.0
24537125.0,4995000000.0,5000000.0,5.0,0.0,0.1287,0.1287,0.1287,0.1287,0.063887,0.063887,5.8431e-05,0.063887,0.063887,0.0053473,5.8431e-05,0.0053473,0.0,0.0,0.0,0.0,2.154e-06,0.0,0.0,0.0,2.154e-06,0.0,0.0,0.0,0.0,2.154e-06,2.154e-06,0.0
24536097.0,4995000000.0,5000000.0,5.0,0.0,0.1287,0.1287,0.1287,0.1287,0.063887,0.063887,0.0,0.063887,0.063887,0.0053473,0.0,0.0053473,0.0,0.0,0.0,0.0,2.154e-06,0.0,0.0,0.0,4.642e-05,0.0,0.0,0.0,0.0,4.642e-05,2.154e-06,0.0
24536955.0,4995000000.0,5000000.0,5.0,0.0,0.1287,0.1287,0.1287,0.1287,0.063887,0.063887,5.8431e-05,0.063887,0.063887,6.1098e-06,5.8431e-05,6.1098e-06,0.0,0.0,0.0,0.0,2.154e-10,0.0,0.0,0.0,4.642e-09,0.0,0.0,0.0,0.0,4.642e-09,2.154e-10,0.0
24536674.0,4995000000.0,5000000.0,5.0,0.0,0.1287,0.1287,0.1287,0.1287,0.063887,0.063887,6.1098e-06,0.063887,0.063887,5.8431e-05,6.1098e-06,5.8431e-05,0.0,0.0,0.0,0.0,1e-07,0.0,0.0,0.0,2.154e-10,0.0,0.0,0.0,0.0,2.154e-10,1e-07,0.0
24536151.0,4995000000.0,5000000.0,5.0,0.0,0.1287,0.1287,0.1287,0.1287,0.063887,0.063887,0.0,0.063887,0.063887,0.051109,0.0,0.051109,0.0,0.0,0.0,0.0,4.642e-05,0.0,0.0,0.0,1e-07,0.0,0.0,0.0,0.0,1e-07,4.642e-05,0.0
24537667.0,4995000000.0,5000000.0,5.0,0.0,0.1287,0.1287,0.1287,0.1287,0.063887,0.063887,0.0053473,0.063887,0.063887,6.1098e-06,0.0053473,6.1098e-06,0.0,0.0,0.0,0.0,4.642e-05,0.0,0.0,0.0,1e-11,0.0,0.0,0.0,0.0,1e-11,4.642e-05,0.0
24537709.0,4995000000.0,5000000.0,5.0,0.0,0.1287,0.1287,0.1287,0.1287,0.063887,0.063887,0.0053473,0.063887,0.063887,5.8431e-05,0.0053473,5.8431e-05,0.0,0.0,0.0,0.0,2.154e-06,0.0,0.0,0.0,1e-11,0.0,0.0,0.0,0.0,1e-11,2.154e-06,0.0
24538017.0,4995000000.0,5000000.0,5.0,0.0,0.1287,0.1287,0.1287,0.1287,0.063887,0.063887,0.051109,0.063887,0.063887,6.1098e-06,0.051109,6.1098e-06,0.0,0.0,0.0,0.0,0.001,0.0,0.0,0.0,1e-11,0.0,0.0,0.0,0.0,1e-11,0.001,0.0
24536101.0,4995000000.0,5000000.0,5.0,0.0,0.1287,0.1287,0.1287,0.1287,0.063887,0.063887,0.0,0.063887,0.063887,0.0053473,0.0,0.0053473,0.0,0.0,0.0,0.0,4.642e-05,0.0,0.0,0.0,4.642e-09,0.0,0.0,0.0,0.0,4.642e-09,4.642e-05,0.0
24538133.0,4995000000.0,5000000.0,5.0,0.0,0.1287,0.1287,0.1287,0.1287,0.063887,0.063887,0.051109,0.063887,0.063887,0.0053473,0.051109,0.0053473,0.0,0.0,0.0,0.0,2.154e-10,0.0,0.0,0.0,2.154e-06,0.0,0.0,0.0,0.0,2.154e-06,2.154e-10,0.0
24537368.0,4995000000.0,5000000.0,5.0,0.0,0.1287,0.1287,0.1287,0.1287,0.063887,0.063887,0.00055581,0.063887,0.063887,5.8431e-05,0.00055581,5.8431e-05,0.0,0.0,0.0,0.0,2.154e-06,0.0,0.0,0.0,4.642e-09,0.0,0.0,0.0,0.0,4.642e-09,2.154e-06,0.0
24536877.0,4995000000.0,5000000.0,5.0,0.0,0.1287,0.1287,0.1287,0.1287,0.063887,0.063887,5.8431e-05,0.063887,0.063887,0.0,5.8431e-05,0.0,0.0,0.0,0.0,0.0,2.154e-06,0.0,0.0,0.0,2.154e-10,0.0,0.0,0.0,0.0,2.154e-10,2.154e-06,0.0
24536181.0,4995000000.0,5000000.0,5.0,0.0,0.1287,0.1287,0.1287,0.1287,0.063887,0.063887,6.3887e-07,0.063887,0.063887,0.0,6.3887e-07,0.0,0.0,0.0,0.0,0.0,4.642e-09,0.0,0.0,0.0,4.642e-05,0.0,0.0,0.0,0.0,4.642e-05,4.642e-09,0.0
24536723.0,4995000000.0,5000000.0,5.0,0.0,0.1287,0.1287,0.1287,0.1287,0.063887,0.063887,6.1098e-06,0.063887,0.063887,0.00055581,6.1098e-06,0.00055581,0.0,0.0,0.0,0.0,1e-07,0.0,0.0,0.0,2.154e-10,0.0,0.0,0.0,0.0,2.154e-10,1e-07,0.0
24537962.0,4995000000.0,5000000.0,5.0,0.0,0.1287,0.1287,0.1287,0.1287,0.063887,0.063887,0.051109,0.063887,0.063887,6.3887e-07,0.051109,6.3887e-07,0.0,0.0,0.0,0.0,4.642e-05,0.0,0.0,0.0,2.154e-10,0.0,0.0,0.0,0.0,2.154e-10,4.642e-05,0.0
24536360.0,4995000000.0,5000000.0,5.0,0.0,0.1287,0.1287,0.1287,0.1287,0.063887,0.063887,6.3887e-07,0.063887,0.063887,0.00055581,6.3887e-07,0.00055581,0.0,0.0,0.0,0.0,1e-11,0.0,0.0,0.0,4.642e-09,0.0,0.0,0.0,0.0,4.642e-09,1e-11,0.0
24537783.0,4995000000.0,5000000.0,5.0,0.0,0.1287,0.1287,0.1287,0.1287,0.063887,0.063887,0.0053473,0.063887,0.063887,0.0053473,0.0053473,0.0053473,0.0,0.0,0.0,0.0,1e-11,0.0,0.0,0.0,2.154e-06,0.0,0.0,0.0,0.0,2.154e-06,1e-11,0.0
24536203.0,4995000000.0,5000000.0,5.0,0.0,0.1287,0.1287,0.1287,0.1287,0.063887,0.063887,6.3887e-07,0.063887,0.063887,0.0,6.3887e-07,0.0,0.0,0.0,0.0,0.0,4.642e-05,0.0,0.0,0.0,0.001,0.0,0.0,0.0,0.0,0.001,4.642e-05,0.0
24537028.0,4995000000.0,5000000.0,5.0,0.0,0.1287,0.1287,0.1287,0.1287,0.063887,0.063887,5.8431e-05,0.063887,0.063887,5.8431e-05,5.8431e-05,5.8431e-05,0.0,0.0,0.0,0.0,2.154e-06,0.0,0.0,0.0,4.642e-05,0.0,0.0,0.0,0.0,4.642e-05,2.154e-06,0.0
24536359.0,4995000000.0,5000000.0,5.0,0.0,0.1287,0.1287,0.1287,0.1287,0.063887,0.063887,6.3887e-07,0.063887,0.063887,0.00055581,6.3887e-07,0.00055581,0.0,0.0,0.0,0.0,1e-11,0.0,0.0,0.0,2.154e-10,0.0,0.0,0.0,0.0,2.154e-10,1e-11,0.0
24537274.0,4995000000.0,5000000.0,5.0,0.0,0.1287,0.1287,0.1287,0.1287,0.063887,0.063887,0.00055581,0.063887,0.063887,6.3887e-07,0.00055581,6.3887e-07,0.0,0.0,0.0,0.0,2.154e-06,0.0,0.0,0.0,0.001,0.0,0.0,0.0,0.0,0.001,2.154e-06,0.0
24536210.0,4995000000.0,5000000.0,5.0,0.0,0.1287,0.1287,0.1287,0.1287,0.063887,0.063887,6.3887e-07,0.063887,0.063887,0.0,6.3887e-07,0.0,0.0,0.0,0.0,0.0,0.001,0.0,0.0,0.0,0.001,0.0,0.0,0.0,0.0,0.001,0.001,0.0
24536231.0,4995000000.0,5000000.0,5.0,0.0,0.1287,0.1287,0.1287,0.1287,0.063887,0.063887,6.3887e-07,0.063887,0.063887,6.3887e-07,6.3887e-07,6.3887e-07,0.0,0.0,0.0,0.0,4.642e-09,0.0,0.0,0.0,0.001,0.0,0.0,0.0,0.0,0.001,4.642e-09,0.0
24536810.0,4995000000.0,5000000.0,5.0,0.0,0.1287,0.1287,0.1287,0.1287,0.063887,0.063887,6.1098e-06,0.063887,0.063887,0.051109,6.1098e-06,0.051109,0.0,0.0,0.0,0.0,2.154e-10,0.0,0.0,0.0,2.154e-06,0.0,0.0,0.0,0.0,2.154e-06,2.154e-10,0.0
24535996.0,4995000000.0,5000000.0,5.0,0.0,0.1287,0.1287,0.1287,0.1287,0.063887,0.063887,0.0,0.063887,0.063887,5.8431e-05,0.0,5.8431e-05,0.0,0.0,0.0,0.0,2.154e-06,0.0,0.0,0.0,4.642e-09,0.0,0.0,0.0,0.0,4.642e-09,2.154e-06,0.0
24538102.0,4995000000.0,5000000.0,5.0,0.0,0.1287,0.1287,0.1287,0.1287,0.063887,0.063887,0.051109,0.063887,0.063887,0.00055581,0.051109,0.00055581,0.0,0.0,0.0,0.0,2.154e-06,0.0,0.0,0.0,2.154e-10,0.0,0.0,0.0,0.0,2.154e-10,2.154e-06,0.0
24538016.0,4995000000.0,5000000.0,5.0,0.0,0.1287,0.1287,0.1287,0.1287,0.063887,0.063887,0.051109,0.063887,0.063887,6.1098e-06,0.051109,6.1098e-06,0.0,0.0,0.0,0.0,4.642e-05,0.0,0.0,0.0,0.001,0.0,0.0,0.0,0.0,0.001,4.642e-05,0.0
24536236.0,4995000000.0,5000000.0,5.0,0.0,0.1287,0.1287,0.1287,0.1287,0.063887,0.063887,6.3887e-07,0.063887,0.063887,6.3887e-07,6.3887e-07,6.3887e-07,0.0,0.0,0.0,0.0,1e-07,0.0,0.0,0.0,2.154e-06,0.0,0.0,0.0,0.0,2.154e-06,1e-07,0.0
24537598.0,4995000000.0,5000000.0,5.0,0.0,0.1287,0.1287,0.1287,0.1287,0.063887,0.063887,0.0053473,0.063887,0.063887,6.3887e-07,0.0053473,6.3887e-07,0.0,0.0,0.0,0.0,4.642e-09,0.0,0.0,0.0,2.154e-10,0.0,0.0,0.0,0.0,2.154e-10,4.642e-09,0.0
24536223.0,4995000000.0,5000000.0,5.0,0.0,0.1287,0.1287,0.1287,0.1287,0.063887,0.063887,6.3887e-07,0.063887,0.063887,6.3887e-07,6.3887e-07,6.3887e-07,0.0,0.0,0.0,0.0,2.154e-10,0.0,0.0,0.0,4.642e-05,0.0,0.0,0.0,0.0,4.642e-05,2.154e-10,0.0
24535897.0,4995000000.0,5000000.0,5.0,0.0,0.1287,0.1287,0.1287,0.1287,0.063887,0.063887,0.0,0.063887,0.063887,6.3887e-07,0.0,6.3887e-07,0.0,0.0,0.0,0.0,2.154e-06,0.0,0.0,0.0,2.154e-10,0.0,0.0,0.0,0.0,2.154e-10,2.154e-06,0.0
24537761.0,4995000000.0,5000000.0,5.0,0.0,0.1287,0.1287,0.1287,0.1287,0.063887,0.063887,0.0053473,0.063887,0.063887,0.00055581,0.0053473,0.00055581,0.0,0.0,0.0,0.0,2.154e-06,0.0,0.0,0.0,1e-07,0.0,0.0,0.0,0.0,1e-07,2.154e-06,0.0
24536762.0,4995000000.0,5000000.0,5.0,0.0,0.1287,0.1287,0.1287,0.1287,0.063887,0.063887,6.1098e-06,0.063887,0.063887,0.0053473,6.1098e-06,0.0053473,0.0,0.0,0.0,0.0,2.154e-10,0.0,0.0,0.0,4.642e-05,0.0,0.0,0.0,0.0,4.642e-05,2.154e-10,0.0
24538191.0,4995000000.0,5000000.0,5.0,0.0,0.1287,0.1287,0.1287,0.1287,0.063887,0.063887,0.051109,0.063887,0.063887,0.051109,0.051109,0.051109,0.0,0.0,0.0,0.0,4.642e-09,0.0,0.0,0.0,0.001,0.0,0.0,0.0,0.0,0.001,4.642e-09,0.0
24535886.0,4995000000.0,5000000.0,5.0,0.0,0.1287,0.1287,0.1287,0.1287,0.063887,0.063887,0.0,0.063887,0.063887,6.3887e-07,0.0,6.3887e-07,0.0,0.0,0.0,0.0,4.642e-09,0.0,0.0,0.0,2.154e-06,0.0,0.0,0.0,0.0,2.154e-06,4.642e-09,0.0
24536556.0,4995000000.0,5000000.0,5.0,0.0,0.1287,0.1287,0.1287,0.1287,0.063887,0.063887,6.1098e-06,0.063887,0.063887,6.3887e-07,6.1098e-06,6.3887e-07,0.0,0.0,0.0,0.0,1e-11,0.0,0.0,0.0,4.642e-09,0.0,0.0,0.0,0.0,4.642e-09,1e-11,0.0
24536391.0,4995000000.0,5000000.0,5.0,0.0,0.1287,0.1287,0.1287,0.1287,0.063887,0.063887,6.3887e-07,0.063887,0.063887,0.00055581,6.3887e-07,0.00055581,0.0,0.0,0.0,0.0,2.154e-06,0.0,0.0,0.0,4.642e-05,0.0,0.0,0.0,0.0,4.642e-05,2.154e-06,0.0
24537795.0,4995000000.0,5000000.0,5.0,0.0,0.1287,0.1287,0.1287,0.1287,0.063887,0.063887,0.0053473,0.063887,0.063887,0.0053473,0.0053473,0.0053473,0.0,0.0,0.0,0.0,4.642e-09,0.0,0.0,0.0,4.642e-09,0.0,0.0,0.0,0.0,4.642e-09,4.642e-09,0.0
24537524.0,4995000000.0,5000000.0,5.0,0.0,0.1287,0.1287,0.1287,0.1287,0.063887,0.063887,0.00055581,0.063887,0.063887,0.051109,0.00055581,0.051109,0.0,0.0,0.0,0.0,4.642e-05,0.0,0.0,0.0,2.154e-06,0.0,0.0,0.0,0.0,2.154e-06,4.642e-05,0.0
24536357.0,4995000000.0,5000000.0,5.0,0.0,0.1287,0.1287,0.1287,0.1287,0.063887,0.063887,6.3887e-07,0.063887,0.063887,5.8431e-05,6.3887e-07,5.8431e-05,0.0,0.0,0.0,0.0,0.001,0.0,0.0,0.0,0.001,0.0,0.0,0.0,0.0,0.001,0.001,0.0
24535951.0,4995000000.0,5000000.0,5.0,0.0,0.1287,0.1287,0.1287,0.1287,0.063887,0.063887,0.0,0.063887,0.063887,6.1098e-06,0.0,6.1098e-06,0.0,0.0,0.0,0.0,2.154e-06,0.0,0.0,0.0,0.001,0.0,0.0,0.0,0.0,0.001,2.154e-06,0.0
24536063.0,4995000000.0,5000000.0,5.0,0.0,0.1287,0.1287,0.1287,0.1287,0.063887,0.063887,0.0,0.063887,0.063887,0.00055581,0.0,0.00055581,0.0,0.0,0.0,0.0,0.001,0.0,0.0,0.0,0.001,0.0,0.0,0.0,0.0,0.001,0.001,0.0
24536916.0,4995000000.0,5000000.0,5.0,0.0,0.1287,0.1287,0.1287,0.1287,0.063887,0.063887,5.8431e-05,0.063887,0.063887,6.3887e-07,5.8431e-05,6.3887e-07,0.0,0.0,0.0,0.0,4.642e-09,0.0,0.0,0.0,4.642e-05,0.0,0.0,0.0,0.0,4.642e-05,4.642e-09,0.0
24536726.0,4995000000.0,5000000.0,5.0,0.0,0.1287,0.1287,0.1287,0.1287,0.063887,0.063887,6.1098e-06,0.063887,0.063887,0.00055581,6.1098e-06,0.00055581,0.0,0.0,0.0,0.0,1e-07,0.0,0.0,0.0,2.154e-06,0.0,0.0,0.0,0.0,2.154e-06,1e-07,0.0
24537456.0,4995000000.0,5000000.0,5.0,0.0,0.1287,0.1287,0.1287,0.1287,0.063887,0.063887,0.00055581,0.063887,0.063887,0.0053473,0.00055581,0.0053473,0.0,0.0,0.0,0.0,4.642e-09,0.0,0.0,0.0,0.001,0.0,0.0,0.0,0.0,0.001,4.642e-09,0.0
24537599.0,4995000000.0,5000000.0,5.0,0.0,0.1287,0.1287,0.1287,0.1287,0.063887,0.063887,0.0053473,0.063887,0.063887,6.3887e-07,0.0053473,6.3887e-07,0.0,0.0,0.0,0.0,4.642e-09,0.0,0.0,0.0,4.642e-09,0.0,0.0,0.0,0.0,4.642e-09,4.642e-09,0.0
24536117.0,4995000000.0,5000000.0,5.0,0.0,0.1287,0.1287,0.1287,0.1287,0.063887,0.063887,0.0,0.063887,0.063887,0.051109,0.0,0.051109,0.0,0.0,0.0,0.0,1e-11,0.0,0.0,0.0,2.154e-06,0.0,0.0,0.0,0.0,2.154e-06,1e-11,0.0
24536888.0,4995000000.0,5000000.0,5.0,0.0,0.1287,0.1287,0.1287,0.1287,0.063887,0.063887,5.8431e-05,0.063887,0.063887,0.0,5.8431e-05,0.0,0.0,0.0,0.0,0.0,4.642e-05,0.0,0.0,0.0,4.642e-05,0.0,0.0,0.0,0.0,4.642e-05,4.642e-05,0.0
24537152.0,4995000000.0,5000000.0,5.0,0.0,0.1287,0.1287,0.1287,0.1287,0.063887,0.063887,5.8431e-05,0.063887,0.063887,0.051109,5.8431e-05,0.051109,0.0,0.0,0.0,0.0,2.154e-10,0.0,0.0,0.0,1e-07,0.0,0.0,0.0,0.0,1e-07,2.154e-10,0.0
24536648.0,4995000000.0,5000000.0,5.0,0.0,0.1287,0.1287,0.1287,0.1287,0.063887,0.063887,6.1098e-06,0.063887,0.063887,6.1098e-06,6.1098e-06,6.1098e-06,0.0,0.0,0.0,0.0,0.001,0.0,0.0,0.0,1e-07,0.0,0.0,0.0,0.0,1e-07,0.001,0.0
24538040.0,4995000000.0,5000000.0,5.0,0.0,0.1287,0.1287,0.1287,0.1287,0.063887,0.063887,0.051109,0.063887,0.063887,5.8431e-05,0.051109,5.8431e-05,0.0,0.0,0.0,0.0,4.642e-09,0.0,0.0,0.0,4.642e-09,0.0,0.0,0.0,0.0,4.642e-09,4.642e-09,0.0
24536630.0,4995000000.0,5000000.0,5.0,0.0,0.1287,0.1287,0.1287,0.1287,0.063887,0.063887,6.1098e-06,0.063887,0.063887,6.1098e-06,6.1098e-06,6.1098e-06,0.0,0.0,0.0,0.0,1e-07,0.0,0.0,0.0,0.001,0.0,0.0,0.0,0.0,0.001,1e-07,0.0
24536445.0,4995000000.0,5000000.0,5.0,0.0,0.1287,0.1287,0.1287,0.1287,0.063887,0.063887,6.3887e-07,0.063887,0.063887,0.0053473,6.3887e-07,0.0053473,0.0,0.0,0.0,0.0,4.642e-05,0.0,0.0,0.0,1e-07,0.0,0.0,0.0,0.0,1e-07,4.642e-05,0.0
24535964.0,4995000000.0,5000000.0,5.0,0.0,0.1287,0.1287,0.1287,0.1287,0.063887,0.063887,0.0,0.063887,0.063887,6.1098e-06,0.0,6.1098e-06,0.0,0.0,0.0,0.0,0.001,0.0,0.0,0.0,4.642e-05,0.0,0.0,0.0,0.0,4.642e-05,0.001,0.0
24538167.0,4995000000.0,5000000.0,5.0,0.0,0.1287,0.1287,0.1287,0.1287,0.063887,0.063887,0.051109,0.063887,0.063887,0.0053473,0.051109,0.0053473,0.0,0.0,0.0,0.0,0.001,0.0,0.0,0.0,1e-07,0.0,0.0,0.0,0.0,1e-07,0.001,0.0
24536977.0,4995000000.0,5000000.0,5.0,0.0,0.1287,0.1287,0.1287,0.1287,0.063887,0.063887,5.8431e-05,0.063887,0.063887,6.1098e-06,5.8431e-05,6.1098e-06,0.0,0.0,0.0,0.0,2.154e-06,0.0,0.0,0.0,1e-07,0.0,0.0,0.0,0.0,1e-07,2.154e-06,0.0
24536252.0,4995000000.0,5000000.0,5.0,0.0,0.1287,0.1287,0.1287,0.1287,0.063887,0.063887,6.3887e-07,0.063887,0.063887,6.3887e-07,6.3887e-07,6.3887e-07,0.0,0.0,0.0,0.0,4.642e-05,0.0,0.0,0.0,0.001,0.0,0.0,0.0,0.0,0.001,4.642e-05,0.0
24536355.0,4995000000.0,5000000.0,5.0,0.0,0.1287,0.1287,0.1287,0.1287,0.063887,0.063887,6.3887e-07,0.063887,0.063887,5.8431e-05,6.3887e-07,5.8431e-05,0.0,0.0,0.0,0.0,0.001,0.0,0.0,0.0,2.154e-06,0.0,0.0,0.0,0.0,2.154e-06,0.001,0.0
24536226.0,4995000000.0,5000000.0,5.0,0.0,0.1287,0.1287,0.1287,0.1287,0.063887,0.063887,6.3887e-07,0.063887,0.063887,6.3887e-07,6.3887e-07,6.3887e-07,0.0,0.0,0.0,0.0,4.642e-09,0.0,0.0,0.0,2.154e-10,0.0,0.0,0.0,0.0,2.154e-10,4.642e-09,0.0
24538150.0,4995000000.0,5000000.0,5.0,0.0,0.1287,0.1287,0.1287,0.1287,0.063887,0.063887,0.051109,0.063887,0.063887,0.0053473,0.051109,0.0053473,0.0,0.0,0.0,0.0,2.154e-06,0.0,0.0,0.0,1e-11,0.0,0.0,0.0,0.0,1e-11,2.154e-06,0.0
24537062.0,4995000000.0,5000000.0,5.0,0.0,0.1287,0.1287,0.1287,0.1287,0.063887,0.063887,5.8431e-05,0.063887,0.063887,0.00055581,5.8431e-05,0.00055581,0.0,0.0,0.0,0.0,4.642e-09,0.0,0.0,0.0,2.154e-06,0.0,0.0,0.0,0.0,2.154e-06,4.642e-09,0.0
24537468.0,4995000000.0,5000000.0,5.0,0.0,0.1287,0.1287,0.1287,0.1287,0.063887,0.063887,0.00055581,0.063887,0.063887,0.0053473,0.00055581,0.0053473,0.0,0.0,0.0,0.0,2.154e-06,0.0,0.0,0.0,2.154e-06,0.0,0.0,0.0,0.0,2.154e-06,2.154e-06,0.0
24537858.0,4995000000.0,5000000.0,5.0,0.0,0.1287,0.1287,0.1287,0.1287,0.063887,0.063887,0.0053473,0.063887,0.063887,0.051109,0.0053473,0.051109,0.0,0.0,0.0,0.0,2.154e-06,0.0,0.0,0.0,4.642e-09,0.0,0.0,0.0,0.0,4.642e-09,2.154e-06,0.0
24536439.0,4995000000.0,5000000.0,5.0,0.0,0.1287,0.1287,0.1287,0.1287,0.063887,0.063887,6.3887e-07,0.063887,0.063887,0.0053473,6.3887e-07,0.0053473,0.0,0.0,0.0,0.0,2.154e-06,0.0,0.0,0.0,2.154e-06,0.0,0.0,0.0,0.0,2.154e-06,2.154e-06,0.0
24536708.0,4995000000.0,5000000.0,5.0,0.0,0.1287,0.1287,0.1287,0.1287,0.063887,0.063887,6.1098e-06,0.063887,0.063887,0.00055581,6.1098e-06,0.00055581,0.0,0.0,0.0,0.0,2.154e-10,0.0,0.0,0.0,1e-11,0.0,0.0,0.0,0.0,1e-11,2.154e-10,0.0
24535992.0,4995000000.0,5000000.0,5.0,0.0,0.1287,0.1287,0.1287,0.1287,0.063887,0.063887,0.0,0.063887,0.063887,5.8431e-05,0.0,5.8431e-05,0.0,0.0,0.0,0.0,1e-07,0.0,0.0,0.0,4.642e-05,0.0,0.0,0.0,0.0,4.642e-05,1e-07,0.0
24537737.0,4995000000.0,5000000.0,5.0,0.0,0.1287,0.1287,0.1287,0.1287,0.063887,0.063887,0.0053473,0.063887,0.063887,0.00055581,0.0053473,0.00055581,0.0,0.0,0.0,0.0,2.154e-10,0.0,0.0,0.0,1e-11,0.0,0.0,0.0,0.0,1e-11,2.154e-10,0.0
24537428.0,4995000000.0,5000000.0,5.0,0.0,0.1287,0.1287,0.1287,0.1287,0.063887,0.063887,0.00055581,0.063887,0.063887,0.00055581,0.00055581,0.00055581,0.0,0.0,0.0,0.0,4.642e-05,0.0,0.0,0.0,0.001,0.0,0.0,0.0,0.0,0.001,4.642e-05,0.0
24537033.0,4995000000.0,5000000.0,5.0,0.0,0.1287,0.1287,0.1287,0.1287,0.063887,0.063887,5.8431e-05,0.063887,0.063887,5.8431e-05,5.8431e-05,5.8431e-05,0.0,0.0,0.0,0.0,4.642e-05,0.0,0.0,0.0,1e-07,0.0,0.0,0.0,0.0,1e-07,4.642e-05,0.0
24536187.0,4995000000.0,5000000.0,5.0,0.0,0.1287,0.1287,0.1287,0.1287,0.063887,0.063887,6.3887e-07,0.063887,0.063887,0.0,6.3887e-07,0.0,0.0,0.0,0.0,0.0,1e-07,0.0,0.0,0.0,2.154e-06,0.0,0.0,0.0,0.0,2.154e-06,1e-07,0.0
24537608.0,4995000000.0,5000000.0,5.0,0.0,0.1287,0.1287,0.1287,0.1287,0.063887,0.063887,0.0053473,0.063887,0.063887,6.3887e-07,0.0053473,6.3887e-07,0.0,0.0,0.0,0.0,1e-07,0.0,0.0,0.0,2.154e-06,0.0,0.0,0.0,0.0,2.154e-06,1e-07,0.0
24537153.0,4995000000.0,5000000.0,5.0,0.0,0.1287,0.1287,0.1287,0.1287,0.063887,0.063887,5.8431e-05,0.063887,0.063887,0.051109,5.8431e-05,0.051109,0.0,0.0,0.0,0.0,2.154e-10,0.0,0.0,0.0,2.154e-06,0.0,0.0,0.0,0.0,2.154e-06,2.154e-10,0.0
24536948.0,4995000000.0,5000000.0,5.0,0.0,0.1287,0.1287,0.1287,0.1287,0.063887,0.063887,5.8431e-05,0.063887,0.063887,6.1098e-06,5.8431e-05,6.1098e-06,0.0,0.0,0.0,0.0,1e-11,0.0,0.0,0.0,4.642e-09,0.0,0.0,0.0,0.0,4.642e-09,1e-11,0.0
24537407.0,4995000000.0,5000000.0,5.0,0.0,0.1287,0.1287,0.1287,0.1287,0.063887,0.063887,0.00055581,0.063887,0.063887,0.00055581,0.00055581,0.00055581,0.0,0.0,0.0,0.0,4.642e-09,0.0,0.0,0.0,0.001,0.0,0.0,0.0,0.0,0.001,4.642e-09,0.0
24536233.0,4995000000.0,5000000.0,5.0,0.0,0.1287,0.1287,0.1287,0.1287,0.063887,0.063887,6.3887e-07,0.063887,0.063887,6.3887e-07,6.3887e-07,6.3887e-07,0.0,0.0,0.0,0.0,1e-07,0.0,0.0,0.0,2.154e-10,0.0,0.0,0.0,0.0,2.154e-10,1e-07,0.0
24537198.0,4995000000.0,5000000.0,5.0,0.0,0.1287,0.1287,0.1287,0.1287,0.063887,0.063887,0.00055581,0.063887,0.063887,0.0,0.00055581,0.0,0.0,0.0,0.0,0.0,2.154e-10,0.0,0.0,0.0,1e-11,0.0,0.0,0.0,0.0,1e-11,2.154e-10,0.0
24536909.0,4995000000.0,5000000.0,5.0,0.0,0.1287,0.1287,0.1287,0.1287,0.063887,0.063887,5.8431e-05,0.063887,0.063887,6.3887e-07,5.8431e-05,6.3887e-07,0.0,0.0,0.0,0.0,2.154e-10,0.0,0.0,0.0,4.642e-05,0.0,0.0,0.0,0.0,4.642e-05,2.154e-10,0.0
24538080.0,4995000000.0,5000000.0,5.0,0.0,0.1287,0.1287,0.1287,0.1287,0.063887,0.063887,0.051109,0.063887,0.063887,0.00055581,0.051109,0.00055581,0.0,0.0,0.0,0.0,2.154e-10,0.0,0.0,0.0,1e-11,0.0,0.0,0.0,0.0,1e-11,2.154e-10,0.0
24536030.0,4995000000.0,5000000.0,5.0,0.0,0.1287,0.1287,0.1287,0.1287,0.063887,0.063887,0.0,0.063887,0.063887,0.00055581,0.0,0.00055581,0.0,0.0,0.0,0.0,4.642e-09,0.0,0.0,0.0,2.154e-10,0.0,0.0,0.0,0.0,2.154e-10,4.642e-09,0.0
24537939.0,4995000000.0,5000000.0,5.0,0.0,0.1287,0.1287,0.1287,0.1287,0.063887,0.063887,0.051109,0.063887,0.063887,6.3887e-07,0.051109,6.3887e-07,0.0,0.0,0.0,0.0,2.154e-10,0.0,0.0,0.0,0.001,0.0,0.0,0.0,0.0,0.001,2.154e-10,0.0
24537060.0,4995000000.0,5000000.0,5.0,0.0,0.1287,0.1287,0.1287,0.1287,0.063887,0.063887,5.8431e-05,0.063887,0.063887,0.00055581,5.8431e-05,0.00055581,0.0,0.0,0.0,0.0,4.642e-09,0.0,0.0,0.0,4.642e-09,0.0,0.0,0.0,0.0,4.642e-09,4.642e-09,0.0
24536066.0,4995000000.0,5000000.0,5.0,0.0,0.1287,0.1287,0.1287,0.1287,0.063887,0.063887,0.0,0.063887,0.063887,0.0053473,0.0,0.0053473,0.0,0.0,0.0,0.0,1e-11,0.0,0.0,0.0,4.642e-09,0.0,0.0,0.0,0.0,4.642e-09,1e-11,0.0
24536503.0,4995000000.0,5000000.0,5.0,0.0,0.1287,0.1287,0.1287,0.1287,0.063887,0.063887,6.3887e-07,0.063887,0.063887,0.051109,6.3887e-07,0.051109,0.0,0.0,0.0,0.0,0.001,0.0,0.0,0.0,4.642e-05,0.0,0.0,0.0,0.0,4.642e-05,0.001,0.0
24537454.0,4995000000.0,5000000.0,5.0,0.0,0.1287,0.1287,0.1287,0.1287,0.063887,0.063887,0.00055581,0.063887,0.063887,0.0053473,0.00055581,0.0053473,0.0,0.0,0.0,0.0,4.642e-09,0.0,0.0,0.0,2.154e-06,0.0,0.0,0.0,0.0,2.154e-06,4.642e-09,0.0
24537316.0,4995000000.0,5000000.0,5.0,0.0,0.1287,0.1287,0.1287,0.1287,0.063887,0.063887,0.00055581,0.063887,0.063887,6.1098e-06,0.00055581,6.1098e-06,0.0,0.0,0.0,0.0,1e-07,0.0,0.0,0.0,0.001,0.0,0.0,0.0,0.0,0.001,1e-07,0.0
24536884.0,4995000000.0,5000000.0,5.0,0.0,0.1287,0.1287,0.1287,0.1287,0.063887,0.063887,5.8431e-05,0.063887,0.063887,0.0,5.8431e-05,0.0,0.0,0.0,0.0,0.0,4.642e-05,0.0,0.0,0.0,2.154e-10,0.0,0.0,0.0,0.0,2.154e-10,4.642e-05,0.0
24537082.0,4995000000.0,5000000.0,5.0,0.0,0.1287,0.1287,0.1287,0.1287,0.063887,0.063887,5.8431e-05,0.063887,0.063887,0.00055581,5.8431e-05,0.00055581,0.0,0.0,0.0,0.0,4.642e-05,0.0,0.0,0.0,1e-07,0.0,0.0,0.0,0.0,1e-07,4.642e-05,0.0
24535941.0,4995000000.0,5000000.0,5.0,0.0,0.1287,0.1287,0.1287,0.1287,0.063887,0.063887,0.0,0.063887,0.063887,6.1098e-06,0.0,6.1098e-06,0.0,0.0,0.0,0.0,1e-07,0.0,0.0,0.0,1e-07,0.0,0.0,0.0,0.0,1e-07,1e-07,0.0
24537588.0,4995000000.0,5000000.0,5.0,0.0,0.1287,0.1287,0.1287,0.1287,0.063887,0.063887,0.0053473,0.063887,0.063887,6.3887e-07,0.0053473,6.3887e-07,0.0,0.0,0.0,0.0,1e-11,0.0,0.0,0.0,4.642e-05,0.0,0.0,0.0,0.0,4.642e-05,1e-11,0.0
24538117.0,4995000000.0,5000000.0,5.0,0.0,0.1287,0.1287,0.1287,0.1287,0.063887,0.063887,0.051109,0.063887,0.063887,0.00055581,0.051109,0.00055581,0.0,0.0,0.0,0.0,0.001,0.0,0.0,0.0,4.642e-09,0.0,0.0,0.0,0.0,4.642e-09,0.001,0.0
24537155.0,4995000000.0,5000000.0,5.0,0.0,0.1287,0.1287,0.1287,0.1287,0.063887,0.063887,5.8431e-05,0.063887,0.063887,0.051109,5.8431e-05,0.051109,0.0,0.0,0.0,0.0,2.154e-10,0.0,0.0,0.0,0.001,0.0,0.0,0.0,0.0,0.001,2.154e-10,0.0
24537049.0,4995000000.0,5000000.0,5.0,0.0,0.1287,0.1287,0.1287,0.1287,0.063887,0.063887,5.8431e-05,0.063887,0.063887,0.00055581,5.8431e-05,0.00055581,0.0,0.0,0.0,0.0,1e-11,0.0,0.0,0.0,4.642e-05,0.0,0.0,0.0,0.0,4.642e-05,1e-11,0.0
24536860.0,4995000000.0,5000000.0,5.0,0.0,0.1287,0.1287,0.1287,0.1287,0.063887,0.063887,5.8431e-05,0.063887,0.063887,0.0,5.8431e-05,0.0,0.0,0.0,0.0,0.0,2.154e-10,0.0,0.0,0.0,4.642e-05,0.0,0.0,0.0,0.0,4.642e-05,2.154e-10,0.0
24537650.0,4995000000.0,5000000.0,5.0,0.0,0.1287,0.1287,0.1287,0.1287,0.063887,0.063887,0.0053473,0.063887,0.063887,6.1098e-06,0.0053473,6.1098e-06,0.0,0.0,0.0,0.0,4.642e-09,0.0,0.0,0.0,2.154e-06,0.0,0.0,0.0,0.0,2.154e-06,4.642e-09,0.0
24536468.0,4995000000.0,5000000.0,5.0,0.0,0.1287,0.1287,0.1287,0.1287,0.063887,0.063887,6.3887e-07,0.063887,0.063887,0.051109,6.3887e-07,0.051109,0.0,0.0,0.0,0.0,2.154e-10,0.0,0.0,0.0,4.642e-05,0.0,0.0,0.0,0.0,4.642e-05,2.154e-10,0.0
24536257.0,4995000000.0,5000000.0,5.0,0.0,0.1287,0.1287,0.1287,0.1287,0.063887,0.063887,6.3887e-07,0.063887,0.063887,6.3887e-07,6.3887e-07,6.3887e-07,0.0,0.0,0.0,0.0,0.001,0.0,0.0,0.0,2.154e-06,0.0,0.0,0.0,0.0,2.154e-06,0.001,0.0
24535903.0,4995000000.0,5000000.0,5.0,0.0,0.1287,0.1287,0.1287,0.1287,0.063887,0.063887,0.0,0.063887,0.063887,6.3887e-07,0.0,6.3887e-07,0.0,0.0,0.0,0.0,4.642e-05,0.0,0.0,0.0,1e-11,0.0,0.0,0.0,0.0,1e-11,4.642e-05,0.0
24537775.0,4995000000.0,5000000.0,5.0,0.0,0.1287,0.1287,0.1287,0.1287,0.063887,0.063887,0.0053473,0.063887,0.063887,0.00055581,0.0053473,0.00055581,0.0,0.0,0.0,0.0,0.001,0.0,0.0,0.0,1e-07,0.0,0.0,0.0,0.0,1e-07,0.001,0.0
24537765.0,4995000000.0,5000000.0,5.0,0.0,0.1287,0.1287,0.1287,0.1287,0.063887,0.063887,0.0053473,0.063887,0.063887,0.00055581,0.0053473,0.00055581,0.0,0.0,0.0,0.0,4.642e-05,0.0,0.0,0.0,1e-11,0.0,0.0,0.0,0.0,1e-11,4.642e-05,0.0
24537334.0,4995000000.0,5000000.0,5.0,0.0,0.1287,0.1287,0.1287,0.1287,0.063887,0.063887,0.00055581,0.063887,0.063887,6.1098e-06,0.00055581,6.1098e-06,0.0,0.0,0.0,0.0,0.001,0.0,0.0,0.0,1e-07,0.0,0.0,0.0,0.0,1e-07,0.001,0.0
24536676.0,4995000000.0,5000000.0,5.0,0.0,0.1287,0.1287,0.1287,0.1287,0.063887,0.063887,6.1098e-06,0.063887,0.063887,5.8431e-05,6.1098e-06,5.8431e-05,0.0,0.0,0.0,0.0,1e-07,0.0,0.0,0.0,1e-07,0.0,0.0,0.0,0.0,1e-07,1e-07,0.0
24537261.0,4995000000.0,5000000.0,5.0,0.0,0.1287,0.1287,0.1287,0.1287,0.063887,0.063887,0.00055581,0.063887,0.063887,6.3887e-07,0.00055581,6.3887e-07,0.0,0.0,0.0,0.0,1e-07,0.0,0.0,0.0,1e-11,0.0,0.0,0.0,0.0,1e-11,1e-07,0.0
24537805.0,4995000000.0,5000000.0,5.0,0.0,0.1287,0.1287,0.1287,0.1287,0.063887,0.063887,0.0053473,0.063887,0.063887,0.0053473,0.0053473,0.0053473,0.0,0.0,0.0,0.0,1e-07,0.0,0.0,0.0,4.642e-05,0.0,0.0,0.0,0.0,4.642e-05,1e-07,0.0
24537053.0,4995000000.0,5000000.0,5.0,0.0,0.1287,0.1287,0.1287,0.1287,0.063887,0.063887,5.8431e-05,0.063887,0.063887,0.00055581,5.8431e-05,0.00055581,0.0,0.0,0.0,0.0,2.154e-10,0.0,0.0,0.0,4.642e-09,0.0,0.0,0.0,0.0,4.642e-09,2.154e-10,0.0
24537237.0,4995000000.0,5000000.0,5.0,0.0,0.1287,0.1287,0.1287,0.1287,0.063887,0.063887,0.00055581,0.063887,0.063887,0.0,0.00055581,0.0,0.0,0.0,0.0,0.0,0.001,0.0,0.0,0.0,2.154e-06,0.0,0.0,0.0,0.0,2.154e-06,0.001,0.0
24537556.0,4995000000.0,5000000.0,5.0,0.0,0.1287,0.1287,0.1287,0.1287,0.063887,0.063887,0.0053473,0.063887,0.063887,0.0,0.0053473,0.0,0.0,0.0,0.0,0.0,1e-07,0.0,0.0,0.0,2.154e-10,0.0,0.0,0.0,0.0,2.154e-10,1e-07,0.0
24537270.0,4995000000.0,5000000.0,5.0,0.0,0.1287,0.1287,0.1287,0.1287,0.063887,0.063887,0.00055581,0.063887,0.063887,6.3887e-07,0.00055581,6.3887e-07,0.0,0.0,0.0,0.0,2.154e-06,0.0,0.0,0.0,4.642e-09,0.0,0.0,0.0,0.0,4.642e-09,2.154e-06,0.0
24535991.0,4995000000.0,5000000.0,5.0,0.0,0.1287,0.1287,0.1287,0.1287,0.063887,0.063887,0.0,0.063887,0.063887,5.8431e-05,0.0,5.8431e-05,0.0,0.0,0.0,0.0,1e-07,0.0,0.0,0.0,2.154e-06,0.0,0.0,0.0,0.0,2.154e-06,1e-07,0.0
24537321.0,4995000000.0,5000000.0,5.0,0.0,0.1287,0.1287,0.1287,0.1287,0.063887,0.063887,0.00055581,0.063887,0.063887,6.1098e-06,0.00055581,6.1098e-06,0.0,0.0,0.0,0.0,2.154e-06,0.0,0.0,0.0,2.154e-06,0.0,0.0,0.0,0.0,2.154e-06,2.154e-06,0.0
24537877.0,4995000000.0,5000000.0,5.0,0.0,0.1287,0.1287,0.1287,0.1287,0.063887,0.063887,0.051109,0.063887,0.063887,0.0,0.051109,0.0,0.0,0.0,0.0,0.0,1e-11,0.0,0.0,0.0,1e-11,0.0,0.0,0.0,0.0,1e-11,1e-11,0.0
24536843.0,4995000000.0,5000000.0,5.0,0.0,0.1287,0.1287,0.1287,0.1287,0.063887,0.063887,6.1098e-06,0.063887,0.063887,0.051109,6.1098e-06,0.051109,0.0,0.0,0.0,0.0,0.001,0.0,0.0,0.0,4.642e-09,0.0,0.0,0.0,0.0,4.642e-09,0.001,0.0
24537432.0,4995000000.0,5000000.0,5.0,0.0,0.1287,0.1287,0.1287,0.1287,0.063887,0.063887,0.00055581,0.063887,0.063887,0.00055581,0.00055581,0.00055581,0.0,0.0,0.0,0.0,0.001,0.0,0.0,0.0,1e-07,0.0,0.0,0.0,0.0,1e-07,0.001,0.0
24538140.0,4995000000.0,5000000.0,5.0,0.0,0.1287,0.1287,0.1287,0.1287,0.063887,0.063887,0.051109,0.063887,0.063887,0.0053473,0.051109,0.0053473,0.0,0.0,0.0,0.0,4.642e-09,0.0,0.0,0.0,2.154e-06,0.0,0.0,0.0,0.0,2.154e-06,4.642e-09,0.0
24536335.0,4995000000.0,5000000.0,5.0,0.0,0.1287,0.1287,0.1287,0.1287,0.063887,0.063887,6.3887e-07,0.063887,0.063887,5.8431e-05,6.3887e-07,5.8431e-05,0.0,0.0,0.0,0.0,1e-07,0.0,0.0,0.0,4.642e-05,0.0,0.0,0.0,0.0,4.642e-05,1e-07,0.0
24536091.0,4995000000.0,5000000.0,5.0,0.0,0.1287,0.1287,0.1287,0.1287,0.063887,0.063887,0.0,0.063887,0.063887,0.0053473,0.0,0.0053473,0.0,0.0,0.0,0.0,1e-07,0.0,0.0,0.0,0.001,0.0,0.0,0.0,0.0,0.001,1e-07,0.0
24536682.0,4995000000.0,5000000.0,5.0,0.0,0.1287,0.1287,0.1287,0.1287,0.063887,0.063887,6.1098e-06,0.063887,0.063887,5.8431e-05,6.1098e-06,5.8431e-05,0.0,0.0,0.0,0.0,2.154e-06,0.0,0.0,0.0,4.642e-09,0.0,0.0,0.0,0.0,4.642e-09,2.154e-06,0.0
24537007.0,4995000000.0,5000000.0,5.0,0.0,0.1287,0.1287,0.1287,0.1287,0.063887,0.063887,5.8431e-05,0.063887,0.063887,5.8431e-05,5.8431e-05,5.8431e-05,0.0,0.0,0.0,0.0,2.154e-10,0.0,0.0,0.0,4.642e-05,0.0,0.0,0.0,0.0,4.642e-05,2.154e-10,0.0
24537086.0,4995000000.0,5000000.0,5.0,0.0,0.1287,0.1287,0.1287,0.1287,0.063887,0.063887,5.8431e-05,0.063887,0.063887,0.00055581,5.8431e-05,0.00055581,0.0,0.0,0.0,0.0,0.001,0.0,0.0,0.0,1e-11,0.0,0.0,0.0,0.0,1e-11,0.001,0.0
24538026.0,4995000000.0,5000000.0,5.0,0.0,0.1287,0.1287,0.1287,0.1287,0.063887,0.063887,0.051109,0.063887,0.063887,5.8431e-05,0.051109,5.8431e-05,0.0,0.0,0.0,0.0,1e-11,0.0,0.0,0.0,4.642e-09,0.0,0.0,0.0,0.0,4.642e-09,1e-11,0.0
24537255.0,4995000000.0,5000000.0,5.0,0.0,0.1287,0.1287,0.1287,0.1287,0.063887,0.063887,0.00055581,0.063887,0.063887,6.3887e-07,0.00055581,6.3887e-07,0.0,0.0,0.0,0.0,4.642e-09,0.0,0.0,0.0,2.154e-10,0.0,0.0,0.0,0.0,2.154e-10,4.642e-09,0.0
24536400.0,4995000000.0,5000000.0,5.0,0.0,0.1287,0.1287,0.1287,0.1287,0.063887,0.063887,6.3887e-07,0.063887,0.063887,0.00055581,6.3887e-07,0.00055581,0.0,0.0,0.0,0.0,0.001,0.0,0.0,0.0,1e-11,0.0,0.0,0.0,0.0,1e-11,0.001,0.0
24537381.0,4995000000.0,5000000.0,5.0,0.0,0.1287,0.1287,0.1287,0.1287,0.063887,0.063887,0.00055581,0.063887,0.063887,5.8431e-05,0.00055581,5.8431e-05,0.0,0.0,0.0,0.0,0.001,0.0,0.0,0.0,2.154e-10,0.0,0.0,0.0,0.0,2.154e-10,0.001,0.0
24537391.0,4995000000.0,5000000.0,5.0,0.0,0.1287,0.1287,0.1287,0.1287,0.063887,0.063887,0.00055581,0.063887,0.063887,0.00055581,0.00055581,0.00055581,0.0,0.0,0.0,0.0,1e-11,0.0,0.0,0.0,2.154e-06,0.0,0.0,0.0,0.0,2.154e-06,1e-11,0.0
24536100.0,4995000000.0,5000000.0,5.0,0.0,0.1287,0.1287,0.1287,0.1287,0.063887,0.063887,0.0,0.063887,0.063887,0.0053473,0.0,0.0053473,0.0,0.0,0.0,0.0,4.642e-05,0.0,0.0,0.0,2.154e-10,0.0,0.0,0.0,0.0,2.154e-10,4.642e-05,0.0
24536910.0,4995000000.0,5000000.0,5.0,0.0,0.1287,0.1287,0.1287,0.1287,0.063887,0.063887,5.8431e-05,0.063887,0.063887,6.3887e-07,5.8431e-05,6.3887e-07,0.0,0.0,0.0,0.0,2.154e-10,0.0,0.0,0.0,0.001,0.0,0.0,0.0,0.0,0.001,2.154e-10,0.0
24536617.0,4995000000.0,5000000.0,5.0,0.0,0.1287,0.1287,0.1287,0.1287,0.063887,0.063887,6.1098e-06,0.063887,0.063887,6.1098e-06,6.1098e-06,6.1098e-06,0.0,0.0,0.0,0.0,4.642e-09,0.0,0.0,0.0,1e-11,0.0,0.0,0.0,0.0,1e-11,4.642e-09,0.0
24537991.0,4995000000.0,5000000.0,5.0,0.0,0.1287,0.1287,0.1287,0.1287,0.063887,0.063887,0.051109,0.063887,0.063887,6.1098e-06,0.051109,6.1098e-06,0.0,0.0,0.0,0.0,4.642e-09,0.0,0.0,0.0,4.642e-09,0.0,0.0,0.0,0.0,4.642e-09,4.642e-09,0.0
24535856.0,4995000000.0,5000000.0,5.0,0.0,0.1287,0.1287,0.1287,0.1287,0.063887,0.063887,0.0,0.063887,0.063887,0.0,0.0,0.0,0.0,0.0,0.0,0.0,4.642e-05,0.0,0.0,0.0,4.642e-09,0.0,0.0,0.0,0.0,4.642e-09,4.642e-05,0.0
24537346.0,4995000000.0,5000000.0,5.0,0.0,0.1287,0.1287,0.1287,0.1287,0.063887,0.063887,0.00055581,0.063887,0.063887,5.8431e-05,0.00055581,5.8431e-05,0.0,0.0,0.0,0.0,2.154e-10,0.0,0.0,0.0,2.154e-10,0.0,0.0,0.0,0.0,2.154e-10,2.154e-10,0.0
24536664.0,4995000000.0,5000000.0,5.0,0.0,0.1287,0.1287,0.1287,0.1287,0.063887,0.063887,6.1098e-06,0.063887,0.063887,5.8431e-05,6.1098e-06,5.8431e-05,0.0,0.0,0.0,0.0,2.154e-10,0.0,0.0,0.0,4.642e-05,0.0,0.0,0.0,0.0,4.642e-05,2.154e-10,0.0
24537852.0,4995000000.0,5000000.0,5.0,0.0,0.1287,0.1287,0.1287,0.1287,0.063887,0.063887,0.0053473,0.063887,0.063887,0.051109,0.0053473,0.051109,0.0,0.0,0.0,0.0,1e-07,0.0,0.0,0.0,1e-07,0.0,0.0,0.0,0.0,1e-07,1e-07,0.0
24536519.0,4995000000.0,5000000.0,5.0,0.0,0.1287,0.1287,0.1287,0.1287,0.063887,0.063887,6.1098e-06,0.063887,0.063887,0.0,6.1098e-06,0.0,0.0,0.0,0.0,0.0,4.642e-09,0.0,0.0,0.0,1e-11,0.0,0.0,0.0,0.0,1e-11,4.642e-09,0.0
24537973.0,4995000000.0,5000000.0,5.0,0.0,0.1287,0.1287,0.1287,0.1287,0.063887,0.063887,0.051109,0.063887,0.063887,6.3887e-07,0.051109,6.3887e-07,0.0,0.0,0.0,0.0,0.001,0.0,0.0,0.0,4.642e-05,0.0,0.0,0.0,0.0,4.642e-05,0.001,0.0
24537483.0,4995000000.0,5000000.0,5.0,0.0,0.1287,0.1287,0.1287,0.1287,0.063887,0.063887,0.00055581,0.063887,0.063887,0.0053473,0.00055581,0.0053473,0.0,0.0,0.0,0.0,0.001,0.0,0.0,0.0,4.642e-05,0.0,0.0,0.0,0.0,4.642e-05,0.001,0.0
24537117.0,4995000000.0,5000000.0,5.0,0.0,0.1287,0.1287,0.1287,0.1287,0.063887,0.063887,5.8431e-05,0.063887,0.063887,0.0053473,5.8431e-05,0.0053473,0.0,0.0,0.0,0.0,1e-07,0.0,0.0,0.0,1e-07,0.0,0.0,0.0,0.0,1e-07,1e-07,0.0
24537972.0,4995000000.0,5000000.0,5.0,0.0,0.1287,0.1287,0.1287,0.1287,0.063887,0.063887,0.051109,0.063887,0.063887,6.3887e-07,0.051109,6.3887e-07,0.0,0.0,0.0,0.0,0.001,0.0,0.0,0.0,2.154e-06,0.0,0.0,0.0,0.0,2.154e-06,0.001,0.0
24536272.0,4995000000.0,5000000.0,5.0,0.0,0.1287,0.1287,0.1287,0.1287,0.063887,0.063887,6.3887e-07,0.063887,0.063887,6.1098e-06,6.3887e-07,6.1098e-06,0.0,0.0,0.0,0.0,2.154e-10,0.0,0.0,0.0,4.642e-05,0.0,0.0,0.0,0.0,4.642e-05,2.154e-10,0.0
24537644.0,4995000000.0,5000000.0,5.0,0.0,0.1287,0.1287,0.1287,0.1287,0.063887,0.063887,0.0053473,0.063887,0.063887,6.1098e-06,0.0053473,6.1098e-06,0.0,0.0,0.0,0.0,2.154e-10,0.0,0.0,0.0,4.642e-05,0.0,0.0,0.0,0.0,4.642e-05,2.154e-10,0.0
24536932.0,4995000000.0,5000000.0,5.0,0.0,0.1287,0.1287,0.1287,0.1287,0.063887,0.063887,5.8431e-05,0.063887,0.063887,6.3887e-07,5.8431e-05,6.3887e-07,0.0,0.0,0.0,0.0,4.642e-05,0.0,0.0,0.0,1e-11,0.0,0.0,0.0,0.0,1e-11,4.642e-05,0.0
24536830.0,4995000000.0,5000000.0,5.0,0.0,0.1287,0.1287,0.1287,0.1287,0.063887,0.063887,6.1098e-06,0.063887,0.063887,0.051109,6.1098e-06,0.051109,0.0,0.0,0.0,0.0,2.154e-06,0.0,0.0,0.0,1e-07,0.0,0.0,0.0,0.0,1e-07,2.154e-06,0.0
24537918.0,4995000000.0,5000000.0,5.0,0.0,0.1287,0.1287,0.1287,0.1287,0.063887,0.063887,0.051109,0.063887,0.063887,0.0,0.051109,0.0,0.0,0.0,0.0,0.0,4.642e-05,0.0,0.0,0.0,0.001,0.0,0.0,0.0,0.0,0.001,4.642e-05,0.0
24536174.0,4995000000.0,5000000.0,5.0,0.0,0.1287,0.1287,0.1287,0.1287,0.063887,0.063887,6.3887e-07,0.063887,0.063887,0.0,6.3887e-07,0.0,0.0,0.0,0.0,0.0,2.154e-10,0.0,0.0,0.0,4.642e-05,0.0,0.0,0.0,0.0,4.642e-05,2.154e-10,0.0
24537668.0,4995000000.0,5000000.0,5.0,0.0,0.1287,0.1287,0.1287,0.1287,0.063887,0.063887,0.0053473,0.063887,0.063887,6.1098e-06,0.0053473,6.1098e-06,0.0,0.0,0.0,0.0,4.642e-05,0.0,0.0,0.0,2.154e-10,0.0,0.0,0.0,0.0,2.154e-10,4.642e-05,0.0
24536897.0,4995000000.0,5000000.0,5.0,0.0,0.1287,0.1287,0.1287,0.1287,0.063887,0.063887,5.8431e-05,0.063887,0.063887,6.3887e-07,5.8431e-05,6.3887e-07,0.0,0.0,0.0,0.0,1e-11,0.0,0.0,0.0,1e-11,0.0,0.0,0.0,0.0,1e-11,1e-11,0.0
24537639.0,4995000000.0,5000000.0,5.0,0.0,0.1287,0.1287,0.1287,0.1287,0.063887,0.063887,0.0053473,0.063887,0.063887,6.1098e-06,0.0053473,6.1098e-06,0.0,0.0,0.0,0.0,2.154e-10,0.0,0.0,0.0,1e-11,0.0,0.0,0.0,0.0,1e-11,2.154e-10,0.0
24537641.0,4995000000.0,5000000.0,5.0,0.0,0.1287,0.1287,0.1287,0.1287,0.063887,0.063887,0.0053473,0.063887,0.063887,6.1098e-06,0.0053473,6.1098e-06,0.0,0.0,0.0,0.0,2.154e-10,0.0,0.0,0.0,4.642e-09,0.0,0.0,0.0,0.0,4.642e-09,2.154e-10,0.0
24536451.0,4995000000.0,5000000.0,5.0,0.0,0.1287,0.1287,0.1287,0.1287,0.063887,0.063887,6.3887e-07,0.063887,0.063887,0.0053473,6.3887e-07,0.0053473,0.0,0.0,0.0,0.0,0.001,0.0,0.0,0.0,4.642e-09,0.0,0.0,0.0,0.0,4.642e-09,0.001,0.0
24537885.0,4995000000.0,5000000.0,5.0,0.0,0.1287,0.1287,0.1287,0.1287,0.063887,0.063887,0.051109,0.063887,0.063887,0.0,0.051109,0.0,0.0,0.0,0.0,0.0,2.154e-10,0.0,0.0,0.0,2.154e-10,0.0,0.0,0.0,0.0,2.154e-10,2.154e-10,0.0
24537057.0,4995000000.0,5000000.0,5.0,0.0,0.1287,0.1287,0.1287,0.1287,0.063887,0.063887,5.8431e-05,0.063887,0.063887,0.00055581,5.8431e-05,0.00055581,0.0,0.0,0.0,0.0,2.154e-10,0.0,0.0,0.0,0.001,0.0,0.0,0.0,0.0,0.001,2.154e-10,0.0
24537414.0,4995000000.0,5000000.0,5.0,0.0,0.1287,0.1287,0.1287,0.1287,0.063887,0.063887,0.00055581,0.063887,0.063887,0.00055581,0.00055581,0.00055581,0.0,0.0,0.0,0.0,1e-07,0.0,0.0,0.0,0.001,0.0,0.0,0.0,0.0,0.001,1e-07,0.0
24535913.0,4995000000.0,5000000.0,5.0,0.0,0.1287,0.1287,0.1287,0.1287,0.063887,0.063887,0.0,0.063887,0.063887,6.3887e-07,0.0,6.3887e-07,0.0,0.0,0.0,0.0,0.001,0.0,0.0,0.0,1e-07,0.0,0.0,0.0,0.0,1e-07,0.001,0.0
24537523.0,4995000000.0,5000000.0,5.0,0.0,0.1287,0.1287,0.1287,0.1287,0.063887,0.063887,0.00055581,0.063887,0.063887,0.051109,0.00055581,0.051109,0.0,0.0,0.0,0.0,4.642e-05,0.0,0.0,0.0,1e-07,0.0,0.0,0.0,0.0,1e-07,4.642e-05,0.0
24537934.0,4995000000.0,5000000.0,5.0,0.0,0.1287,0.1287,0.1287,0.1287,0.063887,0.063887,0.051109,0.063887,0.063887,6.3887e-07,0.051109,6.3887e-07,0.0,0.0,0.0,0.0,2.154e-10,0.0,0.0,0.0,2.154e-10,0.0,0.0,0.0,0.0,2.154e-10,2.154e-10,0.0
24536710.0,4995000000.0,5000000.0,5.0,0.0,0.1287,0.1287,0.1287,0.1287,0.063887,0.063887,6.1098e-06,0.063887,0.063887,0.00055581,6.1098e-06,0.00055581,0.0,0.0,0.0,0.0,2.154e-10,0.0,0.0,0.0,4.642e-09,0.0,0.0,0.0,0.0,4.642e-09,2.154e-10,0.0
24537030.0,4995000000.0,5000000.0,5.0,0.0,0.1287,0.1287,0.1287,0.1287,0.063887,0.063887,5.8431e-05,0.063887,0.063887,5.8431e-05,5.8431e-05,5.8431e-05,0.0,0.0,0.0,0.0,4.642e-05,0.0,0.0,0.0,1e-11,0.0,0.0,0.0,0.0,1e-11,4.642e-05,0.0
24536876.0,4995000000.0,5000000.0,5.0,0.0,0.1287,0.1287,0.1287,0.1287,0.063887,0.063887,5.8431e-05,0.063887,0.063887,0.0,5.8431e-05,0.0,0.0,0.0,0.0,0.0,2.154e-06,0.0,0.0,0.0,1e-11,0.0,0.0,0.0,0.0,1e-11,2.154e-06,0.0
24536463.0,4995000000.0,5000000.0,5.0,0.0,0.1287,0.1287,0.1287,0.1287,0.063887,0.063887,6.3887e-07,0.063887,0.063887,0.051109,6.3887e-07,0.051109,0.0,0.0,0.0,0.0,2.154e-10,0.0,0.0,0.0,1e-11,0.0,0.0,0.0,0.0,1e-11,2.154e-10,0.0
24538174.0,4995000000.0,5000000.0,5.0,0.0,0.1287,0.1287,0.1287,0.1287,0.063887,0.063887,0.051109,0.063887,0.063887,0.051109,0.051109,0.051109,0.0,0.0,0.0,0.0,1e-11,0.0,0.0,0.0,1e-07,0.0,0.0,0.0,0.0,1e-07,1e-11,0.0
24537195.0,4995000000.0,5000000.0,5.0,0.0,0.1287,0.1287,0.1287,0.1287,0.063887,0.063887,0.00055581,0.063887,0.063887,0.0,0.00055581,0.0,0.0,0.0,0.0,0.0,1e-11,0.0,0.0,0.0,2.154e-06,0.0,0.0,0.0,0.0,2.154e-06,1e-11,0.0
24536767.0,4995000000.0,5000000.0,5.0,0.0,0.1287,0.1287,0.1287,0.1287,0.063887,0.063887,6.1098e-06,0.063887,0.063887,0.0053473,6.1098e-06,0.0053473,0.0,0.0,0.0,0.0,4.642e-09,0.0,0.0,0.0,1e-07,0.0,0.0,0.0,0.0,1e-07,4.642e-09,0.0
24536769.0,4995000000.0,5000000.0,5.0,0.0,0.1287,0.1287,0.1287,0.1287,0.063887,0.063887,6.1098e-06,0.063887,0.063887,0.0053473,6.1098e-06,0.0053473,0.0,0.0,0.0,0.0,4.642e-09,0.0,0.0,0.0,4.642e-05,0.0,0.0,0.0,0.0,4.642e-05,4.642e-09,0.0
24536896.0,4995000000.0,5000000.0,5.0,0.0,0.1287,0.1287,0.1287,0.1287,0.063887,0.063887,5.8431e-05,0.063887,0.063887,0.0,5.8431e-05,0.0,0.0,0.0,0.0,0.0,0.001,0.0,0.0,0.0,0.001,0.0,0.0,0.0,0.0,0.001,0.001,0.0
24537268.0,4995000000.0,5000000.0,5.0,0.0,0.1287,0.1287,0.1287,0.1287,0.063887,0.063887,0.00055581,0.063887,0.063887,6.3887e-07,0.00055581,6.3887e-07,0.0,0.0,0.0,0.0,2.154e-06,0.0,0.0,0.0,1e-11,0.0,0.0,0.0,0.0,1e-11,2.154e-06,0.0
24537134.0,4995000000.0,5000000.0,5.0,0.0,0.1287,0.1287,0.1287,0.1287,0.063887,0.063887,5.8431e-05,0.063887,0.063887,0.0053473,5.8431e-05,0.0053473,0.0,0.0,0.0,0.0,4.642e-05,0.0,0.0,0.0,0.001,0.0,0.0,0.0,0.0,0.001,4.642e-05,0.0
24537340.0,4995000000.0,5000000.0,5.0,0.0,0.1287,0.1287,0.1287,0.1287,0.063887,0.063887,0.00055581,0.063887,0.063887,5.8431e-05,0.00055581,5.8431e-05,0.0,0.0,0.0,0.0,1e-11,0.0,0.0,0.0,4.642e-09,0.0,0.0,0.0,0.0,4.642e-09,1e-11,0.0
24538209.0,4995000000.0,5000000.0,5.0,0.0,0.1287,0.1287,0.1287,0.1287,0.063887,0.063887,0.051109,0.063887,0.063887,0.051109,0.051109,0.051109,0.0,0.0,0.0,0.0,4.642e-05,0.0,0.0,0.0,1e-07,0.0,0.0,0.0,0.0,1e-07,4.642e-05,0.0
24537774.0,4995000000.0,5000000.0,5.0,0.0,0.1287,0.1287,0.1287,0.1287,0.063887,0.063887,0.0053473,0.063887,0.063887,0.00055581,0.0053473,0.00055581,0.0,0.0,0.0,0.0,0.001,0.0,0.0,0.0,4.642e-09,0.0,0.0,0.0,0.0,4.642e-09,0.001,0.0
24537424.0,4995000000.0,5000000.0,5.0,0.0,0.1287,0.1287,0.1287,0.1287,0.063887,0.063887,0.00055581,0.063887,0.063887,0.00055581,0.00055581,0.00055581,0.0,0.0,0.0,0.0,4.642e-05,0.0,0.0,0.0,4.642e-09,0.0,0.0,0.0,0.0,4.642e-09,4.642e-05,0.0
24536565.0,4995000000.0,5000000.0,5.0,0.0,0.1287,0.1287,0.1287,0.1287,0.063887,0.063887,6.1098e-06,0.063887,0.063887,6.3887e-07,6.1098e-06,6.3887e-07,0.0,0.0,0.0,0.0,2.154e-10,0.0,0.0,0.0,2.154e-06,0.0,0.0,0.0,0.0,2.154e-06,2.154e-10,0.0
24536172.0,4995000000.0,5000000.0,5.0,0.0,0.1287,0.1287,0.1287,0.1287,0.063887,0.063887,6.3887e-07,0.063887,0.063887,0.0,6.3887e-07,0.0,0.0,0.0,0.0,0.0,2.154e-10,0.0,0.0,0.0,1e-07,0.0,0.0,0.0,0.0,1e-07,2.154e-10,0.0
24536183.0,4995000000.0,5000000.0,5.0,0.0,0.1287,0.1287,0.1287,0.1287,0.063887,0.063887,6.3887e-07,0.063887,0.063887,0.0,6.3887e-07,0.0,0.0,0.0,0.0,0.0,1e-07,0.0,0.0,0.0,1e-11,0.0,0.0,0.0,0.0,1e-11,1e-07,0.0
24537624.0,4995000000.0,5000000.0,5.0,0.0,0.1287,0.1287,0.1287,0.1287,0.063887,0.063887,0.0053473,0.063887,0.063887,6.3887e-07,0.0053473,6.3887e-07,0.0,0.0,0.0,0.0,4.642e-05,0.0,0.0,0.0,0.001,0.0,0.0,0.0,0.0,0.001,4.642e-05,0.0
24536572.0,4995000000.0,5000000.0,5.0,0.0,0.1287,0.1287,0.1287,0.1287,0.063887,0.063887,6.1098e-06,0.063887,0.063887,6.3887e-07,6.1098e-06,6.3887e-07,0.0,0.0,0.0,0.0,4.642e-09,0.0,0.0,0.0,2.154e-06,0.0,0.0,0.0,0.0,2.154e-06,4.642e-09,0.0
24536327.0,4995000000.0,5000000.0,5.0,0.0,0.1287,0.1287,0.1287,0.1287,0.063887,0.063887,6.3887e-07,0.063887,0.063887,5.8431e-05,6.3887e-07,5.8431e-05,0.0,0.0,0.0,0.0,4.642e-09,0.0,0.0,0.0,2.154e-06,0.0,0.0,0.0,0.0,2.154e-06,4.642e-09,0.0
24538205.0,4995000000.0,5000000.0,5.0,0.0,0.1287,0.1287,0.1287,0.1287,0.063887,0.063887,0.051109,0.063887,0.063887,0.051109,0.051109,0.051109,0.0,0.0,0.0,0.0,2.154e-06,0.0,0.0,0.0,0.001,0.0,0.0,0.0,0.0,0.001,2.154e-06,0.0
24537434.0,4995000000.0,5000000.0,5.0,0.0,0.1287,0.1287,0.1287,0.1287,0.063887,0.063887,0.00055581,0.063887,0.063887,0.00055581,0.00055581,0.00055581,0.0,0.0,0.0,0.0,0.001,0.0,0.0,0.0,4.642e-05,0.0,0.0,0.0,0.0,4.642e-05,0.001,0.0
24536801.0,4995000000.0,5000000.0,5.0,0.0,0.1287,0.1287,0.1287,0.1287,0.063887,0.063887,6.1098e-06,0.063887,0.063887,0.051109,6.1098e-06,0.051109,0.0,0.0,0.0,0.0,1e-11,0.0,0.0,0.0,4.642e-09,0.0,0.0,0.0,0.0,4.642e-09,1e-11,0.0
24537119.0,4995000000.0,5000000.0,5.0,0.0,0.1287,0.1287,0.1287,0.1287,0.063887,0.063887,5.8431e-05,0.063887,0.063887,0.0053473,5.8431e-05,0.0053473,0.0,0.0,0.0,0.0,1e-07,0.0,0.0,0.0,4.642e-05,0.0,0.0,0.0,0.0,4.642e-05,1e-07,0.0
24537741.0,4995000000.0,5000000.0,5.0,0.0,0.1287,0.1287,0.1287,0.1287,0.063887,0.063887,0.0053473,0.063887,0.063887,0.00055581,0.0053473,0.00055581,0.0,0.0,0.0,0.0,2.154e-10,0.0,0.0,0.0,2.154e-06,0.0,0.0,0.0,0.0,2.154e-06,2.154e-10,0.0
24536152.0,4995000000.0,5000000.0,5.0,0.0,0.1287,0.1287,0.1287,0.1287,0.063887,0.063887,0.0,0.063887,0.063887,0.051109,0.0,0.051109,0.0,0.0,0.0,0.0,4.642e-05,0.0,0.0,0.0,2.154e-06,0.0,0.0,0.0,0.0,2.154e-06,4.642e-05,0.0
24537018.0,4995000000.0,5000000.0,5.0,0.0,0.1287,0.1287,0.1287,0.1287,0.063887,0.063887,5.8431e-05,0.063887,0.063887,5.8431e-05,5.8431e-05,5.8431e-05,0.0,0.0,0.0,0.0,1e-07,0.0,0.0,0.0,4.642e-09,0.0,0.0,0.0,0.0,4.642e-09,1e-07,0.0
24536265.0,4995000000.0,5000000.0,5.0,0.0,0.1287,0.1287,0.1287,0.1287,0.063887,0.063887,6.3887e-07,0.063887,0.063887,6.1098e-06,6.3887e-07,6.1098e-06,0.0,0.0,0.0,0.0,1e-11,0.0,0.0,0.0,4.642e-05,0.0,0.0,0.0,0.0,4.642e-05,1e-11,0.0
24536993.0,4995000000.0,5000000.0,5.0,0.0,0.1287,0.1287,0.1287,0.1287,0.063887,0.063887,5.8431e-05,0.063887,0.063887,6.1098e-06,5.8431e-05,6.1098e-06,0.0,0.0,0.0,0.0,0.001,0.0,0.0,0.0,4.642e-05,0.0,0.0,0.0,0.0,4.642e-05,0.001,0.0
24536474.0,4995000000.0,5000000.0,5.0,0.0,0.1287,0.1287,0.1287,0.1287,0.063887,0.063887,6.3887e-07,0.063887,0.063887,0.051109,6.3887e-07,0.051109,0.0,0.0,0.0,0.0,4.642e-09,0.0,0.0,0.0,2.154e-06,0.0,0.0,0.0,0.0,2.154e-06,4.642e-09,0.0
24538092.0,4995000000.0,5000000.0,5.0,0.0,0.1287,0.1287,0.1287,0.1287,0.063887,0.063887,0.051109,0.063887,0.063887,0.00055581,0.051109,0.00055581,0.0,0.0,0.0,0.0,4.642e-09,0.0,0.0,0.0,4.642e-05,0.0,0.0,0.0,0.0,4.642e-05,4.642e-09,0.0
24537545.0,4995000000.0,5000000.0,5.0,0.0,0.1287,0.1287,0.1287,0.1287,0.063887,0.063887,0.0053473,0.063887,0.063887,0.0,0.0053473,0.0,0.0,0.0,0.0,0.0,2.154e-10,0.0,0.0,0.0,2.154e-06,0.0,0.0,0.0,0.0,2.154e-06,2.154e-10,0.0
24536268.0,4995000000.0,5000000.0,5.0,0.0,0.1287,0.1287,0.1287,0.1287,0.063887,0.063887,6.3887e-07,0.063887,0.063887,6.1098e-06,6.3887e-07,6.1098e-06,0.0,0.0,0.0,0.0,2.154e-10,0.0,0.0,0.0,2.154e-10,0.0,0.0,0.0,0.0,2.154e-10,2.154e-10,0.0
24537559.0,4995000000.0,5000000.0,5.0,0.0,0.1287,0.1287,0.1287,0.1287,0.063887,0.063887,0.0053473,0.063887,0.063887,0.0,0.0053473,0.0,0.0,0.0,0.0,0.0,1e-07,0.0,0.0,0.0,2.154e-06,0.0,0.0,0.0,0.0,2.154e-06,1e-07,0.0
24538044.0,4995000000.0,5000000.0,5.0,0.0,0.1287,0.1287,0.1287,0.1287,0.063887,0.063887,0.051109,0.063887,0.063887,5.8431e-05,0.051109,5.8431e-05,0.0,0.0,0.0,0.0,4.642e-09,0.0,0.0,0.0,0.001,0.0,0.0,0.0,0.0,0.001,4.642e-09,0.0
24537179.0,4995000000.0,5000000.0,5.0,0.0,0.1287,0.1287,0.1287,0.1287,0.063887,0.063887,5.8431e-05,0.063887,0.063887,0.051109,5.8431e-05,0.051109,0.0,0.0,0.0,0.0,4.642e-05,0.0,0.0,0.0,4.642e-09,0.0,0.0,0.0,0.0,4.642e-09,4.642e-05,0.0
24536940.0,4995000000.0,5000000.0,5.0,0.0,0.1287,0.1287,0.1287,0.1287,0.063887,0.063887,5.8431e-05,0.063887,0.063887,6.3887e-07,5.8431e-05,6.3887e-07,0.0,0.0,0.0,0.0,0.001,0.0,0.0,0.0,2.154e-10,0.0,0.0,0.0,0.0,2.154e-10,0.001,0.0
24537732.0,4995000000.0,5000000.0,5.0,0.0,0.1287,0.1287,0.1287,0.1287,0.063887,0.063887,0.0053473,0.063887,0.063887,0.00055581,0.0053473,0.00055581,0.0,0.0,0.0,0.0,1e-11,0.0,0.0,0.0,4.642e-09,0.0,0.0,0.0,0.0,4.642e-09,1e-11,0.0
24535932.0,4995000000.0,5000000.0,5.0,0.0,0.1287,0.1287,0.1287,0.1287,0.063887,0.063887,0.0,0.063887,0.063887,6.1098e-06,0.0,6.1098e-06,0.0,0.0,0.0,0.0,4.642e-09,0.0,0.0,0.0,2.154e-10,0.0,0.0,0.0,0.0,2.154e-10,4.642e-09,0.0
24537280.0,4995000000.0,5000000.0,5.0,0.0,0.1287,0.1287,0.1287,0.1287,0.063887,0.063887,0.00055581,0.063887,0.063887,6.3887e-07,0.00055581,6.3887e-07,0.0,0.0,0.0,0.0,4.642e-05,0.0,0.0,0.0,4.642e-05,0.0,0.0,0.0,0.0,4.642e-05,4.642e-05,0.0
24536938.0,4995000000.0,5000000.0,5.0,0.0,0.1287,0.1287,0.1287,0.1287,0.063887,0.063887,5.8431e-05,0.063887,0.063887,6.3887e-07,5.8431e-05,6.3887e-07,0.0,0.0,0.0,0.0,4.642e-05,0.0,0.0,0.0,0.001,0.0,0.0,0.0,0.0,0.001,4.642e-05,0.0
24538136.0,4995000000.0,5000000.0,5.0,0.0,0.1287,0.1287,0.1287,0.1287,0.063887,0.063887,0.051109,0.063887,0.063887,0.0053473,0.051109,0.0053473,0.0,0.0,0.0,0.0,4.642e-09,0.0,0.0,0.0,1e-11,0.0,0.0,0.0,0.0,1e-11,4.642e-09,0.0
24537136.0,4995000000.0,5000000.0,5.0,0.0,0.1287,0.1287,0.1287,0.1287,0.063887,0.063887,5.8431e-05,0.063887,0.063887,0.0053473,5.8431e-05,0.0053473,0.0,0.0,0.0,0.0,0.001,0.0,0.0,0.0,2.154e-10,0.0,0.0,0.0,0.0,2.154e-10,0.001,0.0
24535970.0,4995000000.0,5000000.0,5.0,0.0,0.1287,0.1287,0.1287,0.1287,0.063887,0.063887,0.0,0.063887,0.063887,5.8431e-05,0.0,5.8431e-05,0.0,0.0,0.0,0.0,1e-11,0.0,0.0,0.0,2.154e-06,0.0,0.0,0.0,0.0,2.154e-06,1e-11,0.0
24537061.0,4995000000.0,5000000.0,5.0,0.0,0.1287,0.1287,0.1287,0.1287,0.063887,0.063887,5.8431e-05,0.063887,0.063887,0.00055581,5.8431e-05,0.00055581,0.0,0.0,0.0,0.0,4.642e-09,0.0,0.0,0.0,1e-07,0.0,0.0,0.0,0.0,1e-07,4.642e-09,0.0
24537802.0,4995000000.0,5000000.0,5.0,0.0,0.1287,0.1287,0.1287,0.1287,0.063887,0.063887,0.0053473,0.063887,0.063887,0.0053473,0.0053473,0.0053473,0.0,0.0,0.0,0.0,1e-07,0.0,0.0,0.0,4.642e-09,0.0,0.0,0.0,0.0,4.642e-09,1e-07,0.0
24537919.0,4995000000.0,5000000.0,5.0,0.0,0.1287,0.1287,0.1287,0.1287,0.063887,0.063887,0.051109,0.063887,0.063887,0.0,0.051109,0.0,0.0,0.0,0.0,0.0,0.001,0.0,0.0,0.0,1e-11,0.0,0.0,0.0,0.0,1e-11,0.001,0.0
24537982.0,4995000000.0,5000000.0,5.0,0.0,0.1287,0.1287,0.1287,0.1287,0.063887,0.063887,0.051109,0.063887,0.063887,6.1098e-06,0.051109,6.1098e-06,0.0,0.0,0.0,0.0,2.154e-10,0.0,0.0,0.0,1e-11,0.0,0.0,0.0,0.0,1e-11,2.154e-10,0.0
24536794.0,4995000000.0,5000000.0,5.0,0.0,0.1287,0.1287,0.1287,0.1287,0.063887,0.063887,6.1098e-06,0.063887,0.063887,0.0053473,6.1098e-06,0.0053473,0.0,0.0,0.0,0.0,0.001,0.0,0.0,0.0,4.642e-09,0.0,0.0,0.0,0.0,4.642e-09,0.001,0.0
24536034.0,4995000000.0,5000000.0,5.0,0.0,0.1287,0.1287,0.1287,0.1287,0.063887,0.063887,0.0,0.063887,0.063887,0.00055581,0.0,0.00055581,0.0,0.0,0.0,0.0,4.642e-09,0.0,0.0,0.0,4.642e-05,0.0,0.0,0.0,0.0,4.642e-05,4.642e-09,0.0
24536386.0,4995000000.0,5000000.0,5.0,0.0,0.1287,0.1287,0.1287,0.1287,0.063887,0.063887,6.3887e-07,0.063887,0.063887,0.00055581,6.3887e-07,0.00055581,0.0,0.0,0.0,0.0,2.154e-06,0.0,0.0,0.0,1e-11,0.0,0.0,0.0,0.0,1e-11,2.154e-06,0.0
24536129.0,4995000000.0,5000000.0,5.0,0.0,0.1287,0.1287,0.1287,0.1287,0.063887,0.063887,0.0,0.063887,0.063887,0.051109,0.0,0.051109,0.0,0.0,0.0,0.0,4.642e-09,0.0,0.0,0.0,4.642e-09,0.0,0.0,0.0,0.0,4.642e-09,4.642e-09,0.0
24537477.0,4995000000.0,5000000.0,5.0,0.0,0.1287,0.1287,0.1287,0.1287,0.063887,0.063887,0.00055581,0.063887,0.063887,0.0053473,0.00055581,0.0053473,0.0,0.0,0.0,0.0,4.642e-05,0.0,0.0,0.0,0.001,0.0,0.0,0.0,0.0,0.001,4.642e-05,0.0
24536078.0,4995000000.0,5000000.0,5.0,0.0,0.1287,0.1287,0.1287,0.1287,0.063887,0.063887,0.0,0.063887,0.063887,0.0053473,0.0,0.0053473,0.0,0.0,0.0,0.0,4.642e-09,0.0,0.0,0.0,1e-11,0.0,0.0,0.0,0.0,1e-11,4.642e-09,0.0
24536968.0,4995000000.0,5000000.0,5.0,0.0,0.1287,0.1287,0.1287,0.1287,0.063887,0.063887,5.8431e-05,0.063887,0.063887,6.1098e-06,5.8431e-05,6.1098e-06,0.0,0.0,0.0,0.0,1e-07,0.0,0.0,0.0,2.154e-10,0.0,0.0,0.0,0.0,2.154e-10,1e-07,0.0
24537791.0,4995000000.0,5000000.0,5.0,0.0,0.1287,0.1287,0.1287,0.1287,0.063887,0.063887,0.0053473,0.063887,0.063887,0.0053473,0.0053473,0.0053473,0.0,0.0,0.0,0.0,2.154e-10,0.0,0.0,0.0,4.642e-05,0.0,0.0,0.0,0.0,4.642e-05,2.154e-10,0.0
24537955.0,4995000000.0,5000000.0,5.0,0.0,0.1287,0.1287,0.1287,0.1287,0.063887,0.063887,0.051109,0.063887,0.063887,6.3887e-07,0.051109,6.3887e-07,0.0,0.0,0.0,0.0,2.154e-06,0.0,0.0,0.0,2.154e-10,0.0,0.0,0.0,0.0,2.154e-10,2.154e-06,0.0
24536089.0,4995000000.0,5000000.0,5.0,0.0,0.1287,0.1287,0.1287,0.1287,0.063887,0.063887,0.0,0.063887,0.063887,0.0053473,0.0,0.0053473,0.0,0.0,0.0,0.0,1e-07,0.0,0.0,0.0,2.154e-06,0.0,0.0,0.0,0.0,2.154e-06,1e-07,0.0
24537091.0,4995000000.0,5000000.0,5.0,0.0,0.1287,0.1287,0.1287,0.1287,0.063887,0.063887,5.8431e-05,0.063887,0.063887,0.00055581,5.8431e-05,0.00055581,0.0,0.0,0.0,0.0,0.001,0.0,0.0,0.0,4.642e-05,0.0,0.0,0.0,0.0,4.642e-05,0.001,0.0
24538015.0,4995000000.0,5000000.0,5.0,0.0,0.1287,0.1287,0.1287,0.1287,0.063887,0.063887,0.051109,0.063887,0.063887,6.1098e-06,0.051109,6.1098e-06,0.0,0.0,0.0,0.0,4.642e-05,0.0,0.0,0.0,4.642e-05,0.0,0.0,0.0,0.0,4.642e-05,4.642e-05,0.0
24536340.0,4995000000.0,5000000.0,5.0,0.0,0.1287,0.1287,0.1287,0.1287,0.063887,0.063887,6.3887e-07,0.063887,0.063887,5.8431e-05,6.3887e-07,5.8431e-05,0.0,0.0,0.0,0.0,2.154e-06,0.0,0.0,0.0,1e-07,0.0,0.0,0.0,0.0,1e-07,2.154e-06,0.0
24536333.0,4995000000.0,5000000.0,5.0,0.0,0.1287,0.1287,0.1287,0.1287,0.063887,0.063887,6.3887e-07,0.063887,0.063887,5.8431e-05,6.3887e-07,5.8431e-05,0.0,0.0,0.0,0.0,1e-07,0.0,0.0,0.0,1e-07,0.0,0.0,0.0,0.0,1e-07,1e-07,0.0
24537347.0,4995000000.0,5000000.0,5.0,0.0,0.1287,0.1287,0.1287,0.1287,0.063887,0.063887,0.00055581,0.063887,0.063887,5.8431e-05,0.00055581,5.8431e-05,0.0,0.0,0.0,0.0,2.154e-10,0.0,0.0,0.0,4.642e-09,0.0,0.0,0.0,0.0,4.642e-09,2.154e-10,0.0
24536388.0,4995000000.0,5000000.0,5.0,0.0,0.1287,0.1287,0.1287,0.1287,0.063887,0.063887,6.3887e-07,0.063887,0.063887,0.00055581,6.3887e-07,0.00055581,0.0,0.0,0.0,0.0,2.154e-06,0.0,0.0,0.0,4.642e-09,0.0,0.0,0.0,0.0,4.642e-09,2.154e-06,0.0
24536974.0,4995000000.0,5000000.0,5.0,0.0,0.1287,0.1287,0.1287,0.1287,0.063887,0.063887,5.8431e-05,0.063887,0.063887,6.1098e-06,5.8431e-05,6.1098e-06,0.0,0.0,0.0,0.0,2.154e-06,0.0,0.0,0.0,1e-11,0.0,0.0,0.0,0.0,1e-11,2.154e-06,0.0
24537712.0,4995000000.0,5000000.0,5.0,0.0,0.1287,0.1287,0.1287,0.1287,0.063887,0.063887,0.0053473,0.063887,0.063887,5.8431e-05,0.0053473,5.8431e-05,0.0,0.0,0.0,0.0,2.154e-06,0.0,0.0,0.0,1e-07,0.0,0.0,0.0,0.0,1e-07,2.154e-06,0.0
24536763.0,4995000000.0,5000000.0,5.0,0.0,0.1287,0.1287,0.1287,0.1287,0.063887,0.063887,6.1098e-06,0.063887,0.063887,0.0053473,6.1098e-06,0.0053473,0.0,0.0,0.0,0.0,2.154e-10,0.0,0.0,0.0,0.001,0.0,0.0,0.0,0.0,0.001,2.154e-10,0.0
24536434.0,4995000000.0,5000000.0,5.0,0.0,0.1287,0.1287,0.1287,0.1287,0.063887,0.063887,6.3887e-07,0.063887,0.063887,0.0053473,6.3887e-07,0.0053473,0.0,0.0,0.0,0.0,1e-07,0.0,0.0,0.0,0.001,0.0,0.0,0.0,0.0,0.001,1e-07,0.0
24536124.0,4995000000.0,5000000.0,5.0,0.0,0.1287,0.1287,0.1287,0.1287,0.063887,0.063887,0.0,0.063887,0.063887,0.051109,0.0,0.051109,0.0,0.0,0.0,0.0,2.154e-10,0.0,0.0,0.0,2.154e-06,0.0,0.0,0.0,0.0,2.154e-06,2.154e-10,0.0
24538130.0,4995000000.0,5000000.0,5.0,0.0,0.1287,0.1287,0.1287,0.1287,0.063887,0.063887,0.051109,0.063887,0.063887,0.0053473,0.051109,0.0053473,0.0,0.0,0.0,0.0,2.154e-10,0.0,0.0,0.0,2.154e-10,0.0,0.0,0.0,0.0,2.154e-10,2.154e-10,0.0
24537896.0,4995000000.0,5000000.0,5.0,0.0,0.1287,0.1287,0.1287,0.1287,0.063887,0.063887,0.051109,0.063887,0.063887,0.0,0.051109,0.0,0.0,0.0,0.0,0.0,4.642e-09,0.0,0.0,0.0,4.642e-05,0.0,0.0,0.0,0.0,4.642e-05,4.642e-09,0.0
24537724.0,4995000000.0,5000000.0,5.0,0.0,0.1287,0.1287,0.1287,0.1287,0.063887,0.063887,0.0053473,0.063887,0.063887,5.8431e-05,0.0053473,5.8431e-05,0.0,0.0,0.0,0.0,0.001,0.0,0.0,0.0,2.154e-10,0.0,0.0,0.0,0.0,2.154e-10,0.001,0.0
24537961.0,4995000000.0,5000000.0,5.0,0.0,0.1287,0.1287,0.1287,0.1287,0.063887,0.063887,0.051109,0.063887,0.063887,6.3887e-07,0.051109,6.3887e-07,0.0,0.0,0.0,0.0,4.642e-05,0.0,0.0,0.0,1e-11,0.0,0.0,0.0,0.0,1e-11,4.642e-05,0.0
24537234.0,4995000000.0,5000000.0,5.0,0.0,0.1287,0.1287,0.1287,0.1287,0.063887,0.063887,0.00055581,0.063887,0.063887,0.0,0.00055581,0.0,0.0,0.0,0.0,0.0,0.001,0.0,0.0,0.0,2.154e-10,0.0,0.0,0.0,0.0,2.154e-10,0.001,0.0
24536793.0,4995000000.0,5000000.0,5.0,0.0,0.1287,0.1287,0.1287,0.1287,0.063887,0.063887,6.1098e-06,0.063887,0.063887,0.0053473,6.1098e-06,0.0053473,0.0,0.0,0.0,0.0,0.001,0.0,0.0,0.0,2.154e-10,0.0,0.0,0.0,0.0,2.154e-10,0.001,0.0
24536549.0,4995000000.0,5000000.0,5.0,0.0,0.1287,0.1287,0.1287,0.1287,0.063887,0.063887,6.1098e-06,0.063887,0.063887,0.0,6.1098e-06,0.0,0.0,0.0,0.0,0.0,0.001,0.0,0.0,0.0,4.642e-09,0.0,0.0,0.0,0.0,4.642e-09,0.001,0.0
24537213.0,4995000000.0,5000000.0,5.0,0.0,0.1287,0.1287,0.1287,0.1287,0.063887,0.063887,0.00055581,0.063887,0.063887,0.0,0.00055581,0.0,0.0,0.0,0.0,0.0,1e-07,0.0,0.0,0.0,2.154e-10,0.0,0.0,0.0,0.0,2.154e-10,1e-07,0.0
24536028.0,4995000000.0,5000000.0,5.0,0.0,0.1287,0.1287,0.1287,0.1287,0.063887,0.063887,0.0,0.063887,0.063887,0.00055581,0.0,0.00055581,0.0,0.0,0.0,0.0,2.154e-10,0.0,0.0,0.0,0.001,0.0,0.0,0.0,0.0,0.001,2.154e-10,0.0
24535972.0,4995000000.0,5000000.0,5.0,0.0,0.1287,0.1287,0.1287,0.1287,0.063887,0.063887,0.0,0.063887,0.063887,5.8431e-05,0.0,5.8431e-05,0.0,0.0,0.0,0.0,1e-11,0.0,0.0,0.0,0.001,0.0,0.0,0.0,0.0,0.001,1e-11,0.0
24537609.0,4995000000.0,5000000.0,5.0,0.0,0.1287,0.1287,0.1287,0.1287,0.063887,0.063887,0.0053473,0.063887,0.063887,6.3887e-07,0.0053473,6.3887e-07,0.0,0.0,0.0,0.0,1e-07,0.0,0.0,0.0,4.642e-05,0.0,0.0,0.0,0.0,4.642e-05,1e-07,0.0
24537752.0,4995000000.0,5000000.0,5.0,0.0,0.1287,0.1287,0.1287,0.1287,0.063887,0.063887,0.0053473,0.063887,0.063887,0.00055581,0.0053473,0.00055581,0.0,0.0,0.0,0.0,1e-07,0.0,0.0,0.0,2.154e-10,0.0,0.0,0.0,0.0,2.154e-10,1e-07,0.0
24536760.0,4995000000.0,5000000.0,5.0,0.0,0.1287,0.1287,0.1287,0.1287,0.063887,0.063887,6.1098e-06,0.063887,0.063887,0.0053473,6.1098e-06,0.0053473,0.0,0.0,0.0,0.0,2.154e-10,0.0,0.0,0.0,1e-07,0.0,0.0,0.0,0.0,1e-07,2.154e-10,0.0
24536928.0,4995000000.0,5000000.0,5.0,0.0,0.1287,0.1287,0.1287,0.1287,0.063887,0.063887,5.8431e-05,0.063887,0.063887,6.3887e-07,5.8431e-05,6.3887e-07,0.0,0.0,0.0,0.0,2.154e-06,0.0,0.0,0.0,1e-07,0.0,0.0,0.0,0.0,1e-07,2.154e-06,0.0
24536137.0,4995000000.0,5000000.0,5.0,0.0,0.1287,0.1287,0.1287,0.1287,0.063887,0.063887,0.0,0.063887,0.063887,0.051109,0.0,0.051109,0.0,0.0,0.0,0.0,1e-07,0.0,0.0,0.0,1e-07,0.0,0.0,0.0,0.0,1e-07,1e-07,0.0
24537147.0,4995000000.0,5000000.0,5.0,0.0,0.1287,0.1287,0.1287,0.1287,0.063887,0.063887,5.8431e-05,0.063887,0.063887,0.051109,5.8431e-05,0.051109,0.0,0.0,0.0,0.0,1e-11,0.0,0.0,0.0,4.642e-05,0.0,0.0,0.0,0.0,4.642e-05,1e-11,0.0
24537989.0,4995000000.0,5000000.0,5.0,0.0,0.1287,0.1287,0.1287,0.1287,0.063887,0.063887,0.051109,0.063887,0.063887,6.1098e-06,0.051109,6.1098e-06,0.0,0.0,0.0,0.0,4.642e-09,0.0,0.0,0.0,1e-11,0.0,0.0,0.0,0.0,1e-11,4.642e-09,0.0
24535945.0,4995000000.0,5000000.0,5.0,0.0,0.1287,0.1287,0.1287,0.1287,0.063887,0.063887,0.0,0.063887,0.063887,6.1098e-06,0.0,6.1098e-06,0.0,0.0,0.0,0.0,2.154e-06,0.0,0.0,0.0,1e-11,0.0,0.0,0.0,0.0,1e-11,2.154e-06,0.0
24536616.0,4995000000.0,5000000.0,5.0,0.0,0.1287,0.1287,0.1287,0.1287,0.063887,0.063887,6.1098e-06,0.063887,0.063887,6.1098e-06,6.1098e-06,6.1098e-06,0.0,0.0,0.0,0.0,2.154e-10,0.0,0.0,0.0,0.001,0.0,0.0,0.0,0.0,0.001,2.154e-10,0.0
24537634.0,4995000000.0,5000000.0,5.0,0.0,0.1287,0.1287,0.1287,0.1287,0.063887,0.063887,0.0053473,0.063887,0.063887,6.1098e-06,0.0053473,6.1098e-06,0.0,0.0,0.0,0.0,1e-11,0.0,0.0,0.0,4.642e-09,0.0,0.0,0.0,0.0,4.642e-09,1e-11,0.0
24537823.0,4995000000.0,5000000.0,5.0,0.0,0.1287,0.1287,0.1287,0.1287,0.063887,0.063887,0.0053473,0.063887,0.063887,0.0053473,0.0053473,0.0053473,0.0,0.0,0.0,0.0,0.001,0.0,0.0,0.0,4.642e-09,0.0,0.0,0.0,0.0,4.642e-09,0.001,0.0
24537022.0,4995000000.0,5000000.0,5.0,0.0,0.1287,0.1287,0.1287,0.1287,0.063887,0.063887,5.8431e-05,0.063887,0.063887,5.8431e-05,5.8431e-05,5.8431e-05,0.0,0.0,0.0,0.0,1e-07,0.0,0.0,0.0,0.001,0.0,0.0,0.0,0.0,0.001,1e-07,0.0
24536656.0,4995000000.0,5000000.0,5.0,0.0,0.1287,0.1287,0.1287,0.1287,0.063887,0.063887,6.1098e-06,0.063887,0.063887,5.8431e-05,6.1098e-06,5.8431e-05,0.0,0.0,0.0,0.0,1e-11,0.0,0.0,0.0,2.154e-06,0.0,0.0,0.0,0.0,2.154e-06,1e-11,0.0
24536791.0,4995000000.0,5000000.0,5.0,0.0,0.1287,0.1287,0.1287,0.1287,0.063887,0.063887,6.1098e-06,0.063887,0.063887,0.0053473,6.1098e-06,0.0053473,0.0,0.0,0.0,0.0,4.642e-05,0.0,0.0,0.0,0.001,0.0,0.0,0.0,0.0,0.001,4.642e-05,0.0
24537778.0,4995000000.0,5000000.0,5.0,0.0,0.1287,0.1287,0.1287,0.1287,0.063887,0.063887,0.0053473,0.063887,0.063887,0.00055581,0.0053473,0.00055581,0.0,0.0,0.0,0.0,0.001,0.0,0.0,0.0,0.001,0.0,0.0,0.0,0.0,0.001,0.001,0.0
24538104.0,4995000000.0,5000000.0,5.0,0.0,0.1287,0.1287,0.1287,0.1287,0.063887,0.063887,0.051109,0.063887,0.063887,0.00055581,0.051109,0.00055581,0.0,0.0,0.0,0.0,2.154e-06,0.0,0.0,0.0,1e-07,0.0,0.0,0.0,0.0,1e-07,2.154e-06,0.0
24537476.0,4995000000.0,5000000.0,5.0,0.0,0.1287,0.1287,0.1287,0.1287,0.063887,0.063887,0.00055581,0.063887,0.063887,0.0053473,0.00055581,0.0053473,0.0,0.0,0.0,0.0,4.642e-05,0.0,0.0,0.0,4.642e-05,0.0,0.0,0.0,0.0,4.642e-05,4.642e-05,0.0
24536805.0,4995000000.0,5000000.0,5.0,0.0,0.1287,0.1287,0.1287,0.1287,0.063887,0.063887,6.1098e-06,0.063887,0.063887,0.051109,6.1098e-06,0.051109,0.0,0.0,0.0,0.0,1e-11,0.0,0.0,0.0,0.001,0.0,0.0,0.0,0.0,0.001,1e-11,0.0
24536882.0,4995000000.0,5000000.0,5.0,0.0,0.1287,0.1287,0.1287,0.1287,0.063887,0.063887,5.8431e-05,0.063887,0.063887,0.0,5.8431e-05,0.0,0.0,0.0,0.0,0.0,2.154e-06,0.0,0.0,0.0,0.001,0.0,0.0,0.0,0.0,0.001,2.154e-06,0.0
24535889.0,4995000000.0,5000000.0,5.0,0.0,0.1287,0.1287,0.1287,0.1287,0.063887,0.063887,0.0,0.063887,0.063887,6.3887e-07,0.0,6.3887e-07,0.0,0.0,0.0,0.0,1e-07,0.0,0.0,0.0,1e-11,0.0,0.0,0.0,0.0,1e-11,1e-07,0.0
24538048.0,4995000000.0,5000000.0,5.0,0.0,0.1287,0.1287,0.1287,0.1287,0.063887,0.063887,0.051109,0.063887,0.063887,5.8431e-05,0.051109,5.8431e-05,0.0,0.0,0.0,0.0,1e-07,0.0,0.0,0.0,1e-07,0.0,0.0,0.0,0.0,1e-07,1e-07,0.0
24537925.0,4995000000.0,5000000.0,5.0,0.0,0.1287,0.1287,0.1287,0.1287,0.063887,0.063887,0.051109,0.063887,0.063887,0.0,0.051109,0.0,0.0,0.0,0.0,0.0,0.001,0.0,0.0,0.0,0.001,0.0,0.0,0.0,0.0,0.001,0.001,0.0
24536852.0,4995000000.0,5000000.0,5.0,0.0,0.1287,0.1287,0.1287,0.1287,0.063887,0.063887,5.8431e-05,0.063887,0.063887,0.0,5.8431e-05,0.0,0.0,0.0,0.0,0.0,1e-11,0.0,0.0,0.0,2.154e-06,0.0,0.0,0.0,0.0,2.154e-06,1e-11,0.0
24536725.0,4995000000.0,5000000.0,5.0,0.0,0.1287,0.1287,0.1287,0.1287,0.063887,0.063887,6.1098e-06,0.063887,0.063887,0.00055581,6.1098e-06,0.00055581,0.0,0.0,0.0,0.0,1e-07,0.0,0.0,0.0,1e-07,0.0,0.0,0.0,0.0,1e-07,1e-07,0.0
24536980.0,4995000000.0,5000000.0,5.0,0.0,0.1287,0.1287,0.1287,0.1287,0.063887,0.063887,5.8431e-05,0.063887,0.063887,6.1098e-06,5.8431e-05,6.1098e-06,0.0,0.0,0.0,0.0,2.154e-06,0.0,0.0,0.0,0.001,0.0,0.0,0.0,0.0,0.001,2.154e-06,0.0
24537863.0,4995000000.0,5000000.0,5.0,0.0,0.1287,0.1287,0.1287,0.1287,0.063887,0.063887,0.0053473,0.063887,0.063887,0.051109,0.0053473,0.051109,0.0,0.0,0.0,0.0,4.642e-05,0.0,0.0,0.0,1e-11,0.0,0.0,0.0,0.0,1e-11,4.642e-05,0.0
24536868.0,4995000000.0,5000000.0,5.0,0.0,0.1287,0.1287,0.1287,0.1287,0.063887,0.063887,5.8431e-05,0.063887,0.063887,0.0,5.8431e-05,0.0,0.0,0.0,0.0,0.0,4.642e-09,0.0,0.0,0.0,0.001,0.0,0.0,0.0,0.0,0.001,4.642e-09,0.0
24537902.0,4995000000.0,5000000.0,5.0,0.0,0.1287,0.1287,0.1287,0.1287,0.063887,0.063887,0.051109,0.063887,0.063887,0.0,0.051109,0.0,0.0,0.0,0.0,0.0,1e-07,0.0,0.0,0.0,2.154e-06,0.0,0.0,0.0,0.0,2.154e-06,1e-07,0.0
24536753.0,4995000000.0,5000000.0,5.0,0.0,0.1287,0.1287,0.1287,0.1287,0.063887,0.063887,6.1098e-06,0.063887,0.063887,0.0053473,6.1098e-06,0.0053473,0.0,0.0,0.0,0.0,1e-11,0.0,0.0,0.0,1e-07,0.0,0.0,0.0,0.0,1e-07,1e-11,0.0
24536567.0,4995000000.0,5000000.0,5.0,0.0,0.1287,0.1287,0.1287,0.1287,0.063887,0.063887,6.1098e-06,0.063887,0.063887,6.3887e-07,6.1098e-06,6.3887e-07,0.0,0.0,0.0,0.0,2.154e-10,0.0,0.0,0.0,0.001,0.0,0.0,0.0,0.0,0.001,2.154e-10,0.0
24537409.0,4995000000.0,5000000.0,5.0,0.0,0.1287,0.1287,0.1287,0.1287,0.063887,0.063887,0.00055581,0.063887,0.063887,0.00055581,0.00055581,0.00055581,0.0,0.0,0.0,0.0,1e-07,0.0,0.0,0.0,2.154e-10,0.0,0.0,0.0,0.0,2.154e-10,1e-07,0.0
24536206.0,4995000000.0,5000000.0,5.0,0.0,0.1287,0.1287,0.1287,0.1287,0.063887,0.063887,6.3887e-07,0.063887,0.063887,0.0,6.3887e-07,0.0,0.0,0.0,0.0,0.0,0.001,0.0,0.0,0.0,4.642e-09,0.0,0.0,0.0,0.0,4.642e-09,0.001,0.0
24538118.0,4995000000.0,5000000.0,5.0,0.0,0.1287,0.1287,0.1287,0.1287,0.063887,0.063887,0.051109,0.063887,0.063887,0.00055581,0.051109,0.00055581,0.0,0.0,0.0,0.0,0.001,0.0,0.0,0.0,1e-07,0.0,0.0,0.0,0.0,1e-07,0.001,0.0
24537688.0,4995000000.0,5000000.0,5.0,0.0,0.1287,0.1287,0.1287,0.1287,0.063887,0.063887,0.0053473,0.063887,0.063887,5.8431e-05,0.0053473,5.8431e-05,0.0,0.0,0.0,0.0,2.154e-10,0.0,0.0,0.0,1e-11,0.0,0.0,0.0,0.0,1e-11,2.154e-10,0.0
24536885.0,4995000000.0,5000000.0,5.0,0.0,0.1287,0.1287,0.1287,0.1287,0.063887,0.063887,5.8431e-05,0.063887,0.063887,0.0,5.8431e-05,0.0,0.0,0.0,0.0,0.0,4.642e-05,0.0,0.0,0.0,4.642e-09,0.0,0.0,0.0,0.0,4.642e-09,4.642e-05,0.0
24537953.0,4995000000.0,5000000.0,5.0,0.0,0.1287,0.1287,0.1287,0.1287,0.063887,0.063887,0.051109,0.063887,0.063887,6.3887e-07,0.051109,6.3887e-07,0.0,0.0,0.0,0.0,1e-07,0.0,0.0,0.0,0.001,0.0,0.0,0.0,0.0,0.001,1e-07,0.0
24537433.0,4995000000.0,5000000.0,5.0,0.0,0.1287,0.1287,0.1287,0.1287,0.063887,0.063887,0.00055581,0.063887,0.063887,0.00055581,0.00055581,0.00055581,0.0,0.0,0.0,0.0,0.001,0.0,0.0,0.0,2.154e-06,0.0,0.0,0.0,0.0,2.154e-06,0.001,0.0
24536027.0,4995000000.0,5000000.0,5.0,0.0,0.1287,0.1287,0.1287,0.1287,0.063887,0.063887,0.0,0.063887,0.063887,0.00055581,0.0,0.00055581,0.0,0.0,0.0,0.0,2.154e-10,0.0,0.0,0.0,4.642e-05,0.0,0.0,0.0,0.0,4.642e-05,2.154e-10,0.0
24536295.0,4995000000.0,5000000.0,5.0,0.0,0.1287,0.1287,0.1287,0.1287,0.063887,0.063887,6.3887e-07,0.063887,0.063887,6.1098e-06,6.3887e-07,6.1098e-06,0.0,0.0,0.0,0.0,4.642e-05,0.0,0.0,0.0,1e-11,0.0,0.0,0.0,0.0,1e-11,4.642e-05,0.0
24537990.0,4995000000.0,5000000.0,5.0,0.0,0.1287,0.1287,0.1287,0.1287,0.063887,0.063887,0.051109,0.063887,0.063887,6.1098e-06,0.051109,6.1098e-06,0.0,0.0,0.0,0.0,4.642e-09,0.0,0.0,0.0,2.154e-10,0.0,0.0,0.0,0.0,2.154e-10,4.642e-09,0.0
24537910.0,4995000000.0,5000000.0,5.0,0.0,0.1287,0.1287,0.1287,0.1287,0.063887,0.063887,0.051109,0.063887,0.063887,0.0,0.051109,0.0,0.0,0.0,0.0,0.0,2.154e-06,0.0,0.0,0.0,4.642e-05,0.0,0.0,0.0,0.0,4.642e-05,2.154e-06,0.0
24535942.0,4995000000.0,5000000.0,5.0,0.0,0.1287,0.1287,0.1287,0.1287,0.063887,0.063887,0.0,0.063887,0.063887,6.1098e-06,0.0,6.1098e-06,0.0,0.0,0.0,0.0,1e-07,0.0,0.0,0.0,2.154e-06,0.0,0.0,0.0,0.0,2.154e-06,1e-07,0.0
24537307.0,4995000000.0,5000000.0,5.0,0.0,0.1287,0.1287,0.1287,0.1287,0.063887,0.063887,0.00055581,0.063887,0.063887,6.1098e-06,0.00055581,6.1098e-06,0.0,0.0,0.0,0.0,4.642e-09,0.0,0.0,0.0,2.154e-06,0.0,0.0,0.0,0.0,2.154e-06,4.642e-09,0.0
24536184.0,4995000000.0,5000000.0,5.0,0.0,0.1287,0.1287,0.1287,0.1287,0.063887,0.063887,6.3887e-07,0.063887,0.063887,0.0,6.3887e-07,0.0,0.0,0.0,0.0,0.0,1e-07,0.0,0.0,0.0,2.154e-10,0.0,0.0,0.0,0.0,2.154e-10,1e-07,0.0
24537866.0,4995000000.0,5000000.0,5.0,0.0,0.1287,0.1287,0.1287,0.1287,0.063887,0.063887,0.0053473,0.063887,0.063887,0.051109,0.0053473,0.051109,0.0,0.0,0.0,0.0,4.642e-05,0.0,0.0,0.0,1e-07,0.0,0.0,0.0,0.0,1e-07,4.642e-05,0.0
24537673.0,4995000000.0,5000000.0,5.0,0.0,0.1287,0.1287,0.1287,0.1287,0.063887,0.063887,0.0053473,0.063887,0.063887,6.1098e-06,0.0053473,6.1098e-06,0.0,0.0,0.0,0.0,4.642e-05,0.0,0.0,0.0,0.001,0.0,0.0,0.0,0.0,0.001,4.642e-05,0.0
24537711.0,4995000000.0,5000000.0,5.0,0.0,0.1287,0.1287,0.1287,0.1287,0.063887,0.063887,0.0053473,0.063887,0.063887,5.8431e-05,0.0053473,5.8431e-05,0.0,0.0,0.0,0.0,2.154e-06,0.0,0.0,0.0,4.642e-09,0.0,0.0,0.0,0.0,4.642e-09,2.154e-06,0.0
24537766.0,4995000000.0,5000000.0,5.0,0.0,0.1287,0.1287,0.1287,0.1287,0.063887,0.063887,0.0053473,0.063887,0.063887,0.00055581,0.0053473,0.00055581,0.0,0.0,0.0,0.0,4.642e-05,0.0,0.0,0.0,2.154e-10,0.0,0.0,0.0,0.0,2.154e-10,4.642e-05,0.0
24536056.0,4995000000.0,5000000.0,5.0,0.0,0.1287,0.1287,0.1287,0.1287,0.063887,0.063887,0.0,0.063887,0.063887,0.00055581,0.0,0.00055581,0.0,0.0,0.0,0.0,4.642e-05,0.0,0.0,0.0,0.001,0.0,0.0,0.0,0.0,0.001,4.642e-05,0.0
24536663.0,4995000000.0,5000000.0,5.0,0.0,0.1287,0.1287,0.1287,0.1287,0.063887,0.063887,6.1098e-06,0.063887,0.063887,5.8431e-05,6.1098e-06,5.8431e-05,0.0,0.0,0.0,0.0,2.154e-10,0.0,0.0,0.0,2.154e-06,0.0,0.0,0.0,0.0,2.154e-06,2.154e-10,0.0
24538154.0,4995000000.0,5000000.0,5.0,0.0,0.1287,0.1287,0.1287,0.1287,0.063887,0.063887,0.051109,0.063887,0.063887,0.0053473,0.051109,0.0053473,0.0,0.0,0.0,0.0,2.154e-06,0.0,0.0,0.0,2.154e-06,0.0,0.0,0.0,0.0,2.154e-06,2.154e-06,0.0
24536638.0,4995000000.0,5000000.0,5.0,0.0,0.1287,0.1287,0.1287,0.1287,0.063887,0.063887,6.1098e-06,0.063887,0.063887,6.1098e-06,6.1098e-06,6.1098e-06,0.0,0.0,0.0,0.0,4.642e-05,0.0,0.0,0.0,1e-11,0.0,0.0,0.0,0.0,1e-11,4.642e-05,0.0
24536316.0,4995000000.0,5000000.0,5.0,0.0,0.1287,0.1287,0.1287,0.1287,0.063887,0.063887,6.3887e-07,0.063887,0.063887,5.8431e-05,6.3887e-07,5.8431e-05,0.0,0.0,0.0,0.0,2.154e-10,0.0,0.0,0.0,1e-11,0.0,0.0,0.0,0.0,1e-11,2.154e-10,0.0
24536813.0,4995000000.0,5000000.0,5.0,0.0,0.1287,0.1287,0.1287,0.1287,0.063887,0.063887,6.1098e-06,0.063887,0.063887,0.051109,6.1098e-06,0.051109,0.0,0.0,0.0,0.0,4.642e-09,0.0,0.0,0.0,1e-11,0.0,0.0,0.0,0.0,1e-11,4.642e-09,0.0
24537964.0,4995000000.0,5000000.0,5.0,0.0,0.1287,0.1287,0.1287,0.1287,0.063887,0.063887,0.051109,0.063887,0.063887,6.3887e-07,0.051109,6.3887e-07,0.0,0.0,0.0,0.0,4.642e-05,0.0,0.0,0.0,1e-07,0.0,0.0,0.0,0.0,1e-07,4.642e-05,0.0
24536036.0,4995000000.0,5000000.0,5.0,0.0,0.1287,0.1287,0.1287,0.1287,0.063887,0.063887,0.0,0.063887,0.063887,0.00055581,0.0,0.00055581,0.0,0.0,0.0,0.0,1e-07,0.0,0.0,0.0,1e-11,0.0,0.0,0.0,0.0,1e-11,1e-07,0.0
24537071.0,4995000000.0,5000000.0,5.0,0.0,0.1287,0.1287,0.1287,0.1287,0.063887,0.063887,5.8431e-05,0.063887,0.063887,0.00055581,5.8431e-05,0.00055581,0.0,0.0,0.0,0.0,1e-07,0.0,0.0,0.0,0.001,0.0,0.0,0.0,0.0,0.001,1e-07,0.0
24536649.0,4995000000.0,5000000.0,5.0,0.0,0.1287,0.1287,0.1287,0.1287,0.063887,0.063887,6.1098e-06,0.063887,0.063887,6.1098e-06,6.1098e-06,6.1098e-06,0.0,0.0,0.0,0.0,0.001,0.0,0.0,0.0,2.154e-06,0.0,0.0,0.0,0.0,2.154e-06,0.001,0.0
24536123.0,4995000000.0,5000000.0,5.0,0.0,0.1287,0.1287,0.1287,0.1287,0.063887,0.063887,0.0,0.063887,0.063887,0.051109,0.0,0.051109,0.0,0.0,0.0,0.0,2.154e-10,0.0,0.0,0.0,1e-07,0.0,0.0,0.0,0.0,1e-07,2.154e-10,0.0
24536672.0,4995000000.0,5000000.0,5.0,0.0,0.1287,0.1287,0.1287,0.1287,0.063887,0.063887,6.1098e-06,0.063887,0.063887,5.8431e-05,6.1098e-06,5.8431e-05,0.0,0.0,0.0,0.0,4.642e-09,0.0,0.0,0.0,0.001,0.0,0.0,0.0,0.0,0.001,4.642e-09,0.0
24537880.0,4995000000.0,5000000.0,5.0,0.0,0.1287,0.1287,0.1287,0.1287,0.063887,0.063887,0.051109,0.063887,0.063887,0.0,0.051109,0.0,0.0,0.0,0.0,0.0,1e-11,0.0,0.0,0.0,1e-07,0.0,0.0,0.0,0.0,1e-07,1e-11,0.0
24537218.0,4995000000.0,5000000.0,5.0,0.0,0.1287,0.1287,0.1287,0.1287,0.063887,0.063887,0.00055581,0.063887,0.063887,0.0,0.00055581,0.0,0.0,0.0,0.0,0.0,1e-07,0.0,0.0,0.0,0.001,0.0,0.0,0.0,0.0,0.001,1e-07,0.0
24536511.0,4995000000.0,5000000.0,5.0,0.0,0.1287,0.1287,0.1287,0.1287,0.063887,0.063887,6.1098e-06,0.063887,0.063887,0.0,6.1098e-06,0.0,0.0,0.0,0.0,0.0,1e-11,0.0,0.0,0.0,0.001,0.0,0.0,0.0,0.0,0.001,1e-11,0.0
24536950.0,4995000000.0,5000000.0,5.0,0.0,0.1287,0.1287,0.1287,0.1287,0.063887,0.063887,5.8431e-05,0.063887,0.063887,6.1098e-06,5.8431e-05,6.1098e-06,0.0,0.0,0.0,0.0,1e-11,0.0,0.0,0.0,2.154e-06,0.0,0.0,0.0,0.0,2.154e-06,1e-11,0.0
24536175.0,4995000000.0,5000000.0,5.0,0.0,0.1287,0.1287,0.1287,0.1287,0.063887,0.063887,6.3887e-07,0.063887,0.063887,0.0,6.3887e-07,0.0,0.0,0.0,0.0,0.0,2.154e-10,0.0,0.0,0.0,0.001,0.0,0.0,0.0,0.0,0.001,2.154e-10,0.0
24537557.0,4995000000.0,5000000.0,5.0,0.0,0.1287,0.1287,0.1287,0.1287,0.063887,0.063887,0.0053473,0.063887,0.063887,0.0,0.0053473,0.0,0.0,0.0,0.0,0.0,1e-07,0.0,0.0,0.0,4.642e-09,0.0,0.0,0.0,0.0,4.642e-09,1e-07,0.0
24535830.0,4995000000.0,5000000.0,5.0,0.0,0.1287,0.1287,0.1287,0.1287,0.063887,0.063887,0.0,0.063887,0.063887,0.0,0.0,0.0,0.0,0.0,0.0,0.0,2.154e-10,0.0,0.0,0.0,2.154e-06,0.0,0.0,0.0,0.0,2.154e-06,2.154e-10,0.0
24536960.0,4995000000.0,5000000.0,5.0,0.0,0.1287,0.1287,0.1287,0.1287,0.063887,0.063887,5.8431e-05,0.063887,0.063887,6.1098e-06,5.8431e-05,6.1098e-06,0.0,0.0,0.0,0.0,4.642e-09,0.0,0.0,0.0,1e-11,0.0,0.0,0.0,0.0,1e-11,4.642e-09,0.0
24537464.0,4995000000.0,5000000.0,5.0,0.0,0.1287,0.1287,0.1287,0.1287,0.063887,0.063887,0.00055581,0.063887,0.063887,0.0053473,0.00055581,0.0053473,0.0,0.0,0.0,0.0,2.154e-06,0.0,0.0,0.0,1e-11,0.0,0.0,0.0,0.0,1e-11,2.154e-06,0.0
24537425.0,4995000000.0,5000000.0,5.0,0.0,0.1287,0.1287,0.1287,0.1287,0.063887,0.063887,0.00055581,0.063887,0.063887,0.00055581,0.00055581,0.00055581,0.0,0.0,0.0,0.0,4.642e-05,0.0,0.0,0.0,1e-07,0.0,0.0,0.0,0.0,1e-07,4.642e-05,0.0
24536671.0,4995000000.0,5000000.0,5.0,0.0,0.1287,0.1287,0.1287,0.1287,0.063887,0.063887,6.1098e-06,0.063887,0.063887,5.8431e-05,6.1098e-06,5.8431e-05,0.0,0.0,0.0,0.0,4.642e-09,0.0,0.0,0.0,4.642e-05,0.0,0.0,0.0,0.0,4.642e-05,4.642e-09,0.0
24536834.0,4995000000.0,5000000.0,5.0,0.0,0.1287,0.1287,0.1287,0.1287,0.063887,0.063887,6.1098e-06,0.063887,0.063887,0.051109,6.1098e-06,0.051109,0.0,0.0,0.0,0.0,4.642e-05,0.0,0.0,0.0,1e-11,0.0,0.0,0.0,0.0,1e-11,4.642e-05,0.0
24536874.0,4995000000.0,5000000.0,5.0,0.0,0.1287,0.1287,0.1287,0.1287,0.063887,0.063887,5.8431e-05,0.063887,0.063887,0.0,5.8431e-05,0.0,0.0,0.0,0.0,0.0,1e-07,0.0,0.0,0.0,4.642e-05,0.0,0.0,0.0,0.0,4.642e-05,1e-07,0.0
24536186.0,4995000000.0,5000000.0,5.0,0.0,0.1287,0.1287,0.1287,0.1287,0.063887,0.063887,6.3887e-07,0.063887,0.063887,0.0,6.3887e-07,0.0,0.0,0.0,0.0,0.0,1e-07,0.0,0.0,0.0,1e-07,0.0,0.0,0.0,0.0,1e-07,1e-07,0.0
24537199.0,4995000000.0,5000000.0,5.0,0.0,0.1287,0.1287,0.1287,0.1287,0.063887,0.063887,0.00055581,0.063887,0.063887,0.0,0.00055581,0.0,0.0,0.0,0.0,0.0,2.154e-10,0.0,0.0,0.0,2.154e-10,0.0,0.0,0.0,0.0,2.154e-10,2.154e-10,0.0
24536177.0,4995000000.0,5000000.0,5.0,0.0,0.1287,0.1287,0.1287,0.1287,0.063887,0.063887,6.3887e-07,0.063887,0.063887,0.0,6.3887e-07,0.0,0.0,0.0,0.0,0.0,4.642e-09,0.0,0.0,0.0,2.154e-10,0.0,0.0,0.0,0.0,2.154e-10,4.642e-09,0.0
24535959.0,4995000000.0,5000000.0,5.0,0.0,0.1287,0.1287,0.1287,0.1287,0.063887,0.063887,0.0,0.063887,0.063887,6.1098e-06,0.0,6.1098e-06,0.0,0.0,0.0,0.0,0.001,0.0,0.0,0.0,1e-11,0.0,0.0,0.0,0.0,1e-11,0.001,0.0
24536595.0,4995000000.0,5000000.0,5.0,0.0,0.1287,0.1287,0.1287,0.1287,0.063887,0.063887,6.1098e-06,0.063887,0.063887,6.3887e-07,6.1098e-06,6.3887e-07,0.0,0.0,0.0,0.0,4.642e-05,0.0,0.0,0.0,0.001,0.0,0.0,0.0,0.0,0.001,4.642e-05,0.0
24537072.0,4995000000.0,5000000.0,5.0,0.0,0.1287,0.1287,0.1287,0.1287,0.063887,0.063887,5.8431e-05,0.063887,0.063887,0.00055581,5.8431e-05,0.00055581,0.0,0.0,0.0,0.0,2.154e-06,0.0,0.0,0.0,1e-11,0.0,0.0,0.0,0.0,1e-11,2.154e-06,0.0
24537299.0,4995000000.0,5000000.0,5.0,0.0,0.1287,0.1287,0.1287,0.1287,0.063887,0.063887,0.00055581,0.063887,0.063887,6.1098e-06,0.00055581,6.1098e-06,0.0,0.0,0.0,0.0,2.154e-10,0.0,0.0,0.0,1e-07,0.0,0.0,0.0,0.0,1e-07,2.154e-10,0.0
24537585.0,4995000000.0,5000000.0,5.0,0.0,0.1287,0.1287,0.1287,0.1287,0.063887,0.063887,0.0053473,0.063887,0.063887,6.3887e-07,0.0053473,6.3887e-07,0.0,0.0,0.0,0.0,1e-11,0.0,0.0,0.0,4.642e-09,0.0,0.0,0.0,0.0,4.642e-09,1e-11,0.0
24536789.0,4995000000.0,5000000.0,5.0,0.0,0.1287,0.1287,0.1287,0.1287,0.063887,0.063887,6.1098e-06,0.063887,0.063887,0.0053473,6.1098e-06,0.0053473,0.0,0.0,0.0,0.0,4.642e-05,0.0,0.0,0.0,2.154e-06,0.0,0.0,0.0,0.0,2.154e-06,4.642e-05,0.0
24536031.0,4995000000.0,5000000.0,5.0,0.0,0.1287,0.1287,0.1287,0.1287,0.063887,0.063887,0.0,0.063887,0.063887,0.00055581,0.0,0.00055581,0.0,0.0,0.0,0.0,4.642e-09,0.0,0.0,0.0,4.642e-09,0.0,0.0,0.0,0.0,4.642e-09,4.642e-09,0.0
24536481.0,4995000000.0,5000000.0,5.0,0.0,0.1287,0.1287,0.1287,0.1287,0.063887,0.063887,6.3887e-07,0.063887,0.063887,0.051109,6.3887e-07,0.051109,0.0,0.0,0.0,0.0,1e-07,0.0,0.0,0.0,2.154e-06,0.0,0.0,0.0,0.0,2.154e-06,1e-07,0.0
24537685.0,4995000000.0,5000000.0,5.0,0.0,0.1287,0.1287,0.1287,0.1287,0.063887,0.063887,0.0053473,0.063887,0.063887,5.8431e-05,0.0053473,5.8431e-05,0.0,0.0,0.0,0.0,1e-11,0.0,0.0,0.0,2.154e-06,0.0,0.0,0.0,0.0,2.154e-06,1e-11,0.0
24537889.0,4995000000.0,5000000.0,5.0,0.0,0.1287,0.1287,0.1287,0.1287,0.063887,0.063887,0.051109,0.063887,0.063887,0.0,0.051109,0.0,0.0,0.0,0.0,0.0,2.154e-10,0.0,0.0,0.0,4.642e-05,0.0,0.0,0.0,0.0,4.642e-05,2.154e-10,0.0
24537847.0,4995000000.0,5000000.0,5.0,0.0,0.1287,0.1287,0.1287,0.1287,0.063887,0.063887,0.0053473,0.063887,0.063887,0.051109,0.0053473,0.051109,0.0,0.0,0.0,0.0,4.642e-09,0.0,0.0,0.0,4.642e-05,0.0,0.0,0.0,0.0,4.642e-05,4.642e-09,0.0
24536576.0,4995000000.0,5000000.0,5.0,0.0,0.1287,0.1287,0.1287,0.1287,0.063887,0.063887,6.1098e-06,0.063887,0.063887,6.3887e-07,6.1098e-06,6.3887e-07,0.0,0.0,0.0,0.0,1e-07,0.0,0.0,0.0,2.154e-10,0.0,0.0,0.0,0.0,2.154e-10,1e-07,0.0
24536962.0,4995000000.0,5000000.0,5.0,0.0,0.1287,0.1287,0.1287,0.1287,0.063887,0.063887,5.8431e-05,0.063887,0.063887,6.1098e-06,5.8431e-05,6.1098e-06,0.0,0.0,0.0,0.0,4.642e-09,0.0,0.0,0.0,4.642e-09,0.0,0.0,0.0,0.0,4.642e-09,4.642e-09,0.0
24537903.0,4995000000.0,5000000.0,5.0,0.0,0.1287,0.1287,0.1287,0.1287,0.063887,0.063887,0.051109,0.063887,0.063887,0.0,0.051109,0.0,0.0,0.0,0.0,0.0,1e-07,0.0,0.0,0.0,4.642e-05,0.0,0.0,0.0,0.0,4.642e-05,1e-07,0.0
24536792.0,4995000000.0,5000000.0,5.0,0.0,0.1287,0.1287,0.1287,0.1287,0.063887,0.063887,6.1098e-06,0.063887,0.063887,0.0053473,6.1098e-06,0.0053473,0.0,0.0,0.0,0.0,0.001,0.0,0.0,0.0,1e-11,0.0,0.0,0.0,0.0,1e-11,0.001,0.0
24535949.0,4995000000.0,5000000.0,5.0,0.0,0.1287,0.1287,0.1287,0.1287,0.063887,0.063887,0.0,0.063887,0.063887,6.1098e-06,0.0,6.1098e-06,0.0,0.0,0.0,0.0,2.154e-06,0.0,0.0,0.0,2.154e-06,0.0,0.0,0.0,0.0,2.154e-06,2.154e-06,0.0
24538184.0,4995000000.0,5000000.0,5.0,0.0,0.1287,0.1287,0.1287,0.1287,0.063887,0.063887,0.051109,0.063887,0.063887,0.051109,0.051109,0.051109,0.0,0.0,0.0,0.0,2.154e-10,0.0,0.0,0.0,0.001,0.0,0.0,0.0,0.0,0.001,2.154e-10,0.0
24536107.0,4995000000.0,5000000.0,5.0,0.0,0.1287,0.1287,0.1287,0.1287,0.063887,0.063887,0.0,0.063887,0.063887,0.0053473,0.0,0.0053473,0.0,0.0,0.0,0.0,0.001,0.0,0.0,0.0,2.154e-10,0.0,0.0,0.0,0.0,2.154e-10,0.001,0.0
24537826.0,4995000000.0,5000000.0,5.0,0.0,0.1287,0.1287,0.1287,0.1287,0.063887,0.063887,0.0053473,0.063887,0.063887,0.0053473,0.0053473,0.0053473,0.0,0.0,0.0,0.0,0.001,0.0,0.0,0.0,4.642e-05,0.0,0.0,0.0,0.0,4.642e-05,0.001,0.0
24537932.0,4995000000.0,5000000.0,5.0,0.0,0.1287,0.1287,0.1287,0.1287,0.063887,0.063887,0.051109,0.063887,0.063887,6.3887e-07,0.051109,6.3887e-07,0.0,0.0,0.0,0.0,1e-11,0.0,0.0,0.0,0.001,0.0,0.0,0.0,0.0,0.001,1e-11,0.0
24538139.0,4995000000.0,5000000.0,5.0,0.0,0.1287,0.1287,0.1287,0.1287,0.063887,0.063887,0.051109,0.063887,0.063887,0.0053473,0.051109,0.0053473,0.0,0.0,0.0,0.0,4.642e-09,0.0,0.0,0.0,1e-07,0.0,0.0,0.0,0.0,1e-07,4.642e-09,0.0
24538006.0,4995000000.0,5000000.0,5.0,0.0,0.1287,0.1287,0.1287,0.1287,0.063887,0.063887,0.051109,0.063887,0.063887,6.1098e-06,0.051109,6.1098e-06,0.0,0.0,0.0,0.0,2.154e-06,0.0,0.0,0.0,1e-07,0.0,0.0,0.0,0.0,1e-07,2.154e-06,0.0
24538097.0,4995000000.0,5000000.0,5.0,0.0,0.1287,0.1287,0.1287,0.1287,0.063887,0.063887,0.051109,0.063887,0.063887,0.00055581,0.051109,0.00055581,0.0,0.0,0.0,0.0,1e-07,0.0,0.0,0.0,1e-07,0.0,0.0,0.0,0.0,1e-07,1e-07,0.0
24537666.0,4995000000.0,5000000.0,5.0,0.0,0.1287,0.1287,0.1287,0.1287,0.063887,0.063887,0.0053473,0.063887,0.063887,6.1098e-06,0.0053473,6.1098e-06,0.0,0.0,0.0,0.0,2.154e-06,0.0,0.0,0.0,0.001,0.0,0.0,0.0,0.0,0.001,2.154e-06,0.0
24536379.0,4995000000.0,5000000.0,5.0,0.0,0.1287,0.1287,0.1287,0.1287,0.063887,0.063887,6.3887e-07,0.063887,0.063887,0.00055581,6.3887e-07,0.00055581,0.0,0.0,0.0,0.0,1e-07,0.0,0.0,0.0,1e-11,0.0,0.0,0.0,0.0,1e-11,1e-07,0.0
24536217.0,4995000000.0,5000000.0,5.0,0.0,0.1287,0.1287,0.1287,0.1287,0.063887,0.063887,6.3887e-07,0.063887,0.063887,6.3887e-07,6.3887e-07,6.3887e-07,0.0,0.0,0.0,0.0,1e-11,0.0,0.0,0.0,0.001,0.0,0.0,0.0,0.0,0.001,1e-11,0.0
24537110.0,4995000000.0,5000000.0,5.0,0.0,0.1287,0.1287,0.1287,0.1287,0.063887,0.063887,5.8431e-05,0.063887,0.063887,0.0053473,5.8431e-05,0.0053473,0.0,0.0,0.0,0.0,4.642e-09,0.0,0.0,0.0,1e-07,0.0,0.0,0.0,0.0,1e-07,4.642e-09,0.0
24537538.0,4995000000.0,5000000.0,5.0,0.0,0.1287,0.1287,0.1287,0.1287,0.063887,0.063887,0.0053473,0.063887,0.063887,0.0,0.0053473,0.0,0.0,0.0,0.0,0.0,1e-11,0.0,0.0,0.0,2.154e-06,0.0,0.0,0.0,0.0,2.154e-06,1e-11,0.0
24538067.0,4995000000.0,5000000.0,5.0,0.0,0.1287,0.1287,0.1287,0.1287,0.063887,0.063887,0.051109,0.063887,0.063887,5.8431e-05,0.051109,5.8431e-05,0.0,0.0,0.0,0.0,0.001,0.0,0.0,0.0,2.154e-10,0.0,0.0,0.0,0.0,2.154e-10,0.001,0.0
24535904.0,4995000000.0,5000000.0,5.0,0.0,0.1287,0.1287,0.1287,0.1287,0.063887,0.063887,0.0,0.063887,0.063887,6.3887e-07,0.0,6.3887e-07,0.0,0.0,0.0,0.0,4.642e-05,0.0,0.0,0.0,2.154e-10,0.0,0.0,0.0,0.0,2.154e-10,4.642e-05,0.0
24536965.0,4995000000.0,5000000.0,5.0,0.0,0.1287,0.1287,0.1287,0.1287,0.063887,0.063887,5.8431e-05,0.063887,0.063887,6.1098e-06,5.8431e-05,6.1098e-06,0.0,0.0,0.0,0.0,4.642e-09,0.0,0.0,0.0,4.642e-05,0.0,0.0,0.0,0.0,4.642e-05,4.642e-09,0.0
24536218.0,4995000000.0,5000000.0,5.0,0.0,0.1287,0.1287,0.1287,0.1287,0.063887,0.063887,6.3887e-07,0.063887,0.063887,6.3887e-07,6.3887e-07,6.3887e-07,0.0,0.0,0.0,0.0,2.154e-10,0.0,0.0,0.0,1e-11,0.0,0.0,0.0,0.0,1e-11,2.154e-10,0.0
24538177.0,4995000000.0,5000000.0,5.0,0.0,0.1287,0.1287,0.1287,0.1287,0.063887,0.063887,0.051109,0.063887,0.063887,0.051109,0.051109,0.051109,0.0,0.0,0.0,0.0,1e-11,0.0,0.0,0.0,0.001,0.0,0.0,0.0,0.0,0.001,1e-11,0.0
24536735.0,4995000000.0,5000000.0,5.0,0.0,0.1287,0.1287,0.1287,0.1287,0.063887,0.063887,6.1098e-06,0.063887,0.063887,0.00055581,6.1098e-06,0.00055581,0.0,0.0,0.0,0.0,2.154e-06,0.0,0.0,0.0,0.001,0.0,0.0,0.0,0.0,0.001,2.154e-06,0.0
24537241.0,4995000000.0,5000000.0,5.0,0.0,0.1287,0.1287,0.1287,0.1287,0.063887,0.063887,0.00055581,0.063887,0.063887,6.3887e-07,0.00055581,6.3887e-07,0.0,0.0,0.0,0.0,1e-11,0.0,0.0,0.0,2.154e-10,0.0,0.0,0.0,0.0,2.154e-10,1e-11,0.0
24537217.0,4995000000.0,5000000.0,5.0,0.0,0.1287,0.1287,0.1287,0.1287,0.063887,0.063887,0.00055581,0.063887,0.063887,0.0,0.00055581,0.0,0.0,0.0,0.0,0.0,1e-07,0.0,0.0,0.0,4.642e-05,0.0,0.0,0.0,0.0,4.642e-05,1e-07,0.0
24536905.0,4995000000.0,5000000.0,5.0,0.0,0.1287,0.1287,0.1287,0.1287,0.063887,0.063887,5.8431e-05,0.063887,0.063887,6.3887e-07,5.8431e-05,6.3887e-07,0.0,0.0,0.0,0.0,2.154e-10,0.0,0.0,0.0,2.154e-10,0.0,0.0,0.0,0.0,2.154e-10,2.154e-10,0.0
24536376.0,4995000000.0,5000000.0,5.0,0.0,0.1287,0.1287,0.1287,0.1287,0.063887,0.063887,6.3887e-07,0.063887,0.063887,0.00055581,6.3887e-07,0.00055581,0.0,0.0,0.0,0.0,4.642e-09,0.0,0.0,0.0,2.154e-06,0.0,0.0,0.0,0.0,2.154e-06,4.642e-09,0.0
24536544.0,4995000000.0,5000000.0,5.0,0.0,0.1287,0.1287,0.1287,0.1287,0.063887,0.063887,6.1098e-06,0.063887,0.063887,0.0,6.1098e-06,0.0,0.0,0.0,0.0,0.0,4.642e-05,0.0,0.0,0.0,2.154e-06,0.0,0.0,0.0,0.0,2.154e-06,4.642e-05,0.0
24537043.0,4995000000.0,5000000.0,5.0,0.0,0.1287,0.1287,0.1287,0.1287,0.063887,0.063887,5.8431e-05,0.063887,0.063887,5.8431e-05,5.8431e-05,5.8431e-05,0.0,0.0,0.0,0.0,0.001,0.0,0.0,0.0,0.001,0.0,0.0,0.0,0.0,0.001,0.001,0.0
24536035.0,4995000000.0,5000000.0,5.0,0.0,0.1287,0.1287,0.1287,0.1287,0.063887,0.063887,0.0,0.063887,0.063887,0.00055581,0.0,0.00055581,0.0,0.0,0.0,0.0,4.642e-09,0.0,0.0,0.0,0.001,0.0,0.0,0.0,0.0,0.001,4.642e-09,0.0
24537013.0,4995000000.0,5000000.0,5.0,0.0,0.1287,0.1287,0.1287,0.1287,0.063887,0.063887,5.8431e-05,0.063887,0.063887,5.8431e-05,5.8431e-05,5.8431e-05,0.0,0.0,0.0,0.0,4.642e-09,0.0,0.0,0.0,2.154e-06,0.0,0.0,0.0,0.0,2.154e-06,4.642e-09,0.0
24536778.0,4995000000.0,5000000.0,5.0,0.0,0.1287,0.1287,0.1287,0.1287,0.063887,0.063887,6.1098e-06,0.063887,0.063887,0.0053473,6.1098e-06,0.0053473,0.0,0.0,0.0,0.0,2.154e-06,0.0,0.0,0.0,1e-11,0.0,0.0,0.0,0.0,1e-11,2.154e-06,0.0
24536303.0,4995000000.0,5000000.0,5.0,0.0,0.1287,0.1287,0.1287,0.1287,0.063887,0.063887,6.3887e-07,0.063887,0.063887,6.1098e-06,6.3887e-07,6.1098e-06,0.0,0.0,0.0,0.0,0.001,0.0,0.0,0.0,2.154e-10,0.0,0.0,0.0,0.0,2.154e-10,0.001,0.0
24537937.0,4995000000.0,5000000.0,5.0,0.0,0.1287,0.1287,0.1287,0.1287,0.063887,0.063887,0.051109,0.063887,0.063887,6.3887e-07,0.051109,6.3887e-07,0.0,0.0,0.0,0.0,2.154e-10,0.0,0.0,0.0,2.154e-06,0.0,0.0,0.0,0.0,2.154e-06,2.154e-10,0.0
24536423.0,4995000000.0,5000000.0,5.0,0.0,0.1287,0.1287,0.1287,0.1287,0.063887,0.063887,6.3887e-07,0.063887,0.063887,0.0053473,6.3887e-07,0.0053473,0.0,0.0,0.0,0.0,4.642e-09,0.0,0.0,0.0,4.642e-09,0.0,0.0,0.0,0.0,4.642e-09,4.642e-09,0.0
24536496.0,4995000000.0,5000000.0,5.0,0.0,0.1287,0.1287,0.1287,0.1287,0.063887,0.063887,6.3887e-07,0.063887,0.063887,0.051109,6.3887e-07,0.051109,0.0,0.0,0.0,0.0,4.642e-05,0.0,0.0,0.0,4.642e-05,0.0,0.0,0.0,0.0,4.642e-05,4.642e-05,0.0
24536534.0,4995000000.0,5000000.0,5.0,0.0,0.1287,0.1287,0.1287,0.1287,0.063887,0.063887,6.1098e-06,0.063887,0.063887,0.0,6.1098e-06,0.0,0.0,0.0,0.0,0.0,2.154e-06,0.0,0.0,0.0,2.154e-10,0.0,0.0,0.0,0.0,2.154e-10,2.154e-06,0.0
24536026.0,4995000000.0,5000000.0,5.0,0.0,0.1287,0.1287,0.1287,0.1287,0.063887,0.063887,0.0,0.063887,0.063887,0.00055581,0.0,0.00055581,0.0,0.0,0.0,0.0,2.154e-10,0.0,0.0,0.0,2.154e-06,0.0,0.0,0.0,0.0,2.154e-06,2.154e-10,0.0
24536808.0,4995000000.0,5000000.0,5.0,0.0,0.1287,0.1287,0.1287,0.1287,0.063887,0.063887,6.1098e-06,0.063887,0.063887,0.051109,6.1098e-06,0.051109,0.0,0.0,0.0,0.0,2.154e-10,0.0,0.0,0.0,4.642e-09,0.0,0.0,0.0,0.0,4.642e-09,2.154e-10,0.0
24537525.0,4995000000.0,5000000.0,5.0,0.0,0.1287,0.1287,0.1287,0.1287,0.063887,0.063887,0.00055581,0.063887,0.063887,0.051109,0.00055581,0.051109,0.0,0.0,0.0,0.0,4.642e-05,0.0,0.0,0.0,4.642e-05,0.0,0.0,0.0,0.0,4.642e-05,4.642e-05,0.0
24537681.0,4995000000.0,5000000.0,5.0,0.0,0.1287,0.1287,0.1287,0.1287,0.063887,0.063887,0.0053473,0.063887,0.063887,5.8431e-05,0.0053473,5.8431e-05,0.0,0.0,0.0,0.0,1e-11,0.0,0.0,0.0,1e-11,0.0,0.0,0.0,0.0,1e-11,1e-11,0.0
24537430.0,4995000000.0,5000000.0,5.0,0.0,0.1287,0.1287,0.1287,0.1287,0.063887,0.063887,0.00055581,0.063887,0.063887,0.00055581,0.00055581,0.00055581,0.0,0.0,0.0,0.0,0.001,0.0,0.0,0.0,2.154e-10,0.0,0.0,0.0,0.0,2.154e-10,0.001,0.0
24535845.0,4995000000.0,5000000.0,5.0,0.0,0.1287,0.1287,0.1287,0.1287,0.063887,0.063887,0.0,0.063887,0.063887,0.0,0.0,0.0,0.0,0.0,0.0,0.0,1e-07,0.0,0.0,0.0,4.642e-05,0.0,0.0,0.0,0.0,4.642e-05,1e-07,0.0
24536192.0,4995000000.0,5000000.0,5.0,0.0,0.1287,0.1287,0.1287,0.1287,0.063887,0.063887,6.3887e-07,0.063887,0.063887,0.0,6.3887e-07,0.0,0.0,0.0,0.0,0.0,2.154e-06,0.0,0.0,0.0,4.642e-09,0.0,0.0,0.0,0.0,4.642e-09,2.154e-06,0.0
24536584.0,4995000000.0,5000000.0,5.0,0.0,0.1287,0.1287,0.1287,0.1287,0.063887,0.063887,6.1098e-06,0.063887,0.063887,6.3887e-07,6.1098e-06,6.3887e-07,0.0,0.0,0.0,0.0,2.154e-06,0.0,0.0,0.0,4.642e-09,0.0,0.0,0.0,0.0,4.642e-09,2.154e-06,0.0
24537750.0,4995000000.0,5000000.0,5.0,0.0,0.1287,0.1287,0.1287,0.1287,0.063887,0.063887,0.0053473,0.063887,0.063887,0.00055581,0.0053473,0.00055581,0.0,0.0,0.0,0.0,4.642e-09,0.0,0.0,0.0,0.001,0.0,0.0,0.0,0.0,0.001,4.642e-09,0.0
24537518.0,4995000000.0,5000000.0,5.0,0.0,0.1287,0.1287,0.1287,0.1287,0.063887,0.063887,0.00055581,0.063887,0.063887,0.051109,0.00055581,0.051109,0.0,0.0,0.0,0.0,2.154e-06,0.0,0.0,0.0,4.642e-05,0.0,0.0,0.0,0.0,4.642e-05,2.154e-06,0.0
24536764.0,4995000000.0,5000000.0,5.0,0.0,0.1287,0.1287,0.1287,0.1287,0.063887,0.063887,6.1098e-06,0.063887,0.063887,0.0053473,6.1098e-06,0.0053473,0.0,0.0,0.0,0.0,4.642e-09,0.0,0.0,0.0,1e-11,0.0,0.0,0.0,0.0,1e-11,4.642e-09,0.0
24536703.0,4995000000.0,5000000.0,5.0,0.0,0.1287,0.1287,0.1287,0.1287,0.063887,0.063887,6.1098e-06,0.063887,0.063887,0.00055581,6.1098e-06,0.00055581,0.0,0.0,0.0,0.0,1e-11,0.0,0.0,0.0,4.642e-09,0.0,0.0,0.0,0.0,4.642e-09,1e-11,0.0
24536625.0,4995000000.0,5000000.0,5.0,0.0,0.1287,0.1287,0.1287,0.1287,0.063887,0.063887,6.1098e-06,0.063887,0.063887,6.1098e-06,6.1098e-06,6.1098e-06,0.0,0.0,0.0,0.0,1e-07,0.0,0.0,0.0,2.154e-10,0.0,0.0,0.0,0.0,2.154e-10,1e-07,0.0
24537888.0,4995000000.0,5000000.0,5.0,0.0,0.1287,0.1287,0.1287,0.1287,0.063887,0.063887,0.051109,0.063887,0.063887,0.0,0.051109,0.0,0.0,0.0,0.0,0.0,2.154e-10,0.0,0.0,0.0,2.154e-06,0.0,0.0,0.0,0.0,2.154e-06,2.154e-10,0.0
24535916.0,4995000000.0,5000000.0,5.0,0.0,0.1287,0.1287,0.1287,0.1287,0.063887,0.063887,0.0,0.063887,0.063887,6.3887e-07,0.0,6.3887e-07,0.0,0.0,0.0,0.0,0.001,0.0,0.0,0.0,0.001,0.0,0.0,0.0,0.0,0.001,0.001,0.0
24538172.0,4995000000.0,5000000.0,5.0,0.0,0.1287,0.1287,0.1287,0.1287,0.063887,0.063887,0.051109,0.063887,0.063887,0.051109,0.051109,0.051109,0.0,0.0,0.0,0.0,1e-11,0.0,0.0,0.0,2.154e-10,0.0,0.0,0.0,0.0,2.154e-10,1e-11,0.0
24536126.0,4995000000.0,5000000.0,5.0,0.0,0.1287,0.1287,0.1287,0.1287,0.063887,0.063887,0.0,0.063887,0.063887,0.051109,0.0,0.051109,0.0,0.0,0.0,0.0,2.154e-10,0.0,0.0,0.0,0.001,0.0,0.0,0.0,0.0,0.001,2.154e-10,0.0
24537674.0,4995000000.0,5000000.0,5.0,0.0,0.1287,0.1287,0.1287,0.1287,0.063887,0.063887,0.0053473,0.063887,0.063887,6.1098e-06,0.0053473,6.1098e-06,0.0,0.0,0.0,0.0,0.001,0.0,0.0,0.0,1e-11,0.0,0.0,0.0,0.0,1e-11,0.001,0.0
24536285.0,4995000000.0,5000000.0,5.0,0.0,0.1287,0.1287,0.1287,0.1287,0.063887,0.063887,6.3887e-07,0.063887,0.063887,6.1098e-06,6.3887e-07,6.1098e-06,0.0,0.0,0.0,0.0,1e-07,0.0,0.0,0.0,2.154e-06,0.0,0.0,0.0,0.0,2.154e-06,1e-07,0.0
24536207.0,4995000000.0,5000000.0,5.0,0.0,0.1287,0.1287,0.1287,0.1287,0.063887,0.063887,6.3887e-07,0.063887,0.063887,0.0,6.3887e-07,0.0,0.0,0.0,0.0,0.0,0.001,0.0,0.0,0.0,1e-07,0.0,0.0,0.0,0.0,1e-07,0.001,0.0
24536190.0,4995000000.0,5000000.0,5.0,0.0,0.1287,0.1287,0.1287,0.1287,0.063887,0.063887,6.3887e-07,0.063887,0.063887,0.0,6.3887e-07,0.0,0.0,0.0,0.0,0.0,2.154e-06,0.0,0.0,0.0,1e-11,0.0,0.0,0.0,0.0,1e-11,2.154e-06,0.0
24536375.0,4995000000.0,5000000.0,5.0,0.0,0.1287,0.1287,0.1287,0.1287,0.063887,0.063887,6.3887e-07,0.063887,0.063887,0.00055581,6.3887e-07,0.00055581,0.0,0.0,0.0,0.0,4.642e-09,0.0,0.0,0.0,1e-07,0.0,0.0,0.0,0.0,1e-07,4.642e-09,0.0
24537174.0,4995000000.0,5000000.0,5.0,0.0,0.1287,0.1287,0.1287,0.1287,0.063887,0.063887,5.8431e-05,0.063887,0.063887,0.051109,5.8431e-05,0.051109,0.0,0.0,0.0,0.0,2.154e-06,0.0,0.0,0.0,2.154e-06,0.0,0.0,0.0,0.0,2.154e-06,2.154e-06,0.0
24535985.0,4995000000.0,5000000.0,5.0,0.0,0.1287,0.1287,0.1287,0.1287,0.063887,0.063887,0.0,0.063887,0.063887,5.8431e-05,0.0,5.8431e-05,0.0,0.0,0.0,0.0,4.642e-09,0.0,0.0,0.0,4.642e-05,0.0,0.0,0.0,0.0,4.642e-05,4.642e-09,0.0
24536085.0,4995000000.0,5000000.0,5.0,0.0,0.1287,0.1287,0.1287,0.1287,0.063887,0.063887,0.0,0.063887,0.063887,0.0053473,0.0,0.0053473,0.0,0.0,0.0,0.0,1e-07,0.0,0.0,0.0,1e-11,0.0,0.0,0.0,0.0,1e-11,1e-07,0.0
24537687.0,4995000000.0,5000000.0,5.0,0.0,0.1287,0.1287,0.1287,0.1287,0.063887,0.063887,0.0053473,0.063887,0.063887,5.8431e-05,0.0053473,5.8431e-05,0.0,0.0,0.0,0.0,1e-11,0.0,0.0,0.0,0.001,0.0,0.0,0.0,0.0,0.001,1e-11,0.0
24536404.0,4995000000.0,5000000.0,5.0,0.0,0.1287,0.1287,0.1287,0.1287,0.063887,0.063887,6.3887e-07,0.063887,0.063887,0.00055581,6.3887e-07,0.00055581,0.0,0.0,0.0,0.0,0.001,0.0,0.0,0.0,2.154e-06,0.0,0.0,0.0,0.0,2.154e-06,0.001,0.0
24535878.0,4995000000.0,5000000.0,5.0,0.0,0.1287,0.1287,0.1287,0.1287,0.063887,0.063887,0.0,0.063887,0.063887,6.3887e-07,0.0,6.3887e-07,0.0,0.0,0.0,0.0,2.154e-10,0.0,0.0,0.0,1e-07,0.0,0.0,0.0,0.0,1e-07,2.154e-10,0.0
24536795.0,4995000000.0,5000000.0,5.0,0.0,0.1287,0.1287,0.1287,0.1287,0.063887,0.063887,6.1098e-06,0.063887,0.063887,0.0053473,6.1098e-06,0.0053473,0.0,0.0,0.0,0.0,0.001,0.0,0.0,0.0,1e-07,0.0,0.0,0.0,0.0,1e-07,0.001,0.0
24537351.0,4995000000.0,5000000.0,5.0,0.0,0.1287,0.1287,0.1287,0.1287,0.063887,0.063887,0.00055581,0.063887,0.063887,5.8431e-05,0.00055581,5.8431e-05,0.0,0.0,0.0,0.0,2.154e-10,0.0,0.0,0.0,0.001,0.0,0.0,0.0,0.0,0.001,2.154e-10,0.0
24536844.0,4995000000.0,5000000.0,5.0,0.0,0.1287,0.1287,0.1287,0.1287,0.063887,0.063887,6.1098e-06,0.063887,0.063887,0.051109,6.1098e-06,0.051109,0.0,0.0,0.0,0.0,0.001,0.0,0.0,0.0,1e-07,0.0,0.0,0.0,0.0,1e-07,0.001,0.0
24537751.0,4995000000.0,5000000.0,5.0,0.0,0.1287,0.1287,0.1287,0.1287,0.063887,0.063887,0.0053473,0.063887,0.063887,0.00055581,0.0053473,0.00055581,0.0,0.0,0.0,0.0,1e-07,0.0,0.0,0.0,1e-11,0.0,0.0,0.0,0.0,1e-11,1e-07,0.0
24537891.0,4995000000.0,5000000.0,5.0,0.0,0.1287,0.1287,0.1287,0.1287,0.063887,0.063887,0.051109,0.063887,0.063887,0.0,0.051109,0.0,0.0,0.0,0.0,0.0,4.642e-09,0.0,0.0,0.0,1e-11,0.0,0.0,0.0,0.0,1e-11,4.642e-09,0.0
24536270.0,4995000000.0,5000000.0,5.0,0.0,0.1287,0.1287,0.1287,0.1287,0.063887,0.063887,6.3887e-07,0.063887,0.063887,6.1098e-06,6.3887e-07,6.1098e-06,0.0,0.0,0.0,0.0,2.154e-10,0.0,0.0,0.0,1e-07,0.0,0.0,0.0,0.0,1e-07,2.154e-10,0.0
24536135.0,4995000000.0,5000000.0,5.0,0.0,0.1287,0.1287,0.1287,0.1287,0.063887,0.063887,0.0,0.063887,0.063887,0.051109,0.0,0.051109,0.0,0.0,0.0,0.0,1e-07,0.0,0.0,0.0,2.154e-10,0.0,0.0,0.0,0.0,2.154e-10,1e-07,0.0
24537647.0,4995000000.0,5000000.0,5.0,0.0,0.1287,0.1287,0.1287,0.1287,0.063887,0.063887,0.0053473,0.063887,0.063887,6.1098e-06,0.0053473,6.1098e-06,0.0,0.0,0.0,0.0,4.642e-09,0.0,0.0,0.0,2.154e-10,0.0,0.0,0.0,0.0,2.154e-10,4.642e-09,0.0
24536818.0,4995000000.0,5000000.0,5.0,0.0,0.1287,0.1287,0.1287,0.1287,0.063887,0.063887,6.1098e-06,0.063887,0.063887,0.051109,6.1098e-06,0.051109,0.0,0.0,0.0,0.0,4.642e-09,0.0,0.0,0.0,4.642e-05,0.0,0.0,0.0,0.0,4.642e-05,4.642e-09,0.0
24536883.0,4995000000.0,5000000.0,5.0,0.0,0.1287,0.1287,0.1287,0.1287,0.063887,0.063887,5.8431e-05,0.063887,0.063887,0.0,5.8431e-05,0.0,0.0,0.0,0.0,0.0,4.642e-05,0.0,0.0,0.0,1e-11,0.0,0.0,0.0,0.0,1e-11,4.642e-05,0.0
24536025.0,4995000000.0,5000000.0,5.0,0.0,0.1287,0.1287,0.1287,0.1287,0.063887,0.063887,0.0,0.063887,0.063887,0.00055581,0.0,0.00055581,0.0,0.0,0.0,0.0,2.154e-10,0.0,0.0,0.0,1e-07,0.0,0.0,0.0,0.0,1e-07,2.154e-10,0.0
24536009.0,4995000000.0,5000000.0,5.0,0.0,0.1287,0.1287,0.1287,0.1287,0.063887,0.063887,0.0,0.063887,0.063887,5.8431e-05,0.0,5.8431e-05,0.0,0.0,0.0,0.0,0.001,0.0,0.0,0.0,2.154e-10,0.0,0.0,0.0,0.0,2.154e-10,0.001,0.0
24536416.0,4995000000.0,5000000.0,5.0,0.0,0.1287,0.1287,0.1287,0.1287,0.063887,0.063887,6.3887e-07,0.063887,0.063887,0.0053473,6.3887e-07,0.0053473,0.0,0.0,0.0,0.0,2.154e-10,0.0,0.0,0.0,4.642e-09,0.0,0.0,0.0,0.0,4.642e-09,2.154e-10,0.0
24536732.0,4995000000.0,5000000.0,5.0,0.0,0.1287,0.1287,0.1287,0.1287,0.063887,0.063887,6.1098e-06,0.063887,0.063887,0.00055581,6.1098e-06,0.00055581,0.0,0.0,0.0,0.0,2.154e-06,0.0,0.0,0.0,1e-07,0.0,0.0,0.0,0.0,1e-07,2.154e-06,0.0
24538122.0,4995000000.0,5000000.0,5.0,0.0,0.1287,0.1287,0.1287,0.1287,0.063887,0.063887,0.051109,0.063887,0.063887,0.0053473,0.051109,0.0053473,0.0,0.0,0.0,0.0,1e-11,0.0,0.0,0.0,1e-11,0.0,0.0,0.0,0.0,1e-11,1e-11,0.0
24537114.0,4995000000.0,5000000.0,5.0,0.0,0.1287,0.1287,0.1287,0.1287,0.063887,0.063887,5.8431e-05,0.063887,0.063887,0.0053473,5.8431e-05,0.0053473,0.0,0.0,0.0,0.0,1e-07,0.0,0.0,0.0,1e-11,0.0,0.0,0.0,0.0,1e-11,1e-07,0.0
24537144.0,4995000000.0,5000000.0,5.0,0.0,0.1287,0.1287,0.1287,0.1287,0.063887,0.063887,5.8431e-05,0.063887,0.063887,0.051109,5.8431e-05,0.051109,0.0,0.0,0.0,0.0,1e-11,0.0,0.0,0.0,4.642e-09,0.0,0.0,0.0,0.0,4.642e-09,1e-11,0.0
24537088.0,4995000000.0,5000000.0,5.0,0.0,0.1287,0.1287,0.1287,0.1287,0.063887,0.063887,5.8431e-05,0.063887,0.063887,0.00055581,5.8431e-05,0.00055581,0.0,0.0,0.0,0.0,0.001,0.0,0.0,0.0,4.642e-09,0.0,0.0,0.0,0.0,4.642e-09,0.001,0.0
24537736.0,4995000000.0,5000000.0,5.0,0.0,0.1287,0.1287,0.1287,0.1287,0.063887,0.063887,0.0053473,0.063887,0.063887,0.00055581,0.0053473,0.00055581,0.0,0.0,0.0,0.0,1e-11,0.0,0.0,0.0,0.001,0.0,0.0,0.0,0.0,0.001,1e-11,0.0
24536017.0,4995000000.0,5000000.0,5.0,0.0,0.1287,0.1287,0.1287,0.1287,0.063887,0.063887,0.0,0.063887,0.063887,0.00055581,0.0,0.00055581,0.0,0.0,0.0,0.0,1e-11,0.0,0.0,0.0,4.642e-09,0.0,0.0,0.0,0.0,4.642e-09,1e-11,0.0
24537746.0,4995000000.0,5000000.0,5.0,0.0,0.1287,0.1287,0.1287,0.1287,0.063887,0.063887,0.0053473,0.063887,0.063887,0.00055581,0.0053473,0.00055581,0.0,0.0,0.0,0.0,4.642e-09,0.0,0.0,0.0,4.642e-09,0.0,0.0,0.0,0.0,4.642e-09,4.642e-09,0.0
24537014.0,4995000000.0,5000000.0,5.0,0.0,0.1287,0.1287,0.1287,0.1287,0.063887,0.063887,5.8431e-05,0.063887,0.063887,5.8431e-05,5.8431e-05,5.8431e-05,0.0,0.0,0.0,0.0,4.642e-09,0.0,0.0,0.0,4.642e-05,0.0,0.0,0.0,0.0,4.642e-05,4.642e-09,0.0
24536171.0,4995000000.0,5000000.0,5.0,0.0,0.1287,0.1287,0.1287,0.1287,0.063887,0.063887,6.3887e-07,0.063887,0.063887,0.0,6.3887e-07,0.0,0.0,0.0,0.0,0.0,2.154e-10,0.0,0.0,0.0,4.642e-09,0.0,0.0,0.0,0.0,4.642e-09,2.154e-10,0.0
24538089.0,4995000000.0,5000000.0,5.0,0.0,0.1287,0.1287,0.1287,0.1287,0.063887,0.063887,0.051109,0.063887,0.063887,0.00055581,0.051109,0.00055581,0.0,0.0,0.0,0.0,4.642e-09,0.0,0.0,0.0,4.642e-09,0.0,0.0,0.0,0.0,4.642e-09,4.642e-09,0.0
24537035.0,4995000000.0,5000000.0,5.0,0.0,0.1287,0.1287,0.1287,0.1287,0.063887,0.063887,5.8431e-05,0.063887,0.063887,5.8431e-05,5.8431e-05,5.8431e-05,0.0,0.0,0.0,0.0,4.642e-05,0.0,0.0,0.0,4.642e-05,0.0,0.0,0.0,0.0,4.642e-05,4.642e-05,0.0
24536615.0,4995000000.0,5000000.0,5.0,0.0,0.1287,0.1287,0.1287,0.1287,0.063887,0.063887,6.1098e-06,0.063887,0.063887,6.1098e-06,6.1098e-06,6.1098e-06,0.0,0.0,0.0,0.0,2.154e-10,0.0,0.0,0.0,4.642e-05,0.0,0.0,0.0,0.0,4.642e-05,2.154e-10,0.0
24537959.0,4995000000.0,5000000.0,5.0,0.0,0.1287,0.1287,0.1287,0.1287,0.063887,0.063887,0.051109,0.063887,0.063887,6.3887e-07,0.051109,6.3887e-07,0.0,0.0,0.0,0.0,2.154e-06,0.0,0.0,0.0,4.642e-05,0.0,0.0,0.0,0.0,4.642e-05,2.154e-06,0.0
24537703.0,4995000000.0,5000000.0,5.0,0.0,0.1287,0.1287,0.1287,0.1287,0.063887,0.063887,0.0053473,0.063887,0.063887,5.8431e-05,0.0053473,5.8431e-05,0.0,0.0,0.0,0.0,1e-07,0.0,0.0,0.0,2.154e-10,0.0,0.0,0.0,0.0,2.154e-10,1e-07,0.0
24536125.0,4995000000.0,5000000.0,5.0,0.0,0.1287,0.1287,0.1287,0.1287,0.063887,0.063887,0.0,0.063887,0.063887,0.051109,0.0,0.051109,0.0,0.0,0.0,0.0,2.154e-10,0.0,0.0,0.0,4.642e-05,0.0,0.0,0.0,0.0,4.642e-05,2.154e-10,0.0
24537915.0,4995000000.0,5000000.0,5.0,0.0,0.1287,0.1287,0.1287,0.1287,0.063887,0.063887,0.051109,0.063887,0.063887,0.0,0.051109,0.0,0.0,0.0,0.0,0.0,4.642e-05,0.0,0.0,0.0,1e-07,0.0,0.0,0.0,0.0,1e-07,4.642e-05,0.0
24537984.0,4995000000.0,5000000.0,5.0,0.0,0.1287,0.1287,0.1287,0.1287,0.063887,0.063887,0.051109,0.063887,0.063887,6.1098e-06,0.051109,6.1098e-06,0.0,0.0,0.0,0.0,2.154e-10,0.0,0.0,0.0,4.642e-09,0.0,0.0,0.0,0.0,4.642e-09,2.154e-10,0.0
24537206.0,4995000000.0,5000000.0,5.0,0.0,0.1287,0.1287,0.1287,0.1287,0.063887,0.063887,0.00055581,0.063887,0.063887,0.0,0.00055581,0.0,0.0,0.0,0.0,0.0,4.642e-09,0.0,0.0,0.0,2.154e-10,0.0,0.0,0.0,0.0,2.154e-10,4.642e-09,0.0
24536007.0,4995000000.0,5000000.0,5.0,0.0,0.1287,0.1287,0.1287,0.1287,0.063887,0.063887,0.0,0.063887,0.063887,5.8431e-05,0.0,5.8431e-05,0.0,0.0,0.0,0.0,4.642e-05,0.0,0.0,0.0,0.001,0.0,0.0,0.0,0.0,0.001,4.642e-05,0.0
24537233.0,4995000000.0,5000000.0,5.0,0.0,0.1287,0.1287,0.1287,0.1287,0.063887,0.063887,0.00055581,0.063887,0.063887,0.0,0.00055581,0.0,0.0,0.0,0.0,0.0,0.001,0.0,0.0,0.0,1e-11,0.0,0.0,0.0,0.0,1e-11,0.001,0.0
24538157.0,4995000000.0,5000000.0,5.0,0.0,0.1287,0.1287,0.1287,0.1287,0.063887,0.063887,0.051109,0.063887,0.063887,0.0053473,0.051109,0.0053473,0.0,0.0,0.0,0.0,4.642e-05,0.0,0.0,0.0,1e-11,0.0,0.0,0.0,0.0,1e-11,4.642e-05,0.0
24536734.0,4995000000.0,5000000.0,5.0,0.0,0.1287,0.1287,0.1287,0.1287,0.063887,0.063887,6.1098e-06,0.063887,0.063887,0.00055581,6.1098e-06,0.00055581,0.0,0.0,0.0,0.0,2.154e-06,0.0,0.0,0.0,4.642e-05,0.0,0.0,0.0,0.0,4.642e-05,2.154e-06,0.0
24536941.0,4995000000.0,5000000.0,5.0,0.0,0.1287,0.1287,0.1287,0.1287,0.063887,0.063887,5.8431e-05,0.063887,0.063887,6.3887e-07,5.8431e-05,6.3887e-07,0.0,0.0,0.0,0.0,0.001,0.0,0.0,0.0,4.642e-09,0.0,0.0,0.0,0.0,4.642e-09,0.001,0.0
24535857.0,4995000000.0,5000000.0,5.0,0.0,0.1287,0.1287,0.1287,0.1287,0.063887,0.063887,0.0,0.063887,0.063887,0.0,0.0,0.0,0.0,0.0,0.0,0.0,4.642e-05,0.0,0.0,0.0,1e-07,0.0,0.0,0.0,0.0,1e-07,4.642e-05,0.0
24537543.0,4995000000.0,5000000.0,5.0,0.0,0.1287,0.1287,0.1287,0.1287,0.063887,0.063887,0.0053473,0.063887,0.063887,0.0,0.0053473,0.0,0.0,0.0,0.0,0.0,2.154e-10,0.0,0.0,0.0,4.642e-09,0.0,0.0,0.0,0.0,4.642e-09,2.154e-10,0.0
24538094.0,4995000000.0,5000000.0,5.0,0.0,0.1287,0.1287,0.1287,0.1287,0.063887,0.063887,0.051109,0.063887,0.063887,0.00055581,0.051109,0.00055581,0.0,0.0,0.0,0.0,1e-07,0.0,0.0,0.0,1e-11,0.0,0.0,0.0,0.0,1e-11,1e-07,0.0
24537537.0,4995000000.0,5000000.0,5.0,0.0,0.1287,0.1287,0.1287,0.1287,0.063887,0.063887,0.0053473,0.063887,0.063887,0.0,0.0053473,0.0,0.0,0.0,0.0,0.0,1e-11,0.0,0.0,0.0,1e-07,0.0,0.0,0.0,0.0,1e-07,1e-11,0.0
24536947.0,4995000000.0,5000000.0,5.0,0.0,0.1287,0.1287,0.1287,0.1287,0.063887,0.063887,5.8431e-05,0.063887,0.063887,6.1098e-06,5.8431e-05,6.1098e-06,0.0,0.0,0.0,0.0,1e-11,0.0,0.0,0.0,2.154e-10,0.0,0.0,0.0,0.0,2.154e-10,1e-11,0.0
24536851.0,4995000000.0,5000000.0,5.0,0.0,0.1287,0.1287,0.1287,0.1287,0.063887,0.063887,5.8431e-05,0.063887,0.063887,0.0,5.8431e-05,0.0,0.0,0.0,0.0,0.0,1e-11,0.0,0.0,0.0,1e-07,0.0,0.0,0.0,0.0,1e-07,1e-11,0.0
24535948.0,4995000000.0,5000000.0,5.0,0.0,0.1287,0.1287,0.1287,0.1287,0.063887,0.063887,0.0,0.063887,0.063887,6.1098e-06,0.0,6.1098e-06,0.0,0.0,0.0,0.0,2.154e-06,0.0,0.0,0.0,1e-07,0.0,0.0,0.0,0.0,1e-07,2.154e-06,0.0
24536706.0,4995000000.0,5000000.0,5.0,0.0,0.1287,0.1287,0.1287,0.1287,0.063887,0.063887,6.1098e-06,0.063887,0.063887,0.00055581,6.1098e-06,0.00055581,0.0,0.0,0.0,0.0,1e-11,0.0,0.0,0.0,4.642e-05,0.0,0.0,0.0,0.0,4.642e-05,1e-11,0.0
24535969.0,4995000000.0,5000000.0,5.0,0.0,0.1287,0.1287,0.1287,0.1287,0.063887,0.063887,0.0,0.063887,0.063887,5.8431e-05,0.0,5.8431e-05,0.0,0.0,0.0,0.0,1e-11,0.0,0.0,0.0,1e-07,0.0,0.0,0.0,0.0,1e-07,1e-11,0.0
24537449.0,4995000000.0,5000000.0,5.0,0.0,0.1287,0.1287,0.1287,0.1287,0.063887,0.063887,0.00055581,0.063887,0.063887,0.0053473,0.00055581,0.0053473,0.0,0.0,0.0,0.0,2.154e-10,0.0,0.0,0.0,0.001,0.0,0.0,0.0,0.0,0.001,2.154e-10,0.0
24537421.0,4995000000.0,5000000.0,5.0,0.0,0.1287,0.1287,0.1287,0.1287,0.063887,0.063887,0.00055581,0.063887,0.063887,0.00055581,0.00055581,0.00055581,0.0,0.0,0.0,0.0,2.154e-06,0.0,0.0,0.0,0.001,0.0,0.0,0.0,0.0,0.001,2.154e-06,0.0
24536858.0,4995000000.0,5000000.0,5.0,0.0,0.1287,0.1287,0.1287,0.1287,0.063887,0.063887,5.8431e-05,0.063887,0.063887,0.0,5.8431e-05,0.0,0.0,0.0,0.0,0.0,2.154e-10,0.0,0.0,0.0,1e-07,0.0,0.0,0.0,0.0,1e-07,2.154e-10,0.0
24536873.0,4995000000.0,5000000.0,5.0,0.0,0.1287,0.1287,0.1287,0.1287,0.063887,0.063887,5.8431e-05,0.063887,0.063887,0.0,5.8431e-05,0.0,0.0,0.0,0.0,0.0,1e-07,0.0,0.0,0.0,2.154e-06,0.0,0.0,0.0,0.0,2.154e-06,1e-07,0.0
24536770.0,4995000000.0,5000000.0,5.0,0.0,0.1287,0.1287,0.1287,0.1287,0.063887,0.063887,6.1098e-06,0.063887,0.063887,0.0053473,6.1098e-06,0.0053473,0.0,0.0,0.0,0.0,4.642e-09,0.0,0.0,0.0,0.001,0.0,0.0,0.0,0.0,0.001,4.642e-09,0.0
24536201.0,4995000000.0,5000000.0,5.0,0.0,0.1287,0.1287,0.1287,0.1287,0.063887,0.063887,6.3887e-07,0.063887,0.063887,0.0,6.3887e-07,0.0,0.0,0.0,0.0,0.0,4.642e-05,0.0,0.0,0.0,2.154e-06,0.0,0.0,0.0,0.0,2.154e-06,4.642e-05,0.0
24537981.0,4995000000.0,5000000.0,5.0,0.0,0.1287,0.1287,0.1287,0.1287,0.063887,0.063887,0.051109,0.063887,0.063887,6.1098e-06,0.051109,6.1098e-06,0.0,0.0,0.0,0.0,1e-11,0.0,0.0,0.0,0.001,0.0,0.0,0.0,0.0,0.001,1e-11,0.0
24537038.0,4995000000.0,5000000.0,5.0,0.0,0.1287,0.1287,0.1287,0.1287,0.063887,0.063887,5.8431e-05,0.063887,0.063887,5.8431e-05,5.8431e-05,5.8431e-05,0.0,0.0,0.0,0.0,0.001,0.0,0.0,0.0,2.154e-10,0.0,0.0,0.0,0.0,2.154e-10,0.001,0.0
24535979.0,4995000000.0,5000000.0,5.0,0.0,0.1287,0.1287,0.1287,0.1287,0.063887,0.063887,0.0,0.063887,0.063887,5.8431e-05,0.0,5.8431e-05,0.0,0.0,0.0,0.0,2.154e-10,0.0,0.0,0.0,0.001,0.0,0.0,0.0,0.0,0.001,2.154e-10,0.0
24537219.0,4995000000.0,5000000.0,5.0,0.0,0.1287,0.1287,0.1287,0.1287,0.063887,0.063887,0.00055581,0.063887,0.063887,0.0,0.00055581,0.0,0.0,0.0,0.0,0.0,2.154e-06,0.0,0.0,0.0,1e-11,0.0,0.0,0.0,0.0,1e-11,2.154e-06,0.0
24538099.0,4995000000.0,5000000.0,5.0,0.0,0.1287,0.1287,0.1287,0.1287,0.063887,0.063887,0.051109,0.063887,0.063887,0.00055581,0.051109,0.00055581,0.0,0.0,0.0,0.0,1e-07,0.0,0.0,0.0,4.642e-05,0.0,0.0,0.0,0.0,4.642e-05,1e-07,0.0
24537503.0,4995000000.0,5000000.0,5.0,0.0,0.1287,0.1287,0.1287,0.1287,0.063887,0.063887,0.00055581,0.063887,0.063887,0.051109,0.00055581,0.051109,0.0,0.0,0.0,0.0,4.642e-09,0.0,0.0,0.0,2.154e-06,0.0,0.0,0.0,0.0,2.154e-06,4.642e-09,0.0
24537069.0,4995000000.0,5000000.0,5.0,0.0,0.1287,0.1287,0.1287,0.1287,0.063887,0.063887,5.8431e-05,0.063887,0.063887,0.00055581,5.8431e-05,0.00055581,0.0,0.0,0.0,0.0,1e-07,0.0,0.0,0.0,2.154e-06,0.0,0.0,0.0,0.0,2.154e-06,1e-07,0.0
24537259.0,4995000000.0,5000000.0,5.0,0.0,0.1287,0.1287,0.1287,0.1287,0.063887,0.063887,0.00055581,0.063887,0.063887,6.3887e-07,0.00055581,6.3887e-07,0.0,0.0,0.0,0.0,4.642e-09,0.0,0.0,0.0,4.642e-05,0.0,0.0,0.0,0.0,4.642e-05,4.642e-09,0.0
24535880.0,4995000000.0,5000000.0,5.0,0.0,0.1287,0.1287,0.1287,0.1287,0.063887,0.063887,0.0,0.063887,0.063887,6.3887e-07,0.0,6.3887e-07,0.0,0.0,0.0,0.0,2.154e-10,0.0,0.0,0.0,4.642e-05,0.0,0.0,0.0,0.0,4.642e-05,2.154e-10,0.0
24536458.0,4995000000.0,5000000.0,5.0,0.0,0.1287,0.1287,0.1287,0.1287,0.063887,0.063887,6.3887e-07,0.063887,0.063887,0.051109,6.3887e-07,0.051109,0.0,0.0,0.0,0.0,1e-11,0.0,0.0,0.0,4.642e-09,0.0,0.0,0.0,0.0,4.642e-09,1e-11,0.0
24537074.0,4995000000.0,5000000.0,5.0,0.0,0.1287,0.1287,0.1287,0.1287,0.063887,0.063887,5.8431e-05,0.063887,0.063887,0.00055581,5.8431e-05,0.00055581,0.0,0.0,0.0,0.0,2.154e-06,0.0,0.0,0.0,4.642e-09,0.0,0.0,0.0,0.0,4.642e-09,2.154e-06,0.0
24538109.0,4995000000.0,5000000.0,5.0,0.0,0.1287,0.1287,0.1287,0.1287,0.063887,0.063887,0.051109,0.063887,0.063887,0.00055581,0.051109,0.00055581,0.0,0.0,0.0,0.0,4.642e-05,0.0,0.0,0.0,2.154e-10,0.0,0.0,0.0,0.0,2.154e-10,4.642e-05,0.0
24537693.0,4995000000.0,5000000.0,5.0,0.0,0.1287,0.1287,0.1287,0.1287,0.063887,0.063887,0.0053473,0.063887,0.063887,5.8431e-05,0.0053473,5.8431e-05,0.0,0.0,0.0,0.0,2.154e-10,0.0,0.0,0.0,4.642e-05,0.0,0.0,0.0,0.0,4.642e-05,2.154e-10,0.0
24537156.0,4995000000.0,5000000.0,5.0,0.0,0.1287,0.1287,0.1287,0.1287,0.063887,0.063887,5.8431e-05,0.063887,0.063887,0.051109,5.8431e-05,0.051109,0.0,0.0,0.0,0.0,4.642e-09,0.0,0.0,0.0,1e-11,0.0,0.0,0.0,0.0,1e-11,4.642e-09,0.0
24537380.0,4995000000.0,5000000.0,5.0,0.0,0.1287,0.1287,0.1287,0.1287,0.063887,0.063887,0.00055581,0.063887,0.063887,5.8431e-05,0.00055581,5.8431e-05,0.0,0.0,0.0,0.0,0.001,0.0,0.0,0.0,1e-11,0.0,0.0,0.0,0.0,1e-11,0.001,0.0
24536848.0,4995000000.0,5000000.0,5.0,0.0,0.1287,0.1287,0.1287,0.1287,0.063887,0.063887,5.8431e-05,0.063887,0.063887,0.0,5.8431e-05,0.0,0.0,0.0,0.0,0.0,1e-11,0.0,0.0,0.0,1e-11,0.0,0.0,0.0,0.0,1e-11,1e-11,0.0
24536321.0,4995000000.0,5000000.0,5.0,0.0,0.1287,0.1287,0.1287,0.1287,0.063887,0.063887,6.3887e-07,0.063887,0.063887,5.8431e-05,6.3887e-07,5.8431e-05,0.0,0.0,0.0,0.0,2.154e-10,0.0,0.0,0.0,4.642e-05,0.0,0.0,0.0,0.0,4.642e-05,2.154e-10,0.0
24537083.0,4995000000.0,5000000.0,5.0,0.0,0.1287,0.1287,0.1287,0.1287,0.063887,0.063887,5.8431e-05,0.063887,0.063887,0.00055581,5.8431e-05,0.00055581,0.0,0.0,0.0,0.0,4.642e-05,0.0,0.0,0.0,2.154e-06,0.0,0.0,0.0,0.0,2.154e-06,4.642e-05,0.0
24537005.0,4995000000.0,5000000.0,5.0,0.0,0.1287,0.1287,0.1287,0.1287,0.063887,0.063887,5.8431e-05,0.063887,0.063887,5.8431e-05,5.8431e-05,5.8431e-05,0.0,0.0,0.0,0.0,2.154e-10,0.0,0.0,0.0,1e-07,0.0,0.0,0.0,0.0,1e-07,2.154e-10,0.0
24536015.0,4995000000.0,5000000.0,5.0,0.0,0.1287,0.1287,0.1287,0.1287,0.063887,0.063887,0.0,0.063887,0.063887,0.00055581,0.0,0.00055581,0.0,0.0,0.0,0.0,1e-11,0.0,0.0,0.0,1e-11,0.0,0.0,0.0,0.0,1e-11,1e-11,0.0
24536430.0,4995000000.0,5000000.0,5.0,0.0,0.1287,0.1287,0.1287,0.1287,0.063887,0.063887,6.3887e-07,0.063887,0.063887,0.0053473,6.3887e-07,0.0053473,0.0,0.0,0.0,0.0,1e-07,0.0,0.0,0.0,4.642e-09,0.0,0.0,0.0,0.0,4.642e-09,1e-07,0.0
24535885.0,4995000000.0,5000000.0,5.0,0.0,0.1287,0.1287,0.1287,0.1287,0.063887,0.063887,0.0,0.063887,0.063887,6.3887e-07,0.0,6.3887e-07,0.0,0.0,0.0,0.0,4.642e-09,0.0,0.0,0.0,1e-07,0.0,0.0,0.0,0.0,1e-07,4.642e-09,0.0
24538062.0,4995000000.0,5000000.0,5.0,0.0,0.1287,0.1287,0.1287,0.1287,0.063887,0.063887,0.051109,0.063887,0.063887,5.8431e-05,0.051109,5.8431e-05,0.0,0.0,0.0,0.0,4.642e-05,0.0,0.0,0.0,1e-07,0.0,0.0,0.0,0.0,1e-07,4.642e-05,0.0
24537695.0,4995000000.0,5000000.0,5.0,0.0,0.1287,0.1287,0.1287,0.1287,0.063887,0.063887,0.0053473,0.063887,0.063887,5.8431e-05,0.0053473,5.8431e-05,0.0,0.0,0.0,0.0,4.642e-09,0.0,0.0,0.0,1e-11,0.0,0.0,0.0,0.0,1e-11,4.642e-09,0.0
24537204.0,4995000000.0,5000000.0,5.0,0.0,0.1287,0.1287,0.1287,0.1287,0.063887,0.063887,0.00055581,0.063887,0.063887,0.0,0.00055581,0.0,0.0,0.0,0.0,0.0,2.154e-10,0.0,0.0,0.0,0.001,0.0,0.0,0.0,0.0,0.001,2.154e-10,0.0
24538043.0,4995000000.0,5000000.0,5.0,0.0,0.1287,0.1287,0.1287,0.1287,0.063887,0.063887,0.051109,0.063887,0.063887,5.8431e-05,0.051109,5.8431e-05,0.0,0.0,0.0,0.0,4.642e-09,0.0,0.0,0.0,4.642e-05,0.0,0.0,0.0,0.0,4.642e-05,4.642e-09,0.0
24536550.0,4995000000.0,5000000.0,5.0,0.0,0.1287,0.1287,0.1287,0.1287,0.063887,0.063887,6.1098e-06,0.063887,0.063887,0.0,6.1098e-06,0.0,0.0,0.0,0.0,0.0,0.001,0.0,0.0,0.0,1e-07,0.0,0.0,0.0,0.0,1e-07,0.001,0.0
24536680.0,4995000000.0,5000000.0,5.0,0.0,0.1287,0.1287,0.1287,0.1287,0.063887,0.063887,6.1098e-06,0.063887,0.063887,5.8431e-05,6.1098e-06,5.8431e-05,0.0,0.0,0.0,0.0,2.154e-06,0.0,0.0,0.0,1e-11,0.0,0.0,0.0,0.0,1e-11,2.154e-06,0.0
24535837.0,4995000000.0,5000000.0,5.0,0.0,0.1287,0.1287,0.1287,0.1287,0.063887,0.063887,0.0,0.063887,0.063887,0.0,0.0,0.0,0.0,0.0,0.0,0.0,4.642e-09,0.0,0.0,0.0,2.154e-06,0.0,0.0,0.0,0.0,2.154e-06,4.642e-09,0.0
24536816.0,4995000000.0,5000000.0,5.0,0.0,0.1287,0.1287,0.1287,0.1287,0.063887,0.063887,6.1098e-06,0.063887,0.063887,0.051109,6.1098e-06,0.051109,0.0,0.0,0.0,0.0,4.642e-09,0.0,0.0,0.0,1e-07,0.0,0.0,0.0,0.0,1e-07,4.642e-09,0.0
24537519.0,4995000000.0,5000000.0,5.0,0.0,0.1287,0.1287,0.1287,0.1287,0.063887,0.063887,0.00055581,0.063887,0.063887,0.051109,0.00055581,0.051109,0.0,0.0,0.0,0.0,2.154e-06,0.0,0.0,0.0,0.001,0.0,0.0,0.0,0.0,0.001,2.154e-06,0.0
24537279.0,4995000000.0,5000000.0,5.0,0.0,0.1287,0.1287,0.1287,0.1287,0.063887,0.063887,0.00055581,0.063887,0.063887,6.3887e-07,0.00055581,6.3887e-07,0.0,0.0,0.0,0.0,4.642e-05,0.0,0.0,0.0,2.154e-06,0.0,0.0,0.0,0.0,2.154e-06,4.642e-05,0.0
24538218.0,4995000000.0,5000000.0,5.0,0.0,0.1287,0.1287,0.1287,0.1287,0.063887,0.063887,0.051109,0.063887,0.063887,0.051109,0.051109,0.051109,0.0,0.0,0.0,0.0,0.001,0.0,0.0,0.0,4.642e-05,0.0,0.0,0.0,0.0,4.642e-05,0.001,0.0
24537056.0,4995000000.0,5000000.0,5.0,0.0,0.1287,0.1287,0.1287,0.1287,0.063887,0.063887,5.8431e-05,0.063887,0.063887,0.00055581,5.8431e-05,0.00055581,0.0,0.0,0.0,0.0,2.154e-10,0.0,0.0,0.0,4.642e-05,0.0,0.0,0.0,0.0,4.642e-05,2.154e-10,0.0
24536790.0,4995000000.0,5000000.0,5.0,0.0,0.1287,0.1287,0.1287,0.1287,0.063887,0.063887,6.1098e-06,0.063887,0.063887,0.0053473,6.1098e-06,0.0053473,0.0,0.0,0.0,0.0,4.642e-05,0.0,0.0,0.0,4.642e-05,0.0,0.0,0.0,0.0,4.642e-05,4.642e-05,0.0
24538164.0,4995000000.0,5000000.0,5.0,0.0,0.1287,0.1287,0.1287,0.1287,0.063887,0.063887,0.051109,0.063887,0.063887,0.0053473,0.051109,0.0053473,0.0,0.0,0.0,0.0,0.001,0.0,0.0,0.0,1e-11,0.0,0.0,0.0,0.0,1e-11,0.001,0.0
24536799.0,4995000000.0,5000000.0,5.0,0.0,0.1287,0.1287,0.1287,0.1287,0.063887,0.063887,6.1098e-06,0.063887,0.063887,0.051109,6.1098e-06,0.051109,0.0,0.0,0.0,0.0,1e-11,0.0,0.0,0.0,1e-11,0.0,0.0,0.0,0.0,1e-11,1e-11,0.0
24537725.0,4995000000.0,5000000.0,5.0,0.0,0.1287,0.1287,0.1287,0.1287,0.063887,0.063887,0.0053473,0.063887,0.063887,5.8431e-05,0.0053473,5.8431e-05,0.0,0.0,0.0,0.0,0.001,0.0,0.0,0.0,4.642e-09,0.0,0.0,0.0,0.0,4.642e-09,0.001,0.0
24537749.0,4995000000.0,5000000.0,5.0,0.0,0.1287,0.1287,0.1287,0.1287,0.063887,0.063887,0.0053473,0.063887,0.063887,0.00055581,0.0053473,0.00055581,0.0,0.0,0.0,0.0,4.642e-09,0.0,0.0,0.0,4.642e-05,0.0,0.0,0.0,0.0,4.642e-05,4.642e-09,0.0
24536516.0,4995000000.0,5000000.0,5.0,0.0,0.1287,0.1287,0.1287,0.1287,0.063887,0.063887,6.1098e-06,0.063887,0.063887,0.0,6.1098e-06,0.0,0.0,0.0,0.0,0.0,2.154e-10,0.0,0.0,0.0,2.154e-06,0.0,0.0,0.0,0.0,2.154e-06,2.154e-10,0.0
24536102.0,4995000000.0,5000000.0,5.0,0.0,0.1287,0.1287,0.1287,0.1287,0.063887,0.063887,0.0,0.063887,0.063887,0.0053473,0.0,0.0053473,0.0,0.0,0.0,0.0,4.642e-05,0.0,0.0,0.0,1e-07,0.0,0.0,0.0,0.0,1e-07,4.642e-05,0.0
24536780.0,4995000000.0,5000000.0,5.0,0.0,0.1287,0.1287,0.1287,0.1287,0.063887,0.063887,6.1098e-06,0.063887,0.063887,0.0053473,6.1098e-06,0.0053473,0.0,0.0,0.0,0.0,2.154e-06,0.0,0.0,0.0,4.642e-09,0.0,0.0,0.0,0.0,4.642e-09,2.154e-06,0.0
24537286.0,4995000000.0,5000000.0,5.0,0.0,0.1287,0.1287,0.1287,0.1287,0.063887,0.063887,0.00055581,0.063887,0.063887,6.3887e-07,0.00055581,6.3887e-07,0.0,0.0,0.0,0.0,0.001,0.0,0.0,0.0,2.154e-06,0.0,0.0,0.0,0.0,2.154e-06,0.001,0.0
24535914.0,4995000000.0,5000000.0,5.0,0.0,0.1287,0.1287,0.1287,0.1287,0.063887,0.063887,0.0,0.063887,0.063887,6.3887e-07,0.0,6.3887e-07,0.0,0.0,0.0,0.0,0.001,0.0,0.0,0.0,2.154e-06,0.0,0.0,0.0,0.0,2.154e-06,0.001,0.0
24537799.0,4995000000.0,5000000.0,5.0,0.0,0.1287,0.1287,0.1287,0.1287,0.063887,0.063887,0.0053473,0.063887,0.063887,0.0053473,0.0053473,0.0053473,0.0,0.0,0.0,0.0,4.642e-09,0.0,0.0,0.0,0.001,0.0,0.0,0.0,0.0,0.001,4.642e-09,0.0
24536967.0,4995000000.0,5000000.0,5.0,0.0,0.1287,0.1287,0.1287,0.1287,0.063887,0.063887,5.8431e-05,0.063887,0.063887,6.1098e-06,5.8431e-05,6.1098e-06,0.0,0.0,0.0,0.0,1e-07,0.0,0.0,0.0,1e-11,0.0,0.0,0.0,0.0,1e-11,1e-07,0.0
24537510.0,4995000000.0,5000000.0,5.0,0.0,0.1287,0.1287,0.1287,0.1287,0.063887,0.063887,0.00055581,0.063887,0.063887,0.051109,0.00055581,0.051109,0.0,0.0,0.0,0.0,1e-07,0.0,0.0,0.0,2.154e-06,0.0,0.0,0.0,0.0,2.154e-06,1e-07,0.0
24537327.0,4995000000.0,5000000.0,5.0,0.0,0.1287,0.1287,0.1287,0.1287,0.063887,0.063887,0.00055581,0.063887,0.063887,6.1098e-06,0.00055581,6.1098e-06,0.0,0.0,0.0,0.0,4.642e-05,0.0,0.0,0.0,1e-07,0.0,0.0,0.0,0.0,1e-07,4.642e-05,0.0
24536610.0,4995000000.0,5000000.0,5.0,0.0,0.1287,0.1287,0.1287,0.1287,0.063887,0.063887,6.1098e-06,0.063887,0.063887,6.1098e-06,6.1098e-06,6.1098e-06,0.0,0.0,0.0,0.0,2.154e-10,0.0,0.0,0.0,1e-11,0.0,0.0,0.0,0.0,1e-11,2.154e-10,0.0
24537192.0,4995000000.0,5000000.0,5.0,0.0,0.1287,0.1287,0.1287,0.1287,0.063887,0.063887,0.00055581,0.063887,0.063887,0.0,0.00055581,0.0,0.0,0.0,0.0,0.0,1e-11,0.0,0.0,0.0,2.154e-10,0.0,0.0,0.0,0.0,2.154e-10,1e-11,0.0
24537502.0,4995000000.0,5000000.0,5.0,0.0,0.1287,0.1287,0.1287,0.1287,0.063887,0.063887,0.00055581,0.063887,0.063887,0.051109,0.00055581,0.051109,0.0,0.0,0.0,0.0,4.642e-09,0.0,0.0,0.0,1e-07,0.0,0.0,0.0,0.0,1e-07,4.642e-09,0.0
24536639.0,4995000000.0,5000000.0,5.0,0.0,0.1287,0.1287,0.1287,0.1287,0.063887,0.063887,6.1098e-06,0.063887,0.063887,6.1098e-06,6.1098e-06,6.1098e-06,0.0,0.0,0.0,0.0,4.642e-05,0.0,0.0,0.0,2.154e-10,0.0,0.0,0.0,0.0,2.154e-10,4.642e-05,0.0
24536613.0,4995000000.0,5000000.0,5.0,0.0,0.1287,0.1287,0.1287,0.1287,0.063887,0.063887,6.1098e-06,0.063887,0.063887,6.1098e-06,6.1098e-06,6.1098e-06,0.0,0.0,0.0,0.0,2.154e-10,0.0,0.0,0.0,1e-07,0.0,0.0,0.0,0.0,1e-07,2.154e-10,0.0
24537024.0,4995000000.0,5000000.0,5.0,0.0,0.1287,0.1287,0.1287,0.1287,0.063887,0.063887,5.8431e-05,0.063887,0.063887,5.8431e-05,5.8431e-05,5.8431e-05,0.0,0.0,0.0,0.0,2.154e-06,0.0,0.0,0.0,2.154e-10,0.0,0.0,0.0,0.0,2.154e-10,2.154e-06,0.0
24537930.0,4995000000.0,5000000.0,5.0,0.0,0.1287,0.1287,0.1287,0.1287,0.063887,0.063887,0.051109,0.063887,0.063887,6.3887e-07,0.051109,6.3887e-07,0.0,0.0,0.0,0.0,1e-11,0.0,0.0,0.0,2.154e-06,0.0,0.0,0.0,0.0,2.154e-06,1e-11,0.0
24536106.0,4995000000.0,5000000.0,5.0,0.0,0.1287,0.1287,0.1287,0.1287,0.063887,0.063887,0.0,0.063887,0.063887,0.0053473,0.0,0.0053473,0.0,0.0,0.0,0.0,0.001,0.0,0.0,0.0,1e-11,0.0,0.0,0.0,0.0,1e-11,0.001,0.0
24537887.0,4995000000.0,5000000.0,5.0,0.0,0.1287,0.1287,0.1287,0.1287,0.063887,0.063887,0.051109,0.063887,0.063887,0.0,0.051109,0.0,0.0,0.0,0.0,0.0,2.154e-10,0.0,0.0,0.0,1e-07,0.0,0.0,0.0,0.0,1e-07,2.154e-10,0.0
24537495.0,4995000000.0,5000000.0,5.0,0.0,0.1287,0.1287,0.1287,0.1287,0.063887,0.063887,0.00055581,0.063887,0.063887,0.051109,0.00055581,0.051109,0.0,0.0,0.0,0.0,2.154e-10,0.0,0.0,0.0,1e-07,0.0,0.0,0.0,0.0,1e-07,2.154e-10,0.0
24537164.0,4995000000.0,5000000.0,5.0,0.0,0.1287,0.1287,0.1287,0.1287,0.063887,0.063887,5.8431e-05,0.063887,0.063887,0.051109,5.8431e-05,0.051109,0.0,0.0,0.0,0.0,1e-07,0.0,0.0,0.0,2.154e-10,0.0,0.0,0.0,0.0,2.154e-10,1e-07,0.0
24536599.0,4995000000.0,5000000.0,5.0,0.0,0.1287,0.1287,0.1287,0.1287,0.063887,0.063887,6.1098e-06,0.063887,0.063887,6.3887e-07,6.1098e-06,6.3887e-07,0.0,0.0,0.0,0.0,0.001,0.0,0.0,0.0,1e-07,0.0,0.0,0.0,0.0,1e-07,0.001,0.0
24537223.0,4995000000.0,5000000.0,5.0,0.0,0.1287,0.1287,0.1287,0.1287,0.063887,0.063887,0.00055581,0.063887,0.063887,0.0,0.00055581,0.0,0.0,0.0,0.0,0.0,2.154e-06,0.0,0.0,0.0,2.154e-06,0.0,0.0,0.0,0.0,2.154e-06,2.154e-06,0.0
24536526.0,4995000000.0,5000000.0,5.0,0.0,0.1287,0.1287,0.1287,0.1287,0.063887,0.063887,6.1098e-06,0.063887,0.063887,0.0,6.1098e-06,0.0,0.0,0.0,0.0,0.0,1e-07,0.0,0.0,0.0,1e-11,0.0,0.0,0.0,0.0,1e-11,1e-07,0.0
24537102.0,4995000000.0,5000000.0,5.0,0.0,0.1287,0.1287,0.1287,0.1287,0.063887,0.063887,5.8431e-05,0.063887,0.063887,0.0053473,5.8431e-05,0.0053473,0.0,0.0,0.0,0.0,2.154e-10,0.0,0.0,0.0,4.642e-09,0.0,0.0,0.0,0.0,4.642e-09,2.154e-10,0.0
24536728.0,4995000000.0,5000000.0,5.0,0.0,0.1287,0.1287,0.1287,0.1287,0.063887,0.063887,6.1098e-06,0.063887,0.063887,0.00055581,6.1098e-06,0.00055581,0.0,0.0,0.0,0.0,1e-07,0.0,0.0,0.0,0.001,0.0,0.0,0.0,0.0,0.001,1e-07,0.0
24537100.0,4995000000.0,5000000.0,5.0,0.0,0.1287,0.1287,0.1287,0.1287,0.063887,0.063887,5.8431e-05,0.063887,0.063887,0.0053473,5.8431e-05,0.0053473,0.0,0.0,0.0,0.0,2.154e-10,0.0,0.0,0.0,1e-11,0.0,0.0,0.0,0.0,1e-11,2.154e-10,0.0
24537505.0,4995000000.0,5000000.0,5.0,0.0,0.1287,0.1287,0.1287,0.1287,0.063887,0.063887,0.00055581,0.063887,0.063887,0.051109,0.00055581,0.051109,0.0,0.0,0.0,0.0,4.642e-09,0.0,0.0,0.0,0.001,0.0,0.0,0.0,0.0,0.001,4.642e-09,0.0
24537686.0,4995000000.0,5000000.0,5.0,0.0,0.1287,0.1287,0.1287,0.1287,0.063887,0.063887,0.0053473,0.063887,0.063887,5.8431e-05,0.0053473,5.8431e-05,0.0,0.0,0.0,0.0,1e-11,0.0,0.0,0.0,4.642e-05,0.0,0.0,0.0,0.0,4.642e-05,1e-11,0.0
24536165.0,4995000000.0,5000000.0,5.0,0.0,0.1287,0.1287,0.1287,0.1287,0.063887,0.063887,6.3887e-07,0.063887,0.063887,0.0,6.3887e-07,0.0,0.0,0.0,0.0,0.0,1e-11,0.0,0.0,0.0,1e-07,0.0,0.0,0.0,0.0,1e-07,1e-11,0.0
24537679.0,4995000000.0,5000000.0,5.0,0.0,0.1287,0.1287,0.1287,0.1287,0.063887,0.063887,0.0053473,0.063887,0.063887,6.1098e-06,0.0053473,6.1098e-06,0.0,0.0,0.0,0.0,0.001,0.0,0.0,0.0,4.642e-05,0.0,0.0,0.0,0.0,4.642e-05,0.001,0.0
24538183.0,4995000000.0,5000000.0,5.0,0.0,0.1287,0.1287,0.1287,0.1287,0.063887,0.063887,0.051109,0.063887,0.063887,0.051109,0.051109,0.051109,0.0,0.0,0.0,0.0,2.154e-10,0.0,0.0,0.0,4.642e-05,0.0,0.0,0.0,0.0,4.642e-05,2.154e-10,0.0
24535950.0,4995000000.0,5000000.0,5.0,0.0,0.1287,0.1287,0.1287,0.1287,0.063887,0.063887,0.0,0.063887,0.063887,6.1098e-06,0.0,6.1098e-06,0.0,0.0,0.0,0.0,2.154e-06,0.0,0.0,0.0,4.642e-05,0.0,0.0,0.0,0.0,4.642e-05,2.154e-06,0.0
24536475.0,4995000000.0,5000000.0,5.0,0.0,0.1287,0.1287,0.1287,0.1287,0.063887,0.063887,6.3887e-07,0.063887,0.063887,0.051109,6.3887e-07,0.051109,0.0,0.0,0.0,0.0,4.642e-09,0.0,0.0,0.0,4.642e-05,0.0,0.0,0.0,0.0,4.642e-05,4.642e-09,0.0
24538095.0,4995000000.0,5000000.0,5.0,0.0,0.1287,0.1287,0.1287,0.1287,0.063887,0.063887,0.051109,0.063887,0.063887,0.00055581,0.051109,0.00055581,0.0,0.0,0.0,0.0,1e-07,0.0,0.0,0.0,2.154e-10,0.0,0.0,0.0,0.0,2.154e-10,1e-07,0.0
24538046.0,4995000000.0,5000000.0,5.0,0.0,0.1287,0.1287,0.1287,0.1287,0.063887,0.063887,0.051109,0.063887,0.063887,5.8431e-05,0.051109,5.8431e-05,0.0,0.0,0.0,0.0,1e-07,0.0,0.0,0.0,2.154e-10,0.0,0.0,0.0,0.0,2.154e-10,1e-07,0.0
24535829.0,4995000000.0,5000000.0,5.0,0.0,0.1287,0.1287,0.1287,0.1287,0.063887,0.063887,0.0,0.063887,0.063887,0.0,0.0,0.0,0.0,0.0,0.0,0.0,2.154e-10,0.0,0.0,0.0,1e-07,0.0,0.0,0.0,0.0,1e-07,2.154e-10,0.0
24536738.0,4995000000.0,5000000.0,5.0,0.0,0.1287,0.1287,0.1287,0.1287,0.063887,0.063887,6.1098e-06,0.063887,0.063887,0.00055581,6.1098e-06,0.00055581,0.0,0.0,0.0,0.0,4.642e-05,0.0,0.0,0.0,4.642e-09,0.0,0.0,0.0,0.0,4.642e-09,4.642e-05,0.0
24537822.0,4995000000.0,5000000.0,5.0,0.0,0.1287,0.1287,0.1287,0.1287,0.063887,0.063887,0.0053473,0.063887,0.063887,0.0053473,0.0053473,0.0053473,0.0,0.0,0.0,0.0,0.001,0.0,0.0,0.0,2.154e-10,0.0,0.0,0.0,0.0,2.154e-10,0.001,0.0
24536881.0,4995000000.0,5000000.0,5.0,0.0,0.1287,0.1287,0.1287,0.1287,0.063887,0.063887,5.8431e-05,0.063887,0.063887,0.0,5.8431e-05,0.0,0.0,0.0,0.0,0.0,2.154e-06,0.0,0.0,0.0,4.642e-05,0.0,0.0,0.0,0.0,4.642e-05,2.154e-06,0.0
24537482.0,4995000000.0,5000000.0,5.0,0.0,0.1287,0.1287,0.1287,0.1287,0.063887,0.063887,0.00055581,0.063887,0.063887,0.0053473,0.00055581,0.0053473,0.0,0.0,0.0,0.0,0.001,0.0,0.0,0.0,2.154e-06,0.0,0.0,0.0,0.0,2.154e-06,0.001,0.0
24538077.0,4995000000.0,5000000.0,5.0,0.0,0.1287,0.1287,0.1287,0.1287,0.063887,0.063887,0.051109,0.063887,0.063887,0.00055581,0.051109,0.00055581,0.0,0.0,0.0,0.0,1e-11,0.0,0.0,0.0,2.154e-06,0.0,0.0,0.0,0.0,2.154e-06,1e-11,0.0
24535821.0,4995000000.0,5000000.0,5.0,0.0,0.1287,0.1287,0.1287,0.1287,0.063887,0.063887,0.0,0.063887,0.063887,0.0,0.0,0.0,0.0,0.0,0.0,0.0,1e-11,0.0,0.0,0.0,4.642e-09,0.0,0.0,0.0,0.0,4.642e-09,1e-11,0.0
24536998.0,4995000000.0,5000000.0,5.0,0.0,0.1287,0.1287,0.1287,0.1287,0.063887,0.063887,5.8431e-05,0.063887,0.063887,5.8431e-05,5.8431e-05,5.8431e-05,0.0,0.0,0.0,0.0,1e-11,0.0,0.0,0.0,1e-07,0.0,0.0,0.0,0.0,1e-07,1e-11,0.0
24536068.0,4995000000.0,5000000.0,5.0,0.0,0.1287,0.1287,0.1287,0.1287,0.063887,0.063887,0.0,0.063887,0.063887,0.0053473,0.0,0.0053473,0.0,0.0,0.0,0.0,1e-11,0.0,0.0,0.0,2.154e-06,0.0,0.0,0.0,0.0,2.154e-06,1e-11,0.0
24536865.0,4995000000.0,5000000.0,5.0,0.0,0.1287,0.1287,0.1287,0.1287,0.063887,0.063887,5.8431e-05,0.063887,0.063887,0.0,5.8431e-05,0.0,0.0,0.0,0.0,0.0,4.642e-09,0.0,0.0,0.0,1e-07,0.0,0.0,0.0,0.0,1e-07,4.642e-09,0.0
24535966.0,4995000000.0,5000000.0,5.0,0.0,0.1287,0.1287,0.1287,0.1287,0.063887,0.063887,0.0,0.063887,0.063887,5.8431e-05,0.0,5.8431e-05,0.0,0.0,0.0,0.0,1e-11,0.0,0.0,0.0,1e-11,0.0,0.0,0.0,0.0,1e-11,1e-11,0.0
24536113.0,4995000000.0,5000000.0,5.0,0.0,0.1287,0.1287,0.1287,0.1287,0.063887,0.063887,0.0,0.063887,0.063887,0.051109,0.0,0.051109,0.0,0.0,0.0,0.0,1e-11,0.0,0.0,0.0,1e-11,0.0,0.0,0.0,0.0,1e-11,1e-11,0.0
24535822.0,4995000000.0,5000000.0,5.0,0.0,0.1287,0.1287,0.1287,0.1287,0.063887,0.063887,0.0,0.063887,0.063887,0.0,0.0,0.0,0.0,0.0,0.0,0.0,1e-11,0.0,0.0,0.0,1e-07,0.0,0.0,0.0,0.0,1e-07,1e-11,0.0
24536182.0,4995000000.0,5000000.0,5.0,0.0,0.1287,0.1287,0.1287,0.1287,0.063887,0.063887,6.3887e-07,0.063887,0.063887,0.0,6.3887e-07,0.0,0.0,0.0,0.0,0.0,4.642e-09,0.0,0.0,0.0,0.001,0.0,0.0,0.0,0.0,0.001,4.642e-09,0.0
24536985.0,4995000000.0,5000000.0,5.0,0.0,0.1287,0.1287,0.1287,0.1287,0.063887,0.063887,5.8431e-05,0.063887,0.063887,6.1098e-06,5.8431e-05,6.1098e-06,0.0,0.0,0.0,0.0,4.642e-05,0.0,0.0,0.0,2.154e-06,0.0,0.0,0.0,0.0,2.154e-06,4.642e-05,0.0
24537336.0,4995000000.0,5000000.0,5.0,0.0,0.1287,0.1287,0.1287,0.1287,0.063887,0.063887,0.00055581,0.063887,0.063887,6.1098e-06,0.00055581,6.1098e-06,0.0,0.0,0.0,0.0,0.001,0.0,0.0,0.0,4.642e-05,0.0,0.0,0.0,0.0,4.642e-05,0.001,0.0
24536966.0,4995000000.0,5000000.0,5.0,0.0,0.1287,0.1287,0.1287,0.1287,0.063887,0.063887,5.8431e-05,0.063887,0.063887,6.1098e-06,5.8431e-05,6.1098e-06,0.0,0.0,0.0,0.0,4.642e-09,0.0,0.0,0.0,0.001,0.0,0.0,0.0,0.0,0.001,4.642e-09,0.0
24536699.0,4995000000.0,5000000.0,5.0,0.0,0.1287,0.1287,0.1287,0.1287,0.063887,0.063887,6.1098e-06,0.063887,0.063887,5.8431e-05,6.1098e-06,5.8431e-05,0.0,0.0,0.0,0.0,0.001,0.0,0.0,0.0,4.642e-05,0.0,0.0,0.0,0.0,4.642e-05,0.001,0.0
24536601.0,4995000000.0,5000000.0,5.0,0.0,0.1287,0.1287,0.1287,0.1287,0.063887,0.063887,6.1098e-06,0.063887,0.063887,6.3887e-07,6.1098e-06,6.3887e-07,0.0,0.0,0.0,0.0,0.001,0.0,0.0,0.0,4.642e-05,0.0,0.0,0.0,0.0,4.642e-05,0.001,0.0
24536266.0,4995000000.0,5000000.0,5.0,0.0,0.1287,0.1287,0.1287,0.1287,0.063887,0.063887,6.3887e-07,0.063887,0.063887,6.1098e-06,6.3887e-07,6.1098e-06,0.0,0.0,0.0,0.0,1e-11,0.0,0.0,0.0,0.001,0.0,0.0,0.0,0.0,0.001,1e-11,0.0
24535833.0,4995000000.0,5000000.0,5.0,0.0,0.1287,0.1287,0.1287,0.1287,0.063887,0.063887,0.0,0.063887,0.063887,0.0,0.0,0.0,0.0,0.0,0.0,0.0,4.642e-09,0.0,0.0,0.0,1e-11,0.0,0.0,0.0,0.0,1e-11,4.642e-09,0.0
24537706.0,4995000000.0,5000000.0,5.0,0.0,0.1287,0.1287,0.1287,0.1287,0.063887,0.063887,0.0053473,0.063887,0.063887,5.8431e-05,0.0053473,5.8431e-05,0.0,0.0,0.0,0.0,1e-07,0.0,0.0,0.0,2.154e-06,0.0,0.0,0.0,0.0,2.154e-06,1e-07,0.0
24536829.0,4995000000.0,5000000.0,5.0,0.0,0.1287,0.1287,0.1287,0.1287,0.063887,0.063887,6.1098e-06,0.063887,0.063887,0.051109,6.1098e-06,0.051109,0.0,0.0,0.0,0.0,2.154e-06,0.0,0.0,0.0,4.642e-09,0.0,0.0,0.0,0.0,4.642e-09,2.154e-06,0.0
24538011.0,4995000000.0,5000000.0,5.0,0.0,0.1287,0.1287,0.1287,0.1287,0.063887,0.063887,0.051109,0.063887,0.063887,6.1098e-06,0.051109,6.1098e-06,0.0,0.0,0.0,0.0,4.642e-05,0.0,0.0,0.0,2.154e-10,0.0,0.0,0.0,0.0,2.154e-10,4.642e-05,0.0
24537854.0,4995000000.0,5000000.0,5.0,0.0,0.1287,0.1287,0.1287,0.1287,0.063887,0.063887,0.0053473,0.063887,0.063887,0.051109,0.0053473,0.051109,0.0,0.0,0.0,0.0,1e-07,0.0,0.0,0.0,4.642e-05,0.0,0.0,0.0,0.0,4.642e-05,1e-07,0.0
24537818.0,4995000000.0,5000000.0,5.0,0.0,0.1287,0.1287,0.1287,0.1287,0.063887,0.063887,0.0053473,0.063887,0.063887,0.0053473,0.0053473,0.0053473,0.0,0.0,0.0,0.0,4.642e-05,0.0,0.0,0.0,2.154e-06,0.0,0.0,0.0,0.0,2.154e-06,4.642e-05,0.0
24535901.0,4995000000.0,5000000.0,5.0,0.0,0.1287,0.1287,0.1287,0.1287,0.063887,0.063887,0.0,0.063887,0.063887,6.3887e-07,0.0,6.3887e-07,0.0,0.0,0.0,0.0,2.154e-06,0.0,0.0,0.0,4.642e-05,0.0,0.0,0.0,0.0,4.642e-05,2.154e-06,0.0
24536454.0,4995000000.0,5000000.0,5.0,0.0,0.1287,0.1287,0.1287,0.1287,0.063887,0.063887,6.3887e-07,0.063887,0.063887,0.0053473,6.3887e-07,0.0053473,0.0,0.0,0.0,0.0,0.001,0.0,0.0,0.0,4.642e-05,0.0,0.0,0.0,0.0,4.642e-05,0.001,0.0
24537341.0,4995000000.0,5000000.0,5.0,0.0,0.1287,0.1287,0.1287,0.1287,0.063887,0.063887,0.00055581,0.063887,0.063887,5.8431e-05,0.00055581,5.8431e-05,0.0,0.0,0.0,0.0,1e-11,0.0,0.0,0.0,1e-07,0.0,0.0,0.0,0.0,1e-07,1e-11,0.0
24536394.0,4995000000.0,5000000.0,5.0,0.0,0.1287,0.1287,0.1287,0.1287,0.063887,0.063887,6.3887e-07,0.063887,0.063887,0.00055581,6.3887e-07,0.00055581,0.0,0.0,0.0,0.0,4.642e-05,0.0,0.0,0.0,2.154e-10,0.0,0.0,0.0,0.0,2.154e-10,4.642e-05,0.0
24536901.0,4995000000.0,5000000.0,5.0,0.0,0.1287,0.1287,0.1287,0.1287,0.063887,0.063887,5.8431e-05,0.063887,0.063887,6.3887e-07,5.8431e-05,6.3887e-07,0.0,0.0,0.0,0.0,1e-11,0.0,0.0,0.0,2.154e-06,0.0,0.0,0.0,0.0,2.154e-06,1e-11,0.0
24537322.0,4995000000.0,5000000.0,5.0,0.0,0.1287,0.1287,0.1287,0.1287,0.063887,0.063887,0.00055581,0.063887,0.063887,6.1098e-06,0.00055581,6.1098e-06,0.0,0.0,0.0,0.0,2.154e-06,0.0,0.0,0.0,4.642e-05,0.0,0.0,0.0,0.0,4.642e-05,2.154e-06,0.0
24536563.0,4995000000.0,5000000.0,5.0,0.0,0.1287,0.1287,0.1287,0.1287,0.063887,0.063887,6.1098e-06,0.063887,0.063887,6.3887e-07,6.1098e-06,6.3887e-07,0.0,0.0,0.0,0.0,2.154e-10,0.0,0.0,0.0,4.642e-09,0.0,0.0,0.0,0.0,4.642e-09,2.154e-10,0.0
24537581.0,4995000000.0,5000000.0,5.0,0.0,0.1287,0.1287,0.1287,0.1287,0.063887,0.063887,0.0053473,0.063887,0.063887,0.0,0.0053473,0.0,0.0,0.0,0.0,0.0,0.001,0.0,0.0,0.0,4.642e-05,0.0,0.0,0.0,0.0,4.642e-05,0.001,0.0
24538151.0,4995000000.0,5000000.0,5.0,0.0,0.1287,0.1287,0.1287,0.1287,0.063887,0.063887,0.051109,0.063887,0.063887,0.0053473,0.051109,0.0053473,0.0,0.0,0.0,0.0,2.154e-06,0.0,0.0,0.0,2.154e-10,0.0,0.0,0.0,0.0,2.154e-10,2.154e-06,0.0
24536491.0,4995000000.0,5000000.0,5.0,0.0,0.1287,0.1287,0.1287,0.1287,0.063887,0.063887,6.3887e-07,0.063887,0.063887,0.051109,6.3887e-07,0.051109,0.0,0.0,0.0,0.0,4.642e-05,0.0,0.0,0.0,1e-11,0.0,0.0,0.0,0.0,1e-11,4.642e-05,0.0
24536248.0,4995000000.0,5000000.0,5.0,0.0,0.1287,0.1287,0.1287,0.1287,0.063887,0.063887,6.3887e-07,0.063887,0.063887,6.3887e-07,6.3887e-07,6.3887e-07,0.0,0.0,0.0,0.0,4.642e-05,0.0,0.0,0.0,4.642e-09,0.0,0.0,0.0,0.0,4.642e-09,4.642e-05,0.0
24536457.0,4995000000.0,5000000.0,5.0,0.0,0.1287,0.1287,0.1287,0.1287,0.063887,0.063887,6.3887e-07,0.063887,0.063887,0.051109,6.3887e-07,0.051109,0.0,0.0,0.0,0.0,1e-11,0.0,0.0,0.0,2.154e-10,0.0,0.0,0.0,0.0,2.154e-10,1e-11,0.0
24536191.0,4995000000.0,5000000.0,5.0,0.0,0.1287,0.1287,0.1287,0.1287,0.063887,0.063887,6.3887e-07,0.063887,0.063887,0.0,6.3887e-07,0.0,0.0,0.0,0.0,0.0,2.154e-06,0.0,0.0,0.0,2.154e-10,0.0,0.0,0.0,0.0,2.154e-10,2.154e-06,0.0
24536274.0,4995000000.0,5000000.0,5.0,0.0,0.1287,0.1287,0.1287,0.1287,0.063887,0.063887,6.3887e-07,0.063887,0.063887,6.1098e-06,6.3887e-07,6.1098e-06,0.0,0.0,0.0,0.0,4.642e-09,0.0,0.0,0.0,1e-11,0.0,0.0,0.0,0.0,1e-11,4.642e-09,0.0
24537272.0,4995000000.0,5000000.0,5.0,0.0,0.1287,0.1287,0.1287,0.1287,0.063887,0.063887,0.00055581,0.063887,0.063887,6.3887e-07,0.00055581,6.3887e-07,0.0,0.0,0.0,0.0,2.154e-06,0.0,0.0,0.0,2.154e-06,0.0,0.0,0.0,0.0,2.154e-06,2.154e-06,0.0
24536850.0,4995000000.0,5000000.0,5.0,0.0,0.1287,0.1287,0.1287,0.1287,0.063887,0.063887,5.8431e-05,0.063887,0.063887,0.0,5.8431e-05,0.0,0.0,0.0,0.0,0.0,1e-11,0.0,0.0,0.0,4.642e-09,0.0,0.0,0.0,0.0,4.642e-09,1e-11,0.0
24536382.0,4995000000.0,5000000.0,5.0,0.0,0.1287,0.1287,0.1287,0.1287,0.063887,0.063887,6.3887e-07,0.063887,0.063887,0.00055581,6.3887e-07,0.00055581,0.0,0.0,0.0,0.0,1e-07,0.0,0.0,0.0,1e-07,0.0,0.0,0.0,0.0,1e-07,1e-07,0.0
24537827.0,4995000000.0,5000000.0,5.0,0.0,0.1287,0.1287,0.1287,0.1287,0.063887,0.063887,0.0053473,0.063887,0.063887,0.0053473,0.0053473,0.0053473,0.0,0.0,0.0,0.0,0.001,0.0,0.0,0.0,0.001,0.0,0.0,0.0,0.0,0.001,0.001,0.0
24536531.0,4995000000.0,5000000.0,5.0,0.0,0.1287,0.1287,0.1287,0.1287,0.063887,0.063887,6.1098e-06,0.063887,0.063887,0.0,6.1098e-06,0.0,0.0,0.0,0.0,0.0,1e-07,0.0,0.0,0.0,4.642e-05,0.0,0.0,0.0,0.0,4.642e-05,1e-07,0.0
24538165.0,4995000000.0,5000000.0,5.0,0.0,0.1287,0.1287,0.1287,0.1287,0.063887,0.063887,0.051109,0.063887,0.063887,0.0053473,0.051109,0.0053473,0.0,0.0,0.0,0.0,0.001,0.0,0.0,0.0,2.154e-10,0.0,0.0,0.0,0.0,2.154e-10,0.001,0.0
24537722.0,4995000000.0,5000000.0,5.0,0.0,0.1287,0.1287,0.1287,0.1287,0.063887,0.063887,0.0053473,0.063887,0.063887,5.8431e-05,0.0053473,5.8431e-05,0.0,0.0,0.0,0.0,4.642e-05,0.0,0.0,0.0,0.001,0.0,0.0,0.0,0.0,0.001,4.642e-05,0.0
24537209.0,4995000000.0,5000000.0,5.0,0.0,0.1287,0.1287,0.1287,0.1287,0.063887,0.063887,0.00055581,0.063887,0.063887,0.0,0.00055581,0.0,0.0,0.0,0.0,0.0,4.642e-09,0.0,0.0,0.0,2.154e-06,0.0,0.0,0.0,0.0,2.154e-06,4.642e-09,0.0
24536657.0,4995000000.0,5000000.0,5.0,0.0,0.1287,0.1287,0.1287,0.1287,0.063887,0.063887,6.1098e-06,0.063887,0.063887,5.8431e-05,6.1098e-06,5.8431e-05,0.0,0.0,0.0,0.0,1e-11,0.0,0.0,0.0,4.642e-05,0.0,0.0,0.0,0.0,4.642e-05,1e-11,0.0
24537354.0,4995000000.0,5000000.0,5.0,0.0,0.1287,0.1287,0.1287,0.1287,0.063887,0.063887,0.00055581,0.063887,0.063887,5.8431e-05,0.00055581,5.8431e-05,0.0,0.0,0.0,0.0,4.642e-09,0.0,0.0,0.0,4.642e-09,0.0,0.0,0.0,0.0,4.642e-09,4.642e-09,0.0
24538135.0,4995000000.0,5000000.0,5.0,0.0,0.1287,0.1287,0.1287,0.1287,0.063887,0.063887,0.051109,0.063887,0.063887,0.0053473,0.051109,0.0053473,0.0,0.0,0.0,0.0,2.154e-10,0.0,0.0,0.0,0.001,0.0,0.0,0.0,0.0,0.001,2.154e-10,0.0
24538004.0,4995000000.0,5000000.0,5.0,0.0,0.1287,0.1287,0.1287,0.1287,0.063887,0.063887,0.051109,0.063887,0.063887,6.1098e-06,0.051109,6.1098e-06,0.0,0.0,0.0,0.0,2.154e-06,0.0,0.0,0.0,2.154e-10,0.0,0.0,0.0,0.0,2.154e-10,2.154e-06,0.0
24536520.0,4995000000.0,5000000.0,5.0,0.0,0.1287,0.1287,0.1287,0.1287,0.063887,0.063887,6.1098e-06,0.063887,0.063887,0.0,6.1098e-06,0.0,0.0,0.0,0.0,0.0,4.642e-09,0.0,0.0,0.0,2.154e-10,0.0,0.0,0.0,0.0,2.154e-10,4.642e-09,0.0
24537629.0,4995000000.0,5000000.0,5.0,0.0,0.1287,0.1287,0.1287,0.1287,0.063887,0.063887,0.0053473,0.063887,0.063887,6.3887e-07,0.0053473,6.3887e-07,0.0,0.0,0.0,0.0,0.001,0.0,0.0,0.0,2.154e-06,0.0,0.0,0.0,0.0,2.154e-06,0.001,0.0
24537645.0,4995000000.0,5000000.0,5.0,0.0,0.1287,0.1287,0.1287,0.1287,0.063887,0.063887,0.0053473,0.063887,0.063887,6.1098e-06,0.0053473,6.1098e-06,0.0,0.0,0.0,0.0,2.154e-10,0.0,0.0,0.0,0.001,0.0,0.0,0.0,0.0,0.001,2.154e-10,0.0
24535834.0,4995000000.0,5000000.0,5.0,0.0,0.1287,0.1287,0.1287,0.1287,0.063887,0.063887,0.0,0.063887,0.063887,0.0,0.0,0.0,0.0,0.0,0.0,0.0,4.642e-09,0.0,0.0,0.0,2.154e-10,0.0,0.0,0.0,0.0,2.154e-10,4.642e-09,0.0
24536906.0,4995000000.0,5000000.0,5.0,0.0,0.1287,0.1287,0.1287,0.1287,0.063887,0.063887,5.8431e-05,0.063887,0.063887,6.3887e-07,5.8431e-05,6.3887e-07,0.0,0.0,0.0,0.0,2.154e-10,0.0,0.0,0.0,4.642e-09,0.0,0.0,0.0,0.0,4.642e-09,2.154e-10,0.0
24537682.0,4995000000.0,5000000.0,5.0,0.0,0.1287,0.1287,0.1287,0.1287,0.063887,0.063887,0.0053473,0.063887,0.063887,5.8431e-05,0.0053473,5.8431e-05,0.0,0.0,0.0,0.0,1e-11,0.0,0.0,0.0,2.154e-10,0.0,0.0,0.0,0.0,2.154e-10,1e-11,0.0
24536542.0,4995000000.0,5000000.0,5.0,0.0,0.1287,0.1287,0.1287,0.1287,0.063887,0.063887,6.1098e-06,0.063887,0.063887,0.0,6.1098e-06,0.0,0.0,0.0,0.0,0.0,4.642e-05,0.0,0.0,0.0,4.642e-09,0.0,0.0,0.0,0.0,4.642e-09,4.642e-05,0.0
24538166.0,4995000000.0,5000000.0,5.0,0.0,0.1287,0.1287,0.1287,0.1287,0.063887,0.063887,0.051109,0.063887,0.063887,0.0053473,0.051109,0.0053473,0.0,0.0,0.0,0.0,0.001,0.0,0.0,0.0,4.642e-09,0.0,0.0,0.0,0.0,4.642e-09,0.001,0.0
24536872.0,4995000000.0,5000000.0,5.0,0.0,0.1287,0.1287,0.1287,0.1287,0.063887,0.063887,5.8431e-05,0.063887,0.063887,0.0,5.8431e-05,0.0,0.0,0.0,0.0,0.0,1e-07,0.0,0.0,0.0,1e-07,0.0,0.0,0.0,0.0,1e-07,1e-07,0.0
24537620.0,4995000000.0,5000000.0,5.0,0.0,0.1287,0.1287,0.1287,0.1287,0.063887,0.063887,0.0053473,0.063887,0.063887,6.3887e-07,0.0053473,6.3887e-07,0.0,0.0,0.0,0.0,4.642e-05,0.0,0.0,0.0,4.642e-09,0.0,0.0,0.0,0.0,4.642e-09,4.642e-05,0.0
24536502.0,4995000000.0,5000000.0,5.0,0.0,0.1287,0.1287,0.1287,0.1287,0.063887,0.063887,6.3887e-07,0.063887,0.063887,0.051109,6.3887e-07,0.051109,0.0,0.0,0.0,0.0,0.001,0.0,0.0,0.0,2.154e-06,0.0,0.0,0.0,0.0,2.154e-06,0.001,0.0
24536407.0,4995000000.0,5000000.0,5.0,0.0,0.1287,0.1287,0.1287,0.1287,0.063887,0.063887,6.3887e-07,0.063887,0.063887,0.0053473,6.3887e-07,0.0053473,0.0,0.0,0.0,0.0,1e-11,0.0,0.0,0.0,1e-11,0.0,0.0,0.0,0.0,1e-11,1e-11,0.0
24537743.0,4995000000.0,5000000.0,5.0,0.0,0.1287,0.1287,0.1287,0.1287,0.063887,0.063887,0.0053473,0.063887,0.063887,0.00055581,0.0053473,0.00055581,0.0,0.0,0.0,0.0,2.154e-10,0.0,0.0,0.0,0.001,0.0,0.0,0.0,0.0,0.001,2.154e-10,0.0
24536046.0,4995000000.0,5000000.0,5.0,0.0,0.1287,0.1287,0.1287,0.1287,0.063887,0.063887,0.0,0.063887,0.063887,0.00055581,0.0,0.00055581,0.0,0.0,0.0,0.0,2.154e-06,0.0,0.0,0.0,1e-07,0.0,0.0,0.0,0.0,1e-07,2.154e-06,0.0
24536849.0,4995000000.0,5000000.0,5.0,0.0,0.1287,0.1287,0.1287,0.1287,0.063887,0.063887,5.8431e-05,0.063887,0.063887,0.0,5.8431e-05,0.0,0.0,0.0,0.0,0.0,1e-11,0.0,0.0,0.0,2.154e-10,0.0,0.0,0.0,0.0,2.154e-10,1e-11,0.0
24537004.0,4995000000.0,5000000.0,5.0,0.0,0.1287,0.1287,0.1287,0.1287,0.063887,0.063887,5.8431e-05,0.063887,0.063887,5.8431e-05,5.8431e-05,5.8431e-05,0.0,0.0,0.0,0.0,2.154e-10,0.0,0.0,0.0,4.642e-09,0.0,0.0,0.0,0.0,4.642e-09,2.154e-10,0.0
24538027.0,4995000000.0,5000000.0,5.0,0.0,0.1287,0.1287,0.1287,0.1287,0.063887,0.063887,0.051109,0.063887,0.063887,5.8431e-05,0.051109,5.8431e-05,0.0,0.0,0.0,0.0,1e-11,0.0,0.0,0.0,1e-07,0.0,0.0,0.0,0.0,1e-07,1e-11,0.0
24536862.0,4995000000.0,5000000.0,5.0,0.0,0.1287,0.1287,0.1287,0.1287,0.063887,0.063887,5.8431e-05,0.063887,0.063887,0.0,5.8431e-05,0.0,0.0,0.0,0.0,0.0,4.642e-09,0.0,0.0,0.0,1e-11,0.0,0.0,0.0,0.0,1e-11,4.642e-09,0.0
24536350.0,4995000000.0,5000000.0,5.0,0.0,0.1287,0.1287,0.1287,0.1287,0.063887,0.063887,6.3887e-07,0.063887,0.063887,5.8431e-05,6.3887e-07,5.8431e-05,0.0,0.0,0.0,0.0,4.642e-05,0.0,0.0,0.0,0.001,0.0,0.0,0.0,0.0,0.001,4.642e-05,0.0
24536082.0,4995000000.0,5000000.0,5.0,0.0,0.1287,0.1287,0.1287,0.1287,0.063887,0.063887,0.0,0.063887,0.063887,0.0053473,0.0,0.0053473,0.0,0.0,0.0,0.0,4.642e-09,0.0,0.0,0.0,2.154e-06,0.0,0.0,0.0,0.0,2.154e-06,4.642e-09,0.0
24536444.0,4995000000.0,5000000.0,5.0,0.0,0.1287,0.1287,0.1287,0.1287,0.063887,0.063887,6.3887e-07,0.063887,0.063887,0.0053473,6.3887e-07,0.0053473,0.0,0.0,0.0,0.0,4.642e-05,0.0,0.0,0.0,4.642e-09,0.0,0.0,0.0,0.0,4.642e-09,4.642e-05,0.0
24536247.0,4995000000.0,5000000.0,5.0,0.0,0.1287,0.1287,0.1287,0.1287,0.063887,0.063887,6.3887e-07,0.063887,0.063887,6.3887e-07,6.3887e-07,6.3887e-07,0.0,0.0,0.0,0.0,4.642e-05,0.0,0.0,0.0,2.154e-10,0.0,0.0,0.0,0.0,2.154e-10,4.642e-05,0.0
24536924.0,4995000000.0,5000000.0,5.0,0.0,0.1287,0.1287,0.1287,0.1287,0.063887,0.063887,5.8431e-05,0.063887,0.063887,6.3887e-07,5.8431e-05,6.3887e-07,0.0,0.0,0.0,0.0,1e-07,0.0,0.0,0.0,0.001,0.0,0.0,0.0,0.0,0.001,1e-07,0.0
24536934.0,4995000000.0,5000000.0,5.0,0.0,0.1287,0.1287,0.1287,0.1287,0.063887,0.063887,5.8431e-05,0.063887,0.063887,6.3887e-07,5.8431e-05,6.3887e-07,0.0,0.0,0.0,0.0,4.642e-05,0.0,0.0,0.0,4.642e-09,0.0,0.0,0.0,0.0,4.642e-09,4.642e-05,0.0
24537945.0,4995000000.0,5000000.0,5.0,0.0,0.1287,0.1287,0.1287,0.1287,0.063887,0.063887,0.051109,0.063887,0.063887,6.3887e-07,0.051109,6.3887e-07,0.0,0.0,0.0,0.0,4.642e-09,0.0,0.0,0.0,4.642e-05,0.0,0.0,0.0,0.0,4.642e-05,4.642e-09,0.0
24537781.0,4995000000.0,5000000.0,5.0,0.0,0.1287,0.1287,0.1287,0.1287,0.063887,0.063887,0.0053473,0.063887,0.063887,0.0053473,0.0053473,0.0053473,0.0,0.0,0.0,0.0,1e-11,0.0,0.0,0.0,4.642e-09,0.0,0.0,0.0,0.0,4.642e-09,1e-11,0.0
24536275.0,4995000000.0,5000000.0,5.0,0.0,0.1287,0.1287,0.1287,0.1287,0.063887,0.063887,6.3887e-07,0.063887,0.063887,6.1098e-06,6.3887e-07,6.1098e-06,0.0,0.0,0.0,0.0,4.642e-09,0.0,0.0,0.0,2.154e-10,0.0,0.0,0.0,0.0,2.154e-10,4.642e-09,0.0
24538125.0,4995000000.0,5000000.0,5.0,0.0,0.1287,0.1287,0.1287,0.1287,0.063887,0.063887,0.051109,0.063887,0.063887,0.0053473,0.051109,0.0053473,0.0,0.0,0.0,0.0,1e-11,0.0,0.0,0.0,1e-07,0.0,0.0,0.0,0.0,1e-07,1e-11,0.0
24537590.0,4995000000.0,5000000.0,5.0,0.0,0.1287,0.1287,0.1287,0.1287,0.063887,0.063887,0.0053473,0.063887,0.063887,6.3887e-07,0.0053473,6.3887e-07,0.0,0.0,0.0,0.0,2.154e-10,0.0,0.0,0.0,1e-11,0.0,0.0,0.0,0.0,1e-11,2.154e-10,0.0
24535861.0,4995000000.0,5000000.0,5.0,0.0,0.1287,0.1287,0.1287,0.1287,0.063887,0.063887,0.0,0.063887,0.063887,0.0,0.0,0.0,0.0,0.0,0.0,0.0,0.001,0.0,0.0,0.0,1e-11,0.0,0.0,0.0,0.0,1e-11,0.001,0.0
24536249.0,4995000000.0,5000000.0,5.0,0.0,0.1287,0.1287,0.1287,0.1287,0.063887,0.063887,6.3887e-07,0.063887,0.063887,6.3887e-07,6.3887e-07,6.3887e-07,0.0,0.0,0.0,0.0,4.642e-05,0.0,0.0,0.0,1e-07,0.0,0.0,0.0,0.0,1e-07,4.642e-05,0.0
24537779.0,4995000000.0,5000000.0,5.0,0.0,0.1287,0.1287,0.1287,0.1287,0.063887,0.063887,0.0053473,0.063887,0.063887,0.0053473,0.0053473,0.0053473,0.0,0.0,0.0,0.0,1e-11,0.0,0.0,0.0,1e-11,0.0,0.0,0.0,0.0,1e-11,1e-11,0.0
24535824.0,4995000000.0,5000000.0,5.0,0.0,0.1287,0.1287,0.1287,0.1287,0.063887,0.063887,0.0,0.063887,0.063887,0.0,0.0,0.0,0.0,0.0,0.0,0.0,1e-11,0.0,0.0,0.0,4.642e-05,0.0,0.0,0.0,0.0,4.642e-05,1e-11,0.0
24538188.0,4995000000.0,5000000.0,5.0,0.0,0.1287,0.1287,0.1287,0.1287,0.063887,0.063887,0.051109,0.063887,0.063887,0.051109,0.051109,0.051109,0.0,0.0,0.0,0.0,4.642e-09,0.0,0.0,0.0,1e-07,0.0,0.0,0.0,0.0,1e-07,4.642e-09,0.0
24537138.0,4995000000.0,5000000.0,5.0,0.0,0.1287,0.1287,0.1287,0.1287,0.063887,0.063887,5.8431e-05,0.063887,0.063887,0.0053473,5.8431e-05,0.0053473,0.0,0.0,0.0,0.0,0.001,0.0,0.0,0.0,1e-07,0.0,0.0,0.0,0.0,1e-07,0.001,0.0
24537911.0,4995000000.0,5000000.0,5.0,0.0,0.1287,0.1287,0.1287,0.1287,0.063887,0.063887,0.051109,0.063887,0.063887,0.0,0.051109,0.0,0.0,0.0,0.0,0.0,2.154e-06,0.0,0.0,0.0,0.001,0.0,0.0,0.0,0.0,0.001,2.154e-06,0.0
24538200.0,4995000000.0,5000000.0,5.0,0.0,0.1287,0.1287,0.1287,0.1287,0.063887,0.063887,0.051109,0.063887,0.063887,0.051109,0.051109,0.051109,0.0,0.0,0.0,0.0,2.154e-06,0.0,0.0,0.0,2.154e-10,0.0,0.0,0.0,0.0,2.154e-10,2.154e-06,0.0
24537111.0,4995000000.0,5000000.0,5.0,0.0,0.1287,0.1287,0.1287,0.1287,0.063887,0.063887,5.8431e-05,0.063887,0.063887,0.0053473,5.8431e-05,0.0053473,0.0,0.0,0.0,0.0,4.642e-09,0.0,0.0,0.0,2.154e-06,0.0,0.0,0.0,0.0,2.154e-06,4.642e-09,0.0
24536314.0,4995000000.0,5000000.0,5.0,0.0,0.1287,0.1287,0.1287,0.1287,0.063887,0.063887,6.3887e-07,0.063887,0.063887,5.8431e-05,6.3887e-07,5.8431e-05,0.0,0.0,0.0,0.0,1e-11,0.0,0.0,0.0,4.642e-05,0.0,0.0,0.0,0.0,4.642e-05,1e-11,0.0
24538158.0,4995000000.0,5000000.0,5.0,0.0,0.1287,0.1287,0.1287,0.1287,0.063887,0.063887,0.051109,0.063887,0.063887,0.0053473,0.051109,0.0053473,0.0,0.0,0.0,0.0,4.642e-05,0.0,0.0,0.0,2.154e-10,0.0,0.0,0.0,0.0,2.154e-10,4.642e-05,0.0
24536099.0,4995000000.0,5000000.0,5.0,0.0,0.1287,0.1287,0.1287,0.1287,0.063887,0.063887,0.0,0.063887,0.063887,0.0053473,0.0,0.0053473,0.0,0.0,0.0,0.0,4.642e-05,0.0,0.0,0.0,1e-11,0.0,0.0,0.0,0.0,1e-11,4.642e-05,0.0
24537983.0,4995000000.0,5000000.0,5.0,0.0,0.1287,0.1287,0.1287,0.1287,0.063887,0.063887,0.051109,0.063887,0.063887,6.1098e-06,0.051109,6.1098e-06,0.0,0.0,0.0,0.0,2.154e-10,0.0,0.0,0.0,2.154e-10,0.0,0.0,0.0,0.0,2.154e-10,2.154e-10,0.0
24536049.0,4995000000.0,5000000.0,5.0,0.0,0.1287,0.1287,0.1287,0.1287,0.063887,0.063887,0.0,0.063887,0.063887,0.00055581,0.0,0.00055581,0.0,0.0,0.0,0.0,2.154e-06,0.0,0.0,0.0,0.001,0.0,0.0,0.0,0.0,0.001,2.154e-06,0.0
24537562.0,4995000000.0,5000000.0,5.0,0.0,0.1287,0.1287,0.1287,0.1287,0.063887,0.063887,0.0053473,0.063887,0.063887,0.0,0.0053473,0.0,0.0,0.0,0.0,0.0,2.154e-06,0.0,0.0,0.0,1e-11,0.0,0.0,0.0,0.0,1e-11,2.154e-06,0.0
24538181.0,4995000000.0,5000000.0,5.0,0.0,0.1287,0.1287,0.1287,0.1287,0.063887,0.063887,0.051109,0.063887,0.063887,0.051109,0.051109,0.051109,0.0,0.0,0.0,0.0,2.154e-10,0.0,0.0,0.0,1e-07,0.0,0.0,0.0,0.0,1e-07,2.154e-10,0.0
24537859.0,4995000000.0,5000000.0,5.0,0.0,0.1287,0.1287,0.1287,0.1287,0.063887,0.063887,0.0053473,0.063887,0.063887,0.051109,0.0053473,0.051109,0.0,0.0,0.0,0.0,2.154e-06,0.0,0.0,0.0,1e-07,0.0,0.0,0.0,0.0,1e-07,2.154e-06,0.0
24536325.0,4995000000.0,5000000.0,5.0,0.0,0.1287,0.1287,0.1287,0.1287,0.063887,0.063887,6.3887e-07,0.063887,0.063887,5.8431e-05,6.3887e-07,5.8431e-05,0.0,0.0,0.0,0.0,4.642e-09,0.0,0.0,0.0,4.642e-09,0.0,0.0,0.0,0.0,4.642e-09,4.642e-09,0.0
24537549.0,4995000000.0,5000000.0,5.0,0.0,0.1287,0.1287,0.1287,0.1287,0.063887,0.063887,0.0053473,0.063887,0.063887,0.0,0.0053473,0.0,0.0,0.0,0.0,0.0,4.642e-09,0.0,0.0,0.0,2.154e-10,0.0,0.0,0.0,0.0,2.154e-10,4.642e-09,0.0
24537719.0,4995000000.0,5000000.0,5.0,0.0,0.1287,0.1287,0.1287,0.1287,0.063887,0.063887,0.0053473,0.063887,0.063887,5.8431e-05,0.0053473,5.8431e-05,0.0,0.0,0.0,0.0,4.642e-05,0.0,0.0,0.0,1e-07,0.0,0.0,0.0,0.0,1e-07,4.642e-05,0.0
24536994.0,4995000000.0,5000000.0,5.0,0.0,0.1287,0.1287,0.1287,0.1287,0.063887,0.063887,5.8431e-05,0.063887,0.063887,6.1098e-06,5.8431e-05,6.1098e-06,0.0,0.0,0.0,0.0,0.001,0.0,0.0,0.0,0.001,0.0,0.0,0.0,0.0,0.001,0.001,0.0
24536931.0,4995000000.0,5000000.0,5.0,0.0,0.1287,0.1287,0.1287,0.1287,0.063887,0.063887,5.8431e-05,0.063887,0.063887,6.3887e-07,5.8431e-05,6.3887e-07,0.0,0.0,0.0,0.0,2.154e-06,0.0,0.0,0.0,0.001,0.0,0.0,0.0,0.0,0.001,2.154e-06,0.0
24536666.0,4995000000.0,5000000.0,5.0,0.0,0.1287,0.1287,0.1287,0.1287,0.063887,0.063887,6.1098e-06,0.063887,0.063887,5.8431e-05,6.1098e-06,5.8431e-05,0.0,0.0,0.0,0.0,4.642e-09,0.0,0.0,0.0,1e-11,0.0,0.0,0.0,0.0,1e-11,4.642e-09,0.0
24537816.0,4995000000.0,5000000.0,5.0,0.0,0.1287,0.1287,0.1287,0.1287,0.063887,0.063887,0.0053473,0.063887,0.063887,0.0053473,0.0053473,0.0053473,0.0,0.0,0.0,0.0,4.642e-05,0.0,0.0,0.0,4.642e-09,0.0,0.0,0.0,0.0,4.642e-09,4.642e-05,0.0
24537109.0,4995000000.0,5000000.0,5.0,0.0,0.1287,0.1287,0.1287,0.1287,0.063887,0.063887,5.8431e-05,0.063887,0.063887,0.0053473,5.8431e-05,0.0053473,0.0,0.0,0.0,0.0,4.642e-09,0.0,0.0,0.0,4.642e-09,0.0,0.0,0.0,0.0,4.642e-09,4.642e-09,0.0
24536065.0,4995000000.0,5000000.0,5.0,0.0,0.1287,0.1287,0.1287,0.1287,0.063887,0.063887,0.0,0.063887,0.063887,0.0053473,0.0,0.0053473,0.0,0.0,0.0,0.0,1e-11,0.0,0.0,0.0,2.154e-10,0.0,0.0,0.0,0.0,2.154e-10,1e-11,0.0
24537246.0,4995000000.0,5000000.0,5.0,0.0,0.1287,0.1287,0.1287,0.1287,0.063887,0.063887,0.00055581,0.063887,0.063887,6.3887e-07,0.00055581,6.3887e-07,0.0,0.0,0.0,0.0,1e-11,0.0,0.0,0.0,0.001,0.0,0.0,0.0,0.0,0.001,1e-11,0.0
24537123.0,4995000000.0,5000000.0,5.0,0.0,0.1287,0.1287,0.1287,0.1287,0.063887,0.063887,5.8431e-05,0.063887,0.063887,0.0053473,5.8431e-05,0.0053473,0.0,0.0,0.0,0.0,2.154e-06,0.0,0.0,0.0,4.642e-09,0.0,0.0,0.0,0.0,4.642e-09,2.154e-06,0.0
24536374.0,4995000000.0,5000000.0,5.0,0.0,0.1287,0.1287,0.1287,0.1287,0.063887,0.063887,6.3887e-07,0.063887,0.063887,0.00055581,6.3887e-07,0.00055581,0.0,0.0,0.0,0.0,4.642e-09,0.0,0.0,0.0,4.642e-09,0.0,0.0,0.0,0.0,4.642e-09,4.642e-09,0.0
24535921.0,4995000000.0,5000000.0,5.0,0.0,0.1287,0.1287,0.1287,0.1287,0.063887,0.063887,0.0,0.063887,0.063887,6.1098e-06,0.0,6.1098e-06,0.0,0.0,0.0,0.0,1e-11,0.0,0.0,0.0,2.154e-06,0.0,0.0,0.0,0.0,2.154e-06,1e-11,0.0
24535823.0,4995000000.0,5000000.0,5.0,0.0,0.1287,0.1287,0.1287,0.1287,0.063887,0.063887,0.0,0.063887,0.063887,0.0,0.0,0.0,0.0,0.0,0.0,0.0,1e-11,0.0,0.0,0.0,2.154e-06,0.0,0.0,0.0,0.0,2.154e-06,1e-11,0.0
24537744.0,4995000000.0,5000000.0,5.0,0.0,0.1287,0.1287,0.1287,0.1287,0.063887,0.063887,0.0053473,0.063887,0.063887,0.00055581,0.0053473,0.00055581,0.0,0.0,0.0,0.0,4.642e-09,0.0,0.0,0.0,1e-11,0.0,0.0,0.0,0.0,1e-11,4.642e-09,0.0
24536307.0,4995000000.0,5000000.0,5.0,0.0,0.1287,0.1287,0.1287,0.1287,0.063887,0.063887,6.3887e-07,0.063887,0.063887,6.1098e-06,6.3887e-07,6.1098e-06,0.0,0.0,0.0,0.0,0.001,0.0,0.0,0.0,4.642e-05,0.0,0.0,0.0,0.0,4.642e-05,0.001,0.0
24536727.0,4995000000.0,5000000.0,5.0,0.0,0.1287,0.1287,0.1287,0.1287,0.063887,0.063887,6.1098e-06,0.063887,0.063887,0.00055581,6.1098e-06,0.00055581,0.0,0.0,0.0,0.0,1e-07,0.0,0.0,0.0,4.642e-05,0.0,0.0,0.0,0.0,4.642e-05,1e-07,0.0
24538149.0,4995000000.0,5000000.0,5.0,0.0,0.1287,0.1287,0.1287,0.1287,0.063887,0.063887,0.051109,0.063887,0.063887,0.0053473,0.051109,0.0053473,0.0,0.0,0.0,0.0,1e-07,0.0,0.0,0.0,0.001,0.0,0.0,0.0,0.0,0.001,1e-07,0.0
24538126.0,4995000000.0,5000000.0,5.0,0.0,0.1287,0.1287,0.1287,0.1287,0.063887,0.063887,0.051109,0.063887,0.063887,0.0053473,0.051109,0.0053473,0.0,0.0,0.0,0.0,1e-11,0.0,0.0,0.0,2.154e-06,0.0,0.0,0.0,0.0,2.154e-06,1e-11,0.0
24536605.0,4995000000.0,5000000.0,5.0,0.0,0.1287,0.1287,0.1287,0.1287,0.063887,0.063887,6.1098e-06,0.063887,0.063887,6.1098e-06,6.1098e-06,6.1098e-06,0.0,0.0,0.0,0.0,1e-11,0.0,0.0,0.0,4.642e-09,0.0,0.0,0.0,0.0,4.642e-09,1e-11,0.0
24537540.0,4995000000.0,5000000.0,5.0,0.0,0.1287,0.1287,0.1287,0.1287,0.063887,0.063887,0.0053473,0.063887,0.063887,0.0,0.0053473,0.0,0.0,0.0,0.0,0.0,1e-11,0.0,0.0,0.0,0.001,0.0,0.0,0.0,0.0,0.001,1e-11,0.0
24537085.0,4995000000.0,5000000.0,5.0,0.0,0.1287,0.1287,0.1287,0.1287,0.063887,0.063887,5.8431e-05,0.063887,0.063887,0.00055581,5.8431e-05,0.00055581,0.0,0.0,0.0,0.0,4.642e-05,0.0,0.0,0.0,0.001,0.0,0.0,0.0,0.0,0.001,4.642e-05,0.0
24538073.0,4995000000.0,5000000.0,5.0,0.0,0.1287,0.1287,0.1287,0.1287,0.063887,0.063887,0.051109,0.063887,0.063887,0.00055581,0.051109,0.00055581,0.0,0.0,0.0,0.0,1e-11,0.0,0.0,0.0,1e-11,0.0,0.0,0.0,0.0,1e-11,1e-11,0.0
24537176.0,4995000000.0,5000000.0,5.0,0.0,0.1287,0.1287,0.1287,0.1287,0.063887,0.063887,5.8431e-05,0.063887,0.063887,0.051109,5.8431e-05,0.051109,0.0,0.0,0.0,0.0,2.154e-06,0.0,0.0,0.0,0.001,0.0,0.0,0.0,0.0,0.001,2.154e-06,0.0
24538034.0,4995000000.0,5000000.0,5.0,0.0,0.1287,0.1287,0.1287,0.1287,0.063887,0.063887,0.051109,0.063887,0.063887,5.8431e-05,0.051109,5.8431e-05,0.0,0.0,0.0,0.0,2.154e-10,0.0,0.0,0.0,1e-07,0.0,0.0,0.0,0.0,1e-07,2.154e-10,0.0
24536853.0,4995000000.0,5000000.0,5.0,0.0,0.1287,0.1287,0.1287,0.1287,0.063887,0.063887,5.8431e-05,0.063887,0.063887,0.0,5.8431e-05,0.0,0.0,0.0,0.0,0.0,1e-11,0.0,0.0,0.0,4.642e-05,0.0,0.0,0.0,0.0,4.642e-05,1e-11,0.0
24537970.0,4995000000.0,5000000.0,5.0,0.0,0.1287,0.1287,0.1287,0.1287,0.063887,0.063887,0.051109,0.063887,0.063887,6.3887e-07,0.051109,6.3887e-07,0.0,0.0,0.0,0.0,0.001,0.0,0.0,0.0,4.642e-09,0.0,0.0,0.0,0.0,4.642e-09,0.001,0.0
24537821.0,4995000000.0,5000000.0,5.0,0.0,0.1287,0.1287,0.1287,0.1287,0.063887,0.063887,0.0053473,0.063887,0.063887,0.0053473,0.0053473,0.0053473,0.0,0.0,0.0,0.0,0.001,0.0,0.0,0.0,1e-11,0.0,0.0,0.0,0.0,1e-11,0.001,0.0
24537731.0,4995000000.0,5000000.0,5.0,0.0,0.1287,0.1287,0.1287,0.1287,0.063887,0.063887,0.0053473,0.063887,0.063887,0.00055581,0.0053473,0.00055581,0.0,0.0,0.0,0.0,1e-11,0.0,0.0,0.0,2.154e-10,0.0,0.0,0.0,0.0,2.154e-10,1e-11,0.0
24537189.0,4995000000.0,5000000.0,5.0,0.0,0.1287,0.1287,0.1287,0.1287,0.063887,0.063887,5.8431e-05,0.063887,0.063887,0.051109,5.8431e-05,0.051109,0.0,0.0,0.0,0.0,0.001,0.0,0.0,0.0,4.642e-05,0.0,0.0,0.0,0.0,4.642e-05,0.001,0.0
24535841.0,4995000000.0,5000000.0,5.0,0.0,0.1287,0.1287,0.1287,0.1287,0.063887,0.063887,0.0,0.063887,0.063887,0.0,0.0,0.0,0.0,0.0,0.0,0.0,1e-07,0.0,0.0,0.0,2.154e-10,0.0,0.0,0.0,0.0,2.154e-10,1e-07,0.0
24538146.0,4995000000.0,5000000.0,5.0,0.0,0.1287,0.1287,0.1287,0.1287,0.063887,0.063887,0.051109,0.063887,0.063887,0.0053473,0.051109,0.0053473,0.0,0.0,0.0,0.0,1e-07,0.0,0.0,0.0,1e-07,0.0,0.0,0.0,0.0,1e-07,1e-07,0.0
24537727.0,4995000000.0,5000000.0,5.0,0.0,0.1287,0.1287,0.1287,0.1287,0.063887,0.063887,0.0053473,0.063887,0.063887,5.8431e-05,0.0053473,5.8431e-05,0.0,0.0,0.0,0.0,0.001,0.0,0.0,0.0,2.154e-06,0.0,0.0,0.0,0.0,2.154e-06,0.001,0.0
24537318.0,4995000000.0,5000000.0,5.0,0.0,0.1287,0.1287,0.1287,0.1287,0.063887,0.063887,0.00055581,0.063887,0.063887,6.1098e-06,0.00055581,6.1098e-06,0.0,0.0,0.0,0.0,2.154e-06,0.0,0.0,0.0,2.154e-10,0.0,0.0,0.0,0.0,2.154e-10,2.154e-06,0.0
24536507.0,4995000000.0,5000000.0,5.0,0.0,0.1287,0.1287,0.1287,0.1287,0.063887,0.063887,6.1098e-06,0.063887,0.063887,0.0,6.1098e-06,0.0,0.0,0.0,0.0,0.0,1e-11,0.0,0.0,0.0,4.642e-09,0.0,0.0,0.0,0.0,4.642e-09,1e-11,0.0
24536540.0,4995000000.0,5000000.0,5.0,0.0,0.1287,0.1287,0.1287,0.1287,0.063887,0.063887,6.1098e-06,0.063887,0.063887,0.0,6.1098e-06,0.0,0.0,0.0,0.0,0.0,4.642e-05,0.0,0.0,0.0,1e-11,0.0,0.0,0.0,0.0,1e-11,4.642e-05,0.0
24538105.0,4995000000.0,5000000.0,5.0,0.0,0.1287,0.1287,0.1287,0.1287,0.063887,0.063887,0.051109,0.063887,0.063887,0.00055581,0.051109,0.00055581,0.0,0.0,0.0,0.0,2.154e-06,0.0,0.0,0.0,2.154e-06,0.0,0.0,0.0,0.0,2.154e-06,2.154e-06,0.0
24536222.0,4995000000.0,5000000.0,5.0,0.0,0.1287,0.1287,0.1287,0.1287,0.063887,0.063887,6.3887e-07,0.063887,0.063887,6.3887e-07,6.3887e-07,6.3887e-07,0.0,0.0,0.0,0.0,2.154e-10,0.0,0.0,0.0,2.154e-06,0.0,0.0,0.0,0.0,2.154e-06,2.154e-10,0.0
24537835.0,4995000000.0,5000000.0,5.0,0.0,0.1287,0.1287,0.1287,0.1287,0.063887,0.063887,0.0053473,0.063887,0.063887,0.051109,0.0053473,0.051109,0.0,0.0,0.0,0.0,2.154e-10,0.0,0.0,0.0,1e-11,0.0,0.0,0.0,0.0,1e-11,2.154e-10,0.0
24536281.0,4995000000.0,5000000.0,5.0,0.0,0.1287,0.1287,0.1287,0.1287,0.063887,0.063887,6.3887e-07,0.063887,0.063887,6.1098e-06,6.3887e-07,6.1098e-06,0.0,0.0,0.0,0.0,1e-07,0.0,0.0,0.0,1e-11,0.0,0.0,0.0,0.0,1e-11,1e-07,0.0
24537220.0,4995000000.0,5000000.0,5.0,0.0,0.1287,0.1287,0.1287,0.1287,0.063887,0.063887,0.00055581,0.063887,0.063887,0.0,0.00055581,0.0,0.0,0.0,0.0,0.0,2.154e-06,0.0,0.0,0.0,2.154e-10,0.0,0.0,0.0,0.0,2.154e-10,2.154e-06,0.0
24536483.0,4995000000.0,5000000.0,5.0,0.0,0.1287,0.1287,0.1287,0.1287,0.063887,0.063887,6.3887e-07,0.063887,0.063887,0.051109,6.3887e-07,0.051109,0.0,0.0,0.0,0.0,1e-07,0.0,0.0,0.0,0.001,0.0,0.0,0.0,0.0,0.001,1e-07,0.0
24537938.0,4995000000.0,5000000.0,5.0,0.0,0.1287,0.1287,0.1287,0.1287,0.063887,0.063887,0.051109,0.063887,0.063887,6.3887e-07,0.051109,6.3887e-07,0.0,0.0,0.0,0.0,2.154e-10,0.0,0.0,0.0,4.642e-05,0.0,0.0,0.0,0.0,4.642e-05,2.154e-10,0.0
24537081.0,4995000000.0,5000000.0,5.0,0.0,0.1287,0.1287,0.1287,0.1287,0.063887,0.063887,5.8431e-05,0.063887,0.063887,0.00055581,5.8431e-05,0.00055581,0.0,0.0,0.0,0.0,4.642e-05,0.0,0.0,0.0,4.642e-09,0.0,0.0,0.0,0.0,4.642e-09,4.642e-05,0.0
24536111.0,4995000000.0,5000000.0,5.0,0.0,0.1287,0.1287,0.1287,0.1287,0.063887,0.063887,0.0,0.063887,0.063887,0.0053473,0.0,0.0053473,0.0,0.0,0.0,0.0,0.001,0.0,0.0,0.0,4.642e-05,0.0,0.0,0.0,0.0,4.642e-05,0.001,0.0
24537730.0,4995000000.0,5000000.0,5.0,0.0,0.1287,0.1287,0.1287,0.1287,0.063887,0.063887,0.0053473,0.063887,0.063887,0.00055581,0.0053473,0.00055581,0.0,0.0,0.0,0.0,1e-11,0.0,0.0,0.0,1e-11,0.0,0.0,0.0,0.0,1e-11,1e-11,0.0
24537924.0,4995000000.0,5000000.0,5.0,0.0,0.1287,0.1287,0.1287,0.1287,0.063887,0.063887,0.051109,0.063887,0.063887,0.0,0.051109,0.0,0.0,0.0,0.0,0.0,0.001,0.0,0.0,0.0,4.642e-05,0.0,0.0,0.0,0.0,4.642e-05,0.001,0.0
24535853.0,4995000000.0,5000000.0,5.0,0.0,0.1287,0.1287,0.1287,0.1287,0.063887,0.063887,0.0,0.063887,0.063887,0.0,0.0,0.0,0.0,0.0,0.0,0.0,2.154e-06,0.0,0.0,0.0,0.001,0.0,0.0,0.0,0.0,0.001,2.154e-06,0.0
24536317.0,4995000000.0,5000000.0,5.0,0.0,0.1287,0.1287,0.1287,0.1287,0.063887,0.063887,6.3887e-07,0.063887,0.063887,5.8431e-05,6.3887e-07,5.8431e-05,0.0,0.0,0.0,0.0,2.154e-10,0.0,0.0,0.0,2.154e-10,0.0,0.0,0.0,0.0,2.154e-10,2.154e-10,0.0
24537171.0,4995000000.0,5000000.0,5.0,0.0,0.1287,0.1287,0.1287,0.1287,0.063887,0.063887,5.8431e-05,0.063887,0.063887,0.051109,5.8431e-05,0.051109,0.0,0.0,0.0,0.0,2.154e-06,0.0,0.0,0.0,2.154e-10,0.0,0.0,0.0,0.0,2.154e-10,2.154e-06,0.0
24536406.0,4995000000.0,5000000.0,5.0,0.0,0.1287,0.1287,0.1287,0.1287,0.063887,0.063887,6.3887e-07,0.063887,0.063887,0.00055581,6.3887e-07,0.00055581,0.0,0.0,0.0,0.0,0.001,0.0,0.0,0.0,0.001,0.0,0.0,0.0,0.0,0.001,0.001,0.0
24536211.0,4995000000.0,5000000.0,5.0,0.0,0.1287,0.1287,0.1287,0.1287,0.063887,0.063887,6.3887e-07,0.063887,0.063887,6.3887e-07,6.3887e-07,6.3887e-07,0.0,0.0,0.0,0.0,1e-11,0.0,0.0,0.0,1e-11,0.0,0.0,0.0,0.0,1e-11,1e-11,0.0
24537979.0,4995000000.0,5000000.0,5.0,0.0,0.1287,0.1287,0.1287,0.1287,0.063887,0.063887,0.051109,0.063887,0.063887,6.1098e-06,0.051109,6.1098e-06,0.0,0.0,0.0,0.0,1e-11,0.0,0.0,0.0,2.154e-06,0.0,0.0,0.0,0.0,2.154e-06,1e-11,0.0
24538030.0,4995000000.0,5000000.0,5.0,0.0,0.1287,0.1287,0.1287,0.1287,0.063887,0.063887,0.051109,0.063887,0.063887,5.8431e-05,0.051109,5.8431e-05,0.0,0.0,0.0,0.0,1e-11,0.0,0.0,0.0,0.001,0.0,0.0,0.0,0.0,0.001,1e-11,0.0
24535859.0,4995000000.0,5000000.0,5.0,0.0,0.1287,0.1287,0.1287,0.1287,0.063887,0.063887,0.0,0.063887,0.063887,0.0,0.0,0.0,0.0,0.0,0.0,0.0,4.642e-05,0.0,0.0,0.0,4.642e-05,0.0,0.0,0.0,0.0,4.642e-05,4.642e-05,0.0
24536120.0,4995000000.0,5000000.0,5.0,0.0,0.1287,0.1287,0.1287,0.1287,0.063887,0.063887,0.0,0.063887,0.063887,0.051109,0.0,0.051109,0.0,0.0,0.0,0.0,2.154e-10,0.0,0.0,0.0,1e-11,0.0,0.0,0.0,0.0,1e-11,2.154e-10,0.0
24536020.0,4995000000.0,5000000.0,5.0,0.0,0.1287,0.1287,0.1287,0.1287,0.063887,0.063887,0.0,0.063887,0.063887,0.00055581,0.0,0.00055581,0.0,0.0,0.0,0.0,1e-11,0.0,0.0,0.0,4.642e-05,0.0,0.0,0.0,0.0,4.642e-05,1e-11,0.0
24537029.0,4995000000.0,5000000.0,5.0,0.0,0.1287,0.1287,0.1287,0.1287,0.063887,0.063887,5.8431e-05,0.063887,0.063887,5.8431e-05,5.8431e-05,5.8431e-05,0.0,0.0,0.0,0.0,2.154e-06,0.0,0.0,0.0,0.001,0.0,0.0,0.0,0.0,0.001,2.154e-06,0.0
24537738.0,4995000000.0,5000000.0,5.0,0.0,0.1287,0.1287,0.1287,0.1287,0.063887,0.063887,0.0053473,0.063887,0.063887,0.00055581,0.0053473,0.00055581,0.0,0.0,0.0,0.0,2.154e-10,0.0,0.0,0.0,2.154e-10,0.0,0.0,0.0,0.0,2.154e-10,2.154e-10,0.0
24537059.0,4995000000.0,5000000.0,5.0,0.0,0.1287,0.1287,0.1287,0.1287,0.063887,0.063887,5.8431e-05,0.063887,0.063887,0.00055581,5.8431e-05,0.00055581,0.0,0.0,0.0,0.0,4.642e-09,0.0,0.0,0.0,2.154e-10,0.0,0.0,0.0,0.0,2.154e-10,4.642e-09,0.0
24536301.0,4995000000.0,5000000.0,5.0,0.0,0.1287,0.1287,0.1287,0.1287,0.063887,0.063887,6.3887e-07,0.063887,0.063887,6.1098e-06,6.3887e-07,6.1098e-06,0.0,0.0,0.0,0.0,4.642e-05,0.0,0.0,0.0,0.001,0.0,0.0,0.0,0.0,0.001,4.642e-05,0.0
24536719.0,4995000000.0,5000000.0,5.0,0.0,0.1287,0.1287,0.1287,0.1287,0.063887,0.063887,6.1098e-06,0.063887,0.063887,0.00055581,6.1098e-06,0.00055581,0.0,0.0,0.0,0.0,4.642e-09,0.0,0.0,0.0,2.154e-06,0.0,0.0,0.0,0.0,2.154e-06,4.642e-09,0.0
24538138.0,4995000000.0,5000000.0,5.0,0.0,0.1287,0.1287,0.1287,0.1287,0.063887,0.063887,0.051109,0.063887,0.063887,0.0053473,0.051109,0.0053473,0.0,0.0,0.0,0.0,4.642e-09,0.0,0.0,0.0,4.642e-09,0.0,0.0,0.0,0.0,4.642e-09,4.642e-09,0.0
24537481.0,4995000000.0,5000000.0,5.0,0.0,0.1287,0.1287,0.1287,0.1287,0.063887,0.063887,0.00055581,0.063887,0.063887,0.0053473,0.00055581,0.0053473,0.0,0.0,0.0,0.0,0.001,0.0,0.0,0.0,1e-07,0.0,0.0,0.0,0.0,1e-07,0.001,0.0
24538072.0,4995000000.0,5000000.0,5.0,0.0,0.1287,0.1287,0.1287,0.1287,0.063887,0.063887,0.051109,0.063887,0.063887,5.8431e-05,0.051109,5.8431e-05,0.0,0.0,0.0,0.0,0.001,0.0,0.0,0.0,0.001,0.0,0.0,0.0,0.0,0.001,0.001,0.0
24537065.0,4995000000.0,5000000.0,5.0,0.0,0.1287,0.1287,0.1287,0.1287,0.063887,0.063887,5.8431e-05,0.063887,0.063887,0.00055581,5.8431e-05,0.00055581,0.0,0.0,0.0,0.0,1e-07,0.0,0.0,0.0,1e-11,0.0,0.0,0.0,0.0,1e-11,1e-07,0.0
24536259.0,4995000000.0,5000000.0,5.0,0.0,0.1287,0.1287,0.1287,0.1287,0.063887,0.063887,6.3887e-07,0.063887,0.063887,6.3887e-07,6.3887e-07,6.3887e-07,0.0,0.0,0.0,0.0,0.001,0.0,0.0,0.0,0.001,0.0,0.0,0.0,0.0,0.001,0.001,0.0
24536634.0,4995000000.0,5000000.0,5.0,0.0,0.1287,0.1287,0.1287,0.1287,0.063887,0.063887,6.1098e-06,0.063887,0.063887,6.1098e-06,6.1098e-06,6.1098e-06,0.0,0.0,0.0,0.0,2.154e-06,0.0,0.0,0.0,1e-07,0.0,0.0,0.0,0.0,1e-07,2.154e-06,0.0
24538161.0,4995000000.0,5000000.0,5.0,0.0,0.1287,0.1287,0.1287,0.1287,0.063887,0.063887,0.051109,0.063887,0.063887,0.0053473,0.051109,0.0053473,0.0,0.0,0.0,0.0,4.642e-05,0.0,0.0,0.0,2.154e-06,0.0,0.0,0.0,0.0,2.154e-06,4.642e-05,0.0
24537849.0,4995000000.0,5000000.0,5.0,0.0,0.1287,0.1287,0.1287,0.1287,0.063887,0.063887,0.0053473,0.063887,0.063887,0.051109,0.0053473,0.051109,0.0,0.0,0.0,0.0,1e-07,0.0,0.0,0.0,1e-11,0.0,0.0,0.0,0.0,1e-11,1e-07,0.0
24537517.0,4995000000.0,5000000.0,5.0,0.0,0.1287,0.1287,0.1287,0.1287,0.063887,0.063887,0.00055581,0.063887,0.063887,0.051109,0.00055581,0.051109,0.0,0.0,0.0,0.0,2.154e-06,0.0,0.0,0.0,2.154e-06,0.0,0.0,0.0,0.0,2.154e-06,2.154e-06,0.0
24536075.0,4995000000.0,5000000.0,5.0,0.0,0.1287,0.1287,0.1287,0.1287,0.063887,0.063887,0.0,0.063887,0.063887,0.0053473,0.0,0.0053473,0.0,0.0,0.0,0.0,2.154e-10,0.0,0.0,0.0,2.154e-06,0.0,0.0,0.0,0.0,2.154e-06,2.154e-10,0.0
24536628.0,4995000000.0,5000000.0,5.0,0.0,0.1287,0.1287,0.1287,0.1287,0.063887,0.063887,6.1098e-06,0.063887,0.063887,6.1098e-06,6.1098e-06,6.1098e-06,0.0,0.0,0.0,0.0,1e-07,0.0,0.0,0.0,2.154e-06,0.0,0.0,0.0,0.0,2.154e-06,1e-07,0.0
24536513.0,4995000000.0,5000000.0,5.0,0.0,0.1287,0.1287,0.1287,0.1287,0.063887,0.063887,6.1098e-06,0.063887,0.063887,0.0,6.1098e-06,0.0,0.0,0.0,0.0,0.0,2.154e-10,0.0,0.0,0.0,2.154e-10,0.0,0.0,0.0,0.0,2.154e-10,2.154e-10,0.0
24537573.0,4995000000.0,5000000.0,5.0,0.0,0.1287,0.1287,0.1287,0.1287,0.063887,0.063887,0.0053473,0.063887,0.063887,0.0,0.0053473,0.0,0.0,0.0,0.0,0.0,4.642e-05,0.0,0.0,0.0,2.154e-06,0.0,0.0,0.0,0.0,2.154e-06,4.642e-05,0.0
24536983.0,4995000000.0,5000000.0,5.0,0.0,0.1287,0.1287,0.1287,0.1287,0.063887,0.063887,5.8431e-05,0.063887,0.063887,6.1098e-06,5.8431e-05,6.1098e-06,0.0,0.0,0.0,0.0,4.642e-05,0.0,0.0,0.0,4.642e-09,0.0,0.0,0.0,0.0,4.642e-09,4.642e-05,0.0
24536752.0,4995000000.0,5000000.0,5.0,0.0,0.1287,0.1287,0.1287,0.1287,0.063887,0.063887,6.1098e-06,0.063887,0.063887,0.0053473,6.1098e-06,0.0053473,0.0,0.0,0.0,0.0,1e-11,0.0,0.0,0.0,4.642e-09,0.0,0.0,0.0,0.0,4.642e-09,1e-11,0.0
24536297.0,4995000000.0,5000000.0,5.0,0.0,0.1287,0.1287,0.1287,0.1287,0.063887,0.063887,6.3887e-07,0.063887,0.063887,6.1098e-06,6.3887e-07,6.1098e-06,0.0,0.0,0.0,0.0,4.642e-05,0.0,0.0,0.0,4.642e-09,0.0,0.0,0.0,0.0,4.642e-09,4.642e-05,0.0
24538159.0,4995000000.0,5000000.0,5.0,0.0,0.1287,0.1287,0.1287,0.1287,0.063887,0.063887,0.051109,0.063887,0.063887,0.0053473,0.051109,0.0053473,0.0,0.0,0.0,0.0,4.642e-05,0.0,0.0,0.0,4.642e-09,0.0,0.0,0.0,0.0,4.642e-09,4.642e-05,0.0
24537747.0,4995000000.0,5000000.0,5.0,0.0,0.1287,0.1287,0.1287,0.1287,0.063887,0.063887,0.0053473,0.063887,0.063887,0.00055581,0.0053473,0.00055581,0.0,0.0,0.0,0.0,4.642e-09,0.0,0.0,0.0,1e-07,0.0,0.0,0.0,0.0,1e-07,4.642e-09,0.0
24536718.0,4995000000.0,5000000.0,5.0,0.0,0.1287,0.1287,0.1287,0.1287,0.063887,0.063887,6.1098e-06,0.063887,0.063887,0.00055581,6.1098e-06,0.00055581,0.0,0.0,0.0,0.0,4.642e-09,0.0,0.0,0.0,1e-07,0.0,0.0,0.0,0.0,1e-07,4.642e-09,0.0
24537162.0,4995000000.0,5000000.0,5.0,0.0,0.1287,0.1287,0.1287,0.1287,0.063887,0.063887,5.8431e-05,0.063887,0.063887,0.051109,5.8431e-05,0.051109,0.0,0.0,0.0,0.0,4.642e-09,0.0,0.0,0.0,0.001,0.0,0.0,0.0,0.0,0.001,4.642e-09,0.0
24537207.0,4995000000.0,5000000.0,5.0,0.0,0.1287,0.1287,0.1287,0.1287,0.063887,0.063887,0.00055581,0.063887,0.063887,0.0,0.00055581,0.0,0.0,0.0,0.0,0.0,4.642e-09,0.0,0.0,0.0,4.642e-09,0.0,0.0,0.0,0.0,4.642e-09,4.642e-09,0.0
24536348.0,4995000000.0,5000000.0,5.0,0.0,0.1287,0.1287,0.1287,0.1287,0.063887,0.063887,6.3887e-07,0.063887,0.063887,5.8431e-05,6.3887e-07,5.8431e-05,0.0,0.0,0.0,0.0,4.642e-05,0.0,0.0,0.0,2.154e-06,0.0,0.0,0.0,0.0,2.154e-06,4.642e-05,0.0
24536875.0,4995000000.0,5000000.0,5.0,0.0,0.1287,0.1287,0.1287,0.1287,0.063887,0.063887,5.8431e-05,0.063887,0.063887,0.0,5.8431e-05,0.0,0.0,0.0,0.0,0.0,1e-07,0.0,0.0,0.0,0.001,0.0,0.0,0.0,0.0,0.001,1e-07,0.0
24537120.0,4995000000.0,5000000.0,5.0,0.0,0.1287,0.1287,0.1287,0.1287,0.063887,0.063887,5.8431e-05,0.063887,0.063887,0.0053473,5.8431e-05,0.0053473,0.0,0.0,0.0,0.0,1e-07,0.0,0.0,0.0,0.001,0.0,0.0,0.0,0.0,0.001,1e-07,0.0
24537665.0,4995000000.0,5000000.0,5.0,0.0,0.1287,0.1287,0.1287,0.1287,0.063887,0.063887,0.0053473,0.063887,0.063887,6.1098e-06,0.0053473,6.1098e-06,0.0,0.0,0.0,0.0,2.154e-06,0.0,0.0,0.0,4.642e-05,0.0,0.0,0.0,0.0,4.642e-05,2.154e-06,0.0
24536159.0,4995000000.0,5000000.0,5.0,0.0,0.1287,0.1287,0.1287,0.1287,0.063887,0.063887,0.0,0.063887,0.063887,0.051109,0.0,0.051109,0.0,0.0,0.0,0.0,0.001,0.0,0.0,0.0,2.154e-06,0.0,0.0,0.0,0.0,2.154e-06,0.001,0.0
24537040.0,4995000000.0,5000000.0,5.0,0.0,0.1287,0.1287,0.1287,0.1287,0.063887,0.063887,5.8431e-05,0.063887,0.063887,5.8431e-05,5.8431e-05,5.8431e-05,0.0,0.0,0.0,0.0,0.001,0.0,0.0,0.0,1e-07,0.0,0.0,0.0,0.0,1e-07,0.001,0.0
24535978.0,4995000000.0,5000000.0,5.0,0.0,0.1287,0.1287,0.1287,0.1287,0.063887,0.063887,0.0,0.063887,0.063887,5.8431e-05,0.0,5.8431e-05,0.0,0.0,0.0,0.0,2.154e-10,0.0,0.0,0.0,4.642e-05,0.0,0.0,0.0,0.0,4.642e-05,2.154e-10,0.0
24535938.0,4995000000.0,5000000.0,5.0,0.0,0.1287,0.1287,0.1287,0.1287,0.063887,0.063887,0.0,0.063887,0.063887,6.1098e-06,0.0,6.1098e-06,0.0,0.0,0.0,0.0,1e-07,0.0,0.0,0.0,1e-11,0.0,0.0,0.0,0.0,1e-11,1e-07,0.0
24536554.0,4995000000.0,5000000.0,5.0,0.0,0.1287,0.1287,0.1287,0.1287,0.063887,0.063887,6.1098e-06,0.063887,0.063887,6.3887e-07,6.1098e-06,6.3887e-07,0.0,0.0,0.0,0.0,1e-11,0.0,0.0,0.0,1e-11,0.0,0.0,0.0,0.0,1e-11,1e-11,0.0
24536052.0,4995000000.0,5000000.0,5.0,0.0,0.1287,0.1287,0.1287,0.1287,0.063887,0.063887,0.0,0.063887,0.063887,0.00055581,0.0,0.00055581,0.0,0.0,0.0,0.0,4.642e-05,0.0,0.0,0.0,4.642e-09,0.0,0.0,0.0,0.0,4.642e-09,4.642e-05,0.0
24536933.0,4995000000.0,5000000.0,5.0,0.0,0.1287,0.1287,0.1287,0.1287,0.063887,0.063887,5.8431e-05,0.063887,0.063887,6.3887e-07,5.8431e-05,6.3887e-07,0.0,0.0,0.0,0.0,4.642e-05,0.0,0.0,0.0,2.154e-10,0.0,0.0,0.0,0.0,2.154e-10,4.642e-05,0.0
24537142.0,4995000000.0,5000000.0,5.0,0.0,0.1287,0.1287,0.1287,0.1287,0.063887,0.063887,5.8431e-05,0.063887,0.063887,0.051109,5.8431e-05,0.051109,0.0,0.0,0.0,0.0,1e-11,0.0,0.0,0.0,1e-11,0.0,0.0,0.0,0.0,1e-11,1e-11,0.0
24537916.0,4995000000.0,5000000.0,5.0,0.0,0.1287,0.1287,0.1287,0.1287,0.063887,0.063887,0.051109,0.063887,0.063887,0.0,0.051109,0.0,0.0,0.0,0.0,0.0,4.642e-05,0.0,0.0,0.0,2.154e-06,0.0,0.0,0.0,0.0,2.154e-06,4.642e-05,0.0
24538144.0,4995000000.0,5000000.0,5.0,0.0,0.1287,0.1287,0.1287,0.1287,0.063887,0.063887,0.051109,0.063887,0.063887,0.0053473,0.051109,0.0053473,0.0,0.0,0.0,0.0,1e-07,0.0,0.0,0.0,2.154e-10,0.0,0.0,0.0,0.0,2.154e-10,1e-07,0.0
24536514.0,4995000000.0,5000000.0,5.0,0.0,0.1287,0.1287,0.1287,0.1287,0.063887,0.063887,6.1098e-06,0.063887,0.063887,0.0,6.1098e-06,0.0,0.0,0.0,0.0,0.0,2.154e-10,0.0,0.0,0.0,4.642e-09,0.0,0.0,0.0,0.0,4.642e-09,2.154e-10,0.0
24535871.0,4995000000.0,5000000.0,5.0,0.0,0.1287,0.1287,0.1287,0.1287,0.063887,0.063887,0.0,0.063887,0.063887,6.3887e-07,0.0,6.3887e-07,0.0,0.0,0.0,0.0,1e-11,0.0,0.0,0.0,1e-07,0.0,0.0,0.0,0.0,1e-07,1e-11,0.0
24537348.0,4995000000.0,5000000.0,5.0,0.0,0.1287,0.1287,0.1287,0.1287,0.063887,0.063887,0.00055581,0.063887,0.063887,5.8431e-05,0.00055581,5.8431e-05,0.0,0.0,0.0,0.0,2.154e-10,0.0,0.0,0.0,1e-07,0.0,0.0,0.0,0.0,1e-07,2.154e-10,0.0
24538031.0,4995000000.0,5000000.0,5.0,0.0,0.1287,0.1287,0.1287,0.1287,0.063887,0.063887,0.051109,0.063887,0.063887,5.8431e-05,0.051109,5.8431e-05,0.0,0.0,0.0,0.0,2.154e-10,0.0,0.0,0.0,1e-11,0.0,0.0,0.0,0.0,1e-11,2.154e-10,0.0
24537825.0,4995000000.0,5000000.0,5.0,0.0,0.1287,0.1287,0.1287,0.1287,0.063887,0.063887,0.0053473,0.063887,0.063887,0.0053473,0.0053473,0.0053473,0.0,0.0,0.0,0.0,0.001,0.0,0.0,0.0,2.154e-06,0.0,0.0,0.0,0.0,2.154e-06,0.001,0.0
24536347.0,4995000000.0,5000000.0,5.0,0.0,0.1287,0.1287,0.1287,0.1287,0.063887,0.063887,6.3887e-07,0.063887,0.063887,5.8431e-05,6.3887e-07,5.8431e-05,0.0,0.0,0.0,0.0,4.642e-05,0.0,0.0,0.0,1e-07,0.0,0.0,0.0,0.0,1e-07,4.642e-05,0.0
24537950.0,4995000000.0,5000000.0,5.0,0.0,0.1287,0.1287,0.1287,0.1287,0.063887,0.063887,0.051109,0.063887,0.063887,6.3887e-07,0.051109,6.3887e-07,0.0,0.0,0.0,0.0,1e-07,0.0,0.0,0.0,1e-07,0.0,0.0,0.0,0.0,1e-07,1e-07,0.0
24537388.0,4995000000.0,5000000.0,5.0,0.0,0.1287,0.1287,0.1287,0.1287,0.063887,0.063887,0.00055581,0.063887,0.063887,0.00055581,0.00055581,0.00055581,0.0,0.0,0.0,0.0,1e-11,0.0,0.0,0.0,2.154e-10,0.0,0.0,0.0,0.0,2.154e-10,1e-11,0.0
24537417.0,4995000000.0,5000000.0,5.0,0.0,0.1287,0.1287,0.1287,0.1287,0.063887,0.063887,0.00055581,0.063887,0.063887,0.00055581,0.00055581,0.00055581,0.0,0.0,0.0,0.0,2.154e-06,0.0,0.0,0.0,4.642e-09,0.0,0.0,0.0,0.0,4.642e-09,2.154e-06,0.0
24536914.0,4995000000.0,5000000.0,5.0,0.0,0.1287,0.1287,0.1287,0.1287,0.063887,0.063887,5.8431e-05,0.063887,0.063887,6.3887e-07,5.8431e-05,6.3887e-07,0.0,0.0,0.0,0.0,4.642e-09,0.0,0.0,0.0,1e-07,0.0,0.0,0.0,0.0,1e-07,4.642e-09,0.0
24536022.0,4995000000.0,5000000.0,5.0,0.0,0.1287,0.1287,0.1287,0.1287,0.063887,0.063887,0.0,0.063887,0.063887,0.00055581,0.0,0.00055581,0.0,0.0,0.0,0.0,2.154e-10,0.0,0.0,0.0,1e-11,0.0,0.0,0.0,0.0,1e-11,2.154e-10,0.0
24537653.0,4995000000.0,5000000.0,5.0,0.0,0.1287,0.1287,0.1287,0.1287,0.063887,0.063887,0.0053473,0.063887,0.063887,6.1098e-06,0.0053473,6.1098e-06,0.0,0.0,0.0,0.0,1e-07,0.0,0.0,0.0,1e-11,0.0,0.0,0.0,0.0,1e-11,1e-07,0.0
24535931.0,4995000000.0,5000000.0,5.0,0.0,0.1287,0.1287,0.1287,0.1287,0.063887,0.063887,0.0,0.063887,0.063887,6.1098e-06,0.0,6.1098e-06,0.0,0.0,0.0,0.0,4.642e-09,0.0,0.0,0.0,1e-11,0.0,0.0,0.0,0.0,1e-11,4.642e-09,0.0
24538083.0,4995000000.0,5000000.0,5.0,0.0,0.1287,0.1287,0.1287,0.1287,0.063887,0.063887,0.051109,0.063887,0.063887,0.00055581,0.051109,0.00055581,0.0,0.0,0.0,0.0,2.154e-10,0.0,0.0,0.0,1e-07,0.0,0.0,0.0,0.0,1e-07,2.154e-10,0.0
24537605.0,4995000000.0,5000000.0,5.0,0.0,0.1287,0.1287,0.1287,0.1287,0.063887,0.063887,0.0053473,0.063887,0.063887,6.3887e-07,0.0053473,6.3887e-07,0.0,0.0,0.0,0.0,1e-07,0.0,0.0,0.0,2.154e-10,0.0,0.0,0.0,0.0,2.154e-10,1e-07,0.0
24536064.0,4995000000.0,5000000.0,5.0,0.0,0.1287,0.1287,0.1287,0.1287,0.063887,0.063887,0.0,0.063887,0.063887,0.0053473,0.0,0.0053473,0.0,0.0,0.0,0.0,1e-11,0.0,0.0,0.0,1e-11,0.0,0.0,0.0,0.0,1e-11,1e-11,0.0
24535908.0,4995000000.0,5000000.0,5.0,0.0,0.1287,0.1287,0.1287,0.1287,0.063887,0.063887,0.0,0.063887,0.063887,6.3887e-07,0.0,6.3887e-07,0.0,0.0,0.0,0.0,4.642e-05,0.0,0.0,0.0,4.642e-05,0.0,0.0,0.0,0.0,4.642e-05,4.642e-05,0.0
24535927.0,4995000000.0,5000000.0,5.0,0.0,0.1287,0.1287,0.1287,0.1287,0.063887,0.063887,0.0,0.063887,0.063887,6.1098e-06,0.0,6.1098e-06,0.0,0.0,0.0,0.0,2.154e-10,0.0,0.0,0.0,1e-07,0.0,0.0,0.0,0.0,1e-07,2.154e-10,0.0
24537904.0,4995000000.0,5000000.0,5.0,0.0,0.1287,0.1287,0.1287,0.1287,0.063887,0.063887,0.051109,0.063887,0.063887,0.0,0.051109,0.0,0.0,0.0,0.0,0.0,1e-07,0.0,0.0,0.0,0.001,0.0,0.0,0.0,0.0,0.001,1e-07,0.0
24537596.0,4995000000.0,5000000.0,5.0,0.0,0.1287,0.1287,0.1287,0.1287,0.063887,0.063887,0.0053473,0.063887,0.063887,6.3887e-07,0.0053473,6.3887e-07,0.0,0.0,0.0,0.0,2.154e-10,0.0,0.0,0.0,0.001,0.0,0.0,0.0,0.0,0.001,2.154e-10,0.0
24536945.0,4995000000.0,5000000.0,5.0,0.0,0.1287,0.1287,0.1287,0.1287,0.063887,0.063887,5.8431e-05,0.063887,0.063887,6.3887e-07,5.8431e-05,6.3887e-07,0.0,0.0,0.0,0.0,0.001,0.0,0.0,0.0,0.001,0.0,0.0,0.0,0.0,0.001,0.001,0.0
24537208.0,4995000000.0,5000000.0,5.0,0.0,0.1287,0.1287,0.1287,0.1287,0.063887,0.063887,0.00055581,0.063887,0.063887,0.0,0.00055581,0.0,0.0,0.0,0.0,0.0,4.642e-09,0.0,0.0,0.0,1e-07,0.0,0.0,0.0,0.0,1e-07,4.642e-09,0.0
24538005.0,4995000000.0,5000000.0,5.0,0.0,0.1287,0.1287,0.1287,0.1287,0.063887,0.063887,0.051109,0.063887,0.063887,6.1098e-06,0.051109,6.1098e-06,0.0,0.0,0.0,0.0,2.154e-06,0.0,0.0,0.0,4.642e-09,0.0,0.0,0.0,0.0,4.642e-09,2.154e-06,0.0
24538028.0,4995000000.0,5000000.0,5.0,0.0,0.1287,0.1287,0.1287,0.1287,0.063887,0.063887,0.051109,0.063887,0.063887,5.8431e-05,0.051109,5.8431e-05,0.0,0.0,0.0,0.0,1e-11,0.0,0.0,0.0,2.154e-06,0.0,0.0,0.0,0.0,2.154e-06,1e-11,0.0
24537331.0,4995000000.0,5000000.0,5.0,0.0,0.1287,0.1287,0.1287,0.1287,0.063887,0.063887,0.00055581,0.063887,0.063887,6.1098e-06,0.00055581,6.1098e-06,0.0,0.0,0.0,0.0,0.001,0.0,0.0,0.0,1e-11,0.0,0.0,0.0,0.0,1e-11,0.001,0.0
24538163.0,4995000000.0,5000000.0,5.0,0.0,0.1287,0.1287,0.1287,0.1287,0.063887,0.063887,0.051109,0.063887,0.063887,0.0053473,0.051109,0.0053473,0.0,0.0,0.0,0.0,4.642e-05,0.0,0.0,0.0,0.001,0.0,0.0,0.0,0.0,0.001,4.642e-05,0.0
24536741.0,4995000000.0,5000000.0,5.0,0.0,0.1287,0.1287,0.1287,0.1287,0.063887,0.063887,6.1098e-06,0.063887,0.063887,0.00055581,6.1098e-06,0.00055581,0.0,0.0,0.0,0.0,4.642e-05,0.0,0.0,0.0,4.642e-05,0.0,0.0,0.0,0.0,4.642e-05,4.642e-05,0.0
24535957.0,4995000000.0,5000000.0,5.0,0.0,0.1287,0.1287,0.1287,0.1287,0.063887,0.063887,0.0,0.063887,0.063887,6.1098e-06,0.0,6.1098e-06,0.0,0.0,0.0,0.0,4.642e-05,0.0,0.0,0.0,4.642e-05,0.0,0.0,0.0,0.0,4.642e-05,4.642e-05,0.0
24536073.0,4995000000.0,5000000.0,5.0,0.0,0.1287,0.1287,0.1287,0.1287,0.063887,0.063887,0.0,0.063887,0.063887,0.0053473,0.0,0.0053473,0.0,0.0,0.0,0.0,2.154e-10,0.0,0.0,0.0,4.642e-09,0.0,0.0,0.0,0.0,4.642e-09,2.154e-10,0.0
24535836.0,4995000000.0,5000000.0,5.0,0.0,0.1287,0.1287,0.1287,0.1287,0.063887,0.063887,0.0,0.063887,0.063887,0.0,0.0,0.0,0.0,0.0,0.0,0.0,4.642e-09,0.0,0.0,0.0,1e-07,0.0,0.0,0.0,0.0,1e-07,4.642e-09,0.0
24535868.0,4995000000.0,5000000.0,5.0,0.0,0.1287,0.1287,0.1287,0.1287,0.063887,0.063887,0.0,0.063887,0.063887,6.3887e-07,0.0,6.3887e-07,0.0,0.0,0.0,0.0,1e-11,0.0,0.0,0.0,1e-11,0.0,0.0,0.0,0.0,1e-11,1e-11,0.0
24536096.0,4995000000.0,5000000.0,5.0,0.0,0.1287,0.1287,0.1287,0.1287,0.063887,0.063887,0.0,0.063887,0.063887,0.0053473,0.0,0.0053473,0.0,0.0,0.0,0.0,2.154e-06,0.0,0.0,0.0,2.154e-06,0.0,0.0,0.0,0.0,2.154e-06,2.154e-06,0.0
24537104.0,4995000000.0,5000000.0,5.0,0.0,0.1287,0.1287,0.1287,0.1287,0.063887,0.063887,5.8431e-05,0.063887,0.063887,0.0053473,5.8431e-05,0.0053473,0.0,0.0,0.0,0.0,2.154e-10,0.0,0.0,0.0,2.154e-06,0.0,0.0,0.0,0.0,2.154e-06,2.154e-10,0.0
24536981.0,4995000000.0,5000000.0,5.0,0.0,0.1287,0.1287,0.1287,0.1287,0.063887,0.063887,5.8431e-05,0.063887,0.063887,6.1098e-06,5.8431e-05,6.1098e-06,0.0,0.0,0.0,0.0,4.642e-05,0.0,0.0,0.0,1e-11,0.0,0.0,0.0,0.0,1e-11,4.642e-05,0.0
24536263.0,4995000000.0,5000000.0,5.0,0.0,0.1287,0.1287,0.1287,0.1287,0.063887,0.063887,6.3887e-07,0.063887,0.063887,6.1098e-06,6.3887e-07,6.1098e-06,0.0,0.0,0.0,0.0,1e-11,0.0,0.0,0.0,1e-07,0.0,0.0,0.0,0.0,1e-07,1e-11,0.0
24536460.0,4995000000.0,5000000.0,5.0,0.0,0.1287,0.1287,0.1287,0.1287,0.063887,0.063887,6.3887e-07,0.063887,0.063887,0.051109,6.3887e-07,0.051109,0.0,0.0,0.0,0.0,1e-11,0.0,0.0,0.0,2.154e-06,0.0,0.0,0.0,0.0,2.154e-06,1e-11,0.0
24537782.0,4995000000.0,5000000.0,5.0,0.0,0.1287,0.1287,0.1287,0.1287,0.063887,0.063887,0.0053473,0.063887,0.063887,0.0053473,0.0053473,0.0053473,0.0,0.0,0.0,0.0,1e-11,0.0,0.0,0.0,1e-07,0.0,0.0,0.0,0.0,1e-07,1e-11,0.0
24536045.0,4995000000.0,5000000.0,5.0,0.0,0.1287,0.1287,0.1287,0.1287,0.063887,0.063887,0.0,0.063887,0.063887,0.00055581,0.0,0.00055581,0.0,0.0,0.0,0.0,2.154e-06,0.0,0.0,0.0,4.642e-09,0.0,0.0,0.0,0.0,4.642e-09,2.154e-06,0.0
24538203.0,4995000000.0,5000000.0,5.0,0.0,0.1287,0.1287,0.1287,0.1287,0.063887,0.063887,0.051109,0.063887,0.063887,0.051109,0.051109,0.051109,0.0,0.0,0.0,0.0,2.154e-06,0.0,0.0,0.0,2.154e-06,0.0,0.0,0.0,0.0,2.154e-06,2.154e-06,0.0
24537399.0,4995000000.0,5000000.0,5.0,0.0,0.1287,0.1287,0.1287,0.1287,0.063887,0.063887,0.00055581,0.063887,0.063887,0.00055581,0.00055581,0.00055581,0.0,0.0,0.0,0.0,2.154e-10,0.0,0.0,0.0,4.642e-05,0.0,0.0,0.0,0.0,4.642e-05,2.154e-10,0.0
24536057.0,4995000000.0,5000000.0,5.0,0.0,0.1287,0.1287,0.1287,0.1287,0.063887,0.063887,0.0,0.063887,0.063887,0.00055581,0.0,0.00055581,0.0,0.0,0.0,0.0,0.001,0.0,0.0,0.0,1e-11,0.0,0.0,0.0,0.0,1e-11,0.001,0.0
24538127.0,4995000000.0,5000000.0,5.0,0.0,0.1287,0.1287,0.1287,0.1287,0.063887,0.063887,0.051109,0.063887,0.063887,0.0053473,0.051109,0.0053473,0.0,0.0,0.0,0.0,1e-11,0.0,0.0,0.0,4.642e-05,0.0,0.0,0.0,0.0,4.642e-05,1e-11,0.0
24536899.0,4995000000.0,5000000.0,5.0,0.0,0.1287,0.1287,0.1287,0.1287,0.063887,0.063887,5.8431e-05,0.063887,0.063887,6.3887e-07,5.8431e-05,6.3887e-07,0.0,0.0,0.0,0.0,1e-11,0.0,0.0,0.0,4.642e-09,0.0,0.0,0.0,0.0,4.642e-09,1e-11,0.0
24536245.0,4995000000.0,5000000.0,5.0,0.0,0.1287,0.1287,0.1287,0.1287,0.063887,0.063887,6.3887e-07,0.063887,0.063887,6.3887e-07,6.3887e-07,6.3887e-07,0.0,0.0,0.0,0.0,2.154e-06,0.0,0.0,0.0,0.001,0.0,0.0,0.0,0.0,0.001,2.154e-06,0.0
24536761.0,4995000000.0,5000000.0,5.0,0.0,0.1287,0.1287,0.1287,0.1287,0.063887,0.063887,6.1098e-06,0.063887,0.063887,0.0053473,6.1098e-06,0.0053473,0.0,0.0,0.0,0.0,2.154e-10,0.0,0.0,0.0,2.154e-06,0.0,0.0,0.0,0.0,2.154e-06,2.154e-10,0.0
24537300.0,4995000000.0,5000000.0,5.0,0.0,0.1287,0.1287,0.1287,0.1287,0.063887,0.063887,0.00055581,0.063887,0.063887,6.1098e-06,0.00055581,6.1098e-06,0.0,0.0,0.0,0.0,2.154e-10,0.0,0.0,0.0,2.154e-06,0.0,0.0,0.0,0.0,2.154e-06,2.154e-10,0.0
24538112.0,4995000000.0,5000000.0,5.0,0.0,0.1287,0.1287,0.1287,0.1287,0.063887,0.063887,0.051109,0.063887,0.063887,0.00055581,0.051109,0.00055581,0.0,0.0,0.0,0.0,4.642e-05,0.0,0.0,0.0,2.154e-06,0.0,0.0,0.0,0.0,2.154e-06,4.642e-05,0.0
24537137.0,4995000000.0,5000000.0,5.0,0.0,0.1287,0.1287,0.1287,0.1287,0.063887,0.063887,5.8431e-05,0.063887,0.063887,0.0053473,5.8431e-05,0.0053473,0.0,0.0,0.0,0.0,0.001,0.0,0.0,0.0,4.642e-09,0.0,0.0,0.0,0.0,4.642e-09,0.001,0.0
24536225.0,4995000000.0,5000000.0,5.0,0.0,0.1287,0.1287,0.1287,0.1287,0.063887,0.063887,6.3887e-07,0.063887,0.063887,6.3887e-07,6.3887e-07,6.3887e-07,0.0,0.0,0.0,0.0,4.642e-09,0.0,0.0,0.0,1e-11,0.0,0.0,0.0,0.0,1e-11,4.642e-09,0.0
24536781.0,4995000000.0,5000000.0,5.0,0.0,0.1287,0.1287,0.1287,0.1287,0.063887,0.063887,6.1098e-06,0.063887,0.063887,0.0053473,6.1098e-06,0.0053473,0.0,0.0,0.0,0.0,2.154e-06,0.0,0.0,0.0,1e-07,0.0,0.0,0.0,0.0,1e-07,2.154e-06,0.0
24538121.0,4995000000.0,5000000.0,5.0,0.0,0.1287,0.1287,0.1287,0.1287,0.063887,0.063887,0.051109,0.063887,0.063887,0.00055581,0.051109,0.00055581,0.0,0.0,0.0,0.0,0.001,0.0,0.0,0.0,0.001,0.0,0.0,0.0,0.0,0.001,0.001,0.0
24537935.0,4995000000.0,5000000.0,5.0,0.0,0.1287,0.1287,0.1287,0.1287,0.063887,0.063887,0.051109,0.063887,0.063887,6.3887e-07,0.051109,6.3887e-07,0.0,0.0,0.0,0.0,2.154e-10,0.0,0.0,0.0,4.642e-09,0.0,0.0,0.0,0.0,4.642e-09,2.154e-10,0.0
24537814.0,4995000000.0,5000000.0,5.0,0.0,0.1287,0.1287,0.1287,0.1287,0.063887,0.063887,0.0053473,0.063887,0.063887,0.0053473,0.0053473,0.0053473,0.0,0.0,0.0,0.0,4.642e-05,0.0,0.0,0.0,1e-11,0.0,0.0,0.0,0.0,1e-11,4.642e-05,0.0
24536729.0,4995000000.0,5000000.0,5.0,0.0,0.1287,0.1287,0.1287,0.1287,0.063887,0.063887,6.1098e-06,0.063887,0.063887,0.00055581,6.1098e-06,0.00055581,0.0,0.0,0.0,0.0,2.154e-06,0.0,0.0,0.0,1e-11,0.0,0.0,0.0,0.0,1e-11,2.154e-06,0.0
24537561.0,4995000000.0,5000000.0,5.0,0.0,0.1287,0.1287,0.1287,0.1287,0.063887,0.063887,0.0053473,0.063887,0.063887,0.0,0.0053473,0.0,0.0,0.0,0.0,0.0,1e-07,0.0,0.0,0.0,0.001,0.0,0.0,0.0,0.0,0.001,1e-07,0.0
24538156.0,4995000000.0,5000000.0,5.0,0.0,0.1287,0.1287,0.1287,0.1287,0.063887,0.063887,0.051109,0.063887,0.063887,0.0053473,0.051109,0.0053473,0.0,0.0,0.0,0.0,2.154e-06,0.0,0.0,0.0,0.001,0.0,0.0,0.0,0.0,0.001,2.154e-06,0.0
24536742.0,4995000000.0,5000000.0,5.0,0.0,0.1287,0.1287,0.1287,0.1287,0.063887,0.063887,6.1098e-06,0.063887,0.063887,0.00055581,6.1098e-06,0.00055581,0.0,0.0,0.0,0.0,4.642e-05,0.0,0.0,0.0,0.001,0.0,0.0,0.0,0.0,0.001,4.642e-05,0.0
24538134.0,4995000000.0,5000000.0,5.0,0.0,0.1287,0.1287,0.1287,0.1287,0.063887,0.063887,0.051109,0.063887,0.063887,0.0053473,0.051109,0.0053473,0.0,0.0,0.0,0.0,2.154e-10,0.0,0.0,0.0,4.642e-05,0.0,0.0,0.0,0.0,4.642e-05,2.154e-10,0.0
24537516.0,4995000000.0,5000000.0,5.0,0.0,0.1287,0.1287,0.1287,0.1287,0.063887,0.063887,0.00055581,0.063887,0.063887,0.051109,0.00055581,0.051109,0.0,0.0,0.0,0.0,2.154e-06,0.0,0.0,0.0,1e-07,0.0,0.0,0.0,0.0,1e-07,2.154e-06,0.0
24536650.0,4995000000.0,5000000.0,5.0,0.0,0.1287,0.1287,0.1287,0.1287,0.063887,0.063887,6.1098e-06,0.063887,0.063887,6.1098e-06,6.1098e-06,6.1098e-06,0.0,0.0,0.0,0.0,0.001,0.0,0.0,0.0,4.642e-05,0.0,0.0,0.0,0.0,4.642e-05,0.001,0.0
24536709.0,4995000000.0,5000000.0,5.0,0.0,0.1287,0.1287,0.1287,0.1287,0.063887,0.063887,6.1098e-06,0.063887,0.063887,0.00055581,6.1098e-06,0.00055581,0.0,0.0,0.0,0.0,2.154e-10,0.0,0.0,0.0,2.154e-10,0.0,0.0,0.0,0.0,2.154e-10,2.154e-10,0.0
24536701.0,4995000000.0,5000000.0,5.0,0.0,0.1287,0.1287,0.1287,0.1287,0.063887,0.063887,6.1098e-06,0.063887,0.063887,0.00055581,6.1098e-06,0.00055581,0.0,0.0,0.0,0.0,1e-11,0.0,0.0,0.0,1e-11,0.0,0.0,0.0,0.0,1e-11,1e-11,0.0
24536134.0,4995000000.0,5000000.0,5.0,0.0,0.1287,0.1287,0.1287,0.1287,0.063887,0.063887,0.0,0.063887,0.063887,0.051109,0.0,0.051109,0.0,0.0,0.0,0.0,1e-07,0.0,0.0,0.0,1e-11,0.0,0.0,0.0,0.0,1e-11,1e-07,0.0
24536215.0,4995000000.0,5000000.0,5.0,0.0,0.1287,0.1287,0.1287,0.1287,0.063887,0.063887,6.3887e-07,0.063887,0.063887,6.3887e-07,6.3887e-07,6.3887e-07,0.0,0.0,0.0,0.0,1e-11,0.0,0.0,0.0,2.154e-06,0.0,0.0,0.0,0.0,2.154e-06,1e-11,0.0
24536011.0,4995000000.0,5000000.0,5.0,0.0,0.1287,0.1287,0.1287,0.1287,0.063887,0.063887,0.0,0.063887,0.063887,5.8431e-05,0.0,5.8431e-05,0.0,0.0,0.0,0.0,0.001,0.0,0.0,0.0,1e-07,0.0,0.0,0.0,0.0,1e-07,0.001,0.0
24537947.0,4995000000.0,5000000.0,5.0,0.0,0.1287,0.1287,0.1287,0.1287,0.063887,0.063887,0.051109,0.063887,0.063887,6.3887e-07,0.051109,6.3887e-07,0.0,0.0,0.0,0.0,1e-07,0.0,0.0,0.0,1e-11,0.0,0.0,0.0,0.0,1e-11,1e-07,0.0
24537214.0,4995000000.0,5000000.0,5.0,0.0,0.1287,0.1287,0.1287,0.1287,0.063887,0.063887,0.00055581,0.063887,0.063887,0.0,0.00055581,0.0,0.0,0.0,0.0,0.0,1e-07,0.0,0.0,0.0,4.642e-09,0.0,0.0,0.0,0.0,4.642e-09,1e-07,0.0
24537966.0,4995000000.0,5000000.0,5.0,0.0,0.1287,0.1287,0.1287,0.1287,0.063887,0.063887,0.051109,0.063887,0.063887,6.3887e-07,0.051109,6.3887e-07,0.0,0.0,0.0,0.0,4.642e-05,0.0,0.0,0.0,4.642e-05,0.0,0.0,0.0,0.0,4.642e-05,4.642e-05,0.0
24535976.0,4995000000.0,5000000.0,5.0,0.0,0.1287,0.1287,0.1287,0.1287,0.063887,0.063887,0.0,0.063887,0.063887,5.8431e-05,0.0,5.8431e-05,0.0,0.0,0.0,0.0,2.154e-10,0.0,0.0,0.0,1e-07,0.0,0.0,0.0,0.0,1e-07,2.154e-10,0.0
24537342.0,4995000000.0,5000000.0,5.0,0.0,0.1287,0.1287,0.1287,0.1287,0.063887,0.063887,0.00055581,0.063887,0.063887,5.8431e-05,0.00055581,5.8431e-05,0.0,0.0,0.0,0.0,1e-11,0.0,0.0,0.0,2.154e-06,0.0,0.0,0.0,0.0,2.154e-06,1e-11,0.0
24536740.0,4995000000.0,5000000.0,5.0,0.0,0.1287,0.1287,0.1287,0.1287,0.063887,0.063887,6.1098e-06,0.063887,0.063887,0.00055581,6.1098e-06,0.00055581,0.0,0.0,0.0,0.0,4.642e-05,0.0,0.0,0.0,2.154e-06,0.0,0.0,0.0,0.0,2.154e-06,4.642e-05,0.0
24537099.0,4995000000.0,5000000.0,5.0,0.0,0.1287,0.1287,0.1287,0.1287,0.063887,0.063887,5.8431e-05,0.063887,0.063887,0.0053473,5.8431e-05,0.0053473,0.0,0.0,0.0,0.0,1e-11,0.0,0.0,0.0,0.001,0.0,0.0,0.0,0.0,0.001,1e-11,0.0
24536440.0,4995000000.0,5000000.0,5.0,0.0,0.1287,0.1287,0.1287,0.1287,0.063887,0.063887,6.3887e-07,0.063887,0.063887,0.0053473,6.3887e-07,0.0053473,0.0,0.0,0.0,0.0,2.154e-06,0.0,0.0,0.0,4.642e-05,0.0,0.0,0.0,0.0,4.642e-05,2.154e-06,0.0
24536731.0,4995000000.0,5000000.0,5.0,0.0,0.1287,0.1287,0.1287,0.1287,0.063887,0.063887,6.1098e-06,0.063887,0.063887,0.00055581,6.1098e-06,0.00055581,0.0,0.0,0.0,0.0,2.154e-06,0.0,0.0,0.0,4.642e-09,0.0,0.0,0.0,0.0,4.642e-09,2.154e-06,0.0
24537548.0,4995000000.0,5000000.0,5.0,0.0,0.1287,0.1287,0.1287,0.1287,0.063887,0.063887,0.0053473,0.063887,0.063887,0.0,0.0053473,0.0,0.0,0.0,0.0,0.0,4.642e-09,0.0,0.0,0.0,1e-11,0.0,0.0,0.0,0.0,1e-11,4.642e-09,0.0
24537606.0,4995000000.0,5000000.0,5.0,0.0,0.1287,0.1287,0.1287,0.1287,0.063887,0.063887,0.0053473,0.063887,0.063887,6.3887e-07,0.0053473,6.3887e-07,0.0,0.0,0.0,0.0,1e-07,0.0,0.0,0.0,4.642e-09,0.0,0.0,0.0,0.0,4.642e-09,1e-07,0.0
24537240.0,4995000000.0,5000000.0,5.0,0.0,0.1287,0.1287,0.1287,0.1287,0.063887,0.063887,0.00055581,0.063887,0.063887,6.3887e-07,0.00055581,6.3887e-07,0.0,0.0,0.0,0.0,1e-11,0.0,0.0,0.0,1e-11,0.0,0.0,0.0,0.0,1e-11,1e-11,0.0
24538013.0,4995000000.0,5000000.0,5.0,0.0,0.1287,0.1287,0.1287,0.1287,0.063887,0.063887,0.051109,0.063887,0.063887,6.1098e-06,0.051109,6.1098e-06,0.0,0.0,0.0,0.0,4.642e-05,0.0,0.0,0.0,1e-07,0.0,0.0,0.0,0.0,1e-07,4.642e-05,0.0
24535881.0,4995000000.0,5000000.0,5.0,0.0,0.1287,0.1287,0.1287,0.1287,0.063887,0.063887,0.0,0.063887,0.063887,6.3887e-07,0.0,6.3887e-07,0.0,0.0,0.0,0.0,2.154e-10,0.0,0.0,0.0,0.001,0.0,0.0,0.0,0.0,0.001,2.154e-10,0.0
24538037.0,4995000000.0,5000000.0,5.0,0.0,0.1287,0.1287,0.1287,0.1287,0.063887,0.063887,0.051109,0.063887,0.063887,5.8431e-05,0.051109,5.8431e-05,0.0,0.0,0.0,0.0,2.154e-10,0.0,0.0,0.0,0.001,0.0,0.0,0.0,0.0,0.001,2.154e-10,0.0
24537212.0,4995000000.0,5000000.0,5.0,0.0,0.1287,0.1287,0.1287,0.1287,0.063887,0.063887,0.00055581,0.063887,0.063887,0.0,0.00055581,0.0,0.0,0.0,0.0,0.0,1e-07,0.0,0.0,0.0,1e-11,0.0,0.0,0.0,0.0,1e-11,1e-07,0.0
24535835.0,4995000000.0,5000000.0,5.0,0.0,0.1287,0.1287,0.1287,0.1287,0.063887,0.063887,0.0,0.063887,0.063887,0.0,0.0,0.0,0.0,0.0,0.0,0.0,4.642e-09,0.0,0.0,0.0,4.642e-09,0.0,0.0,0.0,0.0,4.642e-09,4.642e-09,0.0
24536687.0,4995000000.0,5000000.0,5.0,0.0,0.1287,0.1287,0.1287,0.1287,0.063887,0.063887,6.1098e-06,0.063887,0.063887,5.8431e-05,6.1098e-06,5.8431e-05,0.0,0.0,0.0,0.0,4.642e-05,0.0,0.0,0.0,1e-11,0.0,0.0,0.0,0.0,1e-11,4.642e-05,0.0
24536109.0,4995000000.0,5000000.0,5.0,0.0,0.1287,0.1287,0.1287,0.1287,0.063887,0.063887,0.0,0.063887,0.063887,0.0053473,0.0,0.0053473,0.0,0.0,0.0,0.0,0.001,0.0,0.0,0.0,1e-07,0.0,0.0,0.0,0.0,1e-07,0.001,0.0
24536497.0,4995000000.0,5000000.0,5.0,0.0,0.1287,0.1287,0.1287,0.1287,0.063887,0.063887,6.3887e-07,0.063887,0.063887,0.051109,6.3887e-07,0.051109,0.0,0.0,0.0,0.0,4.642e-05,0.0,0.0,0.0,0.001,0.0,0.0,0.0,0.0,0.001,4.642e-05,0.0
24536953.0,4995000000.0,5000000.0,5.0,0.0,0.1287,0.1287,0.1287,0.1287,0.063887,0.063887,5.8431e-05,0.063887,0.063887,6.1098e-06,5.8431e-05,6.1098e-06,0.0,0.0,0.0,0.0,2.154e-10,0.0,0.0,0.0,1e-11,0.0,0.0,0.0,0.0,1e-11,2.154e-10,0.0
24536142.0,4995000000.0,5000000.0,5.0,0.0,0.1287,0.1287,0.1287,0.1287,0.063887,0.063887,0.0,0.063887,0.063887,0.051109,0.0,0.051109,0.0,0.0,0.0,0.0,2.154e-06,0.0,0.0,0.0,2.154e-10,0.0,0.0,0.0,0.0,2.154e-10,2.154e-06,0.0
24537906.0,4995000000.0,5000000.0,5.0,0.0,0.1287,0.1287,0.1287,0.1287,0.063887,0.063887,0.051109,0.063887,0.063887,0.0,0.051109,0.0,0.0,0.0,0.0,0.0,2.154e-06,0.0,0.0,0.0,2.154e-10,0.0,0.0,0.0,0.0,2.154e-10,2.154e-06,0.0
24536276.0,4995000000.0,5000000.0,5.0,0.0,0.1287,0.1287,0.1287,0.1287,0.063887,0.063887,6.3887e-07,0.063887,0.063887,6.1098e-06,6.3887e-07,6.1098e-06,0.0,0.0,0.0,0.0,4.642e-09,0.0,0.0,0.0,4.642e-09,0.0,0.0,0.0,0.0,4.642e-09,4.642e-09,0.0
24537287.0,4995000000.0,5000000.0,5.0,0.0,0.1287,0.1287,0.1287,0.1287,0.063887,0.063887,0.00055581,0.063887,0.063887,6.3887e-07,0.00055581,6.3887e-07,0.0,0.0,0.0,0.0,0.001,0.0,0.0,0.0,4.642e-05,0.0,0.0,0.0,0.0,4.642e-05,0.001,0.0
24536809.0,4995000000.0,5000000.0,5.0,0.0,0.1287,0.1287,0.1287,0.1287,0.063887,0.063887,6.1098e-06,0.063887,0.063887,0.051109,6.1098e-06,0.051109,0.0,0.0,0.0,0.0,2.154e-10,0.0,0.0,0.0,1e-07,0.0,0.0,0.0,0.0,1e-07,2.154e-10,0.0
24537844.0,4995000000.0,5000000.0,5.0,0.0,0.1287,0.1287,0.1287,0.1287,0.063887,0.063887,0.0053473,0.063887,0.063887,0.051109,0.0053473,0.051109,0.0,0.0,0.0,0.0,4.642e-09,0.0,0.0,0.0,4.642e-09,0.0,0.0,0.0,0.0,4.642e-09,4.642e-09,0.0
24537582.0,4995000000.0,5000000.0,5.0,0.0,0.1287,0.1287,0.1287,0.1287,0.063887,0.063887,0.0053473,0.063887,0.063887,0.0,0.0053473,0.0,0.0,0.0,0.0,0.0,0.001,0.0,0.0,0.0,0.001,0.0,0.0,0.0,0.0,0.001,0.001,0.0
24537948.0,4995000000.0,5000000.0,5.0,0.0,0.1287,0.1287,0.1287,0.1287,0.063887,0.063887,0.051109,0.063887,0.063887,6.3887e-07,0.051109,6.3887e-07,0.0,0.0,0.0,0.0,1e-07,0.0,0.0,0.0,2.154e-10,0.0,0.0,0.0,0.0,2.154e-10,1e-07,0.0
24537708.0,4995000000.0,5000000.0,5.0,0.0,0.1287,0.1287,0.1287,0.1287,0.063887,0.063887,0.0053473,0.063887,0.063887,5.8431e-05,0.0053473,5.8431e-05,0.0,0.0,0.0,0.0,1e-07,0.0,0.0,0.0,0.001,0.0,0.0,0.0,0.0,0.001,1e-07,0.0
24536702.0,4995000000.0,5000000.0,5.0,0.0,0.1287,0.1287,0.1287,0.1287,0.063887,0.063887,6.1098e-06,0.063887,0.063887,0.00055581,6.1098e-06,0.00055581,0.0,0.0,0.0,0.0,1e-11,0.0,0.0,0.0,2.154e-10,0.0,0.0,0.0,0.0,2.154e-10,1e-11,0.0
24536377.0,4995000000.0,5000000.0,5.0,0.0,0.1287,0.1287,0.1287,0.1287,0.063887,0.063887,6.3887e-07,0.063887,0.063887,0.00055581,6.3887e-07,0.00055581,0.0,0.0,0.0,0.0,4.642e-09,0.0,0.0,0.0,4.642e-05,0.0,0.0,0.0,0.0,4.642e-05,4.642e-09,0.0
24537870.0,4995000000.0,5000000.0,5.0,0.0,0.1287,0.1287,0.1287,0.1287,0.063887,0.063887,0.0053473,0.063887,0.063887,0.051109,0.0053473,0.051109,0.0,0.0,0.0,0.0,0.001,0.0,0.0,0.0,1e-11,0.0,0.0,0.0,0.0,1e-11,0.001,0.0
24535962.0,4995000000.0,5000000.0,5.0,0.0,0.1287,0.1287,0.1287,0.1287,0.063887,0.063887,0.0,0.063887,0.063887,6.1098e-06,0.0,6.1098e-06,0.0,0.0,0.0,0.0,0.001,0.0,0.0,0.0,1e-07,0.0,0.0,0.0,0.0,1e-07,0.001,0.0
24536004.0,4995000000.0,5000000.0,5.0,0.0,0.1287,0.1287,0.1287,0.1287,0.063887,0.063887,0.0,0.063887,0.063887,5.8431e-05,0.0,5.8431e-05,0.0,0.0,0.0,0.0,4.642e-05,0.0,0.0,0.0,1e-07,0.0,0.0,0.0,0.0,1e-07,4.642e-05,0.0
24537159.0,4995000000.0,5000000.0,5.0,0.0,0.1287,0.1287,0.1287,0.1287,0.063887,0.063887,5.8431e-05,0.063887,0.063887,0.051109,5.8431e-05,0.051109,0.0,0.0,0.0,0.0,4.642e-09,0.0,0.0,0.0,1e-07,0.0,0.0,0.0,0.0,1e-07,4.642e-09,0.0
24536037.0,4995000000.0,5000000.0,5.0,0.0,0.1287,0.1287,0.1287,0.1287,0.063887,0.063887,0.0,0.063887,0.063887,0.00055581,0.0,0.00055581,0.0,0.0,0.0,0.0,1e-07,0.0,0.0,0.0,2.154e-10,0.0,0.0,0.0,0.0,2.154e-10,1e-07,0.0
24537465.0,4995000000.0,5000000.0,5.0,0.0,0.1287,0.1287,0.1287,0.1287,0.063887,0.063887,0.00055581,0.063887,0.063887,0.0053473,0.00055581,0.0053473,0.0,0.0,0.0,0.0,2.154e-06,0.0,0.0,0.0,2.154e-10,0.0,0.0,0.0,0.0,2.154e-10,2.154e-06,0.0
24537098.0,4995000000.0,5000000.0,5.0,0.0,0.1287,0.1287,0.1287,0.1287,0.063887,0.063887,5.8431e-05,0.063887,0.063887,0.0053473,5.8431e-05,0.0053473,0.0,0.0,0.0,0.0,1e-11,0.0,0.0,0.0,4.642e-05,0.0,0.0,0.0,0.0,4.642e-05,1e-11,0.0
24537855.0,4995000000.0,5000000.0,5.0,0.0,0.1287,0.1287,0.1287,0.1287,0.063887,0.063887,0.0053473,0.063887,0.063887,0.051109,0.0053473,0.051109,0.0,0.0,0.0,0.0,1e-07,0.0,0.0,0.0,0.001,0.0,0.0,0.0,0.0,0.001,1e-07,0.0
24535873.0,4995000000.0,5000000.0,5.0,0.0,0.1287,0.1287,0.1287,0.1287,0.063887,0.063887,0.0,0.063887,0.063887,6.3887e-07,0.0,6.3887e-07,0.0,0.0,0.0,0.0,1e-11,0.0,0.0,0.0,4.642e-05,0.0,0.0,0.0,0.0,4.642e-05,1e-11,0.0
24537370.0,4995000000.0,5000000.0,5.0,0.0,0.1287,0.1287,0.1287,0.1287,0.063887,0.063887,0.00055581,0.063887,0.063887,5.8431e-05,0.00055581,5.8431e-05,0.0,0.0,0.0,0.0,2.154e-06,0.0,0.0,0.0,2.154e-06,0.0,0.0,0.0,0.0,2.154e-06,2.154e-06,0.0
24538119.0,4995000000.0,5000000.0,5.0,0.0,0.1287,0.1287,0.1287,0.1287,0.063887,0.063887,0.051109,0.063887,0.063887,0.00055581,0.051109,0.00055581,0.0,0.0,0.0,0.0,0.001,0.0,0.0,0.0,2.154e-06,0.0,0.0,0.0,0.0,2.154e-06,0.001,0.0
24535954.0,4995000000.0,5000000.0,5.0,0.0,0.1287,0.1287,0.1287,0.1287,0.063887,0.063887,0.0,0.063887,0.063887,6.1098e-06,0.0,6.1098e-06,0.0,0.0,0.0,0.0,4.642e-05,0.0,0.0,0.0,4.642e-09,0.0,0.0,0.0,0.0,4.642e-09,4.642e-05,0.0
24536512.0,4995000000.0,5000000.0,5.0,0.0,0.1287,0.1287,0.1287,0.1287,0.063887,0.063887,6.1098e-06,0.063887,0.063887,0.0,6.1098e-06,0.0,0.0,0.0,0.0,0.0,2.154e-10,0.0,0.0,0.0,1e-11,0.0,0.0,0.0,0.0,1e-11,2.154e-10,0.0
24536750.0,4995000000.0,5000000.0,5.0,0.0,0.1287,0.1287,0.1287,0.1287,0.063887,0.063887,6.1098e-06,0.063887,0.063887,0.0053473,6.1098e-06,0.0053473,0.0,0.0,0.0,0.0,1e-11,0.0,0.0,0.0,1e-11,0.0,0.0,0.0,0.0,1e-11,1e-11,0.0
24536239.0,4995000000.0,5000000.0,5.0,0.0,0.1287,0.1287,0.1287,0.1287,0.063887,0.063887,6.3887e-07,0.063887,0.063887,6.3887e-07,6.3887e-07,6.3887e-07,0.0,0.0,0.0,0.0,2.154e-06,0.0,0.0,0.0,1e-11,0.0,0.0,0.0,0.0,1e-11,2.154e-06,0.0
24537373.0,4995000000.0,5000000.0,5.0,0.0,0.1287,0.1287,0.1287,0.1287,0.063887,0.063887,0.00055581,0.063887,0.063887,5.8431e-05,0.00055581,5.8431e-05,0.0,0.0,0.0,0.0,4.642e-05,0.0,0.0,0.0,1e-11,0.0,0.0,0.0,0.0,1e-11,4.642e-05,0.0
24537566.0,4995000000.0,5000000.0,5.0,0.0,0.1287,0.1287,0.1287,0.1287,0.063887,0.063887,0.0053473,0.063887,0.063887,0.0,0.0053473,0.0,0.0,0.0,0.0,0.0,2.154e-06,0.0,0.0,0.0,2.154e-06,0.0,0.0,0.0,0.0,2.154e-06,2.154e-06,0.0
24536436.0,4995000000.0,5000000.0,5.0,0.0,0.1287,0.1287,0.1287,0.1287,0.063887,0.063887,6.3887e-07,0.063887,0.063887,0.0053473,6.3887e-07,0.0053473,0.0,0.0,0.0,0.0,2.154e-06,0.0,0.0,0.0,2.154e-10,0.0,0.0,0.0,0.0,2.154e-10,2.154e-06,0.0
24536681.0,4995000000.0,5000000.0,5.0,0.0,0.1287,0.1287,0.1287,0.1287,0.063887,0.063887,6.1098e-06,0.063887,0.063887,5.8431e-05,6.1098e-06,5.8431e-05,0.0,0.0,0.0,0.0,2.154e-06,0.0,0.0,0.0,2.154e-10,0.0,0.0,0.0,0.0,2.154e-10,2.154e-06,0.0
24536555.0,4995000000.0,5000000.0,5.0,0.0,0.1287,0.1287,0.1287,0.1287,0.063887,0.063887,6.1098e-06,0.063887,0.063887,6.3887e-07,6.1098e-06,6.3887e-07,0.0,0.0,0.0,0.0,1e-11,0.0,0.0,0.0,2.154e-10,0.0,0.0,0.0,0.0,2.154e-10,1e-11,0.0
24536033.0,4995000000.0,5000000.0,5.0,0.0,0.1287,0.1287,0.1287,0.1287,0.063887,0.063887,0.0,0.063887,0.063887,0.00055581,0.0,0.00055581,0.0,0.0,0.0,0.0,4.642e-09,0.0,0.0,0.0,2.154e-06,0.0,0.0,0.0,0.0,2.154e-06,4.642e-09,0.0
24536925.0,4995000000.0,5000000.0,5.0,0.0,0.1287,0.1287,0.1287,0.1287,0.063887,0.063887,5.8431e-05,0.063887,0.063887,6.3887e-07,5.8431e-05,6.3887e-07,0.0,0.0,0.0,0.0,2.154e-06,0.0,0.0,0.0,1e-11,0.0,0.0,0.0,0.0,1e-11,2.154e-06,0.0
24537881.0,4995000000.0,5000000.0,5.0,0.0,0.1287,0.1287,0.1287,0.1287,0.063887,0.063887,0.051109,0.063887,0.063887,0.0,0.051109,0.0,0.0,0.0,0.0,0.0,1e-11,0.0,0.0,0.0,2.154e-06,0.0,0.0,0.0,0.0,2.154e-06,1e-11,0.0
24538075.0,4995000000.0,5000000.0,5.0,0.0,0.1287,0.1287,0.1287,0.1287,0.063887,0.063887,0.051109,0.063887,0.063887,0.00055581,0.051109,0.00055581,0.0,0.0,0.0,0.0,1e-11,0.0,0.0,0.0,4.642e-09,0.0,0.0,0.0,0.0,4.642e-09,1e-11,0.0
24538212.0,4995000000.0,5000000.0,5.0,0.0,0.1287,0.1287,0.1287,0.1287,0.063887,0.063887,0.051109,0.063887,0.063887,0.051109,0.051109,0.051109,0.0,0.0,0.0,0.0,4.642e-05,0.0,0.0,0.0,0.001,0.0,0.0,0.0,0.0,0.001,4.642e-05,0.0
24538078.0,4995000000.0,5000000.0,5.0,0.0,0.1287,0.1287,0.1287,0.1287,0.063887,0.063887,0.051109,0.063887,0.063887,0.00055581,0.051109,0.00055581,0.0,0.0,0.0,0.0,1e-11,0.0,0.0,0.0,4.642e-05,0.0,0.0,0.0,0.0,4.642e-05,1e-11,0.0
24537995.0,4995000000.0,5000000.0,5.0,0.0,0.1287,0.1287,0.1287,0.1287,0.063887,0.063887,0.051109,0.063887,0.063887,6.1098e-06,0.051109,6.1098e-06,0.0,0.0,0.0,0.0,4.642e-09,0.0,0.0,0.0,0.001,0.0,0.0,0.0,0.0,0.001,4.642e-09,0.0
24537527.0,4995000000.0,5000000.0,5.0,0.0,0.1287,0.1287,0.1287,0.1287,0.063887,0.063887,0.00055581,0.063887,0.063887,0.051109,0.00055581,0.051109,0.0,0.0,0.0,0.0,0.001,0.0,0.0,0.0,1e-11,0.0,0.0,0.0,0.0,1e-11,0.001,0.0
24536361.0,4995000000.0,5000000.0,5.0,0.0,0.1287,0.1287,0.1287,0.1287,0.063887,0.063887,6.3887e-07,0.063887,0.063887,0.00055581,6.3887e-07,0.00055581,0.0,0.0,0.0,0.0,1e-11,0.0,0.0,0.0,1e-07,0.0,0.0,0.0,0.0,1e-07,1e-11,0.0
24535828.0,4995000000.0,5000000.0,5.0,0.0,0.1287,0.1287,0.1287,0.1287,0.063887,0.063887,0.0,0.063887,0.063887,0.0,0.0,0.0,0.0,0.0,0.0,0.0,2.154e-10,0.0,0.0,0.0,4.642e-09,0.0,0.0,0.0,0.0,4.642e-09,2.154e-10,0.0
24536539.0,4995000000.0,5000000.0,5.0,0.0,0.1287,0.1287,0.1287,0.1287,0.063887,0.063887,6.1098e-06,0.063887,0.063887,0.0,6.1098e-06,0.0,0.0,0.0,0.0,0.0,2.154e-06,0.0,0.0,0.0,0.001,0.0,0.0,0.0,0.0,0.001,2.154e-06,0.0
24537105.0,4995000000.0,5000000.0,5.0,0.0,0.1287,0.1287,0.1287,0.1287,0.063887,0.063887,5.8431e-05,0.063887,0.063887,0.0053473,5.8431e-05,0.0053473,0.0,0.0,0.0,0.0,2.154e-10,0.0,0.0,0.0,4.642e-05,0.0,0.0,0.0,0.0,4.642e-05,2.154e-10,0.0
24537875.0,4995000000.0,5000000.0,5.0,0.0,0.1287,0.1287,0.1287,0.1287,0.063887,0.063887,0.0053473,0.063887,0.063887,0.051109,0.0053473,0.051109,0.0,0.0,0.0,0.0,0.001,0.0,0.0,0.0,4.642e-05,0.0,0.0,0.0,0.0,4.642e-05,0.001,0.0
24537715.0,4995000000.0,5000000.0,5.0,0.0,0.1287,0.1287,0.1287,0.1287,0.063887,0.063887,0.0053473,0.063887,0.063887,5.8431e-05,0.0053473,5.8431e-05,0.0,0.0,0.0,0.0,2.154e-06,0.0,0.0,0.0,0.001,0.0,0.0,0.0,0.0,0.001,2.154e-06,0.0
24537690.0,4995000000.0,5000000.0,5.0,0.0,0.1287,0.1287,0.1287,0.1287,0.063887,0.063887,0.0053473,0.063887,0.063887,5.8431e-05,0.0053473,5.8431e-05,0.0,0.0,0.0,0.0,2.154e-10,0.0,0.0,0.0,4.642e-09,0.0,0.0,0.0,0.0,4.642e-09,2.154e-10,0.0
24537166.0,4995000000.0,5000000.0,5.0,0.0,0.1287,0.1287,0.1287,0.1287,0.063887,0.063887,5.8431e-05,0.063887,0.063887,0.051109,5.8431e-05,0.051109,0.0,0.0,0.0,0.0,1e-07,0.0,0.0,0.0,1e-07,0.0,0.0,0.0,0.0,1e-07,1e-07,0.0
24537377.0,4995000000.0,5000000.0,5.0,0.0,0.1287,0.1287,0.1287,0.1287,0.063887,0.063887,0.00055581,0.063887,0.063887,5.8431e-05,0.00055581,5.8431e-05,0.0,0.0,0.0,0.0,4.642e-05,0.0,0.0,0.0,2.154e-06,0.0,0.0,0.0,0.0,2.154e-06,4.642e-05,0.0
24535894.0,4995000000.0,5000000.0,5.0,0.0,0.1287,0.1287,0.1287,0.1287,0.063887,0.063887,0.0,0.063887,0.063887,6.3887e-07,0.0,6.3887e-07,0.0,0.0,0.0,0.0,1e-07,0.0,0.0,0.0,4.642e-05,0.0,0.0,0.0,0.0,4.642e-05,1e-07,0.0
24538082.0,4995000000.0,5000000.0,5.0,0.0,0.1287,0.1287,0.1287,0.1287,0.063887,0.063887,0.051109,0.063887,0.063887,0.00055581,0.051109,0.00055581,0.0,0.0,0.0,0.0,2.154e-10,0.0,0.0,0.0,4.642e-09,0.0,0.0,0.0,0.0,4.642e-09,2.154e-10,0.0
24537462.0,4995000000.0,5000000.0,5.0,0.0,0.1287,0.1287,0.1287,0.1287,0.063887,0.063887,0.00055581,0.063887,0.063887,0.0053473,0.00055581,0.0053473,0.0,0.0,0.0,0.0,1e-07,0.0,0.0,0.0,4.642e-05,0.0,0.0,0.0,0.0,4.642e-05,1e-07,0.0
24537055.0,4995000000.0,5000000.0,5.0,0.0,0.1287,0.1287,0.1287,0.1287,0.063887,0.063887,5.8431e-05,0.063887,0.063887,0.00055581,5.8431e-05,0.00055581,0.0,0.0,0.0,0.0,2.154e-10,0.0,0.0,0.0,2.154e-06,0.0,0.0,0.0,0.0,2.154e-06,2.154e-10,0.0
24535963.0,4995000000.0,5000000.0,5.0,0.0,0.1287,0.1287,0.1287,0.1287,0.063887,0.063887,0.0,0.063887,0.063887,6.1098e-06,0.0,6.1098e-06,0.0,0.0,0.0,0.0,0.001,0.0,0.0,0.0,2.154e-06,0.0,0.0,0.0,0.0,2.154e-06,0.001,0.0
24538058.0,4995000000.0,5000000.0,5.0,0.0,0.1287,0.1287,0.1287,0.1287,0.063887,0.063887,0.051109,0.063887,0.063887,5.8431e-05,0.051109,5.8431e-05,0.0,0.0,0.0,0.0,2.154e-06,0.0,0.0,0.0,0.001,0.0,0.0,0.0,0.0,0.001,2.154e-06,0.0
24536262.0,4995000000.0,5000000.0,5.0,0.0,0.1287,0.1287,0.1287,0.1287,0.063887,0.063887,6.3887e-07,0.063887,0.063887,6.1098e-06,6.3887e-07,6.1098e-06,0.0,0.0,0.0,0.0,1e-11,0.0,0.0,0.0,4.642e-09,0.0,0.0,0.0,0.0,4.642e-09,1e-11,0.0
24537807.0,4995000000.0,5000000.0,5.0,0.0,0.1287,0.1287,0.1287,0.1287,0.063887,0.063887,0.0053473,0.063887,0.063887,0.0053473,0.0053473,0.0053473,0.0,0.0,0.0,0.0,2.154e-06,0.0,0.0,0.0,1e-11,0.0,0.0,0.0,0.0,1e-11,2.154e-06,0.0
24536008.0,4995000000.0,5000000.0,5.0,0.0,0.1287,0.1287,0.1287,0.1287,0.063887,0.063887,0.0,0.063887,0.063887,5.8431e-05,0.0,5.8431e-05,0.0,0.0,0.0,0.0,0.001,0.0,0.0,0.0,1e-11,0.0,0.0,0.0,0.0,1e-11,0.001,0.0
24537293.0,4995000000.0,5000000.0,5.0,0.0,0.1287,0.1287,0.1287,0.1287,0.063887,0.063887,0.00055581,0.063887,0.063887,6.1098e-06,0.00055581,6.1098e-06,0.0,0.0,0.0,0.0,1e-11,0.0,0.0,0.0,2.154e-06,0.0,0.0,0.0,0.0,2.154e-06,1e-11,0.0
24536691.0,4995000000.0,5000000.0,5.0,0.0,0.1287,0.1287,0.1287,0.1287,0.063887,0.063887,6.1098e-06,0.063887,0.063887,5.8431e-05,6.1098e-06,5.8431e-05,0.0,0.0,0.0,0.0,4.642e-05,0.0,0.0,0.0,2.154e-06,0.0,0.0,0.0,0.0,2.154e-06,4.642e-05,0.0
24536185.0,4995000000.0,5000000.0,5.0,0.0,0.1287,0.1287,0.1287,0.1287,0.063887,0.063887,6.3887e-07,0.063887,0.063887,0.0,6.3887e-07,0.0,0.0,0.0,0.0,0.0,1e-07,0.0,0.0,0.0,4.642e-09,0.0,0.0,0.0,0.0,4.642e-09,1e-07,0.0
24537993.0,4995000000.0,5000000.0,5.0,0.0,0.1287,0.1287,0.1287,0.1287,0.063887,0.063887,0.051109,0.063887,0.063887,6.1098e-06,0.051109,6.1098e-06,0.0,0.0,0.0,0.0,4.642e-09,0.0,0.0,0.0,2.154e-06,0.0,0.0,0.0,0.0,2.154e-06,4.642e-09,0.0
24536532.0,4995000000.0,5000000.0,5.0,0.0,0.1287,0.1287,0.1287,0.1287,0.063887,0.063887,6.1098e-06,0.063887,0.063887,0.0,6.1098e-06,0.0,0.0,0.0,0.0,0.0,1e-07,0.0,0.0,0.0,0.001,0.0,0.0,0.0,0.0,0.001,1e-07,0.0
24537439.0,4995000000.0,5000000.0,5.0,0.0,0.1287,0.1287,0.1287,0.1287,0.063887,0.063887,0.00055581,0.063887,0.063887,0.0053473,0.00055581,0.0053473,0.0,0.0,0.0,0.0,1e-11,0.0,0.0,0.0,1e-07,0.0,0.0,0.0,0.0,1e-07,1e-11,0.0
24537874.0,4995000000.0,5000000.0,5.0,0.0,0.1287,0.1287,0.1287,0.1287,0.063887,0.063887,0.0053473,0.063887,0.063887,0.051109,0.0053473,0.051109,0.0,0.0,0.0,0.0,0.001,0.0,0.0,0.0,2.154e-06,0.0,0.0,0.0,0.0,2.154e-06,0.001,0.0
24536118.0,4995000000.0,5000000.0,5.0,0.0,0.1287,0.1287,0.1287,0.1287,0.063887,0.063887,0.0,0.063887,0.063887,0.051109,0.0,0.051109,0.0,0.0,0.0,0.0,1e-11,0.0,0.0,0.0,4.642e-05,0.0,0.0,0.0,0.0,4.642e-05,1e-11,0.0
24537675.0,4995000000.0,5000000.0,5.0,0.0,0.1287,0.1287,0.1287,0.1287,0.063887,0.063887,0.0053473,0.063887,0.063887,6.1098e-06,0.0053473,6.1098e-06,0.0,0.0,0.0,0.0,0.001,0.0,0.0,0.0,2.154e-10,0.0,0.0,0.0,0.0,2.154e-10,0.001,0.0
24536332.0,4995000000.0,5000000.0,5.0,0.0,0.1287,0.1287,0.1287,0.1287,0.063887,0.063887,6.3887e-07,0.063887,0.063887,5.8431e-05,6.3887e-07,5.8431e-05,0.0,0.0,0.0,0.0,1e-07,0.0,0.0,0.0,4.642e-09,0.0,0.0,0.0,0.0,4.642e-09,1e-07,0.0
24537949.0,4995000000.0,5000000.0,5.0,0.0,0.1287,0.1287,0.1287,0.1287,0.063887,0.063887,0.051109,0.063887,0.063887,6.3887e-07,0.051109,6.3887e-07,0.0,0.0,0.0,0.0,1e-07,0.0,0.0,0.0,4.642e-09,0.0,0.0,0.0,0.0,4.642e-09,1e-07,0.0
24536169.0,4995000000.0,5000000.0,5.0,0.0,0.1287,0.1287,0.1287,0.1287,0.063887,0.063887,6.3887e-07,0.063887,0.063887,0.0,6.3887e-07,0.0,0.0,0.0,0.0,0.0,2.154e-10,0.0,0.0,0.0,1e-11,0.0,0.0,0.0,0.0,1e-11,2.154e-10,0.0
24536278.0,4995000000.0,5000000.0,5.0,0.0,0.1287,0.1287,0.1287,0.1287,0.063887,0.063887,6.3887e-07,0.063887,0.063887,6.1098e-06,6.3887e-07,6.1098e-06,0.0,0.0,0.0,0.0,4.642e-09,0.0,0.0,0.0,2.154e-06,0.0,0.0,0.0,0.0,2.154e-06,4.642e-09,0.0
24537767.0,4995000000.0,5000000.0,5.0,0.0,0.1287,0.1287,0.1287,0.1287,0.063887,0.063887,0.0053473,0.063887,0.063887,0.00055581,0.0053473,0.00055581,0.0,0.0,0.0,0.0,4.642e-05,0.0,0.0,0.0,4.642e-09,0.0,0.0,0.0,0.0,4.642e-09,4.642e-05,0.0
24538047.0,4995000000.0,5000000.0,5.0,0.0,0.1287,0.1287,0.1287,0.1287,0.063887,0.063887,0.051109,0.063887,0.063887,5.8431e-05,0.051109,5.8431e-05,0.0,0.0,0.0,0.0,1e-07,0.0,0.0,0.0,4.642e-09,0.0,0.0,0.0,0.0,4.642e-09,1e-07,0.0
24535877.0,4995000000.0,5000000.0,5.0,0.0,0.1287,0.1287,0.1287,0.1287,0.063887,0.063887,0.0,0.063887,0.063887,6.3887e-07,0.0,6.3887e-07,0.0,0.0,0.0,0.0,2.154e-10,0.0,0.0,0.0,4.642e-09,0.0,0.0,0.0,0.0,4.642e-09,2.154e-10,0.0
24536707.0,4995000000.0,5000000.0,5.0,0.0,0.1287,0.1287,0.1287,0.1287,0.063887,0.063887,6.1098e-06,0.063887,0.063887,0.00055581,6.1098e-06,0.00055581,0.0,0.0,0.0,0.0,1e-11,0.0,0.0,0.0,0.001,0.0,0.0,0.0,0.0,0.001,1e-11,0.0
24537988.0,4995000000.0,5000000.0,5.0,0.0,0.1287,0.1287,0.1287,0.1287,0.063887,0.063887,0.051109,0.063887,0.063887,6.1098e-06,0.051109,6.1098e-06,0.0,0.0,0.0,0.0,2.154e-10,0.0,0.0,0.0,0.001,0.0,0.0,0.0,0.0,0.001,2.154e-10,0.0
24537243.0,4995000000.0,5000000.0,5.0,0.0,0.1287,0.1287,0.1287,0.1287,0.063887,0.063887,0.00055581,0.063887,0.063887,6.3887e-07,0.00055581,6.3887e-07,0.0,0.0,0.0,0.0,1e-11,0.0,0.0,0.0,1e-07,0.0,0.0,0.0,0.0,1e-07,1e-11,0.0
24536449.0,4995000000.0,5000000.0,5.0,0.0,0.1287,0.1287,0.1287,0.1287,0.063887,0.063887,6.3887e-07,0.063887,0.063887,0.0053473,6.3887e-07,0.0053473,0.0,0.0,0.0,0.0,0.001,0.0,0.0,0.0,1e-11,0.0,0.0,0.0,0.0,1e-11,0.001,0.0
24537453.0,4995000000.0,5000000.0,5.0,0.0,0.1287,0.1287,0.1287,0.1287,0.063887,0.063887,0.00055581,0.063887,0.063887,0.0053473,0.00055581,0.0053473,0.0,0.0,0.0,0.0,4.642e-09,0.0,0.0,0.0,1e-07,0.0,0.0,0.0,0.0,1e-07,4.642e-09,0.0
24537001.0,4995000000.0,5000000.0,5.0,0.0,0.1287,0.1287,0.1287,0.1287,0.063887,0.063887,5.8431e-05,0.063887,0.063887,5.8431e-05,5.8431e-05,5.8431e-05,0.0,0.0,0.0,0.0,1e-11,0.0,0.0,0.0,0.001,0.0,0.0,0.0,0.0,0.001,1e-11,0.0
24535920.0,4995000000.0,5000000.0,5.0,0.0,0.1287,0.1287,0.1287,0.1287,0.063887,0.063887,0.0,0.063887,0.063887,6.1098e-06,0.0,6.1098e-06,0.0,0.0,0.0,0.0,1e-11,0.0,0.0,0.0,1e-07,0.0,0.0,0.0,0.0,1e-07,1e-11,0.0
24537150.0,4995000000.0,5000000.0,5.0,0.0,0.1287,0.1287,0.1287,0.1287,0.063887,0.063887,5.8431e-05,0.063887,0.063887,0.051109,5.8431e-05,0.051109,0.0,0.0,0.0,0.0,2.154e-10,0.0,0.0,0.0,2.154e-10,0.0,0.0,0.0,0.0,2.154e-10,2.154e-10,0.0
24538065.0,4995000000.0,5000000.0,5.0,0.0,0.1287,0.1287,0.1287,0.1287,0.063887,0.063887,0.051109,0.063887,0.063887,5.8431e-05,0.051109,5.8431e-05,0.0,0.0,0.0,0.0,4.642e-05,0.0,0.0,0.0,0.001,0.0,0.0,0.0,0.0,0.001,4.642e-05,0.0
24535983.0,4995000000.0,5000000.0,5.0,0.0,0.1287,0.1287,0.1287,0.1287,0.063887,0.063887,0.0,0.063887,0.063887,5.8431e-05,0.0,5.8431e-05,0.0,0.0,0.0,0.0,4.642e-09,0.0,0.0,0.0,1e-07,0.0,0.0,0.0,0.0,1e-07,4.642e-09,0.0
24537951.0,4995000000.0,5000000.0,5.0,0.0,0.1287,0.1287,0.1287,0.1287,0.063887,0.063887,0.051109,0.063887,0.063887,6.3887e-07,0.051109,6.3887e-07,0.0,0.0,0.0,0.0,1e-07,0.0,0.0,0.0,2.154e-06,0.0,0.0,0.0,0.0,2.154e-06,1e-07,0.0
24538142.0,4995000000.0,5000000.0,5.0,0.0,0.1287,0.1287,0.1287,0.1287,0.063887,0.063887,0.051109,0.063887,0.063887,0.0053473,0.051109,0.0053473,0.0,0.0,0.0,0.0,4.642e-09,0.0,0.0,0.0,0.001,0.0,0.0,0.0,0.0,0.001,4.642e-09,0.0
24536180.0,4995000000.0,5000000.0,5.0,0.0,0.1287,0.1287,0.1287,0.1287,0.063887,0.063887,6.3887e-07,0.063887,0.063887,0.0,6.3887e-07,0.0,0.0,0.0,0.0,0.0,4.642e-09,0.0,0.0,0.0,2.154e-06,0.0,0.0,0.0,0.0,2.154e-06,4.642e-09,0.0
24536331.0,4995000000.0,5000000.0,5.0,0.0,0.1287,0.1287,0.1287,0.1287,0.063887,0.063887,6.3887e-07,0.063887,0.063887,5.8431e-05,6.3887e-07,5.8431e-05,0.0,0.0,0.0,0.0,1e-07,0.0,0.0,0.0,2.154e-10,0.0,0.0,0.0,0.0,2.154e-10,1e-07,0.0
24536651.0,4995000000.0,5000000.0,5.0,0.0,0.1287,0.1287,0.1287,0.1287,0.063887,0.063887,6.1098e-06,0.063887,0.063887,6.1098e-06,6.1098e-06,6.1098e-06,0.0,0.0,0.0,0.0,0.001,0.0,0.0,0.0,0.001,0.0,0.0,0.0,0.0,0.001,0.001,0.0
24536393.0,4995000000.0,5000000.0,5.0,0.0,0.1287,0.1287,0.1287,0.1287,0.063887,0.063887,6.3887e-07,0.063887,0.063887,0.00055581,6.3887e-07,0.00055581,0.0,0.0,0.0,0.0,4.642e-05,0.0,0.0,0.0,1e-11,0.0,0.0,0.0,0.0,1e-11,4.642e-05,0.0
24536448.0,4995000000.0,5000000.0,5.0,0.0,0.1287,0.1287,0.1287,0.1287,0.063887,0.063887,6.3887e-07,0.063887,0.063887,0.0053473,6.3887e-07,0.0053473,0.0,0.0,0.0,0.0,4.642e-05,0.0,0.0,0.0,0.001,0.0,0.0,0.0,0.0,0.001,4.642e-05,0.0
24537829.0,4995000000.0,5000000.0,5.0,0.0,0.1287,0.1287,0.1287,0.1287,0.063887,0.063887,0.0053473,0.063887,0.063887,0.051109,0.0053473,0.051109,0.0,0.0,0.0,0.0,1e-11,0.0,0.0,0.0,2.154e-10,0.0,0.0,0.0,0.0,2.154e-10,1e-11,0.0
24536721.0,4995000000.0,5000000.0,5.0,0.0,0.1287,0.1287,0.1287,0.1287,0.063887,0.063887,6.1098e-06,0.063887,0.063887,0.00055581,6.1098e-06,0.00055581,0.0,0.0,0.0,0.0,4.642e-09,0.0,0.0,0.0,0.001,0.0,0.0,0.0,0.0,0.001,4.642e-09,0.0
24536930.0,4995000000.0,5000000.0,5.0,0.0,0.1287,0.1287,0.1287,0.1287,0.063887,0.063887,5.8431e-05,0.063887,0.063887,6.3887e-07,5.8431e-05,6.3887e-07,0.0,0.0,0.0,0.0,2.154e-06,0.0,0.0,0.0,4.642e-05,0.0,0.0,0.0,0.0,4.642e-05,2.154e-06,0.0
24536286.0,4995000000.0,5000000.0,5.0,0.0,0.1287,0.1287,0.1287,0.1287,0.063887,0.063887,6.3887e-07,0.063887,0.063887,6.1098e-06,6.3887e-07,6.1098e-06,0.0,0.0,0.0,0.0,1e-07,0.0,0.0,0.0,4.642e-05,0.0,0.0,0.0,0.0,4.642e-05,1e-07,0.0
24536811.0,4995000000.0,5000000.0,5.0,0.0,0.1287,0.1287,0.1287,0.1287,0.063887,0.063887,6.1098e-06,0.063887,0.063887,0.051109,6.1098e-06,0.051109,0.0,0.0,0.0,0.0,2.154e-10,0.0,0.0,0.0,4.642e-05,0.0,0.0,0.0,0.0,4.642e-05,2.154e-10,0.0
24535973.0,4995000000.0,5000000.0,5.0,0.0,0.1287,0.1287,0.1287,0.1287,0.063887,0.063887,0.0,0.063887,0.063887,5.8431e-05,0.0,5.8431e-05,0.0,0.0,0.0,0.0,2.154e-10,0.0,0.0,0.0,1e-11,0.0,0.0,0.0,0.0,1e-11,2.154e-10,0.0
24537658.0,4995000000.0,5000000.0,5.0,0.0,0.1287,0.1287,0.1287,0.1287,0.063887,0.063887,0.0053473,0.063887,0.063887,6.1098e-06,0.0053473,6.1098e-06,0.0,0.0,0.0,0.0,1e-07,0.0,0.0,0.0,4.642e-05,0.0,0.0,0.0,0.0,4.642e-05,1e-07,0.0
24537183.0,4995000000.0,5000000.0,5.0,0.0,0.1287,0.1287,0.1287,0.1287,0.063887,0.063887,5.8431e-05,0.063887,0.063887,0.051109,5.8431e-05,0.051109,0.0,0.0,0.0,0.0,4.642e-05,0.0,0.0,0.0,0.001,0.0,0.0,0.0,0.0,0.001,4.642e-05,0.0
24538079.0,4995000000.0,5000000.0,5.0,0.0,0.1287,0.1287,0.1287,0.1287,0.063887,0.063887,0.051109,0.063887,0.063887,0.00055581,0.051109,0.00055581,0.0,0.0,0.0,0.0,1e-11,0.0,0.0,0.0,0.001,0.0,0.0,0.0,0.0,0.001,1e-11,0.0
24536624.0,4995000000.0,5000000.0,5.0,0.0,0.1287,0.1287,0.1287,0.1287,0.063887,0.063887,6.1098e-06,0.063887,0.063887,6.1098e-06,6.1098e-06,6.1098e-06,0.0,0.0,0.0,0.0,1e-07,0.0,0.0,0.0,1e-11,0.0,0.0,0.0,0.0,1e-11,1e-07,0.0
24536305.0,4995000000.0,5000000.0,5.0,0.0,0.1287,0.1287,0.1287,0.1287,0.063887,0.063887,6.3887e-07,0.063887,0.063887,6.1098e-06,6.3887e-07,6.1098e-06,0.0,0.0,0.0,0.0,0.001,0.0,0.0,0.0,1e-07,0.0,0.0,0.0,0.0,1e-07,0.001,0.0
24536138.0,4995000000.0,5000000.0,5.0,0.0,0.1287,0.1287,0.1287,0.1287,0.063887,0.063887,0.0,0.063887,0.063887,0.051109,0.0,0.051109,0.0,0.0,0.0,0.0,1e-07,0.0,0.0,0.0,2.154e-06,0.0,0.0,0.0,0.0,2.154e-06,1e-07,0.0
24536179.0,4995000000.0,5000000.0,5.0,0.0,0.1287,0.1287,0.1287,0.1287,0.063887,0.063887,6.3887e-07,0.063887,0.063887,0.0,6.3887e-07,0.0,0.0,0.0,0.0,0.0,4.642e-09,0.0,0.0,0.0,1e-07,0.0,0.0,0.0,0.0,1e-07,4.642e-09,0.0
24535888.0,4995000000.0,5000000.0,5.0,0.0,0.1287,0.1287,0.1287,0.1287,0.063887,0.063887,0.0,0.063887,0.063887,6.3887e-07,0.0,6.3887e-07,0.0,0.0,0.0,0.0,4.642e-09,0.0,0.0,0.0,0.001,0.0,0.0,0.0,0.0,0.001,4.642e-09,0.0
24537554.0,4995000000.0,5000000.0,5.0,0.0,0.1287,0.1287,0.1287,0.1287,0.063887,0.063887,0.0053473,0.063887,0.063887,0.0,0.0053473,0.0,0.0,0.0,0.0,0.0,4.642e-09,0.0,0.0,0.0,0.001,0.0,0.0,0.0,0.0,0.001,4.642e-09,0.0
24537236.0,4995000000.0,5000000.0,5.0,0.0,0.1287,0.1287,0.1287,0.1287,0.063887,0.063887,0.00055581,0.063887,0.063887,0.0,0.00055581,0.0,0.0,0.0,0.0,0.0,0.001,0.0,0.0,0.0,1e-07,0.0,0.0,0.0,0.0,1e-07,0.001,0.0
24537602.0,4995000000.0,5000000.0,5.0,0.0,0.1287,0.1287,0.1287,0.1287,0.063887,0.063887,0.0053473,0.063887,0.063887,6.3887e-07,0.0053473,6.3887e-07,0.0,0.0,0.0,0.0,4.642e-09,0.0,0.0,0.0,4.642e-05,0.0,0.0,0.0,0.0,4.642e-05,4.642e-09,0.0
24537445.0,4995000000.0,5000000.0,5.0,0.0,0.1287,0.1287,0.1287,0.1287,0.063887,0.063887,0.00055581,0.063887,0.063887,0.0053473,0.00055581,0.0053473,0.0,0.0,0.0,0.0,2.154e-10,0.0,0.0,0.0,4.642e-09,0.0,0.0,0.0,0.0,4.642e-09,2.154e-10,0.0
24536490.0,4995000000.0,5000000.0,5.0,0.0,0.1287,0.1287,0.1287,0.1287,0.063887,0.063887,6.3887e-07,0.063887,0.063887,0.051109,6.3887e-07,0.051109,0.0,0.0,0.0,0.0,2.154e-06,0.0,0.0,0.0,0.001,0.0,0.0,0.0,0.0,0.001,2.154e-06,0.0
24536195.0,4995000000.0,5000000.0,5.0,0.0,0.1287,0.1287,0.1287,0.1287,0.063887,0.063887,6.3887e-07,0.063887,0.063887,0.0,6.3887e-07,0.0,0.0,0.0,0.0,0.0,2.154e-06,0.0,0.0,0.0,4.642e-05,0.0,0.0,0.0,0.0,4.642e-05,2.154e-06,0.0
24536521.0,4995000000.0,5000000.0,5.0,0.0,0.1287,0.1287,0.1287,0.1287,0.063887,0.063887,6.1098e-06,0.063887,0.063887,0.0,6.1098e-06,0.0,0.0,0.0,0.0,0.0,4.642e-09,0.0,0.0,0.0,4.642e-09,0.0,0.0,0.0,0.0,4.642e-09,4.642e-09,0.0
24536410.0,4995000000.0,5000000.0,5.0,0.0,0.1287,0.1287,0.1287,0.1287,0.063887,0.063887,6.3887e-07,0.063887,0.063887,0.0053473,6.3887e-07,0.0053473,0.0,0.0,0.0,0.0,1e-11,0.0,0.0,0.0,1e-07,0.0,0.0,0.0,0.0,1e-07,1e-11,0.0
24537313.0,4995000000.0,5000000.0,5.0,0.0,0.1287,0.1287,0.1287,0.1287,0.063887,0.063887,0.00055581,0.063887,0.063887,6.1098e-06,0.00055581,6.1098e-06,0.0,0.0,0.0,0.0,1e-07,0.0,0.0,0.0,1e-07,0.0,0.0,0.0,0.0,1e-07,1e-07,0.0
24535994.0,4995000000.0,5000000.0,5.0,0.0,0.1287,0.1287,0.1287,0.1287,0.063887,0.063887,0.0,0.063887,0.063887,5.8431e-05,0.0,5.8431e-05,0.0,0.0,0.0,0.0,2.154e-06,0.0,0.0,0.0,1e-11,0.0,0.0,0.0,0.0,1e-11,2.154e-06,0.0
24536642.0,4995000000.0,5000000.0,5.0,0.0,0.1287,0.1287,0.1287,0.1287,0.063887,0.063887,6.1098e-06,0.063887,0.063887,6.1098e-06,6.1098e-06,6.1098e-06,0.0,0.0,0.0,0.0,4.642e-05,0.0,0.0,0.0,2.154e-06,0.0,0.0,0.0,0.0,2.154e-06,4.642e-05,0.0
24537146.0,4995000000.0,5000000.0,5.0,0.0,0.1287,0.1287,0.1287,0.1287,0.063887,0.063887,5.8431e-05,0.063887,0.063887,0.051109,5.8431e-05,0.051109,0.0,0.0,0.0,0.0,1e-11,0.0,0.0,0.0,2.154e-06,0.0,0.0,0.0,0.0,2.154e-06,1e-11,0.0
24536604.0,4995000000.0,5000000.0,5.0,0.0,0.1287,0.1287,0.1287,0.1287,0.063887,0.063887,6.1098e-06,0.063887,0.063887,6.1098e-06,6.1098e-06,6.1098e-06,0.0,0.0,0.0,0.0,1e-11,0.0,0.0,0.0,2.154e-10,0.0,0.0,0.0,0.0,2.154e-10,1e-11,0.0
24537455.0,4995000000.0,5000000.0,5.0,0.0,0.1287,0.1287,0.1287,0.1287,0.063887,0.063887,0.00055581,0.063887,0.063887,0.0053473,0.00055581,0.0053473,0.0,0.0,0.0,0.0,4.642e-09,0.0,0.0,0.0,4.642e-05,0.0,0.0,0.0,0.0,4.642e-05,4.642e-09,0.0
24537215.0,4995000000.0,5000000.0,5.0,0.0,0.1287,0.1287,0.1287,0.1287,0.063887,0.063887,0.00055581,0.063887,0.063887,0.0,0.00055581,0.0,0.0,0.0,0.0,0.0,1e-07,0.0,0.0,0.0,1e-07,0.0,0.0,0.0,0.0,1e-07,1e-07,0.0
24536577.0,4995000000.0,5000000.0,5.0,0.0,0.1287,0.1287,0.1287,0.1287,0.063887,0.063887,6.1098e-06,0.063887,0.063887,6.3887e-07,6.1098e-06,6.3887e-07,0.0,0.0,0.0,0.0,1e-07,0.0,0.0,0.0,4.642e-09,0.0,0.0,0.0,0.0,4.642e-09,1e-07,0.0
24537563.0,4995000000.0,5000000.0,5.0,0.0,0.1287,0.1287,0.1287,0.1287,0.063887,0.063887,0.0053473,0.063887,0.063887,0.0,0.0053473,0.0,0.0,0.0,0.0,0.0,2.154e-06,0.0,0.0,0.0,2.154e-10,0.0,0.0,0.0,0.0,2.154e-10,2.154e-06,0.0
24536978.0,4995000000.0,5000000.0,5.0,0.0,0.1287,0.1287,0.1287,0.1287,0.063887,0.063887,5.8431e-05,0.063887,0.063887,6.1098e-06,5.8431e-05,6.1098e-06,0.0,0.0,0.0,0.0,2.154e-06,0.0,0.0,0.0,2.154e-06,0.0,0.0,0.0,0.0,2.154e-06,2.154e-06,0.0
24536385.0,4995000000.0,5000000.0,5.0,0.0,0.1287,0.1287,0.1287,0.1287,0.063887,0.063887,6.3887e-07,0.063887,0.063887,0.00055581,6.3887e-07,0.00055581,0.0,0.0,0.0,0.0,1e-07,0.0,0.0,0.0,0.001,0.0,0.0,0.0,0.0,0.001,1e-07,0.0
24537623.0,4995000000.0,5000000.0,5.0,0.0,0.1287,0.1287,0.1287,0.1287,0.063887,0.063887,0.0053473,0.063887,0.063887,6.3887e-07,0.0053473,6.3887e-07,0.0,0.0,0.0,0.0,4.642e-05,0.0,0.0,0.0,4.642e-05,0.0,0.0,0.0,0.0,4.642e-05,4.642e-05,0.0
24538023.0,4995000000.0,5000000.0,5.0,0.0,0.1287,0.1287,0.1287,0.1287,0.063887,0.063887,0.051109,0.063887,0.063887,6.1098e-06,0.051109,6.1098e-06,0.0,0.0,0.0,0.0,0.001,0.0,0.0,0.0,0.001,0.0,0.0,0.0,0.0,0.001,0.001,0.0
24536528.0,4995000000.0,5000000.0,5.0,0.0,0.1287,0.1287,0.1287,0.1287,0.063887,0.063887,6.1098e-06,0.063887,0.063887,0.0,6.1098e-06,0.0,0.0,0.0,0.0,0.0,1e-07,0.0,0.0,0.0,4.642e-09,0.0,0.0,0.0,0.0,4.642e-09,1e-07,0.0
24535981.0,4995000000.0,5000000.0,5.0,0.0,0.1287,0.1287,0.1287,0.1287,0.063887,0.063887,0.0,0.063887,0.063887,5.8431e-05,0.0,5.8431e-05,0.0,0.0,0.0,0.0,4.642e-09,0.0,0.0,0.0,2.154e-10,0.0,0.0,0.0,0.0,2.154e-10,4.642e-09,0.0
24536212.0,4995000000.0,5000000.0,5.0,0.0,0.1287,0.1287,0.1287,0.1287,0.063887,0.063887,6.3887e-07,0.063887,0.063887,6.3887e-07,6.3887e-07,6.3887e-07,0.0,0.0,0.0,0.0,1e-11,0.0,0.0,0.0,2.154e-10,0.0,0.0,0.0,0.0,2.154e-10,1e-11,0.0
24538190.0,4995000000.0,5000000.0,5.0,0.0,0.1287,0.1287,0.1287,0.1287,0.063887,0.063887,0.051109,0.063887,0.063887,0.051109,0.051109,0.051109,0.0,0.0,0.0,0.0,4.642e-09,0.0,0.0,0.0,4.642e-05,0.0,0.0,0.0,0.0,4.642e-05,4.642e-09,0.0
24538137.0,4995000000.0,5000000.0,5.0,0.0,0.1287,0.1287,0.1287,0.1287,0.063887,0.063887,0.051109,0.063887,0.063887,0.0053473,0.051109,0.0053473,0.0,0.0,0.0,0.0,4.642e-09,0.0,0.0,0.0,2.154e-10,0.0,0.0,0.0,0.0,2.154e-10,4.642e-09,0.0
24538155.0,4995000000.0,5000000.0,5.0,0.0,0.1287,0.1287,0.1287,0.1287,0.063887,0.063887,0.051109,0.063887,0.063887,0.0053473,0.051109,0.0053473,0.0,0.0,0.0,0.0,2.154e-06,0.0,0.0,0.0,4.642e-05,0.0,0.0,0.0,0.0,4.642e-05,2.154e-06,0.0
24537509.0,4995000000.0,5000000.0,5.0,0.0,0.1287,0.1287,0.1287,0.1287,0.063887,0.063887,0.00055581,0.063887,0.063887,0.051109,0.00055581,0.051109,0.0,0.0,0.0,0.0,1e-07,0.0,0.0,0.0,1e-07,0.0,0.0,0.0,0.0,1e-07,1e-07,0.0
24537390.0,4995000000.0,5000000.0,5.0,0.0,0.1287,0.1287,0.1287,0.1287,0.063887,0.063887,0.00055581,0.063887,0.063887,0.00055581,0.00055581,0.00055581,0.0,0.0,0.0,0.0,1e-11,0.0,0.0,0.0,1e-07,0.0,0.0,0.0,0.0,1e-07,1e-11,0.0
24535960.0,4995000000.0,5000000.0,5.0,0.0,0.1287,0.1287,0.1287,0.1287,0.063887,0.063887,0.0,0.063887,0.063887,6.1098e-06,0.0,6.1098e-06,0.0,0.0,0.0,0.0,0.001,0.0,0.0,0.0,2.154e-10,0.0,0.0,0.0,0.0,2.154e-10,0.001,0.0
24536685.0,4995000000.0,5000000.0,5.0,0.0,0.1287,0.1287,0.1287,0.1287,0.063887,0.063887,6.1098e-06,0.063887,0.063887,5.8431e-05,6.1098e-06,5.8431e-05,0.0,0.0,0.0,0.0,2.154e-06,0.0,0.0,0.0,4.642e-05,0.0,0.0,0.0,0.0,4.642e-05,2.154e-06,0.0
24537473.0,4995000000.0,5000000.0,5.0,0.0,0.1287,0.1287,0.1287,0.1287,0.063887,0.063887,0.00055581,0.063887,0.063887,0.0053473,0.00055581,0.0053473,0.0,0.0,0.0,0.0,4.642e-05,0.0,0.0,0.0,4.642e-09,0.0,0.0,0.0,0.0,4.642e-09,4.642e-05,0.0
24536405.0,4995000000.0,5000000.0,5.0,0.0,0.1287,0.1287,0.1287,0.1287,0.063887,0.063887,6.3887e-07,0.063887,0.063887,0.00055581,6.3887e-07,0.00055581,0.0,0.0,0.0,0.0,0.001,0.0,0.0,0.0,4.642e-05,0.0,0.0,0.0,0.0,4.642e-05,0.001,0.0
24537694.0,4995000000.0,5000000.0,5.0,0.0,0.1287,0.1287,0.1287,0.1287,0.063887,0.063887,0.0053473,0.063887,0.063887,5.8431e-05,0.0053473,5.8431e-05,0.0,0.0,0.0,0.0,2.154e-10,0.0,0.0,0.0,0.001,0.0,0.0,0.0,0.0,0.001,2.154e-10,0.0
24536606.0,4995000000.0,5000000.0,5.0,0.0,0.1287,0.1287,0.1287,0.1287,0.063887,0.063887,6.1098e-06,0.063887,0.063887,6.1098e-06,6.1098e-06,6.1098e-06,0.0,0.0,0.0,0.0,1e-11,0.0,0.0,0.0,1e-07,0.0,0.0,0.0,0.0,1e-07,1e-11,0.0
24537281.0,4995000000.0,5000000.0,5.0,0.0,0.1287,0.1287,0.1287,0.1287,0.063887,0.063887,0.00055581,0.063887,0.063887,6.3887e-07,0.00055581,6.3887e-07,0.0,0.0,0.0,0.0,4.642e-05,0.0,0.0,0.0,0.001,0.0,0.0,0.0,0.0,0.001,4.642e-05,0.0
24536341.0,4995000000.0,5000000.0,5.0,0.0,0.1287,0.1287,0.1287,0.1287,0.063887,0.063887,6.3887e-07,0.063887,0.063887,5.8431e-05,6.3887e-07,5.8431e-05,0.0,0.0,0.0,0.0,2.154e-06,0.0,0.0,0.0,2.154e-06,0.0,0.0,0.0,0.0,2.154e-06,2.154e-06,0.0
24537638.0,4995000000.0,5000000.0,5.0,0.0,0.1287,0.1287,0.1287,0.1287,0.063887,0.063887,0.0053473,0.063887,0.063887,6.1098e-06,0.0053473,6.1098e-06,0.0,0.0,0.0,0.0,1e-11,0.0,0.0,0.0,0.001,0.0,0.0,0.0,0.0,0.001,1e-11,0.0
24537266.0,4995000000.0,5000000.0,5.0,0.0,0.1287,0.1287,0.1287,0.1287,0.063887,0.063887,0.00055581,0.063887,0.063887,6.3887e-07,0.00055581,6.3887e-07,0.0,0.0,0.0,0.0,1e-07,0.0,0.0,0.0,4.642e-05,0.0,0.0,0.0,0.0,4.642e-05,1e-07,0.0
24535956.0,4995000000.0,5000000.0,5.0,0.0,0.1287,0.1287,0.1287,0.1287,0.063887,0.063887,0.0,0.063887,0.063887,6.1098e-06,0.0,6.1098e-06,0.0,0.0,0.0,0.0,4.642e-05,0.0,0.0,0.0,2.154e-06,0.0,0.0,0.0,0.0,2.154e-06,4.642e-05,0.0
24535905.0,4995000000.0,5000000.0,5.0,0.0,0.1287,0.1287,0.1287,0.1287,0.063887,0.063887,0.0,0.063887,0.063887,6.3887e-07,0.0,6.3887e-07,0.0,0.0,0.0,0.0,4.642e-05,0.0,0.0,0.0,4.642e-09,0.0,0.0,0.0,0.0,4.642e-09,4.642e-05,0.0
24536524.0,4995000000.0,5000000.0,5.0,0.0,0.1287,0.1287,0.1287,0.1287,0.063887,0.063887,6.1098e-06,0.063887,0.063887,0.0,6.1098e-06,0.0,0.0,0.0,0.0,0.0,4.642e-09,0.0,0.0,0.0,4.642e-05,0.0,0.0,0.0,0.0,4.642e-05,4.642e-09,0.0
24537541.0,4995000000.0,5000000.0,5.0,0.0,0.1287,0.1287,0.1287,0.1287,0.063887,0.063887,0.0053473,0.063887,0.063887,0.0,0.0053473,0.0,0.0,0.0,0.0,0.0,2.154e-10,0.0,0.0,0.0,1e-11,0.0,0.0,0.0,0.0,1e-11,2.154e-10,0.0
24537506.0,4995000000.0,5000000.0,5.0,0.0,0.1287,0.1287,0.1287,0.1287,0.063887,0.063887,0.00055581,0.063887,0.063887,0.051109,0.00055581,0.051109,0.0,0.0,0.0,0.0,1e-07,0.0,0.0,0.0,1e-11,0.0,0.0,0.0,0.0,1e-11,1e-07,0.0
24537692.0,4995000000.0,5000000.0,5.0,0.0,0.1287,0.1287,0.1287,0.1287,0.063887,0.063887,0.0053473,0.063887,0.063887,5.8431e-05,0.0053473,5.8431e-05,0.0,0.0,0.0,0.0,2.154e-10,0.0,0.0,0.0,2.154e-06,0.0,0.0,0.0,0.0,2.154e-06,2.154e-10,0.0
24537423.0,4995000000.0,5000000.0,5.0,0.0,0.1287,0.1287,0.1287,0.1287,0.063887,0.063887,0.00055581,0.063887,0.063887,0.00055581,0.00055581,0.00055581,0.0,0.0,0.0,0.0,4.642e-05,0.0,0.0,0.0,2.154e-10,0.0,0.0,0.0,0.0,2.154e-10,4.642e-05,0.0
24536927.0,4995000000.0,5000000.0,5.0,0.0,0.1287,0.1287,0.1287,0.1287,0.063887,0.063887,5.8431e-05,0.063887,0.063887,6.3887e-07,5.8431e-05,6.3887e-07,0.0,0.0,0.0,0.0,2.154e-06,0.0,0.0,0.0,4.642e-09,0.0,0.0,0.0,0.0,4.642e-09,2.154e-06,0.0
24536847.0,4995000000.0,5000000.0,5.0,0.0,0.1287,0.1287,0.1287,0.1287,0.063887,0.063887,6.1098e-06,0.063887,0.063887,0.051109,6.1098e-06,0.051109,0.0,0.0,0.0,0.0,0.001,0.0,0.0,0.0,0.001,0.0,0.0,0.0,0.0,0.001,0.001,0.0
24537112.0,4995000000.0,5000000.0,5.0,0.0,0.1287,0.1287,0.1287,0.1287,0.063887,0.063887,5.8431e-05,0.063887,0.063887,0.0053473,5.8431e-05,0.0053473,0.0,0.0,0.0,0.0,4.642e-09,0.0,0.0,0.0,4.642e-05,0.0,0.0,0.0,0.0,4.642e-05,4.642e-09,0.0
24536623.0,4995000000.0,5000000.0,5.0,0.0,0.1287,0.1287,0.1287,0.1287,0.063887,0.063887,6.1098e-06,0.063887,0.063887,6.1098e-06,6.1098e-06,6.1098e-06,0.0,0.0,0.0,0.0,4.642e-09,0.0,0.0,0.0,0.001,0.0,0.0,0.0,0.0,0.001,4.642e-09,0.0
24536922.0,4995000000.0,5000000.0,5.0,0.0,0.1287,0.1287,0.1287,0.1287,0.063887,0.063887,5.8431e-05,0.063887,0.063887,6.3887e-07,5.8431e-05,6.3887e-07,0.0,0.0,0.0,0.0,1e-07,0.0,0.0,0.0,2.154e-06,0.0,0.0,0.0,0.0,2.154e-06,1e-07,0.0
24537126.0,4995000000.0,5000000.0,5.0,0.0,0.1287,0.1287,0.1287,0.1287,0.063887,0.063887,5.8431e-05,0.063887,0.063887,0.0053473,5.8431e-05,0.0053473,0.0,0.0,0.0,0.0,2.154e-06,0.0,0.0,0.0,4.642e-05,0.0,0.0,0.0,0.0,4.642e-05,2.154e-06,0.0
24536806.0,4995000000.0,5000000.0,5.0,0.0,0.1287,0.1287,0.1287,0.1287,0.063887,0.063887,6.1098e-06,0.063887,0.063887,0.051109,6.1098e-06,0.051109,0.0,0.0,0.0,0.0,2.154e-10,0.0,0.0,0.0,1e-11,0.0,0.0,0.0,0.0,1e-11,2.154e-10,0.0
24536455.0,4995000000.0,5000000.0,5.0,0.0,0.1287,0.1287,0.1287,0.1287,0.063887,0.063887,6.3887e-07,0.063887,0.063887,0.0053473,6.3887e-07,0.0053473,0.0,0.0,0.0,0.0,0.001,0.0,0.0,0.0,0.001,0.0,0.0,0.0,0.0,0.001,0.001,0.0
24537488.0,4995000000.0,5000000.0,5.0,0.0,0.1287,0.1287,0.1287,0.1287,0.063887,0.063887,0.00055581,0.063887,0.063887,0.051109,0.00055581,0.051109,0.0,0.0,0.0,0.0,1e-11,0.0,0.0,0.0,1e-07,0.0,0.0,0.0,0.0,1e-07,1e-11,0.0
24536751.0,4995000000.0,5000000.0,5.0,0.0,0.1287,0.1287,0.1287,0.1287,0.063887,0.063887,6.1098e-06,0.063887,0.063887,0.0053473,6.1098e-06,0.0053473,0.0,0.0,0.0,0.0,1e-11,0.0,0.0,0.0,2.154e-10,0.0,0.0,0.0,0.0,2.154e-10,1e-11,0.0
24536768.0,4995000000.0,5000000.0,5.0,0.0,0.1287,0.1287,0.1287,0.1287,0.063887,0.063887,6.1098e-06,0.063887,0.063887,0.0053473,6.1098e-06,0.0053473,0.0,0.0,0.0,0.0,4.642e-09,0.0,0.0,0.0,2.154e-06,0.0,0.0,0.0,0.0,2.154e-06,4.642e-09,0.0
24537310.0,4995000000.0,5000000.0,5.0,0.0,0.1287,0.1287,0.1287,0.1287,0.063887,0.063887,0.00055581,0.063887,0.063887,6.1098e-06,0.00055581,6.1098e-06,0.0,0.0,0.0,0.0,1e-07,0.0,0.0,0.0,1e-11,0.0,0.0,0.0,0.0,1e-11,1e-07,0.0
24537411.0,4995000000.0,5000000.0,5.0,0.0,0.1287,0.1287,0.1287,0.1287,0.063887,0.063887,0.00055581,0.063887,0.063887,0.00055581,0.00055581,0.00055581,0.0,0.0,0.0,0.0,1e-07,0.0,0.0,0.0,1e-07,0.0,0.0,0.0,0.0,1e-07,1e-07,0.0
24537145.0,4995000000.0,5000000.0,5.0,0.0,0.1287,0.1287,0.1287,0.1287,0.063887,0.063887,5.8431e-05,0.063887,0.063887,0.051109,5.8431e-05,0.051109,0.0,0.0,0.0,0.0,1e-11,0.0,0.0,0.0,1e-07,0.0,0.0,0.0,0.0,1e-07,1e-11,0.0
24537413.0,4995000000.0,5000000.0,5.0,0.0,0.1287,0.1287,0.1287,0.1287,0.063887,0.063887,0.00055581,0.063887,0.063887,0.00055581,0.00055581,0.00055581,0.0,0.0,0.0,0.0,1e-07,0.0,0.0,0.0,4.642e-05,0.0,0.0,0.0,0.0,4.642e-05,1e-07,0.0
24536006.0,4995000000.0,5000000.0,5.0,0.0,0.1287,0.1287,0.1287,0.1287,0.063887,0.063887,0.0,0.063887,0.063887,5.8431e-05,0.0,5.8431e-05,0.0,0.0,0.0,0.0,4.642e-05,0.0,0.0,0.0,4.642e-05,0.0,0.0,0.0,0.0,4.642e-05,4.642e-05,0.0
24536637.0,4995000000.0,5000000.0,5.0,0.0,0.1287,0.1287,0.1287,0.1287,0.063887,0.063887,6.1098e-06,0.063887,0.063887,6.1098e-06,6.1098e-06,6.1098e-06,0.0,0.0,0.0,0.0,2.154e-06,0.0,0.0,0.0,0.001,0.0,0.0,0.0,0.0,0.001,2.154e-06,0.0
24536500.0,4995000000.0,5000000.0,5.0,0.0,0.1287,0.1287,0.1287,0.1287,0.063887,0.063887,6.3887e-07,0.063887,0.063887,0.051109,6.3887e-07,0.051109,0.0,0.0,0.0,0.0,0.001,0.0,0.0,0.0,4.642e-09,0.0,0.0,0.0,0.0,4.642e-09,0.001,0.0
24536366.0,4995000000.0,5000000.0,5.0,0.0,0.1287,0.1287,0.1287,0.1287,0.063887,0.063887,6.3887e-07,0.063887,0.063887,0.00055581,6.3887e-07,0.00055581,0.0,0.0,0.0,0.0,2.154e-10,0.0,0.0,0.0,2.154e-10,0.0,0.0,0.0,0.0,2.154e-10,2.154e-10,0.0
24536597.0,4995000000.0,5000000.0,5.0,0.0,0.1287,0.1287,0.1287,0.1287,0.063887,0.063887,6.1098e-06,0.063887,0.063887,6.3887e-07,6.1098e-06,6.3887e-07,0.0,0.0,0.0,0.0,0.001,0.0,0.0,0.0,2.154e-10,0.0,0.0,0.0,0.0,2.154e-10,0.001,0.0
24536043.0,4995000000.0,5000000.0,5.0,0.0,0.1287,0.1287,0.1287,0.1287,0.063887,0.063887,0.0,0.063887,0.063887,0.00055581,0.0,0.00055581,0.0,0.0,0.0,0.0,2.154e-06,0.0,0.0,0.0,1e-11,0.0,0.0,0.0,0.0,1e-11,2.154e-06,0.0
24537901.0,4995000000.0,5000000.0,5.0,0.0,0.1287,0.1287,0.1287,0.1287,0.063887,0.063887,0.051109,0.063887,0.063887,0.0,0.051109,0.0,0.0,0.0,0.0,0.0,1e-07,0.0,0.0,0.0,1e-07,0.0,0.0,0.0,0.0,1e-07,1e-07,0.0
24535843.0,4995000000.0,5000000.0,5.0,0.0,0.1287,0.1287,0.1287,0.1287,0.063887,0.063887,0.0,0.063887,0.063887,0.0,0.0,0.0,0.0,0.0,0.0,0.0,1e-07,0.0,0.0,0.0,1e-07,0.0,0.0,0.0,0.0,1e-07,1e-07,0.0
24537026.0,4995000000.0,5000000.0,5.0,0.0,0.1287,0.1287,0.1287,0.1287,0.063887,0.063887,5.8431e-05,0.063887,0.063887,5.8431e-05,5.8431e-05,5.8431e-05,0.0,0.0,0.0,0.0,2.154e-06,0.0,0.0,0.0,1e-07,0.0,0.0,0.0,0.0,1e-07,2.154e-06,0.0
24536592.0,4995000000.0,5000000.0,5.0,0.0,0.1287,0.1287,0.1287,0.1287,0.063887,0.063887,6.1098e-06,0.063887,0.063887,6.3887e-07,6.1098e-06,6.3887e-07,0.0,0.0,0.0,0.0,4.642e-05,0.0,0.0,0.0,1e-07,0.0,0.0,0.0,0.0,1e-07,4.642e-05,0.0
24536807.0,4995000000.0,5000000.0,5.0,0.0,0.1287,0.1287,0.1287,0.1287,0.063887,0.063887,6.1098e-06,0.063887,0.063887,0.051109,6.1098e-06,0.051109,0.0,0.0,0.0,0.0,2.154e-10,0.0,0.0,0.0,2.154e-10,0.0,0.0,0.0,0.0,2.154e-10,2.154e-10,0.0
24537612.0,4995000000.0,5000000.0,5.0,0.0,0.1287,0.1287,0.1287,0.1287,0.063887,0.063887,0.0053473,0.063887,0.063887,6.3887e-07,0.0053473,6.3887e-07,0.0,0.0,0.0,0.0,2.154e-06,0.0,0.0,0.0,2.154e-10,0.0,0.0,0.0,0.0,2.154e-10,2.154e-06,0.0
24537251.0,4995000000.0,5000000.0,5.0,0.0,0.1287,0.1287,0.1287,0.1287,0.063887,0.063887,0.00055581,0.063887,0.063887,6.3887e-07,0.00055581,6.3887e-07,0.0,0.0,0.0,0.0,2.154e-10,0.0,0.0,0.0,2.154e-06,0.0,0.0,0.0,0.0,2.154e-06,2.154e-10,0.0
24536199.0,4995000000.0,5000000.0,5.0,0.0,0.1287,0.1287,0.1287,0.1287,0.063887,0.063887,6.3887e-07,0.063887,0.063887,0.0,6.3887e-07,0.0,0.0,0.0,0.0,0.0,4.642e-05,0.0,0.0,0.0,4.642e-09,0.0,0.0,0.0,0.0,4.642e-09,4.642e-05,0.0
24536420.0,4995000000.0,5000000.0,5.0,0.0,0.1287,0.1287,0.1287,0.1287,0.063887,0.063887,6.3887e-07,0.063887,0.063887,0.0053473,6.3887e-07,0.0053473,0.0,0.0,0.0,0.0,2.154e-10,0.0,0.0,0.0,0.001,0.0,0.0,0.0,0.0,0.001,2.154e-10,0.0
24537017.0,4995000000.0,5000000.0,5.0,0.0,0.1287,0.1287,0.1287,0.1287,0.063887,0.063887,5.8431e-05,0.063887,0.063887,5.8431e-05,5.8431e-05,5.8431e-05,0.0,0.0,0.0,0.0,1e-07,0.0,0.0,0.0,2.154e-10,0.0,0.0,0.0,0.0,2.154e-10,1e-07,0.0
24537247.0,4995000000.0,5000000.0,5.0,0.0,0.1287,0.1287,0.1287,0.1287,0.063887,0.063887,0.00055581,0.063887,0.063887,6.3887e-07,0.00055581,6.3887e-07,0.0,0.0,0.0,0.0,2.154e-10,0.0,0.0,0.0,1e-11,0.0,0.0,0.0,0.0,1e-11,2.154e-10,0.0
24538143.0,4995000000.0,5000000.0,5.0,0.0,0.1287,0.1287,0.1287,0.1287,0.063887,0.063887,0.051109,0.063887,0.063887,0.0053473,0.051109,0.0053473,0.0,0.0,0.0,0.0,1e-07,0.0,0.0,0.0,1e-11,0.0,0.0,0.0,0.0,1e-11,1e-07,0.0
24536995.0,4995000000.0,5000000.0,5.0,0.0,0.1287,0.1287,0.1287,0.1287,0.063887,0.063887,5.8431e-05,0.063887,0.063887,5.8431e-05,5.8431e-05,5.8431e-05,0.0,0.0,0.0,0.0,1e-11,0.0,0.0,0.0,1e-11,0.0,0.0,0.0,0.0,1e-11,1e-11,0.0
24536431.0,4995000000.0,5000000.0,5.0,0.0,0.1287,0.1287,0.1287,0.1287,0.063887,0.063887,6.3887e-07,0.063887,0.063887,0.0053473,6.3887e-07,0.0053473,0.0,0.0,0.0,0.0,1e-07,0.0,0.0,0.0,1e-07,0.0,0.0,0.0,0.0,1e-07,1e-07,0.0
24537012.0,4995000000.0,5000000.0,5.0,0.0,0.1287,0.1287,0.1287,0.1287,0.063887,0.063887,5.8431e-05,0.063887,0.063887,5.8431e-05,5.8431e-05,5.8431e-05,0.0,0.0,0.0,0.0,4.642e-09,0.0,0.0,0.0,1e-07,0.0,0.0,0.0,0.0,1e-07,4.642e-09,0.0
24536880.0,4995000000.0,5000000.0,5.0,0.0,0.1287,0.1287,0.1287,0.1287,0.063887,0.063887,5.8431e-05,0.063887,0.063887,0.0,5.8431e-05,0.0,0.0,0.0,0.0,0.0,2.154e-06,0.0,0.0,0.0,2.154e-06,0.0,0.0,0.0,0.0,2.154e-06,2.154e-06,0.0
24537294.0,4995000000.0,5000000.0,5.0,0.0,0.1287,0.1287,0.1287,0.1287,0.063887,0.063887,0.00055581,0.063887,0.063887,6.1098e-06,0.00055581,6.1098e-06,0.0,0.0,0.0,0.0,1e-11,0.0,0.0,0.0,4.642e-05,0.0,0.0,0.0,0.0,4.642e-05,1e-11,0.0
24537926.0,4995000000.0,5000000.0,5.0,0.0,0.1287,0.1287,0.1287,0.1287,0.063887,0.063887,0.051109,0.063887,0.063887,6.3887e-07,0.051109,6.3887e-07,0.0,0.0,0.0,0.0,1e-11,0.0,0.0,0.0,1e-11,0.0,0.0,0.0,0.0,1e-11,1e-11,0.0
24536471.0,4995000000.0,5000000.0,5.0,0.0,0.1287,0.1287,0.1287,0.1287,0.063887,0.063887,6.3887e-07,0.063887,0.063887,0.051109,6.3887e-07,0.051109,0.0,0.0,0.0,0.0,4.642e-09,0.0,0.0,0.0,2.154e-10,0.0,0.0,0.0,0.0,2.154e-10,4.642e-09,0.0
24537819.0,4995000000.0,5000000.0,5.0,0.0,0.1287,0.1287,0.1287,0.1287,0.063887,0.063887,0.0053473,0.063887,0.063887,0.0053473,0.0053473,0.0053473,0.0,0.0,0.0,0.0,4.642e-05,0.0,0.0,0.0,4.642e-05,0.0,0.0,0.0,0.0,4.642e-05,4.642e-05,0.0
24536546.0,4995000000.0,5000000.0,5.0,0.0,0.1287,0.1287,0.1287,0.1287,0.063887,0.063887,6.1098e-06,0.063887,0.063887,0.0,6.1098e-06,0.0,0.0,0.0,0.0,0.0,4.642e-05,0.0,0.0,0.0,0.001,0.0,0.0,0.0,0.0,0.001,4.642e-05,0.0
24536510.0,4995000000.0,5000000.0,5.0,0.0,0.1287,0.1287,0.1287,0.1287,0.063887,0.063887,6.1098e-06,0.063887,0.063887,0.0,6.1098e-06,0.0,0.0,0.0,0.0,0.0,1e-11,0.0,0.0,0.0,4.642e-05,0.0,0.0,0.0,0.0,4.642e-05,1e-11,0.0
24537238.0,4995000000.0,5000000.0,5.0,0.0,0.1287,0.1287,0.1287,0.1287,0.063887,0.063887,0.00055581,0.063887,0.063887,0.0,0.00055581,0.0,0.0,0.0,0.0,0.0,0.001,0.0,0.0,0.0,4.642e-05,0.0,0.0,0.0,0.0,4.642e-05,0.001,0.0
24536116.0,4995000000.0,5000000.0,5.0,0.0,0.1287,0.1287,0.1287,0.1287,0.063887,0.063887,0.0,0.063887,0.063887,0.051109,0.0,0.051109,0.0,0.0,0.0,0.0,1e-11,0.0,0.0,0.0,1e-07,0.0,0.0,0.0,0.0,1e-07,1e-11,0.0
24536913.0,4995000000.0,5000000.0,5.0,0.0,0.1287,0.1287,0.1287,0.1287,0.063887,0.063887,5.8431e-05,0.063887,0.063887,6.3887e-07,5.8431e-05,6.3887e-07,0.0,0.0,0.0,0.0,4.642e-09,0.0,0.0,0.0,4.642e-09,0.0,0.0,0.0,0.0,4.642e-09,4.642e-09,0.0
24536552.0,4995000000.0,5000000.0,5.0,0.0,0.1287,0.1287,0.1287,0.1287,0.063887,0.063887,6.1098e-06,0.063887,0.063887,0.0,6.1098e-06,0.0,0.0,0.0,0.0,0.0,0.001,0.0,0.0,0.0,4.642e-05,0.0,0.0,0.0,0.0,4.642e-05,0.001,0.0
24537528.0,4995000000.0,5000000.0,5.0,0.0,0.1287,0.1287,0.1287,0.1287,0.063887,0.063887,0.00055581,0.063887,0.063887,0.051109,0.00055581,0.051109,0.0,0.0,0.0,0.0,0.001,0.0,0.0,0.0,2.154e-10,0.0,0.0,0.0,0.0,2.154e-10,0.001,0.0
24536061.0,4995000000.0,5000000.0,5.0,0.0,0.1287,0.1287,0.1287,0.1287,0.063887,0.063887,0.0,0.063887,0.063887,0.00055581,0.0,0.00055581,0.0,0.0,0.0,0.0,0.001,0.0,0.0,0.0,2.154e-06,0.0,0.0,0.0,0.0,2.154e-06,0.001,0.0
24536574.0,4995000000.0,5000000.0,5.0,0.0,0.1287,0.1287,0.1287,0.1287,0.063887,0.063887,6.1098e-06,0.063887,0.063887,6.3887e-07,6.1098e-06,6.3887e-07,0.0,0.0,0.0,0.0,4.642e-09,0.0,0.0,0.0,0.001,0.0,0.0,0.0,0.0,0.001,4.642e-09,0.0
24537664.0,4995000000.0,5000000.0,5.0,0.0,0.1287,0.1287,0.1287,0.1287,0.063887,0.063887,0.0053473,0.063887,0.063887,6.1098e-06,0.0053473,6.1098e-06,0.0,0.0,0.0,0.0,2.154e-06,0.0,0.0,0.0,2.154e-06,0.0,0.0,0.0,0.0,2.154e-06,2.154e-06,0.0
24535935.0,4995000000.0,5000000.0,5.0,0.0,0.1287,0.1287,0.1287,0.1287,0.063887,0.063887,0.0,0.063887,0.063887,6.1098e-06,0.0,6.1098e-06,0.0,0.0,0.0,0.0,4.642e-09,0.0,0.0,0.0,2.154e-06,0.0,0.0,0.0,0.0,2.154e-06,4.642e-09,0.0
24536202.0,4995000000.0,5000000.0,5.0,0.0,0.1287,0.1287,0.1287,0.1287,0.063887,0.063887,6.3887e-07,0.063887,0.063887,0.0,6.3887e-07,0.0,0.0,0.0,0.0,0.0,4.642e-05,0.0,0.0,0.0,4.642e-05,0.0,0.0,0.0,0.0,4.642e-05,4.642e-05,0.0
24536163.0,4995000000.0,5000000.0,5.0,0.0,0.1287,0.1287,0.1287,0.1287,0.063887,0.063887,6.3887e-07,0.063887,0.063887,0.0,6.3887e-07,0.0,0.0,0.0,0.0,0.0,1e-11,0.0,0.0,0.0,2.154e-10,0.0,0.0,0.0,0.0,2.154e-10,1e-11,0.0
24535934.0,4995000000.0,5000000.0,5.0,0.0,0.1287,0.1287,0.1287,0.1287,0.063887,0.063887,0.0,0.063887,0.063887,6.1098e-06,0.0,6.1098e-06,0.0,0.0,0.0,0.0,4.642e-09,0.0,0.0,0.0,1e-07,0.0,0.0,0.0,0.0,1e-07,4.642e-09,0.0
24537200.0,4995000000.0,5000000.0,5.0,0.0,0.1287,0.1287,0.1287,0.1287,0.063887,0.063887,0.00055581,0.063887,0.063887,0.0,0.00055581,0.0,0.0,0.0,0.0,0.0,2.154e-10,0.0,0.0,0.0,4.642e-09,0.0,0.0,0.0,0.0,4.642e-09,2.154e-10,0.0
24537642.0,4995000000.0,5000000.0,5.0,0.0,0.1287,0.1287,0.1287,0.1287,0.063887,0.063887,0.0053473,0.063887,0.063887,6.1098e-06,0.0053473,6.1098e-06,0.0,0.0,0.0,0.0,2.154e-10,0.0,0.0,0.0,1e-07,0.0,0.0,0.0,0.0,1e-07,2.154e-10,0.0
24537697.0,4995000000.0,5000000.0,5.0,0.0,0.1287,0.1287,0.1287,0.1287,0.063887,0.063887,0.0053473,0.063887,0.063887,5.8431e-05,0.0053473,5.8431e-05,0.0,0.0,0.0,0.0,4.642e-09,0.0,0.0,0.0,4.642e-09,0.0,0.0,0.0,0.0,4.642e-09,4.642e-09,0.0
24538002.0,4995000000.0,5000000.0,5.0,0.0,0.1287,0.1287,0.1287,0.1287,0.063887,0.063887,0.051109,0.063887,0.063887,6.1098e-06,0.051109,6.1098e-06,0.0,0.0,0.0,0.0,1e-07,0.0,0.0,0.0,0.001,0.0,0.0,0.0,0.0,0.001,1e-07,0.0
24535965.0,4995000000.0,5000000.0,5.0,0.0,0.1287,0.1287,0.1287,0.1287,0.063887,0.063887,0.0,0.063887,0.063887,6.1098e-06,0.0,6.1098e-06,0.0,0.0,0.0,0.0,0.001,0.0,0.0,0.0,0.001,0.0,0.0,0.0,0.0,0.001,0.001,0.0
24536561.0,4995000000.0,5000000.0,5.0,0.0,0.1287,0.1287,0.1287,0.1287,0.063887,0.063887,6.1098e-06,0.063887,0.063887,6.3887e-07,6.1098e-06,6.3887e-07,0.0,0.0,0.0,0.0,2.154e-10,0.0,0.0,0.0,1e-11,0.0,0.0,0.0,0.0,1e-11,2.154e-10,0.0
24537077.0,4995000000.0,5000000.0,5.0,0.0,0.1287,0.1287,0.1287,0.1287,0.063887,0.063887,5.8431e-05,0.063887,0.063887,0.00055581,5.8431e-05,0.00055581,0.0,0.0,0.0,0.0,2.154e-06,0.0,0.0,0.0,4.642e-05,0.0,0.0,0.0,0.0,4.642e-05,2.154e-06,0.0
24538033.0,4995000000.0,5000000.0,5.0,0.0,0.1287,0.1287,0.1287,0.1287,0.063887,0.063887,0.051109,0.063887,0.063887,5.8431e-05,0.051109,5.8431e-05,0.0,0.0,0.0,0.0,2.154e-10,0.0,0.0,0.0,4.642e-09,0.0,0.0,0.0,0.0,4.642e-09,2.154e-10,0.0
24537478.0,4995000000.0,5000000.0,5.0,0.0,0.1287,0.1287,0.1287,0.1287,0.063887,0.063887,0.00055581,0.063887,0.063887,0.0053473,0.00055581,0.0053473,0.0,0.0,0.0,0.0,0.001,0.0,0.0,0.0,1e-11,0.0,0.0,0.0,0.0,1e-11,0.001,0.0
24535875.0,4995000000.0,5000000.0,5.0,0.0,0.1287,0.1287,0.1287,0.1287,0.063887,0.063887,0.0,0.063887,0.063887,6.3887e-07,0.0,6.3887e-07,0.0,0.0,0.0,0.0,2.154e-10,0.0,0.0,0.0,1e-11,0.0,0.0,0.0,0.0,1e-11,2.154e-10,0.0
24538129.0,4995000000.0,5000000.0,5.0,0.0,0.1287,0.1287,0.1287,0.1287,0.063887,0.063887,0.051109,0.063887,0.063887,0.0053473,0.051109,0.0053473,0.0,0.0,0.0,0.0,2.154e-10,0.0,0.0,0.0,1e-11,0.0,0.0,0.0,0.0,1e-11,2.154e-10,0.0
24536904.0,4995000000.0,5000000.0,5.0,0.0,0.1287,0.1287,0.1287,0.1287,0.063887,0.063887,5.8431e-05,0.063887,0.063887,6.3887e-07,5.8431e-05,6.3887e-07,0.0,0.0,0.0,0.0,2.154e-10,0.0,0.0,0.0,1e-11,0.0,0.0,0.0,0.0,1e-11,2.154e-10,0.0
24537567.0,4995000000.0,5000000.0,5.0,0.0,0.1287,0.1287,0.1287,0.1287,0.063887,0.063887,0.0053473,0.063887,0.063887,0.0,0.0053473,0.0,0.0,0.0,0.0,0.0,2.154e-06,0.0,0.0,0.0,4.642e-05,0.0,0.0,0.0,0.0,4.642e-05,2.154e-06,0.0
24537308.0,4995000000.0,5000000.0,5.0,0.0,0.1287,0.1287,0.1287,0.1287,0.063887,0.063887,0.00055581,0.063887,0.063887,6.1098e-06,0.00055581,6.1098e-06,0.0,0.0,0.0,0.0,4.642e-09,0.0,0.0,0.0,4.642e-05,0.0,0.0,0.0,0.0,4.642e-05,4.642e-09,0.0
24536492.0,4995000000.0,5000000.0,5.0,0.0,0.1287,0.1287,0.1287,0.1287,0.063887,0.063887,6.3887e-07,0.063887,0.063887,0.051109,6.3887e-07,0.051109,0.0,0.0,0.0,0.0,4.642e-05,0.0,0.0,0.0,2.154e-10,0.0,0.0,0.0,0.0,2.154e-10,4.642e-05,0.0
24537480.0,4995000000.0,5000000.0,5.0,0.0,0.1287,0.1287,0.1287,0.1287,0.063887,0.063887,0.00055581,0.063887,0.063887,0.0053473,0.00055581,0.0053473,0.0,0.0,0.0,0.0,0.001,0.0,0.0,0.0,4.642e-09,0.0,0.0,0.0,0.0,4.642e-09,0.001,0.0
24536155.0,4995000000.0,5000000.0,5.0,0.0,0.1287,0.1287,0.1287,0.1287,0.063887,0.063887,0.0,0.063887,0.063887,0.051109,0.0,0.051109,0.0,0.0,0.0,0.0,0.001,0.0,0.0,0.0,1e-11,0.0,0.0,0.0,0.0,1e-11,0.001,0.0
24537803.0,4995000000.0,5000000.0,5.0,0.0,0.1287,0.1287,0.1287,0.1287,0.063887,0.063887,0.0053473,0.063887,0.063887,0.0053473,0.0053473,0.0053473,0.0,0.0,0.0,0.0,1e-07,0.0,0.0,0.0,1e-07,0.0,0.0,0.0,0.0,1e-07,1e-07,0.0
24536773.0,4995000000.0,5000000.0,5.0,0.0,0.1287,0.1287,0.1287,0.1287,0.063887,0.063887,6.1098e-06,0.063887,0.063887,0.0053473,6.1098e-06,0.0053473,0.0,0.0,0.0,0.0,1e-07,0.0,0.0,0.0,4.642e-09,0.0,0.0,0.0,0.0,4.642e-09,1e-07,0.0
24536837.0,4995000000.0,5000000.0,5.0,0.0,0.1287,0.1287,0.1287,0.1287,0.063887,0.063887,6.1098e-06,0.063887,0.063887,0.051109,6.1098e-06,0.051109,0.0,0.0,0.0,0.0,4.642e-05,0.0,0.0,0.0,1e-07,0.0,0.0,0.0,0.0,1e-07,4.642e-05,0.0
24537257.0,4995000000.0,5000000.0,5.0,0.0,0.1287,0.1287,0.1287,0.1287,0.063887,0.063887,0.00055581,0.063887,0.063887,6.3887e-07,0.00055581,6.3887e-07,0.0,0.0,0.0,0.0,4.642e-09,0.0,0.0,0.0,1e-07,0.0,0.0,0.0,0.0,1e-07,4.642e-09,0.0
24536320.0,4995000000.0,5000000.0,5.0,0.0,0.1287,0.1287,0.1287,0.1287,0.063887,0.063887,6.3887e-07,0.063887,0.063887,5.8431e-05,6.3887e-07,5.8431e-05,0.0,0.0,0.0,0.0,2.154e-10,0.0,0.0,0.0,2.154e-06,0.0,0.0,0.0,0.0,2.154e-06,2.154e-10,0.0
24537956.0,4995000000.0,5000000.0,5.0,0.0,0.1287,0.1287,0.1287,0.1287,0.063887,0.063887,0.051109,0.063887,0.063887,6.3887e-07,0.051109,6.3887e-07,0.0,0.0,0.0,0.0,2.154e-06,0.0,0.0,0.0,4.642e-09,0.0,0.0,0.0,0.0,4.642e-09,2.154e-06,0.0
24536216.0,4995000000.0,5000000.0,5.0,0.0,0.1287,0.1287,0.1287,0.1287,0.063887,0.063887,6.3887e-07,0.063887,0.063887,6.3887e-07,6.3887e-07,6.3887e-07,0.0,0.0,0.0,0.0,1e-11,0.0,0.0,0.0,4.642e-05,0.0,0.0,0.0,0.0,4.642e-05,1e-11,0.0
24537895.0,4995000000.0,5000000.0,5.0,0.0,0.1287,0.1287,0.1287,0.1287,0.063887,0.063887,0.051109,0.063887,0.063887,0.0,0.051109,0.0,0.0,0.0,0.0,0.0,4.642e-09,0.0,0.0,0.0,2.154e-06,0.0,0.0,0.0,0.0,2.154e-06,4.642e-09,0.0
24536749.0,4995000000.0,5000000.0,5.0,0.0,0.1287,0.1287,0.1287,0.1287,0.063887,0.063887,6.1098e-06,0.063887,0.063887,0.00055581,6.1098e-06,0.00055581,0.0,0.0,0.0,0.0,0.001,0.0,0.0,0.0,0.001,0.0,0.0,0.0,0.0,0.001,0.001,0.0
24537143.0,4995000000.0,5000000.0,5.0,0.0,0.1287,0.1287,0.1287,0.1287,0.063887,0.063887,5.8431e-05,0.063887,0.063887,0.051109,5.8431e-05,0.051109,0.0,0.0,0.0,0.0,1e-11,0.0,0.0,0.0,2.154e-10,0.0,0.0,0.0,0.0,2.154e-10,1e-11,0.0
24536527.0,4995000000.0,5000000.0,5.0,0.0,0.1287,0.1287,0.1287,0.1287,0.063887,0.063887,6.1098e-06,0.063887,0.063887,0.0,6.1098e-06,0.0,0.0,0.0,0.0,0.0,1e-07,0.0,0.0,0.0,2.154e-10,0.0,0.0,0.0,0.0,2.154e-10,1e-07,0.0
24537928.0,4995000000.0,5000000.0,5.0,0.0,0.1287,0.1287,0.1287,0.1287,0.063887,0.063887,0.051109,0.063887,0.063887,6.3887e-07,0.051109,6.3887e-07,0.0,0.0,0.0,0.0,1e-11,0.0,0.0,0.0,4.642e-09,0.0,0.0,0.0,0.0,4.642e-09,1e-11,0.0
24535906.0,4995000000.0,5000000.0,5.0,0.0,0.1287,0.1287,0.1287,0.1287,0.063887,0.063887,0.0,0.063887,0.063887,6.3887e-07,0.0,6.3887e-07,0.0,0.0,0.0,0.0,4.642e-05,0.0,0.0,0.0,1e-07,0.0,0.0,0.0,0.0,1e-07,4.642e-05,0.0
24536923.0,4995000000.0,5000000.0,5.0,0.0,0.1287,0.1287,0.1287,0.1287,0.063887,0.063887,5.8431e-05,0.063887,0.063887,6.3887e-07,5.8431e-05,6.3887e-07,0.0,0.0,0.0,0.0,1e-07,0.0,0.0,0.0,4.642e-05,0.0,0.0,0.0,0.0,4.642e-05,1e-07,0.0
24537975.0,4995000000.0,5000000.0,5.0,0.0,0.1287,0.1287,0.1287,0.1287,0.063887,0.063887,0.051109,0.063887,0.063887,6.1098e-06,0.051109,6.1098e-06,0.0,0.0,0.0,0.0,1e-11,0.0,0.0,0.0,1e-11,0.0,0.0,0.0,0.0,1e-11,1e-11,0.0
24536772.0,4995000000.0,5000000.0,5.0,0.0,0.1287,0.1287,0.1287,0.1287,0.063887,0.063887,6.1098e-06,0.063887,0.063887,0.0053473,6.1098e-06,0.0053473,0.0,0.0,0.0,0.0,1e-07,0.0,0.0,0.0,2.154e-10,0.0,0.0,0.0,0.0,2.154e-10,1e-07,0.0
24537196.0,4995000000.0,5000000.0,5.0,0.0,0.1287,0.1287,0.1287,0.1287,0.063887,0.063887,0.00055581,0.063887,0.063887,0.0,0.00055581,0.0,0.0,0.0,0.0,0.0,1e-11,0.0,0.0,0.0,4.642e-05,0.0,0.0,0.0,0.0,4.642e-05,1e-11,0.0
24537374.0,4995000000.0,5000000.0,5.0,0.0,0.1287,0.1287,0.1287,0.1287,0.063887,0.063887,0.00055581,0.063887,0.063887,5.8431e-05,0.00055581,5.8431e-05,0.0,0.0,0.0,0.0,4.642e-05,0.0,0.0,0.0,2.154e-10,0.0,0.0,0.0,0.0,2.154e-10,4.642e-05,0.0
24536696.0,4995000000.0,5000000.0,5.0,0.0,0.1287,0.1287,0.1287,0.1287,0.063887,0.063887,6.1098e-06,0.063887,0.063887,5.8431e-05,6.1098e-06,5.8431e-05,0.0,0.0,0.0,0.0,0.001,0.0,0.0,0.0,4.642e-09,0.0,0.0,0.0,0.0,4.642e-09,0.001,0.0
24537185.0,4995000000.0,5000000.0,5.0,0.0,0.1287,0.1287,0.1287,0.1287,0.063887,0.063887,5.8431e-05,0.063887,0.063887,0.051109,5.8431e-05,0.051109,0.0,0.0,0.0,0.0,0.001,0.0,0.0,0.0,2.154e-10,0.0,0.0,0.0,0.0,2.154e-10,0.001,0.0
24535846.0,4995000000.0,5000000.0,5.0,0.0,0.1287,0.1287,0.1287,0.1287,0.063887,0.063887,0.0,0.063887,0.063887,0.0,0.0,0.0,0.0,0.0,0.0,0.0,1e-07,0.0,0.0,0.0,0.001,0.0,0.0,0.0,0.0,0.001,1e-07,0.0
24537419.0,4995000000.0,5000000.0,5.0,0.0,0.1287,0.1287,0.1287,0.1287,0.063887,0.063887,0.00055581,0.063887,0.063887,0.00055581,0.00055581,0.00055581,0.0,0.0,0.0,0.0,2.154e-06,0.0,0.0,0.0,2.154e-06,0.0,0.0,0.0,0.0,2.154e-06,2.154e-06,0.0
24536568.0,4995000000.0,5000000.0,5.0,0.0,0.1287,0.1287,0.1287,0.1287,0.063887,0.063887,6.1098e-06,0.063887,0.063887,6.3887e-07,6.1098e-06,6.3887e-07,0.0,0.0,0.0,0.0,4.642e-09,0.0,0.0,0.0,1e-11,0.0,0.0,0.0,0.0,1e-11,4.642e-09,0.0
24536918.0,4995000000.0,5000000.0,5.0,0.0,0.1287,0.1287,0.1287,0.1287,0.063887,0.063887,5.8431e-05,0.063887,0.063887,6.3887e-07,5.8431e-05,6.3887e-07,0.0,0.0,0.0,0.0,1e-07,0.0,0.0,0.0,1e-11,0.0,0.0,0.0,0.0,1e-11,1e-07,0.0
24537276.0,4995000000.0,5000000.0,5.0,0.0,0.1287,0.1287,0.1287,0.1287,0.063887,0.063887,0.00055581,0.063887,0.063887,6.3887e-07,0.00055581,6.3887e-07,0.0,0.0,0.0,0.0,4.642e-05,0.0,0.0,0.0,2.154e-10,0.0,0.0,0.0,0.0,2.154e-10,4.642e-05,0.0
24536478.0,4995000000.0,5000000.0,5.0,0.0,0.1287,0.1287,0.1287,0.1287,0.063887,0.063887,6.3887e-07,0.063887,0.063887,0.051109,6.3887e-07,0.051109,0.0,0.0,0.0,0.0,1e-07,0.0,0.0,0.0,2.154e-10,0.0,0.0,0.0,0.0,2.154e-10,1e-07,0.0
24537810.0,4995000000.0,5000000.0,5.0,0.0,0.1287,0.1287,0.1287,0.1287,0.063887,0.063887,0.0053473,0.063887,0.063887,0.0053473,0.0053473,0.0053473,0.0,0.0,0.0,0.0,2.154e-06,0.0,0.0,0.0,1e-07,0.0,0.0,0.0,0.0,1e-07,2.154e-06,0.0
24536264.0,4995000000.0,5000000.0,5.0,0.0,0.1287,0.1287,0.1287,0.1287,0.063887,0.063887,6.3887e-07,0.063887,0.063887,6.1098e-06,6.3887e-07,6.1098e-06,0.0,0.0,0.0,0.0,1e-11,0.0,0.0,0.0,2.154e-06,0.0,0.0,0.0,0.0,2.154e-06,1e-11,0.0
24537317.0,4995000000.0,5000000.0,5.0,0.0,0.1287,0.1287,0.1287,0.1287,0.063887,0.063887,0.00055581,0.063887,0.063887,6.1098e-06,0.00055581,6.1098e-06,0.0,0.0,0.0,0.0,2.154e-06,0.0,0.0,0.0,1e-11,0.0,0.0,0.0,0.0,1e-11,2.154e-06,0.0
24536895.0,4995000000.0,5000000.0,5.0,0.0,0.1287,0.1287,0.1287,0.1287,0.063887,0.063887,5.8431e-05,0.063887,0.063887,0.0,5.8431e-05,0.0,0.0,0.0,0.0,0.0,0.001,0.0,0.0,0.0,4.642e-05,0.0,0.0,0.0,0.0,4.642e-05,0.001,0.0
24536234.0,4995000000.0,5000000.0,5.0,0.0,0.1287,0.1287,0.1287,0.1287,0.063887,0.063887,6.3887e-07,0.063887,0.063887,6.3887e-07,6.3887e-07,6.3887e-07,0.0,0.0,0.0,0.0,1e-07,0.0,0.0,0.0,4.642e-09,0.0,0.0,0.0,0.0,4.642e-09,1e-07,0.0
24536421.0,4995000000.0,5000000.0,5.0,0.0,0.1287,0.1287,0.1287,0.1287,0.063887,0.063887,6.3887e-07,0.063887,0.063887,0.0053473,6.3887e-07,0.0053473,0.0,0.0,0.0,0.0,4.642e-09,0.0,0.0,0.0,1e-11,0.0,0.0,0.0,0.0,1e-11,4.642e-09,0.0
24538063.0,4995000000.0,5000000.0,5.0,0.0,0.1287,0.1287,0.1287,0.1287,0.063887,0.063887,0.051109,0.063887,0.063887,5.8431e-05,0.051109,5.8431e-05,0.0,0.0,0.0,0.0,4.642e-05,0.0,0.0,0.0,2.154e-06,0.0,0.0,0.0,0.0,2.154e-06,4.642e-05,0.0
24537883.0,4995000000.0,5000000.0,5.0,0.0,0.1287,0.1287,0.1287,0.1287,0.063887,0.063887,0.051109,0.063887,0.063887,0.0,0.051109,0.0,0.0,0.0,0.0,0.0,1e-11,0.0,0.0,0.0,0.001,0.0,0.0,0.0,0.0,0.001,1e-11,0.0
24538050.0,4995000000.0,5000000.0,5.0,0.0,0.1287,0.1287,0.1287,0.1287,0.063887,0.063887,0.051109,0.063887,0.063887,5.8431e-05,0.051109,5.8431e-05,0.0,0.0,0.0,0.0,1e-07,0.0,0.0,0.0,4.642e-05,0.0,0.0,0.0,0.0,4.642e-05,1e-07,0.0
24537976.0,4995000000.0,5000000.0,5.0,0.0,0.1287,0.1287,0.1287,0.1287,0.063887,0.063887,0.051109,0.063887,0.063887,6.1098e-06,0.051109,6.1098e-06,0.0,0.0,0.0,0.0,1e-11,0.0,0.0,0.0,2.154e-10,0.0,0.0,0.0,0.0,2.154e-10,1e-11,0.0
24535955.0,4995000000.0,5000000.0,5.0,0.0,0.1287,0.1287,0.1287,0.1287,0.063887,0.063887,0.0,0.063887,0.063887,6.1098e-06,0.0,6.1098e-06,0.0,0.0,0.0,0.0,4.642e-05,0.0,0.0,0.0,1e-07,0.0,0.0,0.0,0.0,1e-07,4.642e-05,0.0
24537594.0,4995000000.0,5000000.0,5.0,0.0,0.1287,0.1287,0.1287,0.1287,0.063887,0.063887,0.0053473,0.063887,0.063887,6.3887e-07,0.0053473,6.3887e-07,0.0,0.0,0.0,0.0,2.154e-10,0.0,0.0,0.0,2.154e-06,0.0,0.0,0.0,0.0,2.154e-06,2.154e-10,0.0
24536356.0,4995000000.0,5000000.0,5.0,0.0,0.1287,0.1287,0.1287,0.1287,0.063887,0.063887,6.3887e-07,0.063887,0.063887,5.8431e-05,6.3887e-07,5.8431e-05,0.0,0.0,0.0,0.0,0.001,0.0,0.0,0.0,4.642e-05,0.0,0.0,0.0,0.0,4.642e-05,0.001,0.0
24536522.0,4995000000.0,5000000.0,5.0,0.0,0.1287,0.1287,0.1287,0.1287,0.063887,0.063887,6.1098e-06,0.063887,0.063887,0.0,6.1098e-06,0.0,0.0,0.0,0.0,0.0,4.642e-09,0.0,0.0,0.0,1e-07,0.0,0.0,0.0,0.0,1e-07,4.642e-09,0.0
24536831.0,4995000000.0,5000000.0,5.0,0.0,0.1287,0.1287,0.1287,0.1287,0.063887,0.063887,6.1098e-06,0.063887,0.063887,0.051109,6.1098e-06,0.051109,0.0,0.0,0.0,0.0,2.154e-06,0.0,0.0,0.0,2.154e-06,0.0,0.0,0.0,0.0,2.154e-06,2.154e-06,0.0
24537689.0,4995000000.0,5000000.0,5.0,0.0,0.1287,0.1287,0.1287,0.1287,0.063887,0.063887,0.0053473,0.063887,0.063887,5.8431e-05,0.0053473,5.8431e-05,0.0,0.0,0.0,0.0,2.154e-10,0.0,0.0,0.0,2.154e-10,0.0,0.0,0.0,0.0,2.154e-10,2.154e-10,0.0
24538170.0,4995000000.0,5000000.0,5.0,0.0,0.1287,0.1287,0.1287,0.1287,0.063887,0.063887,0.051109,0.063887,0.063887,0.0053473,0.051109,0.0053473,0.0,0.0,0.0,0.0,0.001,0.0,0.0,0.0,0.001,0.0,0.0,0.0,0.0,0.001,0.001,0.0
24537897.0,4995000000.0,5000000.0,5.0,0.0,0.1287,0.1287,0.1287,0.1287,0.063887,0.063887,0.051109,0.063887,0.063887,0.0,0.051109,0.0,0.0,0.0,0.0,0.0,4.642e-09,0.0,0.0,0.0,0.001,0.0,0.0,0.0,0.0,0.001,4.642e-09,0.0
24535946.0,4995000000.0,5000000.0,5.0,0.0,0.1287,0.1287,0.1287,0.1287,0.063887,0.063887,0.0,0.063887,0.063887,6.1098e-06,0.0,6.1098e-06,0.0,0.0,0.0,0.0,2.154e-06,0.0,0.0,0.0,2.154e-10,0.0,0.0,0.0,0.0,2.154e-10,2.154e-06,0.0
24535883.0,4995000000.0,5000000.0,5.0,0.0,0.1287,0.1287,0.1287,0.1287,0.063887,0.063887,0.0,0.063887,0.063887,6.3887e-07,0.0,6.3887e-07,0.0,0.0,0.0,0.0,4.642e-09,0.0,0.0,0.0,2.154e-10,0.0,0.0,0.0,0.0,2.154e-10,4.642e-09,0.0
24537139.0,4995000000.0,5000000.0,5.0,0.0,0.1287,0.1287,0.1287,0.1287,0.063887,0.063887,5.8431e-05,0.063887,0.063887,0.0053473,5.8431e-05,0.0053473,0.0,0.0,0.0,0.0,0.001,0.0,0.0,0.0,2.154e-06,0.0,0.0,0.0,0.0,2.154e-06,0.001,0.0
24536246.0,4995000000.0,5000000.0,5.0,0.0,0.1287,0.1287,0.1287,0.1287,0.063887,0.063887,6.3887e-07,0.063887,0.063887,6.3887e-07,6.3887e-07,6.3887e-07,0.0,0.0,0.0,0.0,4.642e-05,0.0,0.0,0.0,1e-11,0.0,0.0,0.0,0.0,1e-11,4.642e-05,0.0
24537840.0,4995000000.0,5000000.0,5.0,0.0,0.1287,0.1287,0.1287,0.1287,0.063887,0.063887,0.0053473,0.063887,0.063887,0.051109,0.0053473,0.051109,0.0,0.0,0.0,0.0,2.154e-10,0.0,0.0,0.0,4.642e-05,0.0,0.0,0.0,0.0,4.642e-05,2.154e-10,0.0
24537258.0,4995000000.0,5000000.0,5.0,0.0,0.1287,0.1287,0.1287,0.1287,0.063887,0.063887,0.00055581,0.063887,0.063887,6.3887e-07,0.00055581,6.3887e-07,0.0,0.0,0.0,0.0,4.642e-09,0.0,0.0,0.0,2.154e-06,0.0,0.0,0.0,0.0,2.154e-06,4.642e-09,0.0
24537444.0,4995000000.0,5000000.0,5.0,0.0,0.1287,0.1287,0.1287,0.1287,0.063887,0.063887,0.00055581,0.063887,0.063887,0.0053473,0.00055581,0.0053473,0.0,0.0,0.0,0.0,2.154e-10,0.0,0.0,0.0,2.154e-10,0.0,0.0,0.0,0.0,2.154e-10,2.154e-10,0.0
24537025.0,4995000000.0,5000000.0,5.0,0.0,0.1287,0.1287,0.1287,0.1287,0.063887,0.063887,5.8431e-05,0.063887,0.063887,5.8431e-05,5.8431e-05,5.8431e-05,0.0,0.0,0.0,0.0,2.154e-06,0.0,0.0,0.0,4.642e-09,0.0,0.0,0.0,0.0,4.642e-09,2.154e-06,0.0
24536999.0,4995000000.0,5000000.0,5.0,0.0,0.1287,0.1287,0.1287,0.1287,0.063887,0.063887,5.8431e-05,0.063887,0.063887,5.8431e-05,5.8431e-05,5.8431e-05,0.0,0.0,0.0,0.0,1e-11,0.0,0.0,0.0,2.154e-06,0.0,0.0,0.0,0.0,2.154e-06,1e-11,0.0
24537452.0,4995000000.0,5000000.0,5.0,0.0,0.1287,0.1287,0.1287,0.1287,0.063887,0.063887,0.00055581,0.063887,0.063887,0.0053473,0.00055581,0.0053473,0.0,0.0,0.0,0.0,4.642e-09,0.0,0.0,0.0,4.642e-09,0.0,0.0,0.0,0.0,4.642e-09,4.642e-09,0.0
24537378.0,4995000000.0,5000000.0,5.0,0.0,0.1287,0.1287,0.1287,0.1287,0.063887,0.063887,0.00055581,0.063887,0.063887,5.8431e-05,0.00055581,5.8431e-05,0.0,0.0,0.0,0.0,4.642e-05,0.0,0.0,0.0,4.642e-05,0.0,0.0,0.0,0.0,4.642e-05,4.642e-05,0.0
24536515.0,4995000000.0,5000000.0,5.0,0.0,0.1287,0.1287,0.1287,0.1287,0.063887,0.063887,6.1098e-06,0.063887,0.063887,0.0,6.1098e-06,0.0,0.0,0.0,0.0,0.0,2.154e-10,0.0,0.0,0.0,1e-07,0.0,0.0,0.0,0.0,1e-07,2.154e-10,0.0
24538025.0,4995000000.0,5000000.0,5.0,0.0,0.1287,0.1287,0.1287,0.1287,0.063887,0.063887,0.051109,0.063887,0.063887,5.8431e-05,0.051109,5.8431e-05,0.0,0.0,0.0,0.0,1e-11,0.0,0.0,0.0,2.154e-10,0.0,0.0,0.0,0.0,2.154e-10,1e-11,0.0
24537713.0,4995000000.0,5000000.0,5.0,0.0,0.1287,0.1287,0.1287,0.1287,0.063887,0.063887,0.0053473,0.063887,0.063887,5.8431e-05,0.0053473,5.8431e-05,0.0,0.0,0.0,0.0,2.154e-06,0.0,0.0,0.0,2.154e-06,0.0,0.0,0.0,0.0,2.154e-06,2.154e-06,0.0
24536435.0,4995000000.0,5000000.0,5.0,0.0,0.1287,0.1287,0.1287,0.1287,0.063887,0.063887,6.3887e-07,0.063887,0.063887,0.0053473,6.3887e-07,0.0053473,0.0,0.0,0.0,0.0,2.154e-06,0.0,0.0,0.0,1e-11,0.0,0.0,0.0,0.0,1e-11,2.154e-06,0.0
24537231.0,4995000000.0,5000000.0,5.0,0.0,0.1287,0.1287,0.1287,0.1287,0.063887,0.063887,0.00055581,0.063887,0.063887,0.0,0.00055581,0.0,0.0,0.0,0.0,0.0,4.642e-05,0.0,0.0,0.0,4.642e-05,0.0,0.0,0.0,0.0,4.642e-05,4.642e-05,0.0
24536963.0,4995000000.0,5000000.0,5.0,0.0,0.1287,0.1287,0.1287,0.1287,0.063887,0.063887,5.8431e-05,0.063887,0.063887,6.1098e-06,5.8431e-05,6.1098e-06,0.0,0.0,0.0,0.0,4.642e-09,0.0,0.0,0.0,1e-07,0.0,0.0,0.0,0.0,1e-07,4.642e-09,0.0
24536782.0,4995000000.0,5000000.0,5.0,0.0,0.1287,0.1287,0.1287,0.1287,0.063887,0.063887,6.1098e-06,0.063887,0.063887,0.0053473,6.1098e-06,0.0053473,0.0,0.0,0.0,0.0,2.154e-06,0.0,0.0,0.0,2.154e-06,0.0,0.0,0.0,0.0,2.154e-06,2.154e-06,0.0
24536541.0,4995000000.0,5000000.0,5.0,0.0,0.1287,0.1287,0.1287,0.1287,0.063887,0.063887,6.1098e-06,0.063887,0.063887,0.0,6.1098e-06,0.0,0.0,0.0,0.0,0.0,4.642e-05,0.0,0.0,0.0,2.154e-10,0.0,0.0,0.0,0.0,2.154e-10,4.642e-05,0.0
24538175.0,4995000000.0,5000000.0,5.0,0.0,0.1287,0.1287,0.1287,0.1287,0.063887,0.063887,0.051109,0.063887,0.063887,0.051109,0.051109,0.051109,0.0,0.0,0.0,0.0,1e-11,0.0,0.0,0.0,2.154e-06,0.0,0.0,0.0,0.0,2.154e-06,1e-11,0.0
24536581.0,4995000000.0,5000000.0,5.0,0.0,0.1287,0.1287,0.1287,0.1287,0.063887,0.063887,6.1098e-06,0.063887,0.063887,6.3887e-07,6.1098e-06,6.3887e-07,0.0,0.0,0.0,0.0,1e-07,0.0,0.0,0.0,0.001,0.0,0.0,0.0,0.0,0.001,1e-07,0.0
24535995.0,4995000000.0,5000000.0,5.0,0.0,0.1287,0.1287,0.1287,0.1287,0.063887,0.063887,0.0,0.063887,0.063887,5.8431e-05,0.0,5.8431e-05,0.0,0.0,0.0,0.0,2.154e-06,0.0,0.0,0.0,2.154e-10,0.0,0.0,0.0,0.0,2.154e-10,2.154e-06,0.0
24537393.0,4995000000.0,5000000.0,5.0,0.0,0.1287,0.1287,0.1287,0.1287,0.063887,0.063887,0.00055581,0.063887,0.063887,0.00055581,0.00055581,0.00055581,0.0,0.0,0.0,0.0,1e-11,0.0,0.0,0.0,0.001,0.0,0.0,0.0,0.0,0.001,1e-11,0.0
24536072.0,4995000000.0,5000000.0,5.0,0.0,0.1287,0.1287,0.1287,0.1287,0.063887,0.063887,0.0,0.063887,0.063887,0.0053473,0.0,0.0053473,0.0,0.0,0.0,0.0,2.154e-10,0.0,0.0,0.0,2.154e-10,0.0,0.0,0.0,0.0,2.154e-10,2.154e-10,0.0
24537839.0,4995000000.0,5000000.0,5.0,0.0,0.1287,0.1287,0.1287,0.1287,0.063887,0.063887,0.0053473,0.063887,0.063887,0.051109,0.0053473,0.051109,0.0,0.0,0.0,0.0,2.154e-10,0.0,0.0,0.0,2.154e-06,0.0,0.0,0.0,0.0,2.154e-06,2.154e-10,0.0
24537922.0,4995000000.0,5000000.0,5.0,0.0,0.1287,0.1287,0.1287,0.1287,0.063887,0.063887,0.051109,0.063887,0.063887,0.0,0.051109,0.0,0.0,0.0,0.0,0.0,0.001,0.0,0.0,0.0,1e-07,0.0,0.0,0.0,0.0,1e-07,0.001,0.0
24536737.0,4995000000.0,5000000.0,5.0,0.0,0.1287,0.1287,0.1287,0.1287,0.063887,0.063887,6.1098e-06,0.063887,0.063887,0.00055581,6.1098e-06,0.00055581,0.0,0.0,0.0,0.0,4.642e-05,0.0,0.0,0.0,2.154e-10,0.0,0.0,0.0,0.0,2.154e-10,4.642e-05,0.0
24537860.0,4995000000.0,5000000.0,5.0,0.0,0.1287,0.1287,0.1287,0.1287,0.063887,0.063887,0.0053473,0.063887,0.063887,0.051109,0.0053473,0.051109,0.0,0.0,0.0,0.0,2.154e-06,0.0,0.0,0.0,2.154e-06,0.0,0.0,0.0,0.0,2.154e-06,2.154e-06,0.0
24537613.0,4995000000.0,5000000.0,5.0,0.0,0.1287,0.1287,0.1287,0.1287,0.063887,0.063887,0.0053473,0.063887,0.063887,6.3887e-07,0.0053473,6.3887e-07,0.0,0.0,0.0,0.0,2.154e-06,0.0,0.0,0.0,4.642e-09,0.0,0.0,0.0,0.0,4.642e-09,2.154e-06,0.0
24537493.0,4995000000.0,5000000.0,5.0,0.0,0.1287,0.1287,0.1287,0.1287,0.063887,0.063887,0.00055581,0.063887,0.063887,0.051109,0.00055581,0.051109,0.0,0.0,0.0,0.0,2.154e-10,0.0,0.0,0.0,2.154e-10,0.0,0.0,0.0,0.0,2.154e-10,2.154e-10,0.0
24537232.0,4995000000.0,5000000.0,5.0,0.0,0.1287,0.1287,0.1287,0.1287,0.063887,0.063887,0.00055581,0.063887,0.063887,0.0,0.00055581,0.0,0.0,0.0,0.0,0.0,4.642e-05,0.0,0.0,0.0,0.001,0.0,0.0,0.0,0.0,0.001,4.642e-05,0.0
24537817.0,4995000000.0,5000000.0,5.0,0.0,0.1287,0.1287,0.1287,0.1287,0.063887,0.063887,0.0053473,0.063887,0.063887,0.0053473,0.0053473,0.0053473,0.0,0.0,0.0,0.0,4.642e-05,0.0,0.0,0.0,1e-07,0.0,0.0,0.0,0.0,1e-07,4.642e-05,0.0
24536090.0,4995000000.0,5000000.0,5.0,0.0,0.1287,0.1287,0.1287,0.1287,0.063887,0.063887,0.0,0.063887,0.063887,0.0053473,0.0,0.0053473,0.0,0.0,0.0,0.0,1e-07,0.0,0.0,0.0,4.642e-05,0.0,0.0,0.0,0.0,4.642e-05,1e-07,0.0
24536103.0,4995000000.0,5000000.0,5.0,0.0,0.1287,0.1287,0.1287,0.1287,0.063887,0.063887,0.0,0.063887,0.063887,0.0053473,0.0,0.0053473,0.0,0.0,0.0,0.0,4.642e-05,0.0,0.0,0.0,2.154e-06,0.0,0.0,0.0,0.0,2.154e-06,4.642e-05,0.0
24537115.0,4995000000.0,5000000.0,5.0,0.0,0.1287,0.1287,0.1287,0.1287,0.063887,0.063887,5.8431e-05,0.063887,0.063887,0.0053473,5.8431e-05,0.0053473,0.0,0.0,0.0,0.0,1e-07,0.0,0.0,0.0,2.154e-10,0.0,0.0,0.0,0.0,2.154e-10,1e-07,0.0
24536976.0,4995000000.0,5000000.0,5.0,0.0,0.1287,0.1287,0.1287,0.1287,0.063887,0.063887,5.8431e-05,0.063887,0.063887,6.1098e-06,5.8431e-05,6.1098e-06,0.0,0.0,0.0,0.0,2.154e-06,0.0,0.0,0.0,4.642e-09,0.0,0.0,0.0,0.0,4.642e-09,2.154e-06,0.0
24536902.0,4995000000.0,5000000.0,5.0,0.0,0.1287,0.1287,0.1287,0.1287,0.063887,0.063887,5.8431e-05,0.063887,0.063887,6.3887e-07,5.8431e-05,6.3887e-07,0.0,0.0,0.0,0.0,1e-11,0.0,0.0,0.0,4.642e-05,0.0,0.0,0.0,0.0,4.642e-05,1e-11,0.0
24536279.0,4995000000.0,5000000.0,5.0,0.0,0.1287,0.1287,0.1287,0.1287,0.063887,0.063887,6.3887e-07,0.063887,0.063887,6.1098e-06,6.3887e-07,6.1098e-06,0.0,0.0,0.0,0.0,4.642e-09,0.0,0.0,0.0,4.642e-05,0.0,0.0,0.0,0.0,4.642e-05,4.642e-09,0.0
24536704.0,4995000000.0,5000000.0,5.0,0.0,0.1287,0.1287,0.1287,0.1287,0.063887,0.063887,6.1098e-06,0.063887,0.063887,0.00055581,6.1098e-06,0.00055581,0.0,0.0,0.0,0.0,1e-11,0.0,0.0,0.0,1e-07,0.0,0.0,0.0,0.0,1e-07,1e-11,0.0
24535895.0,4995000000.0,5000000.0,5.0,0.0,0.1287,0.1287,0.1287,0.1287,0.063887,0.063887,0.0,0.063887,0.063887,6.3887e-07,0.0,6.3887e-07,0.0,0.0,0.0,0.0,1e-07,0.0,0.0,0.0,0.001,0.0,0.0,0.0,0.0,0.001,1e-07,0.0
24536523.0,4995000000.0,5000000.0,5.0,0.0,0.1287,0.1287,0.1287,0.1287,0.063887,0.063887,6.1098e-06,0.063887,0.063887,0.0,6.1098e-06,0.0,0.0,0.0,0.0,0.0,4.642e-09,0.0,0.0,0.0,2.154e-06,0.0,0.0,0.0,0.0,2.154e-06,4.642e-09,0.0
24536344.0,4995000000.0,5000000.0,5.0,0.0,0.1287,0.1287,0.1287,0.1287,0.063887,0.063887,6.3887e-07,0.063887,0.063887,5.8431e-05,6.3887e-07,5.8431e-05,0.0,0.0,0.0,0.0,4.642e-05,0.0,0.0,0.0,1e-11,0.0,0.0,0.0,0.0,1e-11,4.642e-05,0.0
24536889.0,4995000000.0,5000000.0,5.0,0.0,0.1287,0.1287,0.1287,0.1287,0.063887,0.063887,5.8431e-05,0.063887,0.063887,0.0,5.8431e-05,0.0,0.0,0.0,0.0,0.0,4.642e-05,0.0,0.0,0.0,0.001,0.0,0.0,0.0,0.0,0.001,4.642e-05,0.0
24537283.0,4995000000.0,5000000.0,5.0,0.0,0.1287,0.1287,0.1287,0.1287,0.063887,0.063887,0.00055581,0.063887,0.063887,6.3887e-07,0.00055581,6.3887e-07,0.0,0.0,0.0,0.0,0.001,0.0,0.0,0.0,2.154e-10,0.0,0.0,0.0,0.0,2.154e-10,0.001,0.0
24535943.0,4995000000.0,5000000.0,5.0,0.0,0.1287,0.1287,0.1287,0.1287,0.063887,0.063887,0.0,0.063887,0.063887,6.1098e-06,0.0,6.1098e-06,0.0,0.0,0.0,0.0,1e-07,0.0,0.0,0.0,4.642e-05,0.0,0.0,0.0,0.0,4.642e-05,1e-07,0.0
24535922.0,4995000000.0,5000000.0,5.0,0.0,0.1287,0.1287,0.1287,0.1287,0.063887,0.063887,0.0,0.063887,0.063887,6.1098e-06,0.0,6.1098e-06,0.0,0.0,0.0,0.0,1e-11,0.0,0.0,0.0,4.642e-05,0.0,0.0,0.0,0.0,4.642e-05,1e-11,0.0
24536205.0,4995000000.0,5000000.0,5.0,0.0,0.1287,0.1287,0.1287,0.1287,0.063887,0.063887,6.3887e-07,0.063887,0.063887,0.0,6.3887e-07,0.0,0.0,0.0,0.0,0.0,0.001,0.0,0.0,0.0,2.154e-10,0.0,0.0,0.0,0.0,2.154e-10,0.001,0.0
24538211.0,4995000000.0,5000000.0,5.0,0.0,0.1287,0.1287,0.1287,0.1287,0.063887,0.063887,0.051109,0.063887,0.063887,0.051109,0.051109,0.051109,0.0,0.0,0.0,0.0,4.642e-05,0.0,0.0,0.0,4.642e-05,0.0,0.0,0.0,0.0,4.642e-05,4.642e-05,0.0
24537250.0,4995000000.0,5000000.0,5.0,0.0,0.1287,0.1287,0.1287,0.1287,0.063887,0.063887,0.00055581,0.063887,0.063887,6.3887e-07,0.00055581,6.3887e-07,0.0,0.0,0.0,0.0,2.154e-10,0.0,0.0,0.0,1e-07,0.0,0.0,0.0,0.0,1e-07,2.154e-10,0.0
24536641.0,4995000000.0,5000000.0,5.0,0.0,0.1287,0.1287,0.1287,0.1287,0.063887,0.063887,6.1098e-06,0.063887,0.063887,6.1098e-06,6.1098e-06,6.1098e-06,0.0,0.0,0.0,0.0,4.642e-05,0.0,0.0,0.0,1e-07,0.0,0.0,0.0,0.0,1e-07,4.642e-05,0.0
24537244.0,4995000000.0,5000000.0,5.0,0.0,0.1287,0.1287,0.1287,0.1287,0.063887,0.063887,0.00055581,0.063887,0.063887,6.3887e-07,0.00055581,6.3887e-07,0.0,0.0,0.0,0.0,1e-11,0.0,0.0,0.0,2.154e-06,0.0,0.0,0.0,0.0,2.154e-06,1e-11,0.0
24537416.0,4995000000.0,5000000.0,5.0,0.0,0.1287,0.1287,0.1287,0.1287,0.063887,0.063887,0.00055581,0.063887,0.063887,0.00055581,0.00055581,0.00055581,0.0,0.0,0.0,0.0,2.154e-06,0.0,0.0,0.0,2.154e-10,0.0,0.0,0.0,0.0,2.154e-10,2.154e-06,0.0
24537254.0,4995000000.0,5000000.0,5.0,0.0,0.1287,0.1287,0.1287,0.1287,0.063887,0.063887,0.00055581,0.063887,0.063887,6.3887e-07,0.00055581,6.3887e-07,0.0,0.0,0.0,0.0,4.642e-09,0.0,0.0,0.0,1e-11,0.0,0.0,0.0,0.0,1e-11,4.642e-09,0.0
24536429.0,4995000000.0,5000000.0,5.0,0.0,0.1287,0.1287,0.1287,0.1287,0.063887,0.063887,6.3887e-07,0.063887,0.063887,0.0053473,6.3887e-07,0.0053473,0.0,0.0,0.0,0.0,1e-07,0.0,0.0,0.0,2.154e-10,0.0,0.0,0.0,0.0,2.154e-10,1e-07,0.0
24536425.0,4995000000.0,5000000.0,5.0,0.0,0.1287,0.1287,0.1287,0.1287,0.063887,0.063887,6.3887e-07,0.063887,0.063887,0.0053473,6.3887e-07,0.0053473,0.0,0.0,0.0,0.0,4.642e-09,0.0,0.0,0.0,2.154e-06,0.0,0.0,0.0,0.0,2.154e-06,4.642e-09,0.0
24537848.0,4995000000.0,5000000.0,5.0,0.0,0.1287,0.1287,0.1287,0.1287,0.063887,0.063887,0.0053473,0.063887,0.063887,0.051109,0.0053473,0.051109,0.0,0.0,0.0,0.0,4.642e-09,0.0,0.0,0.0,0.001,0.0,0.0,0.0,0.0,0.001,4.642e-09,0.0
24537648.0,4995000000.0,5000000.0,5.0,0.0,0.1287,0.1287,0.1287,0.1287,0.063887,0.063887,0.0053473,0.063887,0.063887,6.1098e-06,0.0053473,6.1098e-06,0.0,0.0,0.0,0.0,4.642e-09,0.0,0.0,0.0,4.642e-09,0.0,0.0,0.0,0.0,4.642e-09,4.642e-09,0.0
24537996.0,4995000000.0,5000000.0,5.0,0.0,0.1287,0.1287,0.1287,0.1287,0.063887,0.063887,0.051109,0.063887,0.063887,6.1098e-06,0.051109,6.1098e-06,0.0,0.0,0.0,0.0,1e-07,0.0,0.0,0.0,1e-11,0.0,0.0,0.0,0.0,1e-11,1e-07,0.0
24536398.0,4995000000.0,5000000.0,5.0,0.0,0.1287,0.1287,0.1287,0.1287,0.063887,0.063887,6.3887e-07,0.063887,0.063887,0.00055581,6.3887e-07,0.00055581,0.0,0.0,0.0,0.0,4.642e-05,0.0,0.0,0.0,4.642e-05,0.0,0.0,0.0,0.0,4.642e-05,4.642e-05,0.0
24538120.0,4995000000.0,5000000.0,5.0,0.0,0.1287,0.1287,0.1287,0.1287,0.063887,0.063887,0.051109,0.063887,0.063887,0.00055581,0.051109,0.00055581,0.0,0.0,0.0,0.0,0.001,0.0,0.0,0.0,4.642e-05,0.0,0.0,0.0,0.0,4.642e-05,0.001,0.0
24536892.0,4995000000.0,5000000.0,5.0,0.0,0.1287,0.1287,0.1287,0.1287,0.063887,0.063887,5.8431e-05,0.063887,0.063887,0.0,5.8431e-05,0.0,0.0,0.0,0.0,0.0,0.001,0.0,0.0,0.0,4.642e-09,0.0,0.0,0.0,0.0,4.642e-09,0.001,0.0
24536517.0,4995000000.0,5000000.0,5.0,0.0,0.1287,0.1287,0.1287,0.1287,0.063887,0.063887,6.1098e-06,0.063887,0.063887,0.0,6.1098e-06,0.0,0.0,0.0,0.0,0.0,2.154e-10,0.0,0.0,0.0,4.642e-05,0.0,0.0,0.0,0.0,4.642e-05,2.154e-10,0.0
24536128.0,4995000000.0,5000000.0,5.0,0.0,0.1287,0.1287,0.1287,0.1287,0.063887,0.063887,0.0,0.063887,0.063887,0.051109,0.0,0.051109,0.0,0.0,0.0,0.0,4.642e-09,0.0,0.0,0.0,2.154e-10,0.0,0.0,0.0,0.0,2.154e-10,4.642e-09,0.0
24536820.0,4995000000.0,5000000.0,5.0,0.0,0.1287,0.1287,0.1287,0.1287,0.063887,0.063887,6.1098e-06,0.063887,0.063887,0.051109,6.1098e-06,0.051109,0.0,0.0,0.0,0.0,1e-07,0.0,0.0,0.0,1e-11,0.0,0.0,0.0,0.0,1e-11,1e-07,0.0
24537508.0,4995000000.0,5000000.0,5.0,0.0,0.1287,0.1287,0.1287,0.1287,0.063887,0.063887,0.00055581,0.063887,0.063887,0.051109,0.00055581,0.051109,0.0,0.0,0.0,0.0,1e-07,0.0,0.0,0.0,4.642e-09,0.0,0.0,0.0,0.0,4.642e-09,1e-07,0.0
24535997.0,4995000000.0,5000000.0,5.0,0.0,0.1287,0.1287,0.1287,0.1287,0.063887,0.063887,0.0,0.063887,0.063887,5.8431e-05,0.0,5.8431e-05,0.0,0.0,0.0,0.0,2.154e-06,0.0,0.0,0.0,1e-07,0.0,0.0,0.0,0.0,1e-07,2.154e-06,0.0
24536002.0,4995000000.0,5000000.0,5.0,0.0,0.1287,0.1287,0.1287,0.1287,0.063887,0.063887,0.0,0.063887,0.063887,5.8431e-05,0.0,5.8431e-05,0.0,0.0,0.0,0.0,4.642e-05,0.0,0.0,0.0,2.154e-10,0.0,0.0,0.0,0.0,2.154e-10,4.642e-05,0.0
24536459.0,4995000000.0,5000000.0,5.0,0.0,0.1287,0.1287,0.1287,0.1287,0.063887,0.063887,6.3887e-07,0.063887,0.063887,0.051109,6.3887e-07,0.051109,0.0,0.0,0.0,0.0,1e-11,0.0,0.0,0.0,1e-07,0.0,0.0,0.0,0.0,1e-07,1e-11,0.0
24536310.0,4995000000.0,5000000.0,5.0,0.0,0.1287,0.1287,0.1287,0.1287,0.063887,0.063887,6.3887e-07,0.063887,0.063887,5.8431e-05,6.3887e-07,5.8431e-05,0.0,0.0,0.0,0.0,1e-11,0.0,0.0,0.0,2.154e-10,0.0,0.0,0.0,0.0,2.154e-10,1e-11,0.0
24535933.0,4995000000.0,5000000.0,5.0,0.0,0.1287,0.1287,0.1287,0.1287,0.063887,0.063887,0.0,0.063887,0.063887,6.1098e-06,0.0,6.1098e-06,0.0,0.0,0.0,0.0,4.642e-09,0.0,0.0,0.0,4.642e-09,0.0,0.0,0.0,0.0,4.642e-09,4.642e-09,0.0
24537078.0,4995000000.0,5000000.0,5.0,0.0,0.1287,0.1287,0.1287,0.1287,0.063887,0.063887,5.8431e-05,0.063887,0.063887,0.00055581,5.8431e-05,0.00055581,0.0,0.0,0.0,0.0,2.154e-06,0.0,0.0,0.0,0.001,0.0,0.0,0.0,0.0,0.001,2.154e-06,0.0
24536688.0,4995000000.0,5000000.0,5.0,0.0,0.1287,0.1287,0.1287,0.1287,0.063887,0.063887,6.1098e-06,0.063887,0.063887,5.8431e-05,6.1098e-06,5.8431e-05,0.0,0.0,0.0,0.0,4.642e-05,0.0,0.0,0.0,2.154e-10,0.0,0.0,0.0,0.0,2.154e-10,4.642e-05,0.0
24536141.0,4995000000.0,5000000.0,5.0,0.0,0.1287,0.1287,0.1287,0.1287,0.063887,0.063887,0.0,0.063887,0.063887,0.051109,0.0,0.051109,0.0,0.0,0.0,0.0,2.154e-06,0.0,0.0,0.0,1e-11,0.0,0.0,0.0,0.0,1e-11,2.154e-06,0.0
24537618.0,4995000000.0,5000000.0,5.0,0.0,0.1287,0.1287,0.1287,0.1287,0.063887,0.063887,0.0053473,0.063887,0.063887,6.3887e-07,0.0053473,6.3887e-07,0.0,0.0,0.0,0.0,4.642e-05,0.0,0.0,0.0,1e-11,0.0,0.0,0.0,0.0,1e-11,4.642e-05,0.0
24538090.0,4995000000.0,5000000.0,5.0,0.0,0.1287,0.1287,0.1287,0.1287,0.063887,0.063887,0.051109,0.063887,0.063887,0.00055581,0.051109,0.00055581,0.0,0.0,0.0,0.0,4.642e-09,0.0,0.0,0.0,1e-07,0.0,0.0,0.0,0.0,1e-07,4.642e-09,0.0
24537436.0,4995000000.0,5000000.0,5.0,0.0,0.1287,0.1287,0.1287,0.1287,0.063887,0.063887,0.00055581,0.063887,0.063887,0.0053473,0.00055581,0.0053473,0.0,0.0,0.0,0.0,1e-11,0.0,0.0,0.0,1e-11,0.0,0.0,0.0,0.0,1e-11,1e-11,0.0
24536618.0,4995000000.0,5000000.0,5.0,0.0,0.1287,0.1287,0.1287,0.1287,0.063887,0.063887,6.1098e-06,0.063887,0.063887,6.1098e-06,6.1098e-06,6.1098e-06,0.0,0.0,0.0,0.0,4.642e-09,0.0,0.0,0.0,2.154e-10,0.0,0.0,0.0,0.0,2.154e-10,4.642e-09,0.0
24536214.0,4995000000.0,5000000.0,5.0,0.0,0.1287,0.1287,0.1287,0.1287,0.063887,0.063887,6.3887e-07,0.063887,0.063887,6.3887e-07,6.3887e-07,6.3887e-07,0.0,0.0,0.0,0.0,1e-11,0.0,0.0,0.0,1e-07,0.0,0.0,0.0,0.0,1e-07,1e-11,0.0
24536208.0,4995000000.0,5000000.0,5.0,0.0,0.1287,0.1287,0.1287,0.1287,0.063887,0.063887,6.3887e-07,0.063887,0.063887,0.0,6.3887e-07,0.0,0.0,0.0,0.0,0.0,0.001,0.0,0.0,0.0,2.154e-06,0.0,0.0,0.0,0.0,2.154e-06,0.001,0.0
24537471.0,4995000000.0,5000000.0,5.0,0.0,0.1287,0.1287,0.1287,0.1287,0.063887,0.063887,0.00055581,0.063887,0.063887,0.0053473,0.00055581,0.0053473,0.0,0.0,0.0,0.0,4.642e-05,0.0,0.0,0.0,1e-11,0.0,0.0,0.0,0.0,1e-11,4.642e-05,0.0
24536147.0,4995000000.0,5000000.0,5.0,0.0,0.1287,0.1287,0.1287,0.1287,0.063887,0.063887,0.0,0.063887,0.063887,0.051109,0.0,0.051109,0.0,0.0,0.0,0.0,2.154e-06,0.0,0.0,0.0,0.001,0.0,0.0,0.0,0.0,0.001,2.154e-06,0.0
24536401.0,4995000000.0,5000000.0,5.0,0.0,0.1287,0.1287,0.1287,0.1287,0.063887,0.063887,6.3887e-07,0.063887,0.063887,0.00055581,6.3887e-07,0.00055581,0.0,0.0,0.0,0.0,0.001,0.0,0.0,0.0,2.154e-10,0.0,0.0,0.0,0.0,2.154e-10,0.001,0.0
24536814.0,4995000000.0,5000000.0,5.0,0.0,0.1287,0.1287,0.1287,0.1287,0.063887,0.063887,6.1098e-06,0.063887,0.063887,0.051109,6.1098e-06,0.051109,0.0,0.0,0.0,0.0,4.642e-09,0.0,0.0,0.0,2.154e-10,0.0,0.0,0.0,0.0,2.154e-10,4.642e-09,0.0
24538074.0,4995000000.0,5000000.0,5.0,0.0,0.1287,0.1287,0.1287,0.1287,0.063887,0.063887,0.051109,0.063887,0.063887,0.00055581,0.051109,0.00055581,0.0,0.0,0.0,0.0,1e-11,0.0,0.0,0.0,2.154e-10,0.0,0.0,0.0,0.0,2.154e-10,1e-11,0.0
24536299.0,4995000000.0,5000000.0,5.0,0.0,0.1287,0.1287,0.1287,0.1287,0.063887,0.063887,6.3887e-07,0.063887,0.063887,6.1098e-06,6.3887e-07,6.1098e-06,0.0,0.0,0.0,0.0,4.642e-05,0.0,0.0,0.0,2.154e-06,0.0,0.0,0.0,0.0,2.154e-06,4.642e-05,0.0
24538010.0,4995000000.0,5000000.0,5.0,0.0,0.1287,0.1287,0.1287,0.1287,0.063887,0.063887,0.051109,0.063887,0.063887,6.1098e-06,0.051109,6.1098e-06,0.0,0.0,0.0,0.0,4.642e-05,0.0,0.0,0.0,1e-11,0.0,0.0,0.0,0.0,1e-11,4.642e-05,0.0
24537173.0,4995000000.0,5000000.0,5.0,0.0,0.1287,0.1287,0.1287,0.1287,0.063887,0.063887,5.8431e-05,0.063887,0.063887,0.051109,5.8431e-05,0.051109,0.0,0.0,0.0,0.0,2.154e-06,0.0,0.0,0.0,1e-07,0.0,0.0,0.0,0.0,1e-07,2.154e-06,0.0
24536378.0,4995000000.0,5000000.0,5.0,0.0,0.1287,0.1287,0.1287,0.1287,0.063887,0.063887,6.3887e-07,0.063887,0.063887,0.00055581,6.3887e-07,0.00055581,0.0,0.0,0.0,0.0,4.642e-09,0.0,0.0,0.0,0.001,0.0,0.0,0.0,0.0,0.001,4.642e-09,0.0
24538108.0,4995000000.0,5000000.0,5.0,0.0,0.1287,0.1287,0.1287,0.1287,0.063887,0.063887,0.051109,0.063887,0.063887,0.00055581,0.051109,0.00055581,0.0,0.0,0.0,0.0,4.642e-05,0.0,0.0,0.0,1e-11,0.0,0.0,0.0,0.0,1e-11,4.642e-05,0.0
24536456.0,4995000000.0,5000000.0,5.0,0.0,0.1287,0.1287,0.1287,0.1287,0.063887,0.063887,6.3887e-07,0.063887,0.063887,0.051109,6.3887e-07,0.051109,0.0,0.0,0.0,0.0,1e-11,0.0,0.0,0.0,1e-11,0.0,0.0,0.0,0.0,1e-11,1e-11,0.0
24535863.0,4995000000.0,5000000.0,5.0,0.0,0.1287,0.1287,0.1287,0.1287,0.063887,0.063887,0.0,0.063887,0.063887,0.0,0.0,0.0,0.0,0.0,0.0,0.0,0.001,0.0,0.0,0.0,4.642e-09,0.0,0.0,0.0,0.0,4.642e-09,0.001,0.0
24536087.0,4995000000.0,5000000.0,5.0,0.0,0.1287,0.1287,0.1287,0.1287,0.063887,0.063887,0.0,0.063887,0.063887,0.0053473,0.0,0.0053473,0.0,0.0,0.0,0.0,1e-07,0.0,0.0,0.0,4.642e-09,0.0,0.0,0.0,0.0,4.642e-09,1e-07,0.0
24538206.0,4995000000.0,5000000.0,5.0,0.0,0.1287,0.1287,0.1287,0.1287,0.063887,0.063887,0.051109,0.063887,0.063887,0.051109,0.051109,0.051109,0.0,0.0,0.0,0.0,4.642e-05,0.0,0.0,0.0,1e-11,0.0,0.0,0.0,0.0,1e-11,4.642e-05,0.0
24537036.0,4995000000.0,5000000.0,5.0,0.0,0.1287,0.1287,0.1287,0.1287,0.063887,0.063887,5.8431e-05,0.063887,0.063887,5.8431e-05,5.8431e-05,5.8431e-05,0.0,0.0,0.0,0.0,4.642e-05,0.0,0.0,0.0,0.001,0.0,0.0,0.0,0.0,0.001,4.642e-05,0.0
24537023.0,4995000000.0,5000000.0,5.0,0.0,0.1287,0.1287,0.1287,0.1287,0.063887,0.063887,5.8431e-05,0.063887,0.063887,5.8431e-05,5.8431e-05,5.8431e-05,0.0,0.0,0.0,0.0,2.154e-06,0.0,0.0,0.0,1e-11,0.0,0.0,0.0,0.0,1e-11,2.154e-06,0.0
24536306.0,4995000000.0,5000000.0,5.0,0.0,0.1287,0.1287,0.1287,0.1287,0.063887,0.063887,6.3887e-07,0.063887,0.063887,6.1098e-06,6.3887e-07,6.1098e-06,0.0,0.0,0.0,0.0,0.001,0.0,0.0,0.0,2.154e-06,0.0,0.0,0.0,0.0,2.154e-06,0.001,0.0
24535982.0,4995000000.0,5000000.0,5.0,0.0,0.1287,0.1287,0.1287,0.1287,0.063887,0.063887,0.0,0.063887,0.063887,5.8431e-05,0.0,5.8431e-05,0.0,0.0,0.0,0.0,4.642e-09,0.0,0.0,0.0,4.642e-09,0.0,0.0,0.0,0.0,4.642e-09,4.642e-09,0.0
24537927.0,4995000000.0,5000000.0,5.0,0.0,0.1287,0.1287,0.1287,0.1287,0.063887,0.063887,0.051109,0.063887,0.063887,6.3887e-07,0.051109,6.3887e-07,0.0,0.0,0.0,0.0,1e-11,0.0,0.0,0.0,2.154e-10,0.0,0.0,0.0,0.0,2.154e-10,1e-11,0.0
24536339.0,4995000000.0,5000000.0,5.0,0.0,0.1287,0.1287,0.1287,0.1287,0.063887,0.063887,6.3887e-07,0.063887,0.063887,5.8431e-05,6.3887e-07,5.8431e-05,0.0,0.0,0.0,0.0,2.154e-06,0.0,0.0,0.0,4.642e-09,0.0,0.0,0.0,0.0,4.642e-09,2.154e-06,0.0
24537225.0,4995000000.0,5000000.0,5.0,0.0,0.1287,0.1287,0.1287,0.1287,0.063887,0.063887,0.00055581,0.063887,0.063887,0.0,0.00055581,0.0,0.0,0.0,0.0,0.0,2.154e-06,0.0,0.0,0.0,0.001,0.0,0.0,0.0,0.0,0.001,2.154e-06,0.0
24537770.0,4995000000.0,5000000.0,5.0,0.0,0.1287,0.1287,0.1287,0.1287,0.063887,0.063887,0.0053473,0.063887,0.063887,0.00055581,0.0053473,0.00055581,0.0,0.0,0.0,0.0,4.642e-05,0.0,0.0,0.0,4.642e-05,0.0,0.0,0.0,0.0,4.642e-05,4.642e-05,0.0
24536716.0,4995000000.0,5000000.0,5.0,0.0,0.1287,0.1287,0.1287,0.1287,0.063887,0.063887,6.1098e-06,0.063887,0.063887,0.00055581,6.1098e-06,0.00055581,0.0,0.0,0.0,0.0,4.642e-09,0.0,0.0,0.0,2.154e-10,0.0,0.0,0.0,0.0,2.154e-10,4.642e-09,0.0
24537628.0,4995000000.0,5000000.0,5.0,0.0,0.1287,0.1287,0.1287,0.1287,0.063887,0.063887,0.0053473,0.063887,0.063887,6.3887e-07,0.0053473,6.3887e-07,0.0,0.0,0.0,0.0,0.001,0.0,0.0,0.0,1e-07,0.0,0.0,0.0,0.0,1e-07,0.001,0.0
24537216.0,4995000000.0,5000000.0,5.0,0.0,0.1287,0.1287,0.1287,0.1287,0.063887,0.063887,0.00055581,0.063887,0.063887,0.0,0.00055581,0.0,0.0,0.0,0.0,0.0,1e-07,0.0,0.0,0.0,2.154e-06,0.0,0.0,0.0,0.0,2.154e-06,1e-07,0.0
24537446.0,4995000000.0,5000000.0,5.0,0.0,0.1287,0.1287,0.1287,0.1287,0.063887,0.063887,0.00055581,0.063887,0.063887,0.0053473,0.00055581,0.0053473,0.0,0.0,0.0,0.0,2.154e-10,0.0,0.0,0.0,1e-07,0.0,0.0,0.0,0.0,1e-07,2.154e-10,0.0
24536677.0,4995000000.0,5000000.0,5.0,0.0,0.1287,0.1287,0.1287,0.1287,0.063887,0.063887,6.1098e-06,0.063887,0.063887,5.8431e-05,6.1098e-06,5.8431e-05,0.0,0.0,0.0,0.0,1e-07,0.0,0.0,0.0,2.154e-06,0.0,0.0,0.0,0.0,2.154e-06,1e-07,0.0
24537092.0,4995000000.0,5000000.0,5.0,0.0,0.1287,0.1287,0.1287,0.1287,0.063887,0.063887,5.8431e-05,0.063887,0.063887,0.00055581,5.8431e-05,0.00055581,0.0,0.0,0.0,0.0,0.001,0.0,0.0,0.0,0.001,0.0,0.0,0.0,0.0,0.001,0.001,0.0
24537511.0,4995000000.0,5000000.0,5.0,0.0,0.1287,0.1287,0.1287,0.1287,0.063887,0.063887,0.00055581,0.063887,0.063887,0.051109,0.00055581,0.051109,0.0,0.0,0.0,0.0,1e-07,0.0,0.0,0.0,4.642e-05,0.0,0.0,0.0,0.0,4.642e-05,1e-07,0.0
24537064.0,4995000000.0,5000000.0,5.0,0.0,0.1287,0.1287,0.1287,0.1287,0.063887,0.063887,5.8431e-05,0.063887,0.063887,0.00055581,5.8431e-05,0.00055581,0.0,0.0,0.0,0.0,4.642e-09,0.0,0.0,0.0,0.001,0.0,0.0,0.0,0.0,0.001,4.642e-09,0.0
24537345.0,4995000000.0,5000000.0,5.0,0.0,0.1287,0.1287,0.1287,0.1287,0.063887,0.063887,0.00055581,0.063887,0.063887,5.8431e-05,0.00055581,5.8431e-05,0.0,0.0,0.0,0.0,2.154e-10,0.0,0.0,0.0,1e-11,0.0,0.0,0.0,0.0,1e-11,2.154e-10,0.0
24537101.0,4995000000.0,5000000.0,5.0,0.0,0.1287,0.1287,0.1287,0.1287,0.063887,0.063887,5.8431e-05,0.063887,0.063887,0.0053473,5.8431e-05,0.0053473,0.0,0.0,0.0,0.0,2.154e-10,0.0,0.0,0.0,2.154e-10,0.0,0.0,0.0,0.0,2.154e-10,2.154e-10,0.0
24537262.0,4995000000.0,5000000.0,5.0,0.0,0.1287,0.1287,0.1287,0.1287,0.063887,0.063887,0.00055581,0.063887,0.063887,6.3887e-07,0.00055581,6.3887e-07,0.0,0.0,0.0,0.0,1e-07,0.0,0.0,0.0,2.154e-10,0.0,0.0,0.0,0.0,2.154e-10,1e-07,0.0
24536238.0,4995000000.0,5000000.0,5.0,0.0,0.1287,0.1287,0.1287,0.1287,0.063887,0.063887,6.3887e-07,0.063887,0.063887,6.3887e-07,6.3887e-07,6.3887e-07,0.0,0.0,0.0,0.0,1e-07,0.0,0.0,0.0,0.001,0.0,0.0,0.0,0.0,0.001,1e-07,0.0
24536230.0,4995000000.0,5000000.0,5.0,0.0,0.1287,0.1287,0.1287,0.1287,0.063887,0.063887,6.3887e-07,0.063887,0.063887,6.3887e-07,6.3887e-07,6.3887e-07,0.0,0.0,0.0,0.0,4.642e-09,0.0,0.0,0.0,4.642e-05,0.0,0.0,0.0,0.0,4.642e-05,4.642e-09,0.0
24537314.0,4995000000.0,5000000.0,5.0,0.0,0.1287,0.1287,0.1287,0.1287,0.063887,0.063887,0.00055581,0.063887,0.063887,6.1098e-06,0.00055581,6.1098e-06,0.0,0.0,0.0,0.0,1e-07,0.0,0.0,0.0,2.154e-06,0.0,0.0,0.0,0.0,2.154e-06,1e-07,0.0
24537469.0,4995000000.0,5000000.0,5.0,0.0,0.1287,0.1287,0.1287,0.1287,0.063887,0.063887,0.00055581,0.063887,0.063887,0.0053473,0.00055581,0.0053473,0.0,0.0,0.0,0.0,2.154e-06,0.0,0.0,0.0,4.642e-05,0.0,0.0,0.0,0.0,4.642e-05,2.154e-06,0.0
24536051.0,4995000000.0,5000000.0,5.0,0.0,0.1287,0.1287,0.1287,0.1287,0.063887,0.063887,0.0,0.063887,0.063887,0.00055581,0.0,0.00055581,0.0,0.0,0.0,0.0,4.642e-05,0.0,0.0,0.0,2.154e-10,0.0,0.0,0.0,0.0,2.154e-10,4.642e-05,0.0
24537552.0,4995000000.0,5000000.0,5.0,0.0,0.1287,0.1287,0.1287,0.1287,0.063887,0.063887,0.0053473,0.063887,0.063887,0.0,0.0053473,0.0,0.0,0.0,0.0,0.0,4.642e-09,0.0,0.0,0.0,2.154e-06,0.0,0.0,0.0,0.0,2.154e-06,4.642e-09,0.0
24537593.0,4995000000.0,5000000.0,5.0,0.0,0.1287,0.1287,0.1287,0.1287,0.063887,0.063887,0.0053473,0.063887,0.063887,6.3887e-07,0.0053473,6.3887e-07,0.0,0.0,0.0,0.0,2.154e-10,0.0,0.0,0.0,1e-07,0.0,0.0,0.0,0.0,1e-07,2.154e-10,0.0
24536076.0,4995000000.0,5000000.0,5.0,0.0,0.1287,0.1287,0.1287,0.1287,0.063887,0.063887,0.0,0.063887,0.063887,0.0053473,0.0,0.0053473,0.0,0.0,0.0,0.0,2.154e-10,0.0,0.0,0.0,4.642e-05,0.0,0.0,0.0,0.0,4.642e-05,2.154e-10,0.0
24537636.0,4995000000.0,5000000.0,5.0,0.0,0.1287,0.1287,0.1287,0.1287,0.063887,0.063887,0.0053473,0.063887,0.063887,6.1098e-06,0.0053473,6.1098e-06,0.0,0.0,0.0,0.0,1e-11,0.0,0.0,0.0,2.154e-06,0.0,0.0,0.0,0.0,2.154e-06,1e-11,0.0
24538070.0,4995000000.0,5000000.0,5.0,0.0,0.1287,0.1287,0.1287,0.1287,0.063887,0.063887,0.051109,0.063887,0.063887,5.8431e-05,0.051109,5.8431e-05,0.0,0.0,0.0,0.0,0.001,0.0,0.0,0.0,2.154e-06,0.0,0.0,0.0,0.0,2.154e-06,0.001,0.0
24538214.0,4995000000.0,5000000.0,5.0,0.0,0.1287,0.1287,0.1287,0.1287,0.063887,0.063887,0.051109,0.063887,0.063887,0.051109,0.051109,0.051109,0.0,0.0,0.0,0.0,0.001,0.0,0.0,0.0,2.154e-10,0.0,0.0,0.0,0.0,2.154e-10,0.001,0.0
24537717.0,4995000000.0,5000000.0,5.0,0.0,0.1287,0.1287,0.1287,0.1287,0.063887,0.063887,0.0053473,0.063887,0.063887,5.8431e-05,0.0053473,5.8431e-05,0.0,0.0,0.0,0.0,4.642e-05,0.0,0.0,0.0,2.154e-10,0.0,0.0,0.0,0.0,2.154e-10,4.642e-05,0.0
24536071.0,4995000000.0,5000000.0,5.0,0.0,0.1287,0.1287,0.1287,0.1287,0.063887,0.063887,0.0,0.063887,0.063887,0.0053473,0.0,0.0053473,0.0,0.0,0.0,0.0,2.154e-10,0.0,0.0,0.0,1e-11,0.0,0.0,0.0,0.0,1e-11,2.154e-10,0.0
24536244.0,4995000000.0,5000000.0,5.0,0.0,0.1287,0.1287,0.1287,0.1287,0.063887,0.063887,6.3887e-07,0.063887,0.063887,6.3887e-07,6.3887e-07,6.3887e-07,0.0,0.0,0.0,0.0,2.154e-06,0.0,0.0,0.0,4.642e-05,0.0,0.0,0.0,0.0,4.642e-05,2.154e-06,0.0
24535986.0,4995000000.0,5000000.0,5.0,0.0,0.1287,0.1287,0.1287,0.1287,0.063887,0.063887,0.0,0.063887,0.063887,5.8431e-05,0.0,5.8431e-05,0.0,0.0,0.0,0.0,4.642e-09,0.0,0.0,0.0,0.001,0.0,0.0,0.0,0.0,0.001,4.642e-09,0.0
24538171.0,4995000000.0,5000000.0,5.0,0.0,0.1287,0.1287,0.1287,0.1287,0.063887,0.063887,0.051109,0.063887,0.063887,0.051109,0.051109,0.051109,0.0,0.0,0.0,0.0,1e-11,0.0,0.0,0.0,1e-11,0.0,0.0,0.0,0.0,1e-11,1e-11,0.0
24536722.0,4995000000.0,5000000.0,5.0,0.0,0.1287,0.1287,0.1287,0.1287,0.063887,0.063887,6.1098e-06,0.063887,0.063887,0.00055581,6.1098e-06,0.00055581,0.0,0.0,0.0,0.0,1e-07,0.0,0.0,0.0,1e-11,0.0,0.0,0.0,0.0,1e-11,1e-07,0.0
24536156.0,4995000000.0,5000000.0,5.0,0.0,0.1287,0.1287,0.1287,0.1287,0.063887,0.063887,0.0,0.063887,0.063887,0.051109,0.0,0.051109,0.0,0.0,0.0,0.0,0.001,0.0,0.0,0.0,2.154e-10,0.0,0.0,0.0,0.0,2.154e-10,0.001,0.0
24537265.0,4995000000.0,5000000.0,5.0,0.0,0.1287,0.1287,0.1287,0.1287,0.063887,0.063887,0.00055581,0.063887,0.063887,6.3887e-07,0.00055581,6.3887e-07,0.0,0.0,0.0,0.0,1e-07,0.0,0.0,0.0,2.154e-06,0.0,0.0,0.0,0.0,2.154e-06,1e-07,0.0
24536148.0,4995000000.0,5000000.0,5.0,0.0,0.1287,0.1287,0.1287,0.1287,0.063887,0.063887,0.0,0.063887,0.063887,0.051109,0.0,0.051109,0.0,0.0,0.0,0.0,4.642e-05,0.0,0.0,0.0,1e-11,0.0,0.0,0.0,0.0,1e-11,4.642e-05,0.0
24537836.0,4995000000.0,5000000.0,5.0,0.0,0.1287,0.1287,0.1287,0.1287,0.063887,0.063887,0.0053473,0.063887,0.063887,0.051109,0.0053473,0.051109,0.0,0.0,0.0,0.0,2.154e-10,0.0,0.0,0.0,2.154e-10,0.0,0.0,0.0,0.0,2.154e-10,2.154e-10,0.0
24537584.0,4995000000.0,5000000.0,5.0,0.0,0.1287,0.1287,0.1287,0.1287,0.063887,0.063887,0.0053473,0.063887,0.063887,6.3887e-07,0.0053473,6.3887e-07,0.0,0.0,0.0,0.0,1e-11,0.0,0.0,0.0,2.154e-10,0.0,0.0,0.0,0.0,2.154e-10,1e-11,0.0
24536489.0,4995000000.0,5000000.0,5.0,0.0,0.1287,0.1287,0.1287,0.1287,0.063887,0.063887,6.3887e-07,0.063887,0.063887,0.051109,6.3887e-07,0.051109,0.0,0.0,0.0,0.0,2.154e-06,0.0,0.0,0.0,4.642e-05,0.0,0.0,0.0,0.0,4.642e-05,2.154e-06,0.0
24536757.0,4995000000.0,5000000.0,5.0,0.0,0.1287,0.1287,0.1287,0.1287,0.063887,0.063887,6.1098e-06,0.063887,0.063887,0.0053473,6.1098e-06,0.0053473,0.0,0.0,0.0,0.0,2.154e-10,0.0,0.0,0.0,1e-11,0.0,0.0,0.0,0.0,1e-11,2.154e-10,0.0
24537917.0,4995000000.0,5000000.0,5.0,0.0,0.1287,0.1287,0.1287,0.1287,0.063887,0.063887,0.051109,0.063887,0.063887,0.0,0.051109,0.0,0.0,0.0,0.0,0.0,4.642e-05,0.0,0.0,0.0,4.642e-05,0.0,0.0,0.0,0.0,4.642e-05,4.642e-05,0.0
24536826.0,4995000000.0,5000000.0,5.0,0.0,0.1287,0.1287,0.1287,0.1287,0.063887,0.063887,6.1098e-06,0.063887,0.063887,0.051109,6.1098e-06,0.051109,0.0,0.0,0.0,0.0,1e-07,0.0,0.0,0.0,0.001,0.0,0.0,0.0,0.0,0.001,1e-07,0.0
24536193.0,4995000000.0,5000000.0,5.0,0.0,0.1287,0.1287,0.1287,0.1287,0.063887,0.063887,6.3887e-07,0.063887,0.063887,0.0,6.3887e-07,0.0,0.0,0.0,0.0,0.0,2.154e-06,0.0,0.0,0.0,1e-07,0.0,0.0,0.0,0.0,1e-07,2.154e-06,0.0
24537210.0,4995000000.0,5000000.0,5.0,0.0,0.1287,0.1287,0.1287,0.1287,0.063887,0.063887,0.00055581,0.063887,0.063887,0.0,0.00055581,0.0,0.0,0.0,0.0,0.0,4.642e-09,0.0,0.0,0.0,4.642e-05,0.0,0.0,0.0,0.0,4.642e-05,4.642e-09,0.0
24537532.0,4995000000.0,5000000.0,5.0,0.0,0.1287,0.1287,0.1287,0.1287,0.063887,0.063887,0.00055581,0.063887,0.063887,0.051109,0.00055581,0.051109,0.0,0.0,0.0,0.0,0.001,0.0,0.0,0.0,4.642e-05,0.0,0.0,0.0,0.0,4.642e-05,0.001,0.0
24538204.0,4995000000.0,5000000.0,5.0,0.0,0.1287,0.1287,0.1287,0.1287,0.063887,0.063887,0.051109,0.063887,0.063887,0.051109,0.051109,0.051109,0.0,0.0,0.0,0.0,2.154e-06,0.0,0.0,0.0,4.642e-05,0.0,0.0,0.0,0.0,4.642e-05,2.154e-06,0.0
24538215.0,4995000000.0,5000000.0,5.0,0.0,0.1287,0.1287,0.1287,0.1287,0.063887,0.063887,0.051109,0.063887,0.063887,0.051109,0.051109,0.051109,0.0,0.0,0.0,0.0,0.001,0.0,0.0,0.0,4.642e-09,0.0,0.0,0.0,0.0,4.642e-09,0.001,0.0
24538032.0,4995000000.0,5000000.0,5.0,0.0,0.1287,0.1287,0.1287,0.1287,0.063887,0.063887,0.051109,0.063887,0.063887,5.8431e-05,0.051109,5.8431e-05,0.0,0.0,0.0,0.0,2.154e-10,0.0,0.0,0.0,2.154e-10,0.0,0.0,0.0,0.0,2.154e-10,2.154e-10,0.0
24537723.0,4995000000.0,5000000.0,5.0,0.0,0.1287,0.1287,0.1287,0.1287,0.063887,0.063887,0.0053473,0.063887,0.063887,5.8431e-05,0.0053473,5.8431e-05,0.0,0.0,0.0,0.0,0.001,0.0,0.0,0.0,1e-11,0.0,0.0,0.0,0.0,1e-11,0.001,0.0
24538069.0,4995000000.0,5000000.0,5.0,0.0,0.1287,0.1287,0.1287,0.1287,0.063887,0.063887,0.051109,0.063887,0.063887,5.8431e-05,0.051109,5.8431e-05,0.0,0.0,0.0,0.0,0.001,0.0,0.0,0.0,1e-07,0.0,0.0,0.0,0.0,1e-07,0.001,0.0
24537572.0,4995000000.0,5000000.0,5.0,0.0,0.1287,0.1287,0.1287,0.1287,0.063887,0.063887,0.0053473,0.063887,0.063887,0.0,0.0053473,0.0,0.0,0.0,0.0,0.0,4.642e-05,0.0,0.0,0.0,1e-07,0.0,0.0,0.0,0.0,1e-07,4.642e-05,0.0
24537740.0,4995000000.0,5000000.0,5.0,0.0,0.1287,0.1287,0.1287,0.1287,0.063887,0.063887,0.0053473,0.063887,0.063887,0.00055581,0.0053473,0.00055581,0.0,0.0,0.0,0.0,2.154e-10,0.0,0.0,0.0,1e-07,0.0,0.0,0.0,0.0,1e-07,2.154e-10,0.0
24538071.0,4995000000.0,5000000.0,5.0,0.0,0.1287,0.1287,0.1287,0.1287,0.063887,0.063887,0.051109,0.063887,0.063887,5.8431e-05,0.051109,5.8431e-05,0.0,0.0,0.0,0.0,0.001,0.0,0.0,0.0,4.642e-05,0.0,0.0,0.0,0.0,4.642e-05,0.001,0.0
24536979.0,4995000000.0,5000000.0,5.0,0.0,0.1287,0.1287,0.1287,0.1287,0.063887,0.063887,5.8431e-05,0.063887,0.063887,6.1098e-06,5.8431e-05,6.1098e-06,0.0,0.0,0.0,0.0,2.154e-06,0.0,0.0,0.0,4.642e-05,0.0,0.0,0.0,0.0,4.642e-05,2.154e-06,0.0
24536470.0,4995000000.0,5000000.0,5.0,0.0,0.1287,0.1287,0.1287,0.1287,0.063887,0.063887,6.3887e-07,0.063887,0.063887,0.051109,6.3887e-07,0.051109,0.0,0.0,0.0,0.0,4.642e-09,0.0,0.0,0.0,1e-11,0.0,0.0,0.0,0.0,1e-11,4.642e-09,0.0
24537472.0,4995000000.0,5000000.0,5.0,0.0,0.1287,0.1287,0.1287,0.1287,0.063887,0.063887,0.00055581,0.063887,0.063887,0.0053473,0.00055581,0.0053473,0.0,0.0,0.0,0.0,4.642e-05,0.0,0.0,0.0,2.154e-10,0.0,0.0,0.0,0.0,2.154e-10,4.642e-05,0.0
24536204.0,4995000000.0,5000000.0,5.0,0.0,0.1287,0.1287,0.1287,0.1287,0.063887,0.063887,6.3887e-07,0.063887,0.063887,0.0,6.3887e-07,0.0,0.0,0.0,0.0,0.0,0.001,0.0,0.0,0.0,1e-11,0.0,0.0,0.0,0.0,1e-11,0.001,0.0
24537753.0,4995000000.0,5000000.0,5.0,0.0,0.1287,0.1287,0.1287,0.1287,0.063887,0.063887,0.0053473,0.063887,0.063887,0.00055581,0.0053473,0.00055581,0.0,0.0,0.0,0.0,1e-07,0.0,0.0,0.0,4.642e-09,0.0,0.0,0.0,0.0,4.642e-09,1e-07,0.0
24536903.0,4995000000.0,5000000.0,5.0,0.0,0.1287,0.1287,0.1287,0.1287,0.063887,0.063887,5.8431e-05,0.063887,0.063887,6.3887e-07,5.8431e-05,6.3887e-07,0.0,0.0,0.0,0.0,1e-11,0.0,0.0,0.0,0.001,0.0,0.0,0.0,0.0,0.001,1e-11,0.0
24538194.0,4995000000.0,5000000.0,5.0,0.0,0.1287,0.1287,0.1287,0.1287,0.063887,0.063887,0.051109,0.063887,0.063887,0.051109,0.051109,0.051109,0.0,0.0,0.0,0.0,1e-07,0.0,0.0,0.0,4.642e-09,0.0,0.0,0.0,0.0,4.642e-09,1e-07,0.0
24536667.0,4995000000.0,5000000.0,5.0,0.0,0.1287,0.1287,0.1287,0.1287,0.063887,0.063887,6.1098e-06,0.063887,0.063887,5.8431e-05,6.1098e-06,5.8431e-05,0.0,0.0,0.0,0.0,4.642e-09,0.0,0.0,0.0,2.154e-10,0.0,0.0,0.0,0.0,2.154e-10,4.642e-09,0.0
24536173.0,4995000000.0,5000000.0,5.0,0.0,0.1287,0.1287,0.1287,0.1287,0.063887,0.063887,6.3887e-07,0.063887,0.063887,0.0,6.3887e-07,0.0,0.0,0.0,0.0,0.0,2.154e-10,0.0,0.0,0.0,2.154e-06,0.0,0.0,0.0,0.0,2.154e-06,2.154e-10,0.0
24536845.0,4995000000.0,5000000.0,5.0,0.0,0.1287,0.1287,0.1287,0.1287,0.063887,0.063887,6.1098e-06,0.063887,0.063887,0.051109,6.1098e-06,0.051109,0.0,0.0,0.0,0.0,0.001,0.0,0.0,0.0,2.154e-06,0.0,0.0,0.0,0.0,2.154e-06,0.001,0.0
24535891.0,4995000000.0,5000000.0,5.0,0.0,0.1287,0.1287,0.1287,0.1287,0.063887,0.063887,0.0,0.063887,0.063887,6.3887e-07,0.0,6.3887e-07,0.0,0.0,0.0,0.0,1e-07,0.0,0.0,0.0,4.642e-09,0.0,0.0,0.0,0.0,4.642e-09,1e-07,0.0
24536833.0,4995000000.0,5000000.0,5.0,0.0,0.1287,0.1287,0.1287,0.1287,0.063887,0.063887,6.1098e-06,0.063887,0.063887,0.051109,6.1098e-06,0.051109,0.0,0.0,0.0,0.0,2.154e-06,0.0,0.0,0.0,0.001,0.0,0.0,0.0,0.0,0.001,2.154e-06,0.0
24537438.0,4995000000.0,5000000.0,5.0,0.0,0.1287,0.1287,0.1287,0.1287,0.063887,0.063887,0.00055581,0.063887,0.063887,0.0053473,0.00055581,0.0053473,0.0,0.0,0.0,0.0,1e-11,0.0,0.0,0.0,4.642e-09,0.0,0.0,0.0,0.0,4.642e-09,1e-11,0.0
24536452.0,4995000000.0,5000000.0,5.0,0.0,0.1287,0.1287,0.1287,0.1287,0.063887,0.063887,6.3887e-07,0.063887,0.063887,0.0053473,6.3887e-07,0.0053473,0.0,0.0,0.0,0.0,0.001,0.0,0.0,0.0,1e-07,0.0,0.0,0.0,0.0,1e-07,0.001,0.0
24537857.0,4995000000.0,5000000.0,5.0,0.0,0.1287,0.1287,0.1287,0.1287,0.063887,0.063887,0.0053473,0.063887,0.063887,0.051109,0.0053473,0.051109,0.0,0.0,0.0,0.0,2.154e-06,0.0,0.0,0.0,2.154e-10,0.0,0.0,0.0,0.0,2.154e-10,2.154e-06,0.0
24537230.0,4995000000.0,5000000.0,5.0,0.0,0.1287,0.1287,0.1287,0.1287,0.063887,0.063887,0.00055581,0.063887,0.063887,0.0,0.00055581,0.0,0.0,0.0,0.0,0.0,4.642e-05,0.0,0.0,0.0,2.154e-06,0.0,0.0,0.0,0.0,2.154e-06,4.642e-05,0.0
24537851.0,4995000000.0,5000000.0,5.0,0.0,0.1287,0.1287,0.1287,0.1287,0.063887,0.063887,0.0053473,0.063887,0.063887,0.051109,0.0053473,0.051109,0.0,0.0,0.0,0.0,1e-07,0.0,0.0,0.0,4.642e-09,0.0,0.0,0.0,0.0,4.642e-09,1e-07,0.0
24536698.0,4995000000.0,5000000.0,5.0,0.0,0.1287,0.1287,0.1287,0.1287,0.063887,0.063887,6.1098e-06,0.063887,0.063887,5.8431e-05,6.1098e-06,5.8431e-05,0.0,0.0,0.0,0.0,0.001,0.0,0.0,0.0,2.154e-06,0.0,0.0,0.0,0.0,2.154e-06,0.001,0.0
24537297.0,4995000000.0,5000000.0,5.0,0.0,0.1287,0.1287,0.1287,0.1287,0.063887,0.063887,0.00055581,0.063887,0.063887,6.1098e-06,0.00055581,6.1098e-06,0.0,0.0,0.0,0.0,2.154e-10,0.0,0.0,0.0,2.154e-10,0.0,0.0,0.0,0.0,2.154e-10,2.154e-10,0.0
24537070.0,4995000000.0,5000000.0,5.0,0.0,0.1287,0.1287,0.1287,0.1287,0.063887,0.063887,5.8431e-05,0.063887,0.063887,0.00055581,5.8431e-05,0.00055581,0.0,0.0,0.0,0.0,1e-07,0.0,0.0,0.0,4.642e-05,0.0,0.0,0.0,0.0,4.642e-05,1e-07,0.0
24536796.0,4995000000.0,5000000.0,5.0,0.0,0.1287,0.1287,0.1287,0.1287,0.063887,0.063887,6.1098e-06,0.063887,0.063887,0.0053473,6.1098e-06,0.0053473,0.0,0.0,0.0,0.0,0.001,0.0,0.0,0.0,2.154e-06,0.0,0.0,0.0,0.0,2.154e-06,0.001,0.0
24537116.0,4995000000.0,5000000.0,5.0,0.0,0.1287,0.1287,0.1287,0.1287,0.063887,0.063887,5.8431e-05,0.063887,0.063887,0.0053473,5.8431e-05,0.0053473,0.0,0.0,0.0,0.0,1e-07,0.0,0.0,0.0,4.642e-09,0.0,0.0,0.0,0.0,4.642e-09,1e-07,0.0
24536609.0,4995000000.0,5000000.0,5.0,0.0,0.1287,0.1287,0.1287,0.1287,0.063887,0.063887,6.1098e-06,0.063887,0.063887,6.1098e-06,6.1098e-06,6.1098e-06,0.0,0.0,0.0,0.0,1e-11,0.0,0.0,0.0,0.001,0.0,0.0,0.0,0.0,0.001,1e-11,0.0
24536943.0,4995000000.0,5000000.0,5.0,0.0,0.1287,0.1287,0.1287,0.1287,0.063887,0.063887,5.8431e-05,0.063887,0.063887,6.3887e-07,5.8431e-05,6.3887e-07,0.0,0.0,0.0,0.0,0.001,0.0,0.0,0.0,2.154e-06,0.0,0.0,0.0,0.0,2.154e-06,0.001,0.0
24536284.0,4995000000.0,5000000.0,5.0,0.0,0.1287,0.1287,0.1287,0.1287,0.063887,0.063887,6.3887e-07,0.063887,0.063887,6.1098e-06,6.3887e-07,6.1098e-06,0.0,0.0,0.0,0.0,1e-07,0.0,0.0,0.0,1e-07,0.0,0.0,0.0,0.0,1e-07,1e-07,0.0
24537389.0,4995000000.0,5000000.0,5.0,0.0,0.1287,0.1287,0.1287,0.1287,0.063887,0.063887,0.00055581,0.063887,0.063887,0.00055581,0.00055581,0.00055581,0.0,0.0,0.0,0.0,1e-11,0.0,0.0,0.0,4.642e-09,0.0,0.0,0.0,0.0,4.642e-09,1e-11,0.0
24537967.0,4995000000.0,5000000.0,5.0,0.0,0.1287,0.1287,0.1287,0.1287,0.063887,0.063887,0.051109,0.063887,0.063887,6.3887e-07,0.051109,6.3887e-07,0.0,0.0,0.0,0.0,4.642e-05,0.0,0.0,0.0,0.001,0.0,0.0,0.0,0.0,0.001,4.642e-05,0.0
24537459.0,4995000000.0,5000000.0,5.0,0.0,0.1287,0.1287,0.1287,0.1287,0.063887,0.063887,0.00055581,0.063887,0.063887,0.0053473,0.00055581,0.0053473,0.0,0.0,0.0,0.0,1e-07,0.0,0.0,0.0,4.642e-09,0.0,0.0,0.0,0.0,4.642e-09,1e-07,0.0
24537429.0,4995000000.0,5000000.0,5.0,0.0,0.1287,0.1287,0.1287,0.1287,0.063887,0.063887,0.00055581,0.063887,0.063887,0.00055581,0.00055581,0.00055581,0.0,0.0,0.0,0.0,0.001,0.0,0.0,0.0,1e-11,0.0,0.0,0.0,0.0,1e-11,0.001,0.0
24537359.0,4995000000.0,5000000.0,5.0,0.0,0.1287,0.1287,0.1287,0.1287,0.063887,0.063887,0.00055581,0.063887,0.063887,5.8431e-05,0.00055581,5.8431e-05,0.0,0.0,0.0,0.0,1e-07,0.0,0.0,0.0,1e-11,0.0,0.0,0.0,0.0,1e-11,1e-07,0.0
24536626.0,4995000000.0,5000000.0,5.0,0.0,0.1287,0.1287,0.1287,0.1287,0.063887,0.063887,6.1098e-06,0.063887,0.063887,6.1098e-06,6.1098e-06,6.1098e-06,0.0,0.0,0.0,0.0,1e-07,0.0,0.0,0.0,4.642e-09,0.0,0.0,0.0,0.0,4.642e-09,1e-07,0.0
24536559.0,4995000000.0,5000000.0,5.0,0.0,0.1287,0.1287,0.1287,0.1287,0.063887,0.063887,6.1098e-06,0.063887,0.063887,6.3887e-07,6.1098e-06,6.3887e-07,0.0,0.0,0.0,0.0,1e-11,0.0,0.0,0.0,4.642e-05,0.0,0.0,0.0,0.0,4.642e-05,1e-11,0.0
24537696.0,4995000000.0,5000000.0,5.0,0.0,0.1287,0.1287,0.1287,0.1287,0.063887,0.063887,0.0053473,0.063887,0.063887,5.8431e-05,0.0053473,5.8431e-05,0.0,0.0,0.0,0.0,4.642e-09,0.0,0.0,0.0,2.154e-10,0.0,0.0,0.0,0.0,2.154e-10,4.642e-09,0.0
24536220.0,4995000000.0,5000000.0,5.0,0.0,0.1287,0.1287,0.1287,0.1287,0.063887,0.063887,6.3887e-07,0.063887,0.063887,6.3887e-07,6.3887e-07,6.3887e-07,0.0,0.0,0.0,0.0,2.154e-10,0.0,0.0,0.0,4.642e-09,0.0,0.0,0.0,0.0,4.642e-09,2.154e-10,0.0
24537420.0,4995000000.0,5000000.0,5.0,0.0,0.1287,0.1287,0.1287,0.1287,0.063887,0.063887,0.00055581,0.063887,0.063887,0.00055581,0.00055581,0.00055581,0.0,0.0,0.0,0.0,2.154e-06,0.0,0.0,0.0,4.642e-05,0.0,0.0,0.0,0.0,4.642e-05,2.154e-06,0.0
24536062.0,4995000000.0,5000000.0,5.0,0.0,0.1287,0.1287,0.1287,0.1287,0.063887,0.063887,0.0,0.063887,0.063887,0.00055581,0.0,0.00055581,0.0,0.0,0.0,0.0,0.001,0.0,0.0,0.0,4.642e-05,0.0,0.0,0.0,0.0,4.642e-05,0.001,0.0
24536558.0,4995000000.0,5000000.0,5.0,0.0,0.1287,0.1287,0.1287,0.1287,0.063887,0.063887,6.1098e-06,0.063887,0.063887,6.3887e-07,6.1098e-06,6.3887e-07,0.0,0.0,0.0,0.0,1e-11,0.0,0.0,0.0,2.154e-06,0.0,0.0,0.0,0.0,2.154e-06,1e-11,0.0
24535849.0,4995000000.0,5000000.0,5.0,0.0,0.1287,0.1287,0.1287,0.1287,0.063887,0.063887,0.0,0.063887,0.063887,0.0,0.0,0.0,0.0,0.0,0.0,0.0,2.154e-06,0.0,0.0,0.0,4.642e-09,0.0,0.0,0.0,0.0,4.642e-09,2.154e-06,0.0
24536127.0,4995000000.0,5000000.0,5.0,0.0,0.1287,0.1287,0.1287,0.1287,0.063887,0.063887,0.0,0.063887,0.063887,0.051109,0.0,0.051109,0.0,0.0,0.0,0.0,4.642e-09,0.0,0.0,0.0,1e-11,0.0,0.0,0.0,0.0,1e-11,4.642e-09,0.0
24536608.0,4995000000.0,5000000.0,5.0,0.0,0.1287,0.1287,0.1287,0.1287,0.063887,0.063887,6.1098e-06,0.063887,0.063887,6.1098e-06,6.1098e-06,6.1098e-06,0.0,0.0,0.0,0.0,1e-11,0.0,0.0,0.0,4.642e-05,0.0,0.0,0.0,0.0,4.642e-05,1e-11,0.0
24536756.0,4995000000.0,5000000.0,5.0,0.0,0.1287,0.1287,0.1287,0.1287,0.063887,0.063887,6.1098e-06,0.063887,0.063887,0.0053473,6.1098e-06,0.0053473,0.0,0.0,0.0,0.0,1e-11,0.0,0.0,0.0,0.001,0.0,0.0,0.0,0.0,0.001,1e-11,0.0
24537350.0,4995000000.0,5000000.0,5.0,0.0,0.1287,0.1287,0.1287,0.1287,0.063887,0.063887,0.00055581,0.063887,0.063887,5.8431e-05,0.00055581,5.8431e-05,0.0,0.0,0.0,0.0,2.154e-10,0.0,0.0,0.0,4.642e-05,0.0,0.0,0.0,0.0,4.642e-05,2.154e-10,0.0
24537089.0,4995000000.0,5000000.0,5.0,0.0,0.1287,0.1287,0.1287,0.1287,0.063887,0.063887,5.8431e-05,0.063887,0.063887,0.00055581,5.8431e-05,0.00055581,0.0,0.0,0.0,0.0,0.001,0.0,0.0,0.0,1e-07,0.0,0.0,0.0,0.0,1e-07,0.001,0.0
24537997.0,4995000000.0,5000000.0,5.0,0.0,0.1287,0.1287,0.1287,0.1287,0.063887,0.063887,0.051109,0.063887,0.063887,6.1098e-06,0.051109,6.1098e-06,0.0,0.0,0.0,0.0,1e-07,0.0,0.0,0.0,2.154e-10,0.0,0.0,0.0,0.0,2.154e-10,1e-07,0.0
24537771.0,4995000000.0,5000000.0,5.0,0.0,0.1287,0.1287,0.1287,0.1287,0.063887,0.063887,0.0053473,0.063887,0.063887,0.00055581,0.0053473,0.00055581,0.0,0.0,0.0,0.0,4.642e-05,0.0,0.0,0.0,0.001,0.0,0.0,0.0,0.0,0.001,4.642e-05,0.0
24537526.0,4995000000.0,5000000.0,5.0,0.0,0.1287,0.1287,0.1287,0.1287,0.063887,0.063887,0.00055581,0.063887,0.063887,0.051109,0.00055581,0.051109,0.0,0.0,0.0,0.0,4.642e-05,0.0,0.0,0.0,0.001,0.0,0.0,0.0,0.0,0.001,4.642e-05,0.0
24537460.0,4995000000.0,5000000.0,5.0,0.0,0.1287,0.1287,0.1287,0.1287,0.063887,0.063887,0.00055581,0.063887,0.063887,0.0053473,0.00055581,0.0053473,0.0,0.0,0.0,0.0,1e-07,0.0,0.0,0.0,1e-07,0.0,0.0,0.0,0.0,1e-07,1e-07,0.0
24536996.0,4995000000.0,5000000.0,5.0,0.0,0.1287,0.1287,0.1287,0.1287,0.063887,0.063887,5.8431e-05,0.063887,0.063887,5.8431e-05,5.8431e-05,5.8431e-05,0.0,0.0,0.0,0.0,1e-11,0.0,0.0,0.0,2.154e-10,0.0,0.0,0.0,0.0,2.154e-10,1e-11,0.0
24536733.0,4995000000.0,5000000.0,5.0,0.0,0.1287,0.1287,0.1287,0.1287,0.063887,0.063887,6.1098e-06,0.063887,0.063887,0.00055581,6.1098e-06,0.00055581,0.0,0.0,0.0,0.0,2.154e-06,0.0,0.0,0.0,2.154e-06,0.0,0.0,0.0,0.0,2.154e-06,2.154e-06,0.0
24537031.0,4995000000.0,5000000.0,5.0,0.0,0.1287,0.1287,0.1287,0.1287,0.063887,0.063887,5.8431e-05,0.063887,0.063887,5.8431e-05,5.8431e-05,5.8431e-05,0.0,0.0,0.0,0.0,4.642e-05,0.0,0.0,0.0,2.154e-10,0.0,0.0,0.0,0.0,2.154e-10,4.642e-05,0.0
24535919.0,4995000000.0,5000000.0,5.0,0.0,0.1287,0.1287,0.1287,0.1287,0.063887,0.063887,0.0,0.063887,0.063887,6.1098e-06,0.0,6.1098e-06,0.0,0.0,0.0,0.0,1e-11,0.0,0.0,0.0,4.642e-09,0.0,0.0,0.0,0.0,4.642e-09,1e-11,0.0
24536104.0,4995000000.0,5000000.0,5.0,0.0,0.1287,0.1287,0.1287,0.1287,0.063887,0.063887,0.0,0.063887,0.063887,0.0053473,0.0,0.0053473,0.0,0.0,0.0,0.0,4.642e-05,0.0,0.0,0.0,4.642e-05,0.0,0.0,0.0,0.0,4.642e-05,4.642e-05,0.0
24536640.0,4995000000.0,5000000.0,5.0,0.0,0.1287,0.1287,0.1287,0.1287,0.063887,0.063887,6.1098e-06,0.063887,0.063887,6.1098e-06,6.1098e-06,6.1098e-06,0.0,0.0,0.0,0.0,4.642e-05,0.0,0.0,0.0,4.642e-09,0.0,0.0,0.0,0.0,4.642e-09,4.642e-05,0.0
24537796.0,4995000000.0,5000000.0,5.0,0.0,0.1287,0.1287,0.1287,0.1287,0.063887,0.063887,0.0053473,0.063887,0.063887,0.0053473,0.0053473,0.0053473,0.0,0.0,0.0,0.0,4.642e-09,0.0,0.0,0.0,1e-07,0.0,0.0,0.0,0.0,1e-07,4.642e-09,0.0
24537804.0,4995000000.0,5000000.0,5.0,0.0,0.1287,0.1287,0.1287,0.1287,0.063887,0.063887,0.0053473,0.063887,0.063887,0.0053473,0.0053473,0.0053473,0.0,0.0,0.0,0.0,1e-07,0.0,0.0,0.0,2.154e-06,0.0,0.0,0.0,0.0,2.154e-06,1e-07,0.0
24537148.0,4995000000.0,5000000.0,5.0,0.0,0.1287,0.1287,0.1287,0.1287,0.063887,0.063887,5.8431e-05,0.063887,0.063887,0.051109,5.8431e-05,0.051109,0.0,0.0,0.0,0.0,1e-11,0.0,0.0,0.0,0.001,0.0,0.0,0.0,0.0,0.001,1e-11,0.0
24536619.0,4995000000.0,5000000.0,5.0,0.0,0.1287,0.1287,0.1287,0.1287,0.063887,0.063887,6.1098e-06,0.063887,0.063887,6.1098e-06,6.1098e-06,6.1098e-06,0.0,0.0,0.0,0.0,4.642e-09,0.0,0.0,0.0,4.642e-09,0.0,0.0,0.0,0.0,4.642e-09,4.642e-09,0.0
24537603.0,4995000000.0,5000000.0,5.0,0.0,0.1287,0.1287,0.1287,0.1287,0.063887,0.063887,0.0053473,0.063887,0.063887,6.3887e-07,0.0053473,6.3887e-07,0.0,0.0,0.0,0.0,4.642e-09,0.0,0.0,0.0,0.001,0.0,0.0,0.0,0.0,0.001,4.642e-09,0.0
24536621.0,4995000000.0,5000000.0,5.0,0.0,0.1287,0.1287,0.1287,0.1287,0.063887,0.063887,6.1098e-06,0.063887,0.063887,6.1098e-06,6.1098e-06,6.1098e-06,0.0,0.0,0.0,0.0,4.642e-09,0.0,0.0,0.0,2.154e-06,0.0,0.0,0.0,0.0,2.154e-06,4.642e-09,0.0
24538035.0,4995000000.0,5000000.0,5.0,0.0,0.1287,0.1287,0.1287,0.1287,0.063887,0.063887,0.051109,0.063887,0.063887,5.8431e-05,0.051109,5.8431e-05,0.0,0.0,0.0,0.0,2.154e-10,0.0,0.0,0.0,2.154e-06,0.0,0.0,0.0,0.0,2.154e-06,2.154e-10,0.0
24537942.0,4995000000.0,5000000.0,5.0,0.0,0.1287,0.1287,0.1287,0.1287,0.063887,0.063887,0.051109,0.063887,0.063887,6.3887e-07,0.051109,6.3887e-07,0.0,0.0,0.0,0.0,4.642e-09,0.0,0.0,0.0,4.642e-09,0.0,0.0,0.0,0.0,4.642e-09,4.642e-09,0.0
24536311.0,4995000000.0,5000000.0,5.0,0.0,0.1287,0.1287,0.1287,0.1287,0.063887,0.063887,6.3887e-07,0.063887,0.063887,5.8431e-05,6.3887e-07,5.8431e-05,0.0,0.0,0.0,0.0,1e-11,0.0,0.0,0.0,4.642e-09,0.0,0.0,0.0,0.0,4.642e-09,1e-11,0.0
24538141.0,4995000000.0,5000000.0,5.0,0.0,0.1287,0.1287,0.1287,0.1287,0.063887,0.063887,0.051109,0.063887,0.063887,0.0053473,0.051109,0.0053473,0.0,0.0,0.0,0.0,4.642e-09,0.0,0.0,0.0,4.642e-05,0.0,0.0,0.0,0.0,4.642e-05,4.642e-09,0.0
24535887.0,4995000000.0,5000000.0,5.0,0.0,0.1287,0.1287,0.1287,0.1287,0.063887,0.063887,0.0,0.063887,0.063887,6.3887e-07,0.0,6.3887e-07,0.0,0.0,0.0,0.0,4.642e-09,0.0,0.0,0.0,4.642e-05,0.0,0.0,0.0,0.0,4.642e-05,4.642e-09,0.0
24536384.0,4995000000.0,5000000.0,5.0,0.0,0.1287,0.1287,0.1287,0.1287,0.063887,0.063887,6.3887e-07,0.063887,0.063887,0.00055581,6.3887e-07,0.00055581,0.0,0.0,0.0,0.0,1e-07,0.0,0.0,0.0,4.642e-05,0.0,0.0,0.0,0.0,4.642e-05,1e-07,0.0
24536433.0,4995000000.0,5000000.0,5.0,0.0,0.1287,0.1287,0.1287,0.1287,0.063887,0.063887,6.3887e-07,0.063887,0.063887,0.0053473,6.3887e-07,0.0053473,0.0,0.0,0.0,0.0,1e-07,0.0,0.0,0.0,4.642e-05,0.0,0.0,0.0,0.0,4.642e-05,1e-07,0.0
24536937.0,4995000000.0,5000000.0,5.0,0.0,0.1287,0.1287,0.1287,0.1287,0.063887,0.063887,5.8431e-05,0.063887,0.063887,6.3887e-07,5.8431e-05,6.3887e-07,0.0,0.0,0.0,0.0,4.642e-05,0.0,0.0,0.0,4.642e-05,0.0,0.0,0.0,0.0,4.642e-05,4.642e-05,0.0
24536354.0,4995000000.0,5000000.0,5.0,0.0,0.1287,0.1287,0.1287,0.1287,0.063887,0.063887,6.3887e-07,0.063887,0.063887,5.8431e-05,6.3887e-07,5.8431e-05,0.0,0.0,0.0,0.0,0.001,0.0,0.0,0.0,1e-07,0.0,0.0,0.0,0.0,1e-07,0.001,0.0
24536422.0,4995000000.0,5000000.0,5.0,0.0,0.1287,0.1287,0.1287,0.1287,0.063887,0.063887,6.3887e-07,0.063887,0.063887,0.0053473,6.3887e-07,0.0053473,0.0,0.0,0.0,0.0,4.642e-09,0.0,0.0,0.0,2.154e-10,0.0,0.0,0.0,0.0,2.154e-10,4.642e-09,0.0
24537784.0,4995000000.0,5000000.0,5.0,0.0,0.1287,0.1287,0.1287,0.1287,0.063887,0.063887,0.0053473,0.063887,0.063887,0.0053473,0.0053473,0.0053473,0.0,0.0,0.0,0.0,1e-11,0.0,0.0,0.0,4.642e-05,0.0,0.0,0.0,0.0,4.642e-05,1e-11,0.0
24536418.0,4995000000.0,5000000.0,5.0,0.0,0.1287,0.1287,0.1287,0.1287,0.063887,0.063887,6.3887e-07,0.063887,0.063887,0.0053473,6.3887e-07,0.0053473,0.0,0.0,0.0,0.0,2.154e-10,0.0,0.0,0.0,2.154e-06,0.0,0.0,0.0,0.0,2.154e-06,2.154e-10,0.0
24536178.0,4995000000.0,5000000.0,5.0,0.0,0.1287,0.1287,0.1287,0.1287,0.063887,0.063887,6.3887e-07,0.063887,0.063887,0.0,6.3887e-07,0.0,0.0,0.0,0.0,0.0,4.642e-09,0.0,0.0,0.0,4.642e-09,0.0,0.0,0.0,0.0,4.642e-09,4.642e-09,0.0
24537801.0,4995000000.0,5000000.0,5.0,0.0,0.1287,0.1287,0.1287,0.1287,0.063887,0.063887,0.0053473,0.063887,0.063887,0.0053473,0.0053473,0.0053473,0.0,0.0,0.0,0.0,1e-07,0.0,0.0,0.0,2.154e-10,0.0,0.0,0.0,0.0,2.154e-10,1e-07,0.0
24537773.0,4995000000.0,5000000.0,5.0,0.0,0.1287,0.1287,0.1287,0.1287,0.063887,0.063887,0.0053473,0.063887,0.063887,0.00055581,0.0053473,0.00055581,0.0,0.0,0.0,0.0,0.001,0.0,0.0,0.0,2.154e-10,0.0,0.0,0.0,0.0,2.154e-10,0.001,0.0
24536700.0,4995000000.0,5000000.0,5.0,0.0,0.1287,0.1287,0.1287,0.1287,0.063887,0.063887,6.1098e-06,0.063887,0.063887,5.8431e-05,6.1098e-06,5.8431e-05,0.0,0.0,0.0,0.0,0.001,0.0,0.0,0.0,0.001,0.0,0.0,0.0,0.0,0.001,0.001,0.0
24538086.0,4995000000.0,5000000.0,5.0,0.0,0.1287,0.1287,0.1287,0.1287,0.063887,0.063887,0.051109,0.063887,0.063887,0.00055581,0.051109,0.00055581,0.0,0.0,0.0,0.0,2.154e-10,0.0,0.0,0.0,0.001,0.0,0.0,0.0,0.0,0.001,2.154e-10,0.0
24538124.0,4995000000.0,5000000.0,5.0,0.0,0.1287,0.1287,0.1287,0.1287,0.063887,0.063887,0.051109,0.063887,0.063887,0.0053473,0.051109,0.0053473,0.0,0.0,0.0,0.0,1e-11,0.0,0.0,0.0,4.642e-09,0.0,0.0,0.0,0.0,4.642e-09,1e-11,0.0
24536758.0,4995000000.0,5000000.0,5.0,0.0,0.1287,0.1287,0.1287,0.1287,0.063887,0.063887,6.1098e-06,0.063887,0.063887,0.0053473,6.1098e-06,0.0053473,0.0,0.0,0.0,0.0,2.154e-10,0.0,0.0,0.0,2.154e-10,0.0,0.0,0.0,0.0,2.154e-10,2.154e-10,0.0
24537809.0,4995000000.0,5000000.0,5.0,0.0,0.1287,0.1287,0.1287,0.1287,0.063887,0.063887,0.0053473,0.063887,0.063887,0.0053473,0.0053473,0.0053473,0.0,0.0,0.0,0.0,2.154e-06,0.0,0.0,0.0,4.642e-09,0.0,0.0,0.0,0.0,4.642e-09,2.154e-06,0.0
24536256.0,4995000000.0,5000000.0,5.0,0.0,0.1287,0.1287,0.1287,0.1287,0.063887,0.063887,6.3887e-07,0.063887,0.063887,6.3887e-07,6.3887e-07,6.3887e-07,0.0,0.0,0.0,0.0,0.001,0.0,0.0,0.0,1e-07,0.0,0.0,0.0,0.0,1e-07,0.001,0.0
24536243.0,4995000000.0,5000000.0,5.0,0.0,0.1287,0.1287,0.1287,0.1287,0.063887,0.063887,6.3887e-07,0.063887,0.063887,6.3887e-07,6.3887e-07,6.3887e-07,0.0,0.0,0.0,0.0,2.154e-06,0.0,0.0,0.0,2.154e-06,0.0,0.0,0.0,0.0,2.154e-06,2.154e-06,0.0
24536084.0,4995000000.0,5000000.0,5.0,0.0,0.1287,0.1287,0.1287,0.1287,0.063887,0.063887,0.0,0.063887,0.063887,0.0053473,0.0,0.0053473,0.0,0.0,0.0,0.0,4.642e-09,0.0,0.0,0.0,0.001,0.0,0.0,0.0,0.0,0.001,4.642e-09,0.0
24538068.0,4995000000.0,5000000.0,5.0,0.0,0.1287,0.1287,0.1287,0.1287,0.063887,0.063887,0.051109,0.063887,0.063887,5.8431e-05,0.051109,5.8431e-05,0.0,0.0,0.0,0.0,0.001,0.0,0.0,0.0,4.642e-09,0.0,0.0,0.0,0.0,4.642e-09,0.001,0.0
24535864.0,4995000000.0,5000000.0,5.0,0.0,0.1287,0.1287,0.1287,0.1287,0.063887,0.063887,0.0,0.063887,0.063887,0.0,0.0,0.0,0.0,0.0,0.0,0.0,0.001,0.0,0.0,0.0,1e-07,0.0,0.0,0.0,0.0,1e-07,0.001,0.0
24535937.0,4995000000.0,5000000.0,5.0,0.0,0.1287,0.1287,0.1287,0.1287,0.063887,0.063887,0.0,0.063887,0.063887,6.1098e-06,0.0,6.1098e-06,0.0,0.0,0.0,0.0,4.642e-09,0.0,0.0,0.0,0.001,0.0,0.0,0.0,0.0,0.001,4.642e-09,0.0
24536653.0,4995000000.0,5000000.0,5.0,0.0,0.1287,0.1287,0.1287,0.1287,0.063887,0.063887,6.1098e-06,0.063887,0.063887,5.8431e-05,6.1098e-06,5.8431e-05,0.0,0.0,0.0,0.0,1e-11,0.0,0.0,0.0,2.154e-10,0.0,0.0,0.0,0.0,2.154e-10,1e-11,0.0
24536886.0,4995000000.0,5000000.0,5.0,0.0,0.1287,0.1287,0.1287,0.1287,0.063887,0.063887,5.8431e-05,0.063887,0.063887,0.0,5.8431e-05,0.0,0.0,0.0,0.0,0.0,4.642e-05,0.0,0.0,0.0,1e-07,0.0,0.0,0.0,0.0,1e-07,4.642e-05,0.0
24536713.0,4995000000.0,5000000.0,5.0,0.0,0.1287,0.1287,0.1287,0.1287,0.063887,0.063887,6.1098e-06,0.063887,0.063887,0.00055581,6.1098e-06,0.00055581,0.0,0.0,0.0,0.0,2.154e-10,0.0,0.0,0.0,4.642e-05,0.0,0.0,0.0,0.0,4.642e-05,2.154e-10,0.0
24537365.0,4995000000.0,5000000.0,5.0,0.0,0.1287,0.1287,0.1287,0.1287,0.063887,0.063887,0.00055581,0.063887,0.063887,5.8431e-05,0.00055581,5.8431e-05,0.0,0.0,0.0,0.0,1e-07,0.0,0.0,0.0,0.001,0.0,0.0,0.0,0.0,0.001,1e-07,0.0
24537534.0,4995000000.0,5000000.0,5.0,0.0,0.1287,0.1287,0.1287,0.1287,0.063887,0.063887,0.0053473,0.063887,0.063887,0.0,0.0053473,0.0,0.0,0.0,0.0,0.0,1e-11,0.0,0.0,0.0,1e-11,0.0,0.0,0.0,0.0,1e-11,1e-11,0.0
24536094.0,4995000000.0,5000000.0,5.0,0.0,0.1287,0.1287,0.1287,0.1287,0.063887,0.063887,0.0,0.063887,0.063887,0.0053473,0.0,0.0053473,0.0,0.0,0.0,0.0,2.154e-06,0.0,0.0,0.0,4.642e-09,0.0,0.0,0.0,0.0,4.642e-09,2.154e-06,0.0
24536254.0,4995000000.0,5000000.0,5.0,0.0,0.1287,0.1287,0.1287,0.1287,0.063887,0.063887,6.3887e-07,0.063887,0.063887,6.3887e-07,6.3887e-07,6.3887e-07,0.0,0.0,0.0,0.0,0.001,0.0,0.0,0.0,2.154e-10,0.0,0.0,0.0,0.0,2.154e-10,0.001,0.0
24536575.0,4995000000.0,5000000.0,5.0,0.0,0.1287,0.1287,0.1287,0.1287,0.063887,0.063887,6.1098e-06,0.063887,0.063887,6.3887e-07,6.1098e-06,6.3887e-07,0.0,0.0,0.0,0.0,1e-07,0.0,0.0,0.0,1e-11,0.0,0.0,0.0,0.0,1e-11,1e-07,0.0
24537132.0,4995000000.0,5000000.0,5.0,0.0,0.1287,0.1287,0.1287,0.1287,0.063887,0.063887,5.8431e-05,0.063887,0.063887,0.0053473,5.8431e-05,0.0053473,0.0,0.0,0.0,0.0,4.642e-05,0.0,0.0,0.0,2.154e-06,0.0,0.0,0.0,0.0,2.154e-06,4.642e-05,0.0
24537812.0,4995000000.0,5000000.0,5.0,0.0,0.1287,0.1287,0.1287,0.1287,0.063887,0.063887,0.0053473,0.063887,0.063887,0.0053473,0.0053473,0.0053473,0.0,0.0,0.0,0.0,2.154e-06,0.0,0.0,0.0,4.642e-05,0.0,0.0,0.0,0.0,4.642e-05,2.154e-06,0.0
24536571.0,4995000000.0,5000000.0,5.0,0.0,0.1287,0.1287,0.1287,0.1287,0.063887,0.063887,6.1098e-06,0.063887,0.063887,6.3887e-07,6.1098e-06,6.3887e-07,0.0,0.0,0.0,0.0,4.642e-09,0.0,0.0,0.0,1e-07,0.0,0.0,0.0,0.0,1e-07,4.642e-09,0.0
24536591.0,4995000000.0,5000000.0,5.0,0.0,0.1287,0.1287,0.1287,0.1287,0.063887,0.063887,6.1098e-06,0.063887,0.063887,6.3887e-07,6.1098e-06,6.3887e-07,0.0,0.0,0.0,0.0,4.642e-05,0.0,0.0,0.0,4.642e-09,0.0,0.0,0.0,0.0,4.642e-09,4.642e-05,0.0
24536133.0,4995000000.0,5000000.0,5.0,0.0,0.1287,0.1287,0.1287,0.1287,0.063887,0.063887,0.0,0.063887,0.063887,0.051109,0.0,0.051109,0.0,0.0,0.0,0.0,4.642e-09,0.0,0.0,0.0,0.001,0.0,0.0,0.0,0.0,0.001,4.642e-09,0.0
24536504.0,4995000000.0,5000000.0,5.0,0.0,0.1287,0.1287,0.1287,0.1287,0.063887,0.063887,6.3887e-07,0.063887,0.063887,0.051109,6.3887e-07,0.051109,0.0,0.0,0.0,0.0,0.001,0.0,0.0,0.0,0.001,0.0,0.0,0.0,0.0,0.001,0.001,0.0
24536607.0,4995000000.0,5000000.0,5.0,0.0,0.1287,0.1287,0.1287,0.1287,0.063887,0.063887,6.1098e-06,0.063887,0.063887,6.1098e-06,6.1098e-06,6.1098e-06,0.0,0.0,0.0,0.0,1e-11,0.0,0.0,0.0,2.154e-06,0.0,0.0,0.0,0.0,2.154e-06,1e-11,0.0
24536777.0,4995000000.0,5000000.0,5.0,0.0,0.1287,0.1287,0.1287,0.1287,0.063887,0.063887,6.1098e-06,0.063887,0.063887,0.0053473,6.1098e-06,0.0053473,0.0,0.0,0.0,0.0,1e-07,0.0,0.0,0.0,0.001,0.0,0.0,0.0,0.0,0.001,1e-07,0.0
24536890.0,4995000000.0,5000000.0,5.0,0.0,0.1287,0.1287,0.1287,0.1287,0.063887,0.063887,5.8431e-05,0.063887,0.063887,0.0,5.8431e-05,0.0,0.0,0.0,0.0,0.0,0.001,0.0,0.0,0.0,1e-11,0.0,0.0,0.0,0.0,1e-11,0.001,0.0
24536929.0,4995000000.0,5000000.0,5.0,0.0,0.1287,0.1287,0.1287,0.1287,0.063887,0.063887,5.8431e-05,0.063887,0.063887,6.3887e-07,5.8431e-05,6.3887e-07,0.0,0.0,0.0,0.0,2.154e-06,0.0,0.0,0.0,2.154e-06,0.0,0.0,0.0,0.0,2.154e-06,2.154e-06,0.0
24536525.0,4995000000.0,5000000.0,5.0,0.0,0.1287,0.1287,0.1287,0.1287,0.063887,0.063887,6.1098e-06,0.063887,0.063887,0.0,6.1098e-06,0.0,0.0,0.0,0.0,0.0,4.642e-09,0.0,0.0,0.0,0.001,0.0,0.0,0.0,0.0,0.001,4.642e-09,0.0
24536323.0,4995000000.0,5000000.0,5.0,0.0,0.1287,0.1287,0.1287,0.1287,0.063887,0.063887,6.3887e-07,0.063887,0.063887,5.8431e-05,6.3887e-07,5.8431e-05,0.0,0.0,0.0,0.0,4.642e-09,0.0,0.0,0.0,1e-11,0.0,0.0,0.0,0.0,1e-11,4.642e-09,0.0
24536530.0,4995000000.0,5000000.0,5.0,0.0,0.1287,0.1287,0.1287,0.1287,0.063887,0.063887,6.1098e-06,0.063887,0.063887,0.0,6.1098e-06,0.0,0.0,0.0,0.0,0.0,1e-07,0.0,0.0,0.0,2.154e-06,0.0,0.0,0.0,0.0,2.154e-06,1e-07,0.0
24535854.0,4995000000.0,5000000.0,5.0,0.0,0.1287,0.1287,0.1287,0.1287,0.063887,0.063887,0.0,0.063887,0.063887,0.0,0.0,0.0,0.0,0.0,0.0,0.0,4.642e-05,0.0,0.0,0.0,1e-11,0.0,0.0,0.0,0.0,1e-11,4.642e-05,0.0
24536598.0,4995000000.0,5000000.0,5.0,0.0,0.1287,0.1287,0.1287,0.1287,0.063887,0.063887,6.1098e-06,0.063887,0.063887,6.3887e-07,6.1098e-06,6.3887e-07,0.0,0.0,0.0,0.0,0.001,0.0,0.0,0.0,4.642e-09,0.0,0.0,0.0,0.0,4.642e-09,0.001,0.0
24537756.0,4995000000.0,5000000.0,5.0,0.0,0.1287,0.1287,0.1287,0.1287,0.063887,0.063887,0.0053473,0.063887,0.063887,0.00055581,0.0053473,0.00055581,0.0,0.0,0.0,0.0,1e-07,0.0,0.0,0.0,4.642e-05,0.0,0.0,0.0,0.0,4.642e-05,1e-07,0.0
24535826.0,4995000000.0,5000000.0,5.0,0.0,0.1287,0.1287,0.1287,0.1287,0.063887,0.063887,0.0,0.063887,0.063887,0.0,0.0,0.0,0.0,0.0,0.0,0.0,2.154e-10,0.0,0.0,0.0,1e-11,0.0,0.0,0.0,0.0,1e-11,2.154e-10,0.0
24537684.0,4995000000.0,5000000.0,5.0,0.0,0.1287,0.1287,0.1287,0.1287,0.063887,0.063887,0.0053473,0.063887,0.063887,5.8431e-05,0.0053473,5.8431e-05,0.0,0.0,0.0,0.0,1e-11,0.0,0.0,0.0,1e-07,0.0,0.0,0.0,0.0,1e-07,1e-11,0.0
24536083.0,4995000000.0,5000000.0,5.0,0.0,0.1287,0.1287,0.1287,0.1287,0.063887,0.063887,0.0,0.063887,0.063887,0.0053473,0.0,0.0053473,0.0,0.0,0.0,0.0,4.642e-09,0.0,0.0,0.0,4.642e-05,0.0,0.0,0.0,0.0,4.642e-05,4.642e-09,0.0
24538066.0,4995000000.0,5000000.0,5.0,0.0,0.1287,0.1287,0.1287,0.1287,0.063887,0.063887,0.051109,0.063887,0.063887,5.8431e-05,0.051109,5.8431e-05,0.0,0.0,0.0,0.0,0.001,0.0,0.0,0.0,1e-11,0.0,0.0,0.0,0.0,1e-11,0.001,0.0
24537742.0,4995000000.0,5000000.0,5.0,0.0,0.1287,0.1287,0.1287,0.1287,0.063887,0.063887,0.0053473,0.063887,0.063887,0.00055581,0.0053473,0.00055581,0.0,0.0,0.0,0.0,2.154e-10,0.0,0.0,0.0,4.642e-05,0.0,0.0,0.0,0.0,4.642e-05,2.154e-10,0.0
24538192.0,4995000000.0,5000000.0,5.0,0.0,0.1287,0.1287,0.1287,0.1287,0.063887,0.063887,0.051109,0.063887,0.063887,0.051109,0.051109,0.051109,0.0,0.0,0.0,0.0,1e-07,0.0,0.0,0.0,1e-11,0.0,0.0,0.0,0.0,1e-11,1e-07,0.0
24535988.0,4995000000.0,5000000.0,5.0,0.0,0.1287,0.1287,0.1287,0.1287,0.063887,0.063887,0.0,0.063887,0.063887,5.8431e-05,0.0,5.8431e-05,0.0,0.0,0.0,0.0,1e-07,0.0,0.0,0.0,2.154e-10,0.0,0.0,0.0,0.0,2.154e-10,1e-07,0.0
24537075.0,4995000000.0,5000000.0,5.0,0.0,0.1287,0.1287,0.1287,0.1287,0.063887,0.063887,5.8431e-05,0.063887,0.063887,0.00055581,5.8431e-05,0.00055581,0.0,0.0,0.0,0.0,2.154e-06,0.0,0.0,0.0,1e-07,0.0,0.0,0.0,0.0,1e-07,2.154e-06,0.0
24537248.0,4995000000.0,5000000.0,5.0,0.0,0.1287,0.1287,0.1287,0.1287,0.063887,0.063887,0.00055581,0.063887,0.063887,6.3887e-07,0.00055581,6.3887e-07,0.0,0.0,0.0,0.0,2.154e-10,0.0,0.0,0.0,2.154e-10,0.0,0.0,0.0,0.0,2.154e-10,2.154e-10,0.0
24536754.0,4995000000.0,5000000.0,5.0,0.0,0.1287,0.1287,0.1287,0.1287,0.063887,0.063887,6.1098e-06,0.063887,0.063887,0.0053473,6.1098e-06,0.0053473,0.0,0.0,0.0,0.0,1e-11,0.0,0.0,0.0,2.154e-06,0.0,0.0,0.0,0.0,2.154e-06,1e-11,0.0
24536602.0,4995000000.0,5000000.0,5.0,0.0,0.1287,0.1287,0.1287,0.1287,0.063887,0.063887,6.1098e-06,0.063887,0.063887,6.3887e-07,6.1098e-06,6.3887e-07,0.0,0.0,0.0,0.0,0.001,0.0,0.0,0.0,0.001,0.0,0.0,0.0,0.0,0.001,0.001,0.0
24536487.0,4995000000.0,5000000.0,5.0,0.0,0.1287,0.1287,0.1287,0.1287,0.063887,0.063887,6.3887e-07,0.063887,0.063887,0.051109,6.3887e-07,0.051109,0.0,0.0,0.0,0.0,2.154e-06,0.0,0.0,0.0,1e-07,0.0,0.0,0.0,0.0,1e-07,2.154e-06,0.0
24537832.0,4995000000.0,5000000.0,5.0,0.0,0.1287,0.1287,0.1287,0.1287,0.063887,0.063887,0.0053473,0.063887,0.063887,0.051109,0.0053473,0.051109,0.0,0.0,0.0,0.0,1e-11,0.0,0.0,0.0,2.154e-06,0.0,0.0,0.0,0.0,2.154e-06,1e-11,0.0
24537108.0,4995000000.0,5000000.0,5.0,0.0,0.1287,0.1287,0.1287,0.1287,0.063887,0.063887,5.8431e-05,0.063887,0.063887,0.0053473,5.8431e-05,0.0053473,0.0,0.0,0.0,0.0,4.642e-09,0.0,0.0,0.0,2.154e-10,0.0,0.0,0.0,0.0,2.154e-10,4.642e-09,0.0
24536989.0,4995000000.0,5000000.0,5.0,0.0,0.1287,0.1287,0.1287,0.1287,0.063887,0.063887,5.8431e-05,0.063887,0.063887,6.1098e-06,5.8431e-05,6.1098e-06,0.0,0.0,0.0,0.0,0.001,0.0,0.0,0.0,2.154e-10,0.0,0.0,0.0,0.0,2.154e-10,0.001,0.0
24536798.0,4995000000.0,5000000.0,5.0,0.0,0.1287,0.1287,0.1287,0.1287,0.063887,0.063887,6.1098e-06,0.063887,0.063887,0.0053473,6.1098e-06,0.0053473,0.0,0.0,0.0,0.0,0.001,0.0,0.0,0.0,0.001,0.0,0.0,0.0,0.0,0.001,0.001,0.0
24537397.0,4995000000.0,5000000.0,5.0,0.0,0.1287,0.1287,0.1287,0.1287,0.063887,0.063887,0.00055581,0.063887,0.063887,0.00055581,0.00055581,0.00055581,0.0,0.0,0.0,0.0,2.154e-10,0.0,0.0,0.0,1e-07,0.0,0.0,0.0,0.0,1e-07,2.154e-10,0.0
24536131.0,4995000000.0,5000000.0,5.0,0.0,0.1287,0.1287,0.1287,0.1287,0.063887,0.063887,0.0,0.063887,0.063887,0.051109,0.0,0.051109,0.0,0.0,0.0,0.0,4.642e-09,0.0,0.0,0.0,2.154e-06,0.0,0.0,0.0,0.0,2.154e-06,4.642e-09,0.0
24537163.0,4995000000.0,5000000.0,5.0,0.0,0.1287,0.1287,0.1287,0.1287,0.063887,0.063887,5.8431e-05,0.063887,0.063887,0.051109,5.8431e-05,0.051109,0.0,0.0,0.0,0.0,1e-07,0.0,0.0,0.0,1e-11,0.0,0.0,0.0,0.0,1e-11,1e-07,0.0
24536413.0,4995000000.0,5000000.0,5.0,0.0,0.1287,0.1287,0.1287,0.1287,0.063887,0.063887,6.3887e-07,0.063887,0.063887,0.0053473,6.3887e-07,0.0053473,0.0,0.0,0.0,0.0,1e-11,0.0,0.0,0.0,0.001,0.0,0.0,0.0,0.0,0.001,1e-11,0.0
24537649.0,4995000000.0,5000000.0,5.0,0.0,0.1287,0.1287,0.1287,0.1287,0.063887,0.063887,0.0053473,0.063887,0.063887,6.1098e-06,0.0053473,6.1098e-06,0.0,0.0,0.0,0.0,4.642e-09,0.0,0.0,0.0,1e-07,0.0,0.0,0.0,0.0,1e-07,4.642e-09,0.0
24536351.0,4995000000.0,5000000.0,5.0,0.0,0.1287,0.1287,0.1287,0.1287,0.063887,0.063887,6.3887e-07,0.063887,0.063887,5.8431e-05,6.3887e-07,5.8431e-05,0.0,0.0,0.0,0.0,0.001,0.0,0.0,0.0,1e-11,0.0,0.0,0.0,0.0,1e-11,0.001,0.0
24537790.0,4995000000.0,5000000.0,5.0,0.0,0.1287,0.1287,0.1287,0.1287,0.063887,0.063887,0.0053473,0.063887,0.063887,0.0053473,0.0053473,0.0053473,0.0,0.0,0.0,0.0,2.154e-10,0.0,0.0,0.0,2.154e-06,0.0,0.0,0.0,0.0,2.154e-06,2.154e-10,0.0
24536488.0,4995000000.0,5000000.0,5.0,0.0,0.1287,0.1287,0.1287,0.1287,0.063887,0.063887,6.3887e-07,0.063887,0.063887,0.051109,6.3887e-07,0.051109,0.0,0.0,0.0,0.0,2.154e-06,0.0,0.0,0.0,2.154e-06,0.0,0.0,0.0,0.0,2.154e-06,2.154e-06,0.0
24536485.0,4995000000.0,5000000.0,5.0,0.0,0.1287,0.1287,0.1287,0.1287,0.063887,0.063887,6.3887e-07,0.063887,0.063887,0.051109,6.3887e-07,0.051109,0.0,0.0,0.0,0.0,2.154e-06,0.0,0.0,0.0,2.154e-10,0.0,0.0,0.0,0.0,2.154e-10,2.154e-06,0.0
24537963.0,4995000000.0,5000000.0,5.0,0.0,0.1287,0.1287,0.1287,0.1287,0.063887,0.063887,0.051109,0.063887,0.063887,6.3887e-07,0.051109,6.3887e-07,0.0,0.0,0.0,0.0,4.642e-05,0.0,0.0,0.0,4.642e-09,0.0,0.0,0.0,0.0,4.642e-09,4.642e-05,0.0
24536675.0,4995000000.0,5000000.0,5.0,0.0,0.1287,0.1287,0.1287,0.1287,0.063887,0.063887,6.1098e-06,0.063887,0.063887,5.8431e-05,6.1098e-06,5.8431e-05,0.0,0.0,0.0,0.0,1e-07,0.0,0.0,0.0,4.642e-09,0.0,0.0,0.0,0.0,4.642e-09,1e-07,0.0
24536919.0,4995000000.0,5000000.0,5.0,0.0,0.1287,0.1287,0.1287,0.1287,0.063887,0.063887,5.8431e-05,0.063887,0.063887,6.3887e-07,5.8431e-05,6.3887e-07,0.0,0.0,0.0,0.0,1e-07,0.0,0.0,0.0,2.154e-10,0.0,0.0,0.0,0.0,2.154e-10,1e-07,0.0
24536255.0,4995000000.0,5000000.0,5.0,0.0,0.1287,0.1287,0.1287,0.1287,0.063887,0.063887,6.3887e-07,0.063887,0.063887,6.3887e-07,6.3887e-07,6.3887e-07,0.0,0.0,0.0,0.0,0.001,0.0,0.0,0.0,4.642e-09,0.0,0.0,0.0,0.0,4.642e-09,0.001,0.0
24537486.0,4995000000.0,5000000.0,5.0,0.0,0.1287,0.1287,0.1287,0.1287,0.063887,0.063887,0.00055581,0.063887,0.063887,0.051109,0.00055581,0.051109,0.0,0.0,0.0,0.0,1e-11,0.0,0.0,0.0,2.154e-10,0.0,0.0,0.0,0.0,2.154e-10,1e-11,0.0
24535896.0,4995000000.0,5000000.0,5.0,0.0,0.1287,0.1287,0.1287,0.1287,0.063887,0.063887,0.0,0.063887,0.063887,6.3887e-07,0.0,6.3887e-07,0.0,0.0,0.0,0.0,2.154e-06,0.0,0.0,0.0,1e-11,0.0,0.0,0.0,0.0,1e-11,2.154e-06,0.0
24537539.0,4995000000.0,5000000.0,5.0,0.0,0.1287,0.1287,0.1287,0.1287,0.063887,0.063887,0.0053473,0.063887,0.063887,0.0,0.0053473,0.0,0.0,0.0,0.0,0.0,1e-11,0.0,0.0,0.0,4.642e-05,0.0,0.0,0.0,0.0,4.642e-05,1e-11,0.0
24536176.0,4995000000.0,5000000.0,5.0,0.0,0.1287,0.1287,0.1287,0.1287,0.063887,0.063887,6.3887e-07,0.063887,0.063887,0.0,6.3887e-07,0.0,0.0,0.0,0.0,0.0,4.642e-09,0.0,0.0,0.0,1e-11,0.0,0.0,0.0,0.0,1e-11,4.642e-09,0.0
24536143.0,4995000000.0,5000000.0,5.0,0.0,0.1287,0.1287,0.1287,0.1287,0.063887,0.063887,0.0,0.063887,0.063887,0.051109,0.0,0.051109,0.0,0.0,0.0,0.0,2.154e-06,0.0,0.0,0.0,4.642e-09,0.0,0.0,0.0,0.0,4.642e-09,2.154e-06,0.0
24537058.0,4995000000.0,5000000.0,5.0,0.0,0.1287,0.1287,0.1287,0.1287,0.063887,0.063887,5.8431e-05,0.063887,0.063887,0.00055581,5.8431e-05,0.00055581,0.0,0.0,0.0,0.0,4.642e-09,0.0,0.0,0.0,1e-11,0.0,0.0,0.0,0.0,1e-11,4.642e-09,0.0
24537569.0,4995000000.0,5000000.0,5.0,0.0,0.1287,0.1287,0.1287,0.1287,0.063887,0.063887,0.0053473,0.063887,0.063887,0.0,0.0053473,0.0,0.0,0.0,0.0,0.0,4.642e-05,0.0,0.0,0.0,1e-11,0.0,0.0,0.0,0.0,1e-11,4.642e-05,0.0
24537853.0,4995000000.0,5000000.0,5.0,0.0,0.1287,0.1287,0.1287,0.1287,0.063887,0.063887,0.0053473,0.063887,0.063887,0.051109,0.0053473,0.051109,0.0,0.0,0.0,0.0,1e-07,0.0,0.0,0.0,2.154e-06,0.0,0.0,0.0,0.0,2.154e-06,1e-07,0.0
24536160.0,4995000000.0,5000000.0,5.0,0.0,0.1287,0.1287,0.1287,0.1287,0.063887,0.063887,0.0,0.063887,0.063887,0.051109,0.0,0.051109,0.0,0.0,0.0,0.0,0.001,0.0,0.0,0.0,4.642e-05,0.0,0.0,0.0,0.0,4.642e-05,0.001,0.0
24536647.0,4995000000.0,5000000.0,5.0,0.0,0.1287,0.1287,0.1287,0.1287,0.063887,0.063887,6.1098e-06,0.063887,0.063887,6.1098e-06,6.1098e-06,6.1098e-06,0.0,0.0,0.0,0.0,0.001,0.0,0.0,0.0,4.642e-09,0.0,0.0,0.0,0.0,4.642e-09,0.001,0.0
24535839.0,4995000000.0,5000000.0,5.0,0.0,0.1287,0.1287,0.1287,0.1287,0.063887,0.063887,0.0,0.063887,0.063887,0.0,0.0,0.0,0.0,0.0,0.0,0.0,4.642e-09,0.0,0.0,0.0,0.001,0.0,0.0,0.0,0.0,0.001,4.642e-09,0.0
24536464.0,4995000000.0,5000000.0,5.0,0.0,0.1287,0.1287,0.1287,0.1287,0.063887,0.063887,6.3887e-07,0.063887,0.063887,0.051109,6.3887e-07,0.051109,0.0,0.0,0.0,0.0,2.154e-10,0.0,0.0,0.0,2.154e-10,0.0,0.0,0.0,0.0,2.154e-10,2.154e-10,0.0
24537861.0,4995000000.0,5000000.0,5.0,0.0,0.1287,0.1287,0.1287,0.1287,0.063887,0.063887,0.0053473,0.063887,0.063887,0.051109,0.0053473,0.051109,0.0,0.0,0.0,0.0,2.154e-06,0.0,0.0,0.0,4.642e-05,0.0,0.0,0.0,0.0,4.642e-05,2.154e-06,0.0
24536396.0,4995000000.0,5000000.0,5.0,0.0,0.1287,0.1287,0.1287,0.1287,0.063887,0.063887,6.3887e-07,0.063887,0.063887,0.00055581,6.3887e-07,0.00055581,0.0,0.0,0.0,0.0,4.642e-05,0.0,0.0,0.0,1e-07,0.0,0.0,0.0,0.0,1e-07,4.642e-05,0.0
24537047.0,4995000000.0,5000000.0,5.0,0.0,0.1287,0.1287,0.1287,0.1287,0.063887,0.063887,5.8431e-05,0.063887,0.063887,0.00055581,5.8431e-05,0.00055581,0.0,0.0,0.0,0.0,1e-11,0.0,0.0,0.0,1e-07,0.0,0.0,0.0,0.0,1e-07,1e-11,0.0
24535867.0,4995000000.0,5000000.0,5.0,0.0,0.1287,0.1287,0.1287,0.1287,0.063887,0.063887,0.0,0.063887,0.063887,0.0,0.0,0.0,0.0,0.0,0.0,0.0,0.001,0.0,0.0,0.0,0.001,0.0,0.0,0.0,0.0,0.001,0.001,0.0
24535928.0,4995000000.0,5000000.0,5.0,0.0,0.1287,0.1287,0.1287,0.1287,0.063887,0.063887,0.0,0.063887,0.063887,6.1098e-06,0.0,6.1098e-06,0.0,0.0,0.0,0.0,2.154e-10,0.0,0.0,0.0,2.154e-06,0.0,0.0,0.0,0.0,2.154e-06,2.154e-10,0.0
24536060.0,4995000000.0,5000000.0,5.0,0.0,0.1287,0.1287,0.1287,0.1287,0.063887,0.063887,0.0,0.063887,0.063887,0.00055581,0.0,0.00055581,0.0,0.0,0.0,0.0,0.001,0.0,0.0,0.0,1e-07,0.0,0.0,0.0,0.0,1e-07,0.001,0.0
24537410.0,4995000000.0,5000000.0,5.0,0.0,0.1287,0.1287,0.1287,0.1287,0.063887,0.063887,0.00055581,0.063887,0.063887,0.00055581,0.00055581,0.00055581,0.0,0.0,0.0,0.0,1e-07,0.0,0.0,0.0,4.642e-09,0.0,0.0,0.0,0.0,4.642e-09,1e-07,0.0
24536564.0,4995000000.0,5000000.0,5.0,0.0,0.1287,0.1287,0.1287,0.1287,0.063887,0.063887,6.1098e-06,0.063887,0.063887,6.3887e-07,6.1098e-06,6.3887e-07,0.0,0.0,0.0,0.0,2.154e-10,0.0,0.0,0.0,1e-07,0.0,0.0,0.0,0.0,1e-07,2.154e-10,0.0
24536579.0,4995000000.0,5000000.0,5.0,0.0,0.1287,0.1287,0.1287,0.1287,0.063887,0.063887,6.1098e-06,0.063887,0.063887,6.3887e-07,6.1098e-06,6.3887e-07,0.0,0.0,0.0,0.0,1e-07,0.0,0.0,0.0,2.154e-06,0.0,0.0,0.0,0.0,2.154e-06,1e-07,0.0
24536326.0,4995000000.0,5000000.0,5.0,0.0,0.1287,0.1287,0.1287,0.1287,0.063887,0.063887,6.3887e-07,0.063887,0.063887,5.8431e-05,6.3887e-07,5.8431e-05,0.0,0.0,0.0,0.0,4.642e-09,0.0,0.0,0.0,1e-07,0.0,0.0,0.0,0.0,1e-07,4.642e-09,0.0
24537301.0,4995000000.0,5000000.0,5.0,0.0,0.1287,0.1287,0.1287,0.1287,0.063887,0.063887,0.00055581,0.063887,0.063887,6.1098e-06,0.00055581,6.1098e-06,0.0,0.0,0.0,0.0,2.154e-10,0.0,0.0,0.0,4.642e-05,0.0,0.0,0.0,0.0,4.642e-05,2.154e-10,0.0
24537498.0,4995000000.0,5000000.0,5.0,0.0,0.1287,0.1287,0.1287,0.1287,0.063887,0.063887,0.00055581,0.063887,0.063887,0.051109,0.00055581,0.051109,0.0,0.0,0.0,0.0,2.154e-10,0.0,0.0,0.0,0.001,0.0,0.0,0.0,0.0,0.001,2.154e-10,0.0
24537487.0,4995000000.0,5000000.0,5.0,0.0,0.1287,0.1287,0.1287,0.1287,0.063887,0.063887,0.00055581,0.063887,0.063887,0.051109,0.00055581,0.051109,0.0,0.0,0.0,0.0,1e-11,0.0,0.0,0.0,4.642e-09,0.0,0.0,0.0,0.0,4.642e-09,1e-11,0.0
24537260.0,4995000000.0,5000000.0,5.0,0.0,0.1287,0.1287,0.1287,0.1287,0.063887,0.063887,0.00055581,0.063887,0.063887,6.3887e-07,0.00055581,6.3887e-07,0.0,0.0,0.0,0.0,4.642e-09,0.0,0.0,0.0,0.001,0.0,0.0,0.0,0.0,0.001,4.642e-09,0.0
24536612.0,4995000000.0,5000000.0,5.0,0.0,0.1287,0.1287,0.1287,0.1287,0.063887,0.063887,6.1098e-06,0.063887,0.063887,6.1098e-06,6.1098e-06,6.1098e-06,0.0,0.0,0.0,0.0,2.154e-10,0.0,0.0,0.0,4.642e-09,0.0,0.0,0.0,0.0,4.642e-09,2.154e-10,0.0
24536582.0,4995000000.0,5000000.0,5.0,0.0,0.1287,0.1287,0.1287,0.1287,0.063887,0.063887,6.1098e-06,0.063887,0.063887,6.3887e-07,6.1098e-06,6.3887e-07,0.0,0.0,0.0,0.0,2.154e-06,0.0,0.0,0.0,1e-11,0.0,0.0,0.0,0.0,1e-11,2.154e-06,0.0
24536992.0,4995000000.0,5000000.0,5.0,0.0,0.1287,0.1287,0.1287,0.1287,0.063887,0.063887,5.8431e-05,0.063887,0.063887,6.1098e-06,5.8431e-05,6.1098e-06,0.0,0.0,0.0,0.0,0.001,0.0,0.0,0.0,2.154e-06,0.0,0.0,0.0,0.0,2.154e-06,0.001,0.0
24538088.0,4995000000.0,5000000.0,5.0,0.0,0.1287,0.1287,0.1287,0.1287,0.063887,0.063887,0.051109,0.063887,0.063887,0.00055581,0.051109,0.00055581,0.0,0.0,0.0,0.0,4.642e-09,0.0,0.0,0.0,2.154e-10,0.0,0.0,0.0,0.0,2.154e-10,4.642e-09,0.0
24537443.0,4995000000.0,5000000.0,5.0,0.0,0.1287,0.1287,0.1287,0.1287,0.063887,0.063887,0.00055581,0.063887,0.063887,0.0053473,0.00055581,0.0053473,0.0,0.0,0.0,0.0,2.154e-10,0.0,0.0,0.0,1e-11,0.0,0.0,0.0,0.0,1e-11,2.154e-10,0.0
24537615.0,4995000000.0,5000000.0,5.0,0.0,0.1287,0.1287,0.1287,0.1287,0.063887,0.063887,0.0053473,0.063887,0.063887,6.3887e-07,0.0053473,6.3887e-07,0.0,0.0,0.0,0.0,2.154e-06,0.0,0.0,0.0,2.154e-06,0.0,0.0,0.0,0.0,2.154e-06,2.154e-06,0.0
24537360.0,4995000000.0,5000000.0,5.0,0.0,0.1287,0.1287,0.1287,0.1287,0.063887,0.063887,0.00055581,0.063887,0.063887,5.8431e-05,0.00055581,5.8431e-05,0.0,0.0,0.0,0.0,1e-07,0.0,0.0,0.0,2.154e-10,0.0,0.0,0.0,0.0,2.154e-10,1e-07,0.0
24536313.0,4995000000.0,5000000.0,5.0,0.0,0.1287,0.1287,0.1287,0.1287,0.063887,0.063887,6.3887e-07,0.063887,0.063887,5.8431e-05,6.3887e-07,5.8431e-05,0.0,0.0,0.0,0.0,1e-11,0.0,0.0,0.0,2.154e-06,0.0,0.0,0.0,0.0,2.154e-06,1e-11,0.0
24538128.0,4995000000.0,5000000.0,5.0,0.0,0.1287,0.1287,0.1287,0.1287,0.063887,0.063887,0.051109,0.063887,0.063887,0.0053473,0.051109,0.0053473,0.0,0.0,0.0,0.0,1e-11,0.0,0.0,0.0,0.001,0.0,0.0,0.0,0.0,0.001,1e-11,0.0
24536679.0,4995000000.0,5000000.0,5.0,0.0,0.1287,0.1287,0.1287,0.1287,0.063887,0.063887,6.1098e-06,0.063887,0.063887,5.8431e-05,6.1098e-06,5.8431e-05,0.0,0.0,0.0,0.0,1e-07,0.0,0.0,0.0,0.001,0.0,0.0,0.0,0.0,0.001,1e-07,0.0
24536518.0,4995000000.0,5000000.0,5.0,0.0,0.1287,0.1287,0.1287,0.1287,0.063887,0.063887,6.1098e-06,0.063887,0.063887,0.0,6.1098e-06,0.0,0.0,0.0,0.0,0.0,2.154e-10,0.0,0.0,0.0,0.001,0.0,0.0,0.0,0.0,0.001,2.154e-10,0.0
24537726.0,4995000000.0,5000000.0,5.0,0.0,0.1287,0.1287,0.1287,0.1287,0.063887,0.063887,0.0053473,0.063887,0.063887,5.8431e-05,0.0053473,5.8431e-05,0.0,0.0,0.0,0.0,0.001,0.0,0.0,0.0,1e-07,0.0,0.0,0.0,0.0,1e-07,0.001,0.0
24535848.0,4995000000.0,5000000.0,5.0,0.0,0.1287,0.1287,0.1287,0.1287,0.063887,0.063887,0.0,0.063887,0.063887,0.0,0.0,0.0,0.0,0.0,0.0,0.0,2.154e-06,0.0,0.0,0.0,2.154e-10,0.0,0.0,0.0,0.0,2.154e-10,2.154e-06,0.0
24538101.0,4995000000.0,5000000.0,5.0,0.0,0.1287,0.1287,0.1287,0.1287,0.063887,0.063887,0.051109,0.063887,0.063887,0.00055581,0.051109,0.00055581,0.0,0.0,0.0,0.0,2.154e-06,0.0,0.0,0.0,1e-11,0.0,0.0,0.0,0.0,1e-11,2.154e-06,0.0
24537309.0,4995000000.0,5000000.0,5.0,0.0,0.1287,0.1287,0.1287,0.1287,0.063887,0.063887,0.00055581,0.063887,0.063887,6.1098e-06,0.00055581,6.1098e-06,0.0,0.0,0.0,0.0,4.642e-09,0.0,0.0,0.0,0.001,0.0,0.0,0.0,0.0,0.001,4.642e-09,0.0
24536786.0,4995000000.0,5000000.0,5.0,0.0,0.1287,0.1287,0.1287,0.1287,0.063887,0.063887,6.1098e-06,0.063887,0.063887,0.0053473,6.1098e-06,0.0053473,0.0,0.0,0.0,0.0,4.642e-05,0.0,0.0,0.0,2.154e-10,0.0,0.0,0.0,0.0,2.154e-10,4.642e-05,0.0
24536694.0,4995000000.0,5000000.0,5.0,0.0,0.1287,0.1287,0.1287,0.1287,0.063887,0.063887,6.1098e-06,0.063887,0.063887,5.8431e-05,6.1098e-06,5.8431e-05,0.0,0.0,0.0,0.0,0.001,0.0,0.0,0.0,1e-11,0.0,0.0,0.0,0.0,1e-11,0.001,0.0
24536477.0,4995000000.0,5000000.0,5.0,0.0,0.1287,0.1287,0.1287,0.1287,0.063887,0.063887,6.3887e-07,0.063887,0.063887,0.051109,6.3887e-07,0.051109,0.0,0.0,0.0,0.0,1e-07,0.0,0.0,0.0,1e-11,0.0,0.0,0.0,0.0,1e-11,1e-07,0.0
24536822.0,4995000000.0,5000000.0,5.0,0.0,0.1287,0.1287,0.1287,0.1287,0.063887,0.063887,6.1098e-06,0.063887,0.063887,0.051109,6.1098e-06,0.051109,0.0,0.0,0.0,0.0,1e-07,0.0,0.0,0.0,4.642e-09,0.0,0.0,0.0,0.0,4.642e-09,1e-07,0.0
24537044.0,4995000000.0,5000000.0,5.0,0.0,0.1287,0.1287,0.1287,0.1287,0.063887,0.063887,5.8431e-05,0.063887,0.063887,0.00055581,5.8431e-05,0.00055581,0.0,0.0,0.0,0.0,1e-11,0.0,0.0,0.0,1e-11,0.0,0.0,0.0,0.0,1e-11,1e-11,0.0
24537652.0,4995000000.0,5000000.0,5.0,0.0,0.1287,0.1287,0.1287,0.1287,0.063887,0.063887,0.0053473,0.063887,0.063887,6.1098e-06,0.0053473,6.1098e-06,0.0,0.0,0.0,0.0,4.642e-09,0.0,0.0,0.0,0.001,0.0,0.0,0.0,0.0,0.001,4.642e-09,0.0
24536447.0,4995000000.0,5000000.0,5.0,0.0,0.1287,0.1287,0.1287,0.1287,0.063887,0.063887,6.3887e-07,0.063887,0.063887,0.0053473,6.3887e-07,0.0053473,0.0,0.0,0.0,0.0,4.642e-05,0.0,0.0,0.0,4.642e-05,0.0,0.0,0.0,0.0,4.642e-05,4.642e-05,0.0
24537987.0,4995000000.0,5000000.0,5.0,0.0,0.1287,0.1287,0.1287,0.1287,0.063887,0.063887,0.051109,0.063887,0.063887,6.1098e-06,0.051109,6.1098e-06,0.0,0.0,0.0,0.0,2.154e-10,0.0,0.0,0.0,4.642e-05,0.0,0.0,0.0,0.0,4.642e-05,2.154e-10,0.0
24536092.0,4995000000.0,5000000.0,5.0,0.0,0.1287,0.1287,0.1287,0.1287,0.063887,0.063887,0.0,0.063887,0.063887,0.0053473,0.0,0.0053473,0.0,0.0,0.0,0.0,2.154e-06,0.0,0.0,0.0,1e-11,0.0,0.0,0.0,0.0,1e-11,2.154e-06,0.0
24536537.0,4995000000.0,5000000.0,5.0,0.0,0.1287,0.1287,0.1287,0.1287,0.063887,0.063887,6.1098e-06,0.063887,0.063887,0.0,6.1098e-06,0.0,0.0,0.0,0.0,0.0,2.154e-06,0.0,0.0,0.0,2.154e-06,0.0,0.0,0.0,0.0,2.154e-06,2.154e-06,0.0
24537933.0,4995000000.0,5000000.0,5.0,0.0,0.1287,0.1287,0.1287,0.1287,0.063887,0.063887,0.051109,0.063887,0.063887,6.3887e-07,0.051109,6.3887e-07,0.0,0.0,0.0,0.0,2.154e-10,0.0,0.0,0.0,1e-11,0.0,0.0,0.0,0.0,1e-11,2.154e-10,0.0
24537267.0,4995000000.0,5000000.0,5.0,0.0,0.1287,0.1287,0.1287,0.1287,0.063887,0.063887,0.00055581,0.063887,0.063887,6.3887e-07,0.00055581,6.3887e-07,0.0,0.0,0.0,0.0,1e-07,0.0,0.0,0.0,0.001,0.0,0.0,0.0,0.0,0.001,1e-07,0.0
24537754.0,4995000000.0,5000000.0,5.0,0.0,0.1287,0.1287,0.1287,0.1287,0.063887,0.063887,0.0053473,0.063887,0.063887,0.00055581,0.0053473,0.00055581,0.0,0.0,0.0,0.0,1e-07,0.0,0.0,0.0,1e-07,0.0,0.0,0.0,0.0,1e-07,1e-07,0.0
24536399.0,4995000000.0,5000000.0,5.0,0.0,0.1287,0.1287,0.1287,0.1287,0.063887,0.063887,6.3887e-07,0.063887,0.063887,0.00055581,6.3887e-07,0.00055581,0.0,0.0,0.0,0.0,4.642e-05,0.0,0.0,0.0,0.001,0.0,0.0,0.0,0.0,0.001,4.642e-05,0.0
24537054.0,4995000000.0,5000000.0,5.0,0.0,0.1287,0.1287,0.1287,0.1287,0.063887,0.063887,5.8431e-05,0.063887,0.063887,0.00055581,5.8431e-05,0.00055581,0.0,0.0,0.0,0.0,2.154e-10,0.0,0.0,0.0,1e-07,0.0,0.0,0.0,0.0,1e-07,2.154e-10,0.0
24536343.0,4995000000.0,5000000.0,5.0,0.0,0.1287,0.1287,0.1287,0.1287,0.063887,0.063887,6.3887e-07,0.063887,0.063887,5.8431e-05,6.3887e-07,5.8431e-05,0.0,0.0,0.0,0.0,2.154e-06,0.0,0.0,0.0,0.001,0.0,0.0,0.0,0.0,0.001,2.154e-06,0.0
24537131.0,4995000000.0,5000000.0,5.0,0.0,0.1287,0.1287,0.1287,0.1287,0.063887,0.063887,5.8431e-05,0.063887,0.063887,0.0053473,5.8431e-05,0.0053473,0.0,0.0,0.0,0.0,4.642e-05,0.0,0.0,0.0,1e-07,0.0,0.0,0.0,0.0,1e-07,4.642e-05,0.0
24537621.0,4995000000.0,5000000.0,5.0,0.0,0.1287,0.1287,0.1287,0.1287,0.063887,0.063887,0.0053473,0.063887,0.063887,6.3887e-07,0.0053473,6.3887e-07,0.0,0.0,0.0,0.0,4.642e-05,0.0,0.0,0.0,1e-07,0.0,0.0,0.0,0.0,1e-07,4.642e-05,0.0
24538038.0,4995000000.0,5000000.0,5.0,0.0,0.1287,0.1287,0.1287,0.1287,0.063887,0.063887,0.051109,0.063887,0.063887,5.8431e-05,0.051109,5.8431e-05,0.0,0.0,0.0,0.0,4.642e-09,0.0,0.0,0.0,1e-11,0.0,0.0,0.0,0.0,1e-11,4.642e-09,0.0
24537788.0,4995000000.0,5000000.0,5.0,0.0,0.1287,0.1287,0.1287,0.1287,0.063887,0.063887,0.0053473,0.063887,0.063887,0.0053473,0.0053473,0.0053473,0.0,0.0,0.0,0.0,2.154e-10,0.0,0.0,0.0,4.642e-09,0.0,0.0,0.0,0.0,4.642e-09,2.154e-10,0.0
24535936.0,4995000000.0,5000000.0,5.0,0.0,0.1287,0.1287,0.1287,0.1287,0.063887,0.063887,0.0,0.063887,0.063887,6.1098e-06,0.0,6.1098e-06,0.0,0.0,0.0,0.0,4.642e-09,0.0,0.0,0.0,4.642e-05,0.0,0.0,0.0,0.0,4.642e-05,4.642e-09,0.0
24536048.0,4995000000.0,5000000.0,5.0,0.0,0.1287,0.1287,0.1287,0.1287,0.063887,0.063887,0.0,0.063887,0.063887,0.00055581,0.0,0.00055581,0.0,0.0,0.0,0.0,2.154e-06,0.0,0.0,0.0,4.642e-05,0.0,0.0,0.0,0.0,4.642e-05,2.154e-06,0.0
24536717.0,4995000000.0,5000000.0,5.0,0.0,0.1287,0.1287,0.1287,0.1287,0.063887,0.063887,6.1098e-06,0.063887,0.063887,0.00055581,6.1098e-06,0.00055581,0.0,0.0,0.0,0.0,4.642e-09,0.0,0.0,0.0,4.642e-09,0.0,0.0,0.0,0.0,4.642e-09,4.642e-09,0.0
24537589.0,4995000000.0,5000000.0,5.0,0.0,0.1287,0.1287,0.1287,0.1287,0.063887,0.063887,0.0053473,0.063887,0.063887,6.3887e-07,0.0053473,6.3887e-07,0.0,0.0,0.0,0.0,1e-11,0.0,0.0,0.0,0.001,0.0,0.0,0.0,0.0,0.001,1e-11,0.0
24537864.0,4995000000.0,5000000.0,5.0,0.0,0.1287,0.1287,0.1287,0.1287,0.063887,0.063887,0.0053473,0.063887,0.063887,0.051109,0.0053473,0.051109,0.0,0.0,0.0,0.0,4.642e-05,0.0,0.0,0.0,2.154e-10,0.0,0.0,0.0,0.0,2.154e-10,4.642e-05,0.0
24537531.0,4995000000.0,5000000.0,5.0,0.0,0.1287,0.1287,0.1287,0.1287,0.063887,0.063887,0.00055581,0.063887,0.063887,0.051109,0.00055581,0.051109,0.0,0.0,0.0,0.0,0.001,0.0,0.0,0.0,2.154e-06,0.0,0.0,0.0,0.0,2.154e-06,0.001,0.0
24536622.0,4995000000.0,5000000.0,5.0,0.0,0.1287,0.1287,0.1287,0.1287,0.063887,0.063887,6.1098e-06,0.063887,0.063887,6.1098e-06,6.1098e-06,6.1098e-06,0.0,0.0,0.0,0.0,4.642e-09,0.0,0.0,0.0,4.642e-05,0.0,0.0,0.0,0.0,4.642e-05,4.642e-09,0.0
24537614.0,4995000000.0,5000000.0,5.0,0.0,0.1287,0.1287,0.1287,0.1287,0.063887,0.063887,0.0053473,0.063887,0.063887,6.3887e-07,0.0053473,6.3887e-07,0.0,0.0,0.0,0.0,2.154e-06,0.0,0.0,0.0,1e-07,0.0,0.0,0.0,0.0,1e-07,2.154e-06,0.0
24536346.0,4995000000.0,5000000.0,5.0,0.0,0.1287,0.1287,0.1287,0.1287,0.063887,0.063887,6.3887e-07,0.063887,0.063887,5.8431e-05,6.3887e-07,5.8431e-05,0.0,0.0,0.0,0.0,4.642e-05,0.0,0.0,0.0,4.642e-09,0.0,0.0,0.0,0.0,4.642e-09,4.642e-05,0.0
24537435.0,4995000000.0,5000000.0,5.0,0.0,0.1287,0.1287,0.1287,0.1287,0.063887,0.063887,0.00055581,0.063887,0.063887,0.00055581,0.00055581,0.00055581,0.0,0.0,0.0,0.0,0.001,0.0,0.0,0.0,0.001,0.0,0.0,0.0,0.0,0.001,0.001,0.0
24536819.0,4995000000.0,5000000.0,5.0,0.0,0.1287,0.1287,0.1287,0.1287,0.063887,0.063887,6.1098e-06,0.063887,0.063887,0.051109,6.1098e-06,0.051109,0.0,0.0,0.0,0.0,4.642e-09,0.0,0.0,0.0,0.001,0.0,0.0,0.0,0.0,0.001,4.642e-09,0.0
24536054.0,4995000000.0,5000000.0,5.0,0.0,0.1287,0.1287,0.1287,0.1287,0.063887,0.063887,0.0,0.063887,0.063887,0.00055581,0.0,0.00055581,0.0,0.0,0.0,0.0,4.642e-05,0.0,0.0,0.0,2.154e-06,0.0,0.0,0.0,0.0,2.154e-06,4.642e-05,0.0
24538132.0,4995000000.0,5000000.0,5.0,0.0,0.1287,0.1287,0.1287,0.1287,0.063887,0.063887,0.051109,0.063887,0.063887,0.0053473,0.051109,0.0053473,0.0,0.0,0.0,0.0,2.154e-10,0.0,0.0,0.0,1e-07,0.0,0.0,0.0,0.0,1e-07,2.154e-10,0.0
24536620.0,4995000000.0,5000000.0,5.0,0.0,0.1287,0.1287,0.1287,0.1287,0.063887,0.063887,6.1098e-06,0.063887,0.063887,6.1098e-06,6.1098e-06,6.1098e-06,0.0,0.0,0.0,0.0,4.642e-09,0.0,0.0,0.0,1e-07,0.0,0.0,0.0,0.0,1e-07,4.642e-09,0.0
24538098.0,4995000000.0,5000000.0,5.0,0.0,0.1287,0.1287,0.1287,0.1287,0.063887,0.063887,0.051109,0.063887,0.063887,0.00055581,0.051109,0.00055581,0.0,0.0,0.0,0.0,1e-07,0.0,0.0,0.0,2.154e-06,0.0,0.0,0.0,0.0,2.154e-06,1e-07,0.0
24537302.0,4995000000.0,5000000.0,5.0,0.0,0.1287,0.1287,0.1287,0.1287,0.063887,0.063887,0.00055581,0.063887,0.063887,6.1098e-06,0.00055581,6.1098e-06,0.0,0.0,0.0,0.0,2.154e-10,0.0,0.0,0.0,0.001,0.0,0.0,0.0,0.0,0.001,2.154e-10,0.0
24536590.0,4995000000.0,5000000.0,5.0,0.0,0.1287,0.1287,0.1287,0.1287,0.063887,0.063887,6.1098e-06,0.063887,0.063887,6.3887e-07,6.1098e-06,6.3887e-07,0.0,0.0,0.0,0.0,4.642e-05,0.0,0.0,0.0,2.154e-10,0.0,0.0,0.0,0.0,2.154e-10,4.642e-05,0.0
24538042.0,4995000000.0,5000000.0,5.0,0.0,0.1287,0.1287,0.1287,0.1287,0.063887,0.063887,0.051109,0.063887,0.063887,5.8431e-05,0.051109,5.8431e-05,0.0,0.0,0.0,0.0,4.642e-09,0.0,0.0,0.0,2.154e-06,0.0,0.0,0.0,0.0,2.154e-06,4.642e-09,0.0
24538168.0,4995000000.0,5000000.0,5.0,0.0,0.1287,0.1287,0.1287,0.1287,0.063887,0.063887,0.051109,0.063887,0.063887,0.0053473,0.051109,0.0053473,0.0,0.0,0.0,0.0,0.001,0.0,0.0,0.0,2.154e-06,0.0,0.0,0.0,0.0,2.154e-06,0.001,0.0
24536855.0,4995000000.0,5000000.0,5.0,0.0,0.1287,0.1287,0.1287,0.1287,0.063887,0.063887,5.8431e-05,0.063887,0.063887,0.0,5.8431e-05,0.0,0.0,0.0,0.0,0.0,2.154e-10,0.0,0.0,0.0,1e-11,0.0,0.0,0.0,0.0,1e-11,2.154e-10,0.0
24535998.0,4995000000.0,5000000.0,5.0,0.0,0.1287,0.1287,0.1287,0.1287,0.063887,0.063887,0.0,0.063887,0.063887,5.8431e-05,0.0,5.8431e-05,0.0,0.0,0.0,0.0,2.154e-06,0.0,0.0,0.0,2.154e-06,0.0,0.0,0.0,0.0,2.154e-06,2.154e-06,0.0
24537786.0,4995000000.0,5000000.0,5.0,0.0,0.1287,0.1287,0.1287,0.1287,0.063887,0.063887,0.0053473,0.063887,0.063887,0.0053473,0.0053473,0.0053473,0.0,0.0,0.0,0.0,2.154e-10,0.0,0.0,0.0,1e-11,0.0,0.0,0.0,0.0,1e-11,2.154e-10,0.0
24536353.0,4995000000.0,5000000.0,5.0,0.0,0.1287,0.1287,0.1287,0.1287,0.063887,0.063887,6.3887e-07,0.063887,0.063887,5.8431e-05,6.3887e-07,5.8431e-05,0.0,0.0,0.0,0.0,0.001,0.0,0.0,0.0,4.642e-09,0.0,0.0,0.0,0.0,4.642e-09,0.001,0.0
24537868.0,4995000000.0,5000000.0,5.0,0.0,0.1287,0.1287,0.1287,0.1287,0.063887,0.063887,0.0053473,0.063887,0.063887,0.051109,0.0053473,0.051109,0.0,0.0,0.0,0.0,4.642e-05,0.0,0.0,0.0,4.642e-05,0.0,0.0,0.0,0.0,4.642e-05,4.642e-05,0.0
24536594.0,4995000000.0,5000000.0,5.0,0.0,0.1287,0.1287,0.1287,0.1287,0.063887,0.063887,6.1098e-06,0.063887,0.063887,6.3887e-07,6.1098e-06,6.3887e-07,0.0,0.0,0.0,0.0,4.642e-05,0.0,0.0,0.0,4.642e-05,0.0,0.0,0.0,0.0,4.642e-05,4.642e-05,0.0
24536846.0,4995000000.0,5000000.0,5.0,0.0,0.1287,0.1287,0.1287,0.1287,0.063887,0.063887,6.1098e-06,0.063887,0.063887,0.051109,6.1098e-06,0.051109,0.0,0.0,0.0,0.0,0.001,0.0,0.0,0.0,4.642e-05,0.0,0.0,0.0,0.0,4.642e-05,0.001,0.0
24536971.0,4995000000.0,5000000.0,5.0,0.0,0.1287,0.1287,0.1287,0.1287,0.063887,0.063887,5.8431e-05,0.063887,0.063887,6.1098e-06,5.8431e-05,6.1098e-06,0.0,0.0,0.0,0.0,1e-07,0.0,0.0,0.0,2.154e-06,0.0,0.0,0.0,0.0,2.154e-06,1e-07,0.0
24537343.0,4995000000.0,5000000.0,5.0,0.0,0.1287,0.1287,0.1287,0.1287,0.063887,0.063887,0.00055581,0.063887,0.063887,5.8431e-05,0.00055581,5.8431e-05,0.0,0.0,0.0,0.0,1e-11,0.0,0.0,0.0,4.642e-05,0.0,0.0,0.0,0.0,4.642e-05,1e-11,0.0
24537907.0,4995000000.0,5000000.0,5.0,0.0,0.1287,0.1287,0.1287,0.1287,0.063887,0.063887,0.051109,0.063887,0.063887,0.0,0.051109,0.0,0.0,0.0,0.0,0.0,2.154e-06,0.0,0.0,0.0,4.642e-09,0.0,0.0,0.0,0.0,4.642e-09,2.154e-06,0.0
24536095.0,4995000000.0,5000000.0,5.0,0.0,0.1287,0.1287,0.1287,0.1287,0.063887,0.063887,0.0,0.063887,0.063887,0.0053473,0.0,0.0053473,0.0,0.0,0.0,0.0,2.154e-06,0.0,0.0,0.0,1e-07,0.0,0.0,0.0,0.0,1e-07,2.154e-06,0.0
24535847.0,4995000000.0,5000000.0,5.0,0.0,0.1287,0.1287,0.1287,0.1287,0.063887,0.063887,0.0,0.063887,0.063887,0.0,0.0,0.0,0.0,0.0,0.0,0.0,2.154e-06,0.0,0.0,0.0,1e-11,0.0,0.0,0.0,0.0,1e-11,2.154e-06,0.0
24537284.0,4995000000.0,5000000.0,5.0,0.0,0.1287,0.1287,0.1287,0.1287,0.063887,0.063887,0.00055581,0.063887,0.063887,6.3887e-07,0.00055581,6.3887e-07,0.0,0.0,0.0,0.0,0.001,0.0,0.0,0.0,4.642e-09,0.0,0.0,0.0,0.0,4.642e-09,0.001,0.0
24537494.0,4995000000.0,5000000.0,5.0,0.0,0.1287,0.1287,0.1287,0.1287,0.063887,0.063887,0.00055581,0.063887,0.063887,0.051109,0.00055581,0.051109,0.0,0.0,0.0,0.0,2.154e-10,0.0,0.0,0.0,4.642e-09,0.0,0.0,0.0,0.0,4.642e-09,2.154e-10,0.0
24536121.0,4995000000.0,5000000.0,5.0,0.0,0.1287,0.1287,0.1287,0.1287,0.063887,0.063887,0.0,0.063887,0.063887,0.051109,0.0,0.051109,0.0,0.0,0.0,0.0,2.154e-10,0.0,0.0,0.0,2.154e-10,0.0,0.0,0.0,0.0,2.154e-10,2.154e-10,0.0
24538056.0,4995000000.0,5000000.0,5.0,0.0,0.1287,0.1287,0.1287,0.1287,0.063887,0.063887,0.051109,0.063887,0.063887,5.8431e-05,0.051109,5.8431e-05,0.0,0.0,0.0,0.0,2.154e-06,0.0,0.0,0.0,2.154e-06,0.0,0.0,0.0,0.0,2.154e-06,2.154e-06,0.0
24537530.0,4995000000.0,5000000.0,5.0,0.0,0.1287,0.1287,0.1287,0.1287,0.063887,0.063887,0.00055581,0.063887,0.063887,0.051109,0.00055581,0.051109,0.0,0.0,0.0,0.0,0.001,0.0,0.0,0.0,1e-07,0.0,0.0,0.0,0.0,1e-07,0.001,0.0
24536112.0,4995000000.0,5000000.0,5.0,0.0,0.1287,0.1287,0.1287,0.1287,0.063887,0.063887,0.0,0.063887,0.063887,0.0053473,0.0,0.0053473,0.0,0.0,0.0,0.0,0.001,0.0,0.0,0.0,0.001,0.0,0.0,0.0,0.0,0.001,0.001,0.0
24537978.0,4995000000.0,5000000.0,5.0,0.0,0.1287,0.1287,0.1287,0.1287,0.063887,0.063887,0.051109,0.063887,0.063887,6.1098e-06,0.051109,6.1098e-06,0.0,0.0,0.0,0.0,1e-11,0.0,0.0,0.0,1e-07,0.0,0.0,0.0,0.0,1e-07,1e-11,0.0
24537777.0,4995000000.0,5000000.0,5.0,0.0,0.1287,0.1287,0.1287,0.1287,0.063887,0.063887,0.0053473,0.063887,0.063887,0.00055581,0.0053473,0.00055581,0.0,0.0,0.0,0.0,0.001,0.0,0.0,0.0,4.642e-05,0.0,0.0,0.0,0.0,4.642e-05,0.001,0.0
24536277.0,4995000000.0,5000000.0,5.0,0.0,0.1287,0.1287,0.1287,0.1287,0.063887,0.063887,6.3887e-07,0.063887,0.063887,6.1098e-06,6.3887e-07,6.1098e-06,0.0,0.0,0.0,0.0,4.642e-09,0.0,0.0,0.0,1e-07,0.0,0.0,0.0,0.0,1e-07,4.642e-09,0.0
24537361.0,4995000000.0,5000000.0,5.0,0.0,0.1287,0.1287,0.1287,0.1287,0.063887,0.063887,0.00055581,0.063887,0.063887,5.8431e-05,0.00055581,5.8431e-05,0.0,0.0,0.0,0.0,1e-07,0.0,0.0,0.0,4.642e-09,0.0,0.0,0.0,0.0,4.642e-09,1e-07,0.0
24537080.0,4995000000.0,5000000.0,5.0,0.0,0.1287,0.1287,0.1287,0.1287,0.063887,0.063887,5.8431e-05,0.063887,0.063887,0.00055581,5.8431e-05,0.00055581,0.0,0.0,0.0,0.0,4.642e-05,0.0,0.0,0.0,2.154e-10,0.0,0.0,0.0,0.0,2.154e-10,4.642e-05,0.0
24536130.0,4995000000.0,5000000.0,5.0,0.0,0.1287,0.1287,0.1287,0.1287,0.063887,0.063887,0.0,0.063887,0.063887,0.051109,0.0,0.051109,0.0,0.0,0.0,0.0,4.642e-09,0.0,0.0,0.0,1e-07,0.0,0.0,0.0,0.0,1e-07,4.642e-09,0.0
24536367.0,4995000000.0,5000000.0,5.0,0.0,0.1287,0.1287,0.1287,0.1287,0.063887,0.063887,6.3887e-07,0.063887,0.063887,0.00055581,6.3887e-07,0.00055581,0.0,0.0,0.0,0.0,2.154e-10,0.0,0.0,0.0,4.642e-09,0.0,0.0,0.0,0.0,4.642e-09,2.154e-10,0.0
24538182.0,4995000000.0,5000000.0,5.0,0.0,0.1287,0.1287,0.1287,0.1287,0.063887,0.063887,0.051109,0.063887,0.063887,0.051109,0.051109,0.051109,0.0,0.0,0.0,0.0,2.154e-10,0.0,0.0,0.0,2.154e-06,0.0,0.0,0.0,0.0,2.154e-06,2.154e-10,0.0
24535851.0,4995000000.0,5000000.0,5.0,0.0,0.1287,0.1287,0.1287,0.1287,0.063887,0.063887,0.0,0.063887,0.063887,0.0,0.0,0.0,0.0,0.0,0.0,0.0,2.154e-06,0.0,0.0,0.0,2.154e-06,0.0,0.0,0.0,0.0,2.154e-06,2.154e-06,0.0
24536659.0,4995000000.0,5000000.0,5.0,0.0,0.1287,0.1287,0.1287,0.1287,0.063887,0.063887,6.1098e-06,0.063887,0.063887,5.8431e-05,6.1098e-06,5.8431e-05,0.0,0.0,0.0,0.0,2.154e-10,0.0,0.0,0.0,1e-11,0.0,0.0,0.0,0.0,1e-11,2.154e-10,0.0
24537068.0,4995000000.0,5000000.0,5.0,0.0,0.1287,0.1287,0.1287,0.1287,0.063887,0.063887,5.8431e-05,0.063887,0.063887,0.00055581,5.8431e-05,0.00055581,0.0,0.0,0.0,0.0,1e-07,0.0,0.0,0.0,1e-07,0.0,0.0,0.0,0.0,1e-07,1e-07,0.0
24537617.0,4995000000.0,5000000.0,5.0,0.0,0.1287,0.1287,0.1287,0.1287,0.063887,0.063887,0.0053473,0.063887,0.063887,6.3887e-07,0.0053473,6.3887e-07,0.0,0.0,0.0,0.0,2.154e-06,0.0,0.0,0.0,0.001,0.0,0.0,0.0,0.0,0.001,2.154e-06,0.0
24538059.0,4995000000.0,5000000.0,5.0,0.0,0.1287,0.1287,0.1287,0.1287,0.063887,0.063887,0.051109,0.063887,0.063887,5.8431e-05,0.051109,5.8431e-05,0.0,0.0,0.0,0.0,4.642e-05,0.0,0.0,0.0,1e-11,0.0,0.0,0.0,0.0,1e-11,4.642e-05,0.0
24537700.0,4995000000.0,5000000.0,5.0,0.0,0.1287,0.1287,0.1287,0.1287,0.063887,0.063887,0.0053473,0.063887,0.063887,5.8431e-05,0.0053473,5.8431e-05,0.0,0.0,0.0,0.0,4.642e-09,0.0,0.0,0.0,4.642e-05,0.0,0.0,0.0,0.0,4.642e-05,4.642e-09,0.0
24537205.0,4995000000.0,5000000.0,5.0,0.0,0.1287,0.1287,0.1287,0.1287,0.063887,0.063887,0.00055581,0.063887,0.063887,0.0,0.00055581,0.0,0.0,0.0,0.0,0.0,4.642e-09,0.0,0.0,0.0,1e-11,0.0,0.0,0.0,0.0,1e-11,4.642e-09,0.0
24538198.0,4995000000.0,5000000.0,5.0,0.0,0.1287,0.1287,0.1287,0.1287,0.063887,0.063887,0.051109,0.063887,0.063887,0.051109,0.051109,0.051109,0.0,0.0,0.0,0.0,1e-07,0.0,0.0,0.0,0.001,0.0,0.0,0.0,0.0,0.001,1e-07,0.0
24537182.0,4995000000.0,5000000.0,5.0,0.0,0.1287,0.1287,0.1287,0.1287,0.063887,0.063887,5.8431e-05,0.063887,0.063887,0.051109,5.8431e-05,0.051109,0.0,0.0,0.0,0.0,4.642e-05,0.0,0.0,0.0,4.642e-05,0.0,0.0,0.0,0.0,4.642e-05,4.642e-05,0.0
24537558.0,4995000000.0,5000000.0,5.0,0.0,0.1287,0.1287,0.1287,0.1287,0.063887,0.063887,0.0053473,0.063887,0.063887,0.0,0.0053473,0.0,0.0,0.0,0.0,0.0,1e-07,0.0,0.0,0.0,1e-07,0.0,0.0,0.0,0.0,1e-07,1e-07,0.0
24537197.0,4995000000.0,5000000.0,5.0,0.0,0.1287,0.1287,0.1287,0.1287,0.063887,0.063887,0.00055581,0.063887,0.063887,0.0,0.00055581,0.0,0.0,0.0,0.0,0.0,1e-11,0.0,0.0,0.0,0.001,0.0,0.0,0.0,0.0,0.001,1e-11,0.0
24536086.0,4995000000.0,5000000.0,5.0,0.0,0.1287,0.1287,0.1287,0.1287,0.063887,0.063887,0.0,0.063887,0.063887,0.0053473,0.0,0.0053473,0.0,0.0,0.0,0.0,1e-07,0.0,0.0,0.0,2.154e-10,0.0,0.0,0.0,0.0,2.154e-10,1e-07,0.0
24536543.0,4995000000.0,5000000.0,5.0,0.0,0.1287,0.1287,0.1287,0.1287,0.063887,0.063887,6.1098e-06,0.063887,0.063887,0.0,6.1098e-06,0.0,0.0,0.0,0.0,0.0,4.642e-05,0.0,0.0,0.0,1e-07,0.0,0.0,0.0,0.0,1e-07,4.642e-05,0.0
24536627.0,4995000000.0,5000000.0,5.0,0.0,0.1287,0.1287,0.1287,0.1287,0.063887,0.063887,6.1098e-06,0.063887,0.063887,6.1098e-06,6.1098e-06,6.1098e-06,0.0,0.0,0.0,0.0,1e-07,0.0,0.0,0.0,1e-07,0.0,0.0,0.0,0.0,1e-07,1e-07,0.0
24537169.0,4995000000.0,5000000.0,5.0,0.0,0.1287,0.1287,0.1287,0.1287,0.063887,0.063887,5.8431e-05,0.063887,0.063887,0.051109,5.8431e-05,0.051109,0.0,0.0,0.0,0.0,1e-07,0.0,0.0,0.0,0.001,0.0,0.0,0.0,0.0,0.001,1e-07,0.0
24538052.0,4995000000.0,5000000.0,5.0,0.0,0.1287,0.1287,0.1287,0.1287,0.063887,0.063887,0.051109,0.063887,0.063887,5.8431e-05,0.051109,5.8431e-05,0.0,0.0,0.0,0.0,2.154e-06,0.0,0.0,0.0,1e-11,0.0,0.0,0.0,0.0,1e-11,2.154e-06,0.0
24536779.0,4995000000.0,5000000.0,5.0,0.0,0.1287,0.1287,0.1287,0.1287,0.063887,0.063887,6.1098e-06,0.063887,0.063887,0.0053473,6.1098e-06,0.0053473,0.0,0.0,0.0,0.0,2.154e-06,0.0,0.0,0.0,2.154e-10,0.0,0.0,0.0,0.0,2.154e-10,2.154e-06,0.0
24537186.0,4995000000.0,5000000.0,5.0,0.0,0.1287,0.1287,0.1287,0.1287,0.063887,0.063887,5.8431e-05,0.063887,0.063887,0.051109,5.8431e-05,0.051109,0.0,0.0,0.0,0.0,0.001,0.0,0.0,0.0,4.642e-09,0.0,0.0,0.0,0.0,4.642e-09,0.001,0.0
24537900.0,4995000000.0,5000000.0,5.0,0.0,0.1287,0.1287,0.1287,0.1287,0.063887,0.063887,0.051109,0.063887,0.063887,0.0,0.051109,0.0,0.0,0.0,0.0,0.0,1e-07,0.0,0.0,0.0,4.642e-09,0.0,0.0,0.0,0.0,4.642e-09,1e-07,0.0
24537256.0,4995000000.0,5000000.0,5.0,0.0,0.1287,0.1287,0.1287,0.1287,0.063887,0.063887,0.00055581,0.063887,0.063887,6.3887e-07,0.00055581,6.3887e-07,0.0,0.0,0.0,0.0,4.642e-09,0.0,0.0,0.0,4.642e-09,0.0,0.0,0.0,0.0,4.642e-09,4.642e-09,0.0
24537884.0,4995000000.0,5000000.0,5.0,0.0,0.1287,0.1287,0.1287,0.1287,0.063887,0.063887,0.051109,0.063887,0.063887,0.0,0.051109,0.0,0.0,0.0,0.0,0.0,2.154e-10,0.0,0.0,0.0,1e-11,0.0,0.0,0.0,0.0,1e-11,2.154e-10,0.0
24537992.0,4995000000.0,5000000.0,5.0,0.0,0.1287,0.1287,0.1287,0.1287,0.063887,0.063887,0.051109,0.063887,0.063887,6.1098e-06,0.051109,6.1098e-06,0.0,0.0,0.0,0.0,4.642e-09,0.0,0.0,0.0,1e-07,0.0,0.0,0.0,0.0,1e-07,4.642e-09,0.0
24537759.0,4995000000.0,5000000.0,5.0,0.0,0.1287,0.1287,0.1287,0.1287,0.063887,0.063887,0.0053473,0.063887,0.063887,0.00055581,0.0053473,0.00055581,0.0,0.0,0.0,0.0,2.154e-06,0.0,0.0,0.0,2.154e-10,0.0,0.0,0.0,0.0,2.154e-10,2.154e-06,0.0
24537442.0,4995000000.0,5000000.0,5.0,0.0,0.1287,0.1287,0.1287,0.1287,0.063887,0.063887,0.00055581,0.063887,0.063887,0.0053473,0.00055581,0.0053473,0.0,0.0,0.0,0.0,1e-11,0.0,0.0,0.0,0.001,0.0,0.0,0.0,0.0,0.001,1e-11,0.0
24537954.0,4995000000.0,5000000.0,5.0,0.0,0.1287,0.1287,0.1287,0.1287,0.063887,0.063887,0.051109,0.063887,0.063887,6.3887e-07,0.051109,6.3887e-07,0.0,0.0,0.0,0.0,2.154e-06,0.0,0.0,0.0,1e-11,0.0,0.0,0.0,0.0,1e-11,2.154e-06,0.0
24537412.0,4995000000.0,5000000.0,5.0,0.0,0.1287,0.1287,0.1287,0.1287,0.063887,0.063887,0.00055581,0.063887,0.063887,0.00055581,0.00055581,0.00055581,0.0,0.0,0.0,0.0,1e-07,0.0,0.0,0.0,2.154e-06,0.0,0.0,0.0,0.0,2.154e-06,1e-07,0.0
24536678.0,4995000000.0,5000000.0,5.0,0.0,0.1287,0.1287,0.1287,0.1287,0.063887,0.063887,6.1098e-06,0.063887,0.063887,5.8431e-05,6.1098e-06,5.8431e-05,0.0,0.0,0.0,0.0,1e-07,0.0,0.0,0.0,4.642e-05,0.0,0.0,0.0,0.0,4.642e-05,1e-07,0.0
24538003.0,4995000000.0,5000000.0,5.0,0.0,0.1287,0.1287,0.1287,0.1287,0.063887,0.063887,0.051109,0.063887,0.063887,6.1098e-06,0.051109,6.1098e-06,0.0,0.0,0.0,0.0,2.154e-06,0.0,0.0,0.0,1e-11,0.0,0.0,0.0,0.0,1e-11,2.154e-06,0.0
24536293.0,4995000000.0,5000000.0,5.0,0.0,0.1287,0.1287,0.1287,0.1287,0.063887,0.063887,6.3887e-07,0.063887,0.063887,6.1098e-06,6.3887e-07,6.1098e-06,0.0,0.0,0.0,0.0,2.154e-06,0.0,0.0,0.0,4.642e-05,0.0,0.0,0.0,0.0,4.642e-05,2.154e-06,0.0
24536283.0,4995000000.0,5000000.0,5.0,0.0,0.1287,0.1287,0.1287,0.1287,0.063887,0.063887,6.3887e-07,0.063887,0.063887,6.1098e-06,6.3887e-07,6.1098e-06,0.0,0.0,0.0,0.0,1e-07,0.0,0.0,0.0,4.642e-09,0.0,0.0,0.0,0.0,4.642e-09,1e-07,0.0
24536689.0,4995000000.0,5000000.0,5.0,0.0,0.1287,0.1287,0.1287,0.1287,0.063887,0.063887,6.1098e-06,0.063887,0.063887,5.8431e-05,6.1098e-06,5.8431e-05,0.0,0.0,0.0,0.0,4.642e-05,0.0,0.0,0.0,4.642e-09,0.0,0.0,0.0,0.0,4.642e-09,4.642e-05,0.0
24537264.0,4995000000.0,5000000.0,5.0,0.0,0.1287,0.1287,0.1287,0.1287,0.063887,0.063887,0.00055581,0.063887,0.063887,6.3887e-07,0.00055581,6.3887e-07,0.0,0.0,0.0,0.0,1e-07,0.0,0.0,0.0,1e-07,0.0,0.0,0.0,0.0,1e-07,1e-07,0.0
24536287.0,4995000000.0,5000000.0,5.0,0.0,0.1287,0.1287,0.1287,0.1287,0.063887,0.063887,6.3887e-07,0.063887,0.063887,6.1098e-06,6.3887e-07,6.1098e-06,0.0,0.0,0.0,0.0,1e-07,0.0,0.0,0.0,0.001,0.0,0.0,0.0,0.0,0.001,1e-07,0.0
24538111.0,4995000000.0,5000000.0,5.0,0.0,0.1287,0.1287,0.1287,0.1287,0.063887,0.063887,0.051109,0.063887,0.063887,0.00055581,0.051109,0.00055581,0.0,0.0,0.0,0.0,4.642e-05,0.0,0.0,0.0,1e-07,0.0,0.0,0.0,0.0,1e-07,4.642e-05,0.0
24537512.0,4995000000.0,5000000.0,5.0,0.0,0.1287,0.1287,0.1287,0.1287,0.063887,0.063887,0.00055581,0.063887,0.063887,0.051109,0.00055581,0.051109,0.0,0.0,0.0,0.0,1e-07,0.0,0.0,0.0,0.001,0.0,0.0,0.0,0.0,0.001,1e-07,0.0
24537806.0,4995000000.0,5000000.0,5.0,0.0,0.1287,0.1287,0.1287,0.1287,0.063887,0.063887,0.0053473,0.063887,0.063887,0.0053473,0.0053473,0.0053473,0.0,0.0,0.0,0.0,1e-07,0.0,0.0,0.0,0.001,0.0,0.0,0.0,0.0,0.001,1e-07,0.0
24538207.0,4995000000.0,5000000.0,5.0,0.0,0.1287,0.1287,0.1287,0.1287,0.063887,0.063887,0.051109,0.063887,0.063887,0.051109,0.051109,0.051109,0.0,0.0,0.0,0.0,4.642e-05,0.0,0.0,0.0,2.154e-10,0.0,0.0,0.0,0.0,2.154e-10,4.642e-05,0.0
24535852.0,4995000000.0,5000000.0,5.0,0.0,0.1287,0.1287,0.1287,0.1287,0.063887,0.063887,0.0,0.063887,0.063887,0.0,0.0,0.0,0.0,0.0,0.0,0.0,2.154e-06,0.0,0.0,0.0,4.642e-05,0.0,0.0,0.0,0.0,4.642e-05,2.154e-06,0.0
24536047.0,4995000000.0,5000000.0,5.0,0.0,0.1287,0.1287,0.1287,0.1287,0.063887,0.063887,0.0,0.063887,0.063887,0.00055581,0.0,0.00055581,0.0,0.0,0.0,0.0,2.154e-06,0.0,0.0,0.0,2.154e-06,0.0,0.0,0.0,0.0,2.154e-06,2.154e-06,0.0
24536438.0,4995000000.0,5000000.0,5.0,0.0,0.1287,0.1287,0.1287,0.1287,0.063887,0.063887,6.3887e-07,0.063887,0.063887,0.0053473,6.3887e-07,0.0053473,0.0,0.0,0.0,0.0,2.154e-06,0.0,0.0,0.0,1e-07,0.0,0.0,0.0,0.0,1e-07,2.154e-06,0.0
24536472.0,4995000000.0,5000000.0,5.0,0.0,0.1287,0.1287,0.1287,0.1287,0.063887,0.063887,6.3887e-07,0.063887,0.063887,0.051109,6.3887e-07,0.051109,0.0,0.0,0.0,0.0,4.642e-09,0.0,0.0,0.0,4.642e-09,0.0,0.0,0.0,0.0,4.642e-09,4.642e-09,0.0
24538197.0,4995000000.0,5000000.0,5.0,0.0,0.1287,0.1287,0.1287,0.1287,0.063887,0.063887,0.051109,0.063887,0.063887,0.051109,0.051109,0.051109,0.0,0.0,0.0,0.0,1e-07,0.0,0.0,0.0,4.642e-05,0.0,0.0,0.0,0.0,4.642e-05,1e-07,0.0
24537387.0,4995000000.0,5000000.0,5.0,0.0,0.1287,0.1287,0.1287,0.1287,0.063887,0.063887,0.00055581,0.063887,0.063887,0.00055581,0.00055581,0.00055581,0.0,0.0,0.0,0.0,1e-11,0.0,0.0,0.0,1e-11,0.0,0.0,0.0,0.0,1e-11,1e-11,0.0
24537315.0,4995000000.0,5000000.0,5.0,0.0,0.1287,0.1287,0.1287,0.1287,0.063887,0.063887,0.00055581,0.063887,0.063887,6.1098e-06,0.00055581,6.1098e-06,0.0,0.0,0.0,0.0,1e-07,0.0,0.0,0.0,4.642e-05,0.0,0.0,0.0,0.0,4.642e-05,1e-07,0.0
24536748.0,4995000000.0,5000000.0,5.0,0.0,0.1287,0.1287,0.1287,0.1287,0.063887,0.063887,6.1098e-06,0.063887,0.063887,0.00055581,6.1098e-06,0.00055581,0.0,0.0,0.0,0.0,0.001,0.0,0.0,0.0,4.642e-05,0.0,0.0,0.0,0.0,4.642e-05,0.001,0.0
24537913.0,4995000000.0,5000000.0,5.0,0.0,0.1287,0.1287,0.1287,0.1287,0.063887,0.063887,0.051109,0.063887,0.063887,0.0,0.051109,0.0,0.0,0.0,0.0,0.0,4.642e-05,0.0,0.0,0.0,2.154e-10,0.0,0.0,0.0,0.0,2.154e-10,4.642e-05,0.0
24537344.0,4995000000.0,5000000.0,5.0,0.0,0.1287,0.1287,0.1287,0.1287,0.063887,0.063887,0.00055581,0.063887,0.063887,5.8431e-05,0.00055581,5.8431e-05,0.0,0.0,0.0,0.0,1e-11,0.0,0.0,0.0,0.001,0.0,0.0,0.0,0.0,0.001,1e-11,0.0
24538131.0,4995000000.0,5000000.0,5.0,0.0,0.1287,0.1287,0.1287,0.1287,0.063887,0.063887,0.051109,0.063887,0.063887,0.0053473,0.051109,0.0053473,0.0,0.0,0.0,0.0,2.154e-10,0.0,0.0,0.0,4.642e-09,0.0,0.0,0.0,0.0,4.642e-09,2.154e-10,0.0
24536982.0,4995000000.0,5000000.0,5.0,0.0,0.1287,0.1287,0.1287,0.1287,0.063887,0.063887,5.8431e-05,0.063887,0.063887,6.1098e-06,5.8431e-05,6.1098e-06,0.0,0.0,0.0,0.0,4.642e-05,0.0,0.0,0.0,2.154e-10,0.0,0.0,0.0,0.0,2.154e-10,4.642e-05,0.0
24537776.0,4995000000.0,5000000.0,5.0,0.0,0.1287,0.1287,0.1287,0.1287,0.063887,0.063887,0.0053473,0.063887,0.063887,0.00055581,0.0053473,0.00055581,0.0,0.0,0.0,0.0,0.001,0.0,0.0,0.0,2.154e-06,0.0,0.0,0.0,0.0,2.154e-06,0.001,0.0
24536390.0,4995000000.0,5000000.0,5.0,0.0,0.1287,0.1287,0.1287,0.1287,0.063887,0.063887,6.3887e-07,0.063887,0.063887,0.00055581,6.3887e-07,0.00055581,0.0,0.0,0.0,0.0,2.154e-06,0.0,0.0,0.0,2.154e-06,0.0,0.0,0.0,0.0,2.154e-06,2.154e-06,0.0
24537385.0,4995000000.0,5000000.0,5.0,0.0,0.1287,0.1287,0.1287,0.1287,0.063887,0.063887,0.00055581,0.063887,0.063887,5.8431e-05,0.00055581,5.8431e-05,0.0,0.0,0.0,0.0,0.001,0.0,0.0,0.0,4.642e-05,0.0,0.0,0.0,0.0,4.642e-05,0.001,0.0
24538160.0,4995000000.0,5000000.0,5.0,0.0,0.1287,0.1287,0.1287,0.1287,0.063887,0.063887,0.051109,0.063887,0.063887,0.0053473,0.051109,0.0053473,0.0,0.0,0.0,0.0,4.642e-05,0.0,0.0,0.0,1e-07,0.0,0.0,0.0,0.0,1e-07,4.642e-05,0.0
24536954.0,4995000000.0,5000000.0,5.0,0.0,0.1287,0.1287,0.1287,0.1287,0.063887,0.063887,5.8431e-05,0.063887,0.063887,6.1098e-06,5.8431e-05,6.1098e-06,0.0,0.0,0.0,0.0,2.154e-10,0.0,0.0,0.0,2.154e-10,0.0,0.0,0.0,0.0,2.154e-10,2.154e-10,0.0
24537657.0,4995000000.0,5000000.0,5.0,0.0,0.1287,0.1287,0.1287,0.1287,0.063887,0.063887,0.0053473,0.063887,0.063887,6.1098e-06,0.0053473,6.1098e-06,0.0,0.0,0.0,0.0,1e-07,0.0,0.0,0.0,2.154e-06,0.0,0.0,0.0,0.0,2.154e-06,1e-07,0.0
24536921.0,4995000000.0,5000000.0,5.0,0.0,0.1287,0.1287,0.1287,0.1287,0.063887,0.063887,5.8431e-05,0.063887,0.063887,6.3887e-07,5.8431e-05,6.3887e-07,0.0,0.0,0.0,0.0,1e-07,0.0,0.0,0.0,1e-07,0.0,0.0,0.0,0.0,1e-07,1e-07,0.0
24536280.0,4995000000.0,5000000.0,5.0,0.0,0.1287,0.1287,0.1287,0.1287,0.063887,0.063887,6.3887e-07,0.063887,0.063887,6.1098e-06,6.3887e-07,6.1098e-06,0.0,0.0,0.0,0.0,4.642e-09,0.0,0.0,0.0,0.001,0.0,0.0,0.0,0.0,0.001,4.642e-09,0.0
24537551.0,4995000000.0,5000000.0,5.0,0.0,0.1287,0.1287,0.1287,0.1287,0.063887,0.063887,0.0053473,0.063887,0.063887,0.0,0.0053473,0.0,0.0,0.0,0.0,0.0,4.642e-09,0.0,0.0,0.0,1e-07,0.0,0.0,0.0,0.0,1e-07,4.642e-09,0.0
24535952.0,4995000000.0,5000000.0,5.0,0.0,0.1287,0.1287,0.1287,0.1287,0.063887,0.063887,0.0,0.063887,0.063887,6.1098e-06,0.0,6.1098e-06,0.0,0.0,0.0,0.0,4.642e-05,0.0,0.0,0.0,1e-11,0.0,0.0,0.0,0.0,1e-11,4.642e-05,0.0
24537735.0,4995000000.0,5000000.0,5.0,0.0,0.1287,0.1287,0.1287,0.1287,0.063887,0.063887,0.0053473,0.063887,0.063887,0.00055581,0.0053473,0.00055581,0.0,0.0,0.0,0.0,1e-11,0.0,0.0,0.0,4.642e-05,0.0,0.0,0.0,0.0,4.642e-05,1e-11,0.0
24536372.0,4995000000.0,5000000.0,5.0,0.0,0.1287,0.1287,0.1287,0.1287,0.063887,0.063887,6.3887e-07,0.063887,0.063887,0.00055581,6.3887e-07,0.00055581,0.0,0.0,0.0,0.0,4.642e-09,0.0,0.0,0.0,1e-11,0.0,0.0,0.0,0.0,1e-11,4.642e-09,0.0
24536695.0,4995000000.0,5000000.0,5.0,0.0,0.1287,0.1287,0.1287,0.1287,0.063887,0.063887,6.1098e-06,0.063887,0.063887,5.8431e-05,6.1098e-06,5.8431e-05,0.0,0.0,0.0,0.0,0.001,0.0,0.0,0.0,2.154e-10,0.0,0.0,0.0,0.0,2.154e-10,0.001,0.0
24536389.0,4995000000.0,5000000.0,5.0,0.0,0.1287,0.1287,0.1287,0.1287,0.063887,0.063887,6.3887e-07,0.063887,0.063887,0.00055581,6.3887e-07,0.00055581,0.0,0.0,0.0,0.0,2.154e-06,0.0,0.0,0.0,1e-07,0.0,0.0,0.0,0.0,1e-07,2.154e-06,0.0
24536661.0,4995000000.0,5000000.0,5.0,0.0,0.1287,0.1287,0.1287,0.1287,0.063887,0.063887,6.1098e-06,0.063887,0.063887,5.8431e-05,6.1098e-06,5.8431e-05,0.0,0.0,0.0,0.0,2.154e-10,0.0,0.0,0.0,4.642e-09,0.0,0.0,0.0,0.0,4.642e-09,2.154e-10,0.0
24536802.0,4995000000.0,5000000.0,5.0,0.0,0.1287,0.1287,0.1287,0.1287,0.063887,0.063887,6.1098e-06,0.063887,0.063887,0.051109,6.1098e-06,0.051109,0.0,0.0,0.0,0.0,1e-11,0.0,0.0,0.0,1e-07,0.0,0.0,0.0,0.0,1e-07,1e-11,0.0
24535902.0,4995000000.0,5000000.0,5.0,0.0,0.1287,0.1287,0.1287,0.1287,0.063887,0.063887,0.0,0.063887,0.063887,6.3887e-07,0.0,6.3887e-07,0.0,0.0,0.0,0.0,2.154e-06,0.0,0.0,0.0,0.001,0.0,0.0,0.0,0.0,0.001,2.154e-06,0.0
24536964.0,4995000000.0,5000000.0,5.0,0.0,0.1287,0.1287,0.1287,0.1287,0.063887,0.063887,5.8431e-05,0.063887,0.063887,6.1098e-06,5.8431e-05,6.1098e-06,0.0,0.0,0.0,0.0,4.642e-09,0.0,0.0,0.0,2.154e-06,0.0,0.0,0.0,0.0,2.154e-06,4.642e-09,0.0
24536053.0,4995000000.0,5000000.0,5.0,0.0,0.1287,0.1287,0.1287,0.1287,0.063887,0.063887,0.0,0.063887,0.063887,0.00055581,0.0,0.00055581,0.0,0.0,0.0,0.0,4.642e-05,0.0,0.0,0.0,1e-07,0.0,0.0,0.0,0.0,1e-07,4.642e-05,0.0
24536636.0,4995000000.0,5000000.0,5.0,0.0,0.1287,0.1287,0.1287,0.1287,0.063887,0.063887,6.1098e-06,0.063887,0.063887,6.1098e-06,6.1098e-06,6.1098e-06,0.0,0.0,0.0,0.0,2.154e-06,0.0,0.0,0.0,4.642e-05,0.0,0.0,0.0,0.0,4.642e-05,2.154e-06,0.0
24536506.0,4995000000.0,5000000.0,5.0,0.0,0.1287,0.1287,0.1287,0.1287,0.063887,0.063887,6.1098e-06,0.063887,0.063887,0.0,6.1098e-06,0.0,0.0,0.0,0.0,0.0,1e-11,0.0,0.0,0.0,2.154e-10,0.0,0.0,0.0,0.0,2.154e-10,1e-11,0.0
24536342.0,4995000000.0,5000000.0,5.0,0.0,0.1287,0.1287,0.1287,0.1287,0.063887,0.063887,6.3887e-07,0.063887,0.063887,5.8431e-05,6.3887e-07,5.8431e-05,0.0,0.0,0.0,0.0,2.154e-06,0.0,0.0,0.0,4.642e-05,0.0,0.0,0.0,0.0,4.642e-05,2.154e-06,0.0
24536776.0,4995000000.0,5000000.0,5.0,0.0,0.1287,0.1287,0.1287,0.1287,0.063887,0.063887,6.1098e-06,0.063887,0.063887,0.0053473,6.1098e-06,0.0053473,0.0,0.0,0.0,0.0,1e-07,0.0,0.0,0.0,4.642e-05,0.0,0.0,0.0,0.0,4.642e-05,1e-07,0.0
24536907.0,4995000000.0,5000000.0,5.0,0.0,0.1287,0.1287,0.1287,0.1287,0.063887,0.063887,5.8431e-05,0.063887,0.063887,6.3887e-07,5.8431e-05,6.3887e-07,0.0,0.0,0.0,0.0,2.154e-10,0.0,0.0,0.0,1e-07,0.0,0.0,0.0,0.0,1e-07,2.154e-10,0.0
24536755.0,4995000000.0,5000000.0,5.0,0.0,0.1287,0.1287,0.1287,0.1287,0.063887,0.063887,6.1098e-06,0.063887,0.063887,0.0053473,6.1098e-06,0.0053473,0.0,0.0,0.0,0.0,1e-11,0.0,0.0,0.0,4.642e-05,0.0,0.0,0.0,0.0,4.642e-05,1e-11,0.0
24537728.0,4995000000.0,5000000.0,5.0,0.0,0.1287,0.1287,0.1287,0.1287,0.063887,0.063887,0.0053473,0.063887,0.063887,5.8431e-05,0.0053473,5.8431e-05,0.0,0.0,0.0,0.0,0.001,0.0,0.0,0.0,4.642e-05,0.0,0.0,0.0,0.0,4.642e-05,0.001,0.0
24537941.0,4995000000.0,5000000.0,5.0,0.0,0.1287,0.1287,0.1287,0.1287,0.063887,0.063887,0.051109,0.063887,0.063887,6.3887e-07,0.051109,6.3887e-07,0.0,0.0,0.0,0.0,4.642e-09,0.0,0.0,0.0,2.154e-10,0.0,0.0,0.0,0.0,2.154e-10,4.642e-09,0.0
24536632.0,4995000000.0,5000000.0,5.0,0.0,0.1287,0.1287,0.1287,0.1287,0.063887,0.063887,6.1098e-06,0.063887,0.063887,6.1098e-06,6.1098e-06,6.1098e-06,0.0,0.0,0.0,0.0,2.154e-06,0.0,0.0,0.0,2.154e-10,0.0,0.0,0.0,0.0,2.154e-10,2.154e-06,0.0
24536942.0,4995000000.0,5000000.0,5.0,0.0,0.1287,0.1287,0.1287,0.1287,0.063887,0.063887,5.8431e-05,0.063887,0.063887,6.3887e-07,5.8431e-05,6.3887e-07,0.0,0.0,0.0,0.0,0.001,0.0,0.0,0.0,1e-07,0.0,0.0,0.0,0.0,1e-07,0.001,0.0
24537886.0,4995000000.0,5000000.0,5.0,0.0,0.1287,0.1287,0.1287,0.1287,0.063887,0.063887,0.051109,0.063887,0.063887,0.0,0.051109,0.0,0.0,0.0,0.0,0.0,2.154e-10,0.0,0.0,0.0,4.642e-09,0.0,0.0,0.0,0.0,4.642e-09,2.154e-10,0.0
24535882.0,4995000000.0,5000000.0,5.0,0.0,0.1287,0.1287,0.1287,0.1287,0.063887,0.063887,0.0,0.063887,0.063887,6.3887e-07,0.0,6.3887e-07,0.0,0.0,0.0,0.0,4.642e-09,0.0,0.0,0.0,1e-11,0.0,0.0,0.0,0.0,1e-11,4.642e-09,0.0
24536419.0,4995000000.0,5000000.0,5.0,0.0,0.1287,0.1287,0.1287,0.1287,0.063887,0.063887,6.3887e-07,0.063887,0.063887,0.0053473,6.3887e-07,0.0053473,0.0,0.0,0.0,0.0,2.154e-10,0.0,0.0,0.0,4.642e-05,0.0,0.0,0.0,0.0,4.642e-05,2.154e-10,0.0
24537577.0,4995000000.0,5000000.0,5.0,0.0,0.1287,0.1287,0.1287,0.1287,0.063887,0.063887,0.0053473,0.063887,0.063887,0.0,0.0053473,0.0,0.0,0.0,0.0,0.0,0.001,0.0,0.0,0.0,2.154e-10,0.0,0.0,0.0,0.0,2.154e-10,0.001,0.0
24535917.0,4995000000.0,5000000.0,5.0,0.0,0.1287,0.1287,0.1287,0.1287,0.063887,0.063887,0.0,0.063887,0.063887,6.1098e-06,0.0,6.1098e-06,0.0,0.0,0.0,0.0,1e-11,0.0,0.0,0.0,1e-11,0.0,0.0,0.0,0.0,1e-11,1e-11,0.0
24538210.0,4995000000.0,5000000.0,5.0,0.0,0.1287,0.1287,0.1287,0.1287,0.063887,0.063887,0.051109,0.063887,0.063887,0.051109,0.051109,0.051109,0.0,0.0,0.0,0.0,4.642e-05,0.0,0.0,0.0,2.154e-06,0.0,0.0,0.0,0.0,2.154e-06,4.642e-05,0.0
24536296.0,4995000000.0,5000000.0,5.0,0.0,0.1287,0.1287,0.1287,0.1287,0.063887,0.063887,6.3887e-07,0.063887,0.063887,6.1098e-06,6.3887e-07,6.1098e-06,0.0,0.0,0.0,0.0,4.642e-05,0.0,0.0,0.0,2.154e-10,0.0,0.0,0.0,0.0,2.154e-10,4.642e-05,0.0
24537691.0,4995000000.0,5000000.0,5.0,0.0,0.1287,0.1287,0.1287,0.1287,0.063887,0.063887,0.0053473,0.063887,0.063887,5.8431e-05,0.0053473,5.8431e-05,0.0,0.0,0.0,0.0,2.154e-10,0.0,0.0,0.0,1e-07,0.0,0.0,0.0,0.0,1e-07,2.154e-10,0.0
24537760.0,4995000000.0,5000000.0,5.0,0.0,0.1287,0.1287,0.1287,0.1287,0.063887,0.063887,0.0053473,0.063887,0.063887,0.00055581,0.0053473,0.00055581,0.0,0.0,0.0,0.0,2.154e-06,0.0,0.0,0.0,4.642e-09,0.0,0.0,0.0,0.0,4.642e-09,2.154e-06,0.0
24536074.0,4995000000.0,5000000.0,5.0,0.0,0.1287,0.1287,0.1287,0.1287,0.063887,0.063887,0.0,0.063887,0.063887,0.0053473,0.0,0.0053473,0.0,0.0,0.0,0.0,2.154e-10,0.0,0.0,0.0,1e-07,0.0,0.0,0.0,0.0,1e-07,2.154e-10,0.0
24538057.0,4995000000.0,5000000.0,5.0,0.0,0.1287,0.1287,0.1287,0.1287,0.063887,0.063887,0.051109,0.063887,0.063887,5.8431e-05,0.051109,5.8431e-05,0.0,0.0,0.0,0.0,2.154e-06,0.0,0.0,0.0,4.642e-05,0.0,0.0,0.0,0.0,4.642e-05,2.154e-06,0.0
24535900.0,4995000000.0,5000000.0,5.0,0.0,0.1287,0.1287,0.1287,0.1287,0.063887,0.063887,0.0,0.063887,0.063887,6.3887e-07,0.0,6.3887e-07,0.0,0.0,0.0,0.0,2.154e-06,0.0,0.0,0.0,2.154e-06,0.0,0.0,0.0,0.0,2.154e-06,2.154e-06,0.0
24537704.0,4995000000.0,5000000.0,5.0,0.0,0.1287,0.1287,0.1287,0.1287,0.063887,0.063887,0.0053473,0.063887,0.063887,5.8431e-05,0.0053473,5.8431e-05,0.0,0.0,0.0,0.0,1e-07,0.0,0.0,0.0,4.642e-09,0.0,0.0,0.0,0.0,4.642e-09,1e-07,0.0
24535971.0,4995000000.0,5000000.0,5.0,0.0,0.1287,0.1287,0.1287,0.1287,0.063887,0.063887,0.0,0.063887,0.063887,5.8431e-05,0.0,5.8431e-05,0.0,0.0,0.0,0.0,1e-11,0.0,0.0,0.0,4.642e-05,0.0,0.0,0.0,0.0,4.642e-05,1e-11,0.0
24536240.0,4995000000.0,5000000.0,5.0,0.0,0.1287,0.1287,0.1287,0.1287,0.063887,0.063887,6.3887e-07,0.063887,0.063887,6.3887e-07,6.3887e-07,6.3887e-07,0.0,0.0,0.0,0.0,2.154e-06,0.0,0.0,0.0,2.154e-10,0.0,0.0,0.0,0.0,2.154e-10,2.154e-06,0.0
24538087.0,4995000000.0,5000000.0,5.0,0.0,0.1287,0.1287,0.1287,0.1287,0.063887,0.063887,0.051109,0.063887,0.063887,0.00055581,0.051109,0.00055581,0.0,0.0,0.0,0.0,4.642e-09,0.0,0.0,0.0,1e-11,0.0,0.0,0.0,0.0,1e-11,4.642e-09,0.0
24536817.0,4995000000.0,5000000.0,5.0,0.0,0.1287,0.1287,0.1287,0.1287,0.063887,0.063887,6.1098e-06,0.063887,0.063887,0.051109,6.1098e-06,0.051109,0.0,0.0,0.0,0.0,4.642e-09,0.0,0.0,0.0,2.154e-06,0.0,0.0,0.0,0.0,2.154e-06,4.642e-09,0.0
24538051.0,4995000000.0,5000000.0,5.0,0.0,0.1287,0.1287,0.1287,0.1287,0.063887,0.063887,0.051109,0.063887,0.063887,5.8431e-05,0.051109,5.8431e-05,0.0,0.0,0.0,0.0,1e-07,0.0,0.0,0.0,0.001,0.0,0.0,0.0,0.0,0.001,1e-07,0.0
24538012.0,4995000000.0,5000000.0,5.0,0.0,0.1287,0.1287,0.1287,0.1287,0.063887,0.063887,0.051109,0.063887,0.063887,6.1098e-06,0.051109,6.1098e-06,0.0,0.0,0.0,0.0,4.642e-05,0.0,0.0,0.0,4.642e-09,0.0,0.0,0.0,0.0,4.642e-09,4.642e-05,0.0
24537121.0,4995000000.0,5000000.0,5.0,0.0,0.1287,0.1287,0.1287,0.1287,0.063887,0.063887,5.8431e-05,0.063887,0.063887,0.0053473,5.8431e-05,0.0053473,0.0,0.0,0.0,0.0,2.154e-06,0.0,0.0,0.0,1e-11,0.0,0.0,0.0,0.0,1e-11,2.154e-06,0.0
24536839.0,4995000000.0,5000000.0,5.0,0.0,0.1287,0.1287,0.1287,0.1287,0.063887,0.063887,6.1098e-06,0.063887,0.063887,0.051109,6.1098e-06,0.051109,0.0,0.0,0.0,0.0,4.642e-05,0.0,0.0,0.0,4.642e-05,0.0,0.0,0.0,0.0,4.642e-05,4.642e-05,0.0
24537228.0,4995000000.0,5000000.0,5.0,0.0,0.1287,0.1287,0.1287,0.1287,0.063887,0.063887,0.00055581,0.063887,0.063887,0.0,0.00055581,0.0,0.0,0.0,0.0,0.0,4.642e-05,0.0,0.0,0.0,4.642e-09,0.0,0.0,0.0,0.0,4.642e-09,4.642e-05,0.0
24538019.0,4995000000.0,5000000.0,5.0,0.0,0.1287,0.1287,0.1287,0.1287,0.063887,0.063887,0.051109,0.063887,0.063887,6.1098e-06,0.051109,6.1098e-06,0.0,0.0,0.0,0.0,0.001,0.0,0.0,0.0,4.642e-09,0.0,0.0,0.0,0.0,4.642e-09,0.001,0.0
24537785.0,4995000000.0,5000000.0,5.0,0.0,0.1287,0.1287,0.1287,0.1287,0.063887,0.063887,0.0053473,0.063887,0.063887,0.0053473,0.0053473,0.0053473,0.0,0.0,0.0,0.0,1e-11,0.0,0.0,0.0,0.001,0.0,0.0,0.0,0.0,0.001,1e-11,0.0
24535866.0,4995000000.0,5000000.0,5.0,0.0,0.1287,0.1287,0.1287,0.1287,0.063887,0.063887,0.0,0.063887,0.063887,0.0,0.0,0.0,0.0,0.0,0.0,0.0,0.001,0.0,0.0,0.0,4.642e-05,0.0,0.0,0.0,0.0,4.642e-05,0.001,0.0
24537500.0,4995000000.0,5000000.0,5.0,0.0,0.1287,0.1287,0.1287,0.1287,0.063887,0.063887,0.00055581,0.063887,0.063887,0.051109,0.00055581,0.051109,0.0,0.0,0.0,0.0,4.642e-09,0.0,0.0,0.0,2.154e-10,0.0,0.0,0.0,0.0,2.154e-10,4.642e-09,0.0
24537203.0,4995000000.0,5000000.0,5.0,0.0,0.1287,0.1287,0.1287,0.1287,0.063887,0.063887,0.00055581,0.063887,0.063887,0.0,0.00055581,0.0,0.0,0.0,0.0,0.0,2.154e-10,0.0,0.0,0.0,4.642e-05,0.0,0.0,0.0,0.0,4.642e-05,2.154e-10,0.0
24536870.0,4995000000.0,5000000.0,5.0,0.0,0.1287,0.1287,0.1287,0.1287,0.063887,0.063887,5.8431e-05,0.063887,0.063887,0.0,5.8431e-05,0.0,0.0,0.0,0.0,0.0,1e-07,0.0,0.0,0.0,2.154e-10,0.0,0.0,0.0,0.0,2.154e-10,1e-07,0.0
24536077.0,4995000000.0,5000000.0,5.0,0.0,0.1287,0.1287,0.1287,0.1287,0.063887,0.063887,0.0,0.063887,0.063887,0.0053473,0.0,0.0053473,0.0,0.0,0.0,0.0,2.154e-10,0.0,0.0,0.0,0.001,0.0,0.0,0.0,0.0,0.001,2.154e-10,0.0
24537386.0,4995000000.0,5000000.0,5.0,0.0,0.1287,0.1287,0.1287,0.1287,0.063887,0.063887,0.00055581,0.063887,0.063887,5.8431e-05,0.00055581,5.8431e-05,0.0,0.0,0.0,0.0,0.001,0.0,0.0,0.0,0.001,0.0,0.0,0.0,0.0,0.001,0.001,0.0
24537583.0,4995000000.0,5000000.0,5.0,0.0,0.1287,0.1287,0.1287,0.1287,0.063887,0.063887,0.0053473,0.063887,0.063887,6.3887e-07,0.0053473,6.3887e-07,0.0,0.0,0.0,0.0,1e-11,0.0,0.0,0.0,1e-11,0.0,0.0,0.0,0.0,1e-11,1e-11,0.0
24538009.0,4995000000.0,5000000.0,5.0,0.0,0.1287,0.1287,0.1287,0.1287,0.063887,0.063887,0.051109,0.063887,0.063887,6.1098e-06,0.051109,6.1098e-06,0.0,0.0,0.0,0.0,2.154e-06,0.0,0.0,0.0,0.001,0.0,0.0,0.0,0.0,0.001,2.154e-06,0.0
24537073.0,4995000000.0,5000000.0,5.0,0.0,0.1287,0.1287,0.1287,0.1287,0.063887,0.063887,5.8431e-05,0.063887,0.063887,0.00055581,5.8431e-05,0.00055581,0.0,0.0,0.0,0.0,2.154e-06,0.0,0.0,0.0,2.154e-10,0.0,0.0,0.0,0.0,2.154e-10,2.154e-06,0.0
24537808.0,4995000000.0,5000000.0,5.0,0.0,0.1287,0.1287,0.1287,0.1287,0.063887,0.063887,0.0053473,0.063887,0.063887,0.0053473,0.0053473,0.0053473,0.0,0.0,0.0,0.0,2.154e-06,0.0,0.0,0.0,2.154e-10,0.0,0.0,0.0,0.0,2.154e-10,2.154e-06,0.0
24536952.0,4995000000.0,5000000.0,5.0,0.0,0.1287,0.1287,0.1287,0.1287,0.063887,0.063887,5.8431e-05,0.063887,0.063887,6.1098e-06,5.8431e-05,6.1098e-06,0.0,0.0,0.0,0.0,1e-11,0.0,0.0,0.0,0.001,0.0,0.0,0.0,0.0,0.001,1e-11,0.0
24536302.0,4995000000.0,5000000.0,5.0,0.0,0.1287,0.1287,0.1287,0.1287,0.063887,0.063887,6.3887e-07,0.063887,0.063887,6.1098e-06,6.3887e-07,6.1098e-06,0.0,0.0,0.0,0.0,0.001,0.0,0.0,0.0,1e-11,0.0,0.0,0.0,0.0,1e-11,0.001,0.0
24537514.0,4995000000.0,5000000.0,5.0,0.0,0.1287,0.1287,0.1287,0.1287,0.063887,0.063887,0.00055581,0.063887,0.063887,0.051109,0.00055581,0.051109,0.0,0.0,0.0,0.0,2.154e-06,0.0,0.0,0.0,2.154e-10,0.0,0.0,0.0,0.0,2.154e-10,2.154e-06,0.0
24537591.0,4995000000.0,5000000.0,5.0,0.0,0.1287,0.1287,0.1287,0.1287,0.063887,0.063887,0.0053473,0.063887,0.063887,6.3887e-07,0.0053473,6.3887e-07,0.0,0.0,0.0,0.0,2.154e-10,0.0,0.0,0.0,2.154e-10,0.0,0.0,0.0,0.0,2.154e-10,2.154e-10,0.0
24537292.0,4995000000.0,5000000.0,5.0,0.0,0.1287,0.1287,0.1287,0.1287,0.063887,0.063887,0.00055581,0.063887,0.063887,6.1098e-06,0.00055581,6.1098e-06,0.0,0.0,0.0,0.0,1e-11,0.0,0.0,0.0,1e-07,0.0,0.0,0.0,0.0,1e-07,1e-11,0.0
24536893.0,4995000000.0,5000000.0,5.0,0.0,0.1287,0.1287,0.1287,0.1287,0.063887,0.063887,5.8431e-05,0.063887,0.063887,0.0,5.8431e-05,0.0,0.0,0.0,0.0,0.0,0.001,0.0,0.0,0.0,1e-07,0.0,0.0,0.0,0.0,1e-07,0.001,0.0
24537363.0,4995000000.0,5000000.0,5.0,0.0,0.1287,0.1287,0.1287,0.1287,0.063887,0.063887,0.00055581,0.063887,0.063887,5.8431e-05,0.00055581,5.8431e-05,0.0,0.0,0.0,0.0,1e-07,0.0,0.0,0.0,2.154e-06,0.0,0.0,0.0,0.0,2.154e-06,1e-07,0.0
24537311.0,4995000000.0,5000000.0,5.0,0.0,0.1287,0.1287,0.1287,0.1287,0.063887,0.063887,0.00055581,0.063887,0.063887,6.1098e-06,0.00055581,6.1098e-06,0.0,0.0,0.0,0.0,1e-07,0.0,0.0,0.0,2.154e-10,0.0,0.0,0.0,0.0,2.154e-10,1e-07,0.0
24537392.0,4995000000.0,5000000.0,5.0,0.0,0.1287,0.1287,0.1287,0.1287,0.063887,0.063887,0.00055581,0.063887,0.063887,0.00055581,0.00055581,0.00055581,0.0,0.0,0.0,0.0,1e-11,0.0,0.0,0.0,4.642e-05,0.0,0.0,0.0,0.0,4.642e-05,1e-11,0.0
24536150.0,4995000000.0,5000000.0,5.0,0.0,0.1287,0.1287,0.1287,0.1287,0.063887,0.063887,0.0,0.063887,0.063887,0.051109,0.0,0.051109,0.0,0.0,0.0,0.0,4.642e-05,0.0,0.0,0.0,4.642e-09,0.0,0.0,0.0,0.0,4.642e-09,4.642e-05,0.0
24536991.0,4995000000.0,5000000.0,5.0,0.0,0.1287,0.1287,0.1287,0.1287,0.063887,0.063887,5.8431e-05,0.063887,0.063887,6.1098e-06,5.8431e-05,6.1098e-06,0.0,0.0,0.0,0.0,0.001,0.0,0.0,0.0,1e-07,0.0,0.0,0.0,0.0,1e-07,0.001,0.0
24538114.0,4995000000.0,5000000.0,5.0,0.0,0.1287,0.1287,0.1287,0.1287,0.063887,0.063887,0.051109,0.063887,0.063887,0.00055581,0.051109,0.00055581,0.0,0.0,0.0,0.0,4.642e-05,0.0,0.0,0.0,0.001,0.0,0.0,0.0,0.0,0.001,4.642e-05,0.0
24537181.0,4995000000.0,5000000.0,5.0,0.0,0.1287,0.1287,0.1287,0.1287,0.063887,0.063887,5.8431e-05,0.063887,0.063887,0.051109,5.8431e-05,0.051109,0.0,0.0,0.0,0.0,4.642e-05,0.0,0.0,0.0,2.154e-06,0.0,0.0,0.0,0.0,2.154e-06,4.642e-05,0.0
24537021.0,4995000000.0,5000000.0,5.0,0.0,0.1287,0.1287,0.1287,0.1287,0.063887,0.063887,5.8431e-05,0.063887,0.063887,5.8431e-05,5.8431e-05,5.8431e-05,0.0,0.0,0.0,0.0,1e-07,0.0,0.0,0.0,4.642e-05,0.0,0.0,0.0,0.0,4.642e-05,1e-07,0.0
24537027.0,4995000000.0,5000000.0,5.0,0.0,0.1287,0.1287,0.1287,0.1287,0.063887,0.063887,5.8431e-05,0.063887,0.063887,5.8431e-05,5.8431e-05,5.8431e-05,0.0,0.0,0.0,0.0,2.154e-06,0.0,0.0,0.0,2.154e-06,0.0,0.0,0.0,0.0,2.154e-06,2.154e-06,0.0
24538045.0,4995000000.0,5000000.0,5.0,0.0,0.1287,0.1287,0.1287,0.1287,0.063887,0.063887,0.051109,0.063887,0.063887,5.8431e-05,0.051109,5.8431e-05,0.0,0.0,0.0,0.0,1e-07,0.0,0.0,0.0,1e-11,0.0,0.0,0.0,0.0,1e-11,1e-07,0.0
24537048.0,4995000000.0,5000000.0,5.0,0.0,0.1287,0.1287,0.1287,0.1287,0.063887,0.063887,5.8431e-05,0.063887,0.063887,0.00055581,5.8431e-05,0.00055581,0.0,0.0,0.0,0.0,1e-11,0.0,0.0,0.0,2.154e-06,0.0,0.0,0.0,0.0,2.154e-06,1e-11,0.0
24536312.0,4995000000.0,5000000.0,5.0,0.0,0.1287,0.1287,0.1287,0.1287,0.063887,0.063887,6.3887e-07,0.063887,0.063887,5.8431e-05,6.3887e-07,5.8431e-05,0.0,0.0,0.0,0.0,1e-11,0.0,0.0,0.0,1e-07,0.0,0.0,0.0,0.0,1e-07,1e-11,0.0
24538179.0,4995000000.0,5000000.0,5.0,0.0,0.1287,0.1287,0.1287,0.1287,0.063887,0.063887,0.051109,0.063887,0.063887,0.051109,0.051109,0.051109,0.0,0.0,0.0,0.0,2.154e-10,0.0,0.0,0.0,2.154e-10,0.0,0.0,0.0,0.0,2.154e-10,2.154e-10,0.0
24537406.0,4995000000.0,5000000.0,5.0,0.0,0.1287,0.1287,0.1287,0.1287,0.063887,0.063887,0.00055581,0.063887,0.063887,0.00055581,0.00055581,0.00055581,0.0,0.0,0.0,0.0,4.642e-09,0.0,0.0,0.0,4.642e-05,0.0,0.0,0.0,0.0,4.642e-05,4.642e-09,0.0
24537912.0,4995000000.0,5000000.0,5.0,0.0,0.1287,0.1287,0.1287,0.1287,0.063887,0.063887,0.051109,0.063887,0.063887,0.0,0.051109,0.0,0.0,0.0,0.0,0.0,4.642e-05,0.0,0.0,0.0,1e-11,0.0,0.0,0.0,0.0,1e-11,4.642e-05,0.0
24536705.0,4995000000.0,5000000.0,5.0,0.0,0.1287,0.1287,0.1287,0.1287,0.063887,0.063887,6.1098e-06,0.063887,0.063887,0.00055581,6.1098e-06,0.00055581,0.0,0.0,0.0,0.0,1e-11,0.0,0.0,0.0,2.154e-06,0.0,0.0,0.0,0.0,2.154e-06,1e-11,0.0
24537568.0,4995000000.0,5000000.0,5.0,0.0,0.1287,0.1287,0.1287,0.1287,0.063887,0.063887,0.0053473,0.063887,0.063887,0.0,0.0053473,0.0,0.0,0.0,0.0,0.0,2.154e-06,0.0,0.0,0.0,0.001,0.0,0.0,0.0,0.0,0.001,2.154e-06,0.0
24537141.0,4995000000.0,5000000.0,5.0,0.0,0.1287,0.1287,0.1287,0.1287,0.063887,0.063887,5.8431e-05,0.063887,0.063887,0.0053473,5.8431e-05,0.0053473,0.0,0.0,0.0,0.0,0.001,0.0,0.0,0.0,0.001,0.0,0.0,0.0,0.0,0.001,0.001,0.0
24536292.0,4995000000.0,5000000.0,5.0,0.0,0.1287,0.1287,0.1287,0.1287,0.063887,0.063887,6.3887e-07,0.063887,0.063887,6.1098e-06,6.3887e-07,6.1098e-06,0.0,0.0,0.0,0.0,2.154e-06,0.0,0.0,0.0,2.154e-06,0.0,0.0,0.0,0.0,2.154e-06,2.154e-06,0.0
24536363.0,4995000000.0,5000000.0,5.0,0.0,0.1287,0.1287,0.1287,0.1287,0.063887,0.063887,6.3887e-07,0.063887,0.063887,0.00055581,6.3887e-07,0.00055581,0.0,0.0,0.0,0.0,1e-11,0.0,0.0,0.0,4.642e-05,0.0,0.0,0.0,0.0,4.642e-05,1e-11,0.0
24538162.0,4995000000.0,5000000.0,5.0,0.0,0.1287,0.1287,0.1287,0.1287,0.063887,0.063887,0.051109,0.063887,0.063887,0.0053473,0.051109,0.0053473,0.0,0.0,0.0,0.0,4.642e-05,0.0,0.0,0.0,4.642e-05,0.0,0.0,0.0,0.0,4.642e-05,4.642e-05,0.0
24537277.0,4995000000.0,5000000.0,5.0,0.0,0.1287,0.1287,0.1287,0.1287,0.063887,0.063887,0.00055581,0.063887,0.063887,6.3887e-07,0.00055581,6.3887e-07,0.0,0.0,0.0,0.0,4.642e-05,0.0,0.0,0.0,4.642e-09,0.0,0.0,0.0,0.0,4.642e-09,4.642e-05,0.0
24538036.0,4995000000.0,5000000.0,5.0,0.0,0.1287,0.1287,0.1287,0.1287,0.063887,0.063887,0.051109,0.063887,0.063887,5.8431e-05,0.051109,5.8431e-05,0.0,0.0,0.0,0.0,2.154e-10,0.0,0.0,0.0,4.642e-05,0.0,0.0,0.0,0.0,4.642e-05,2.154e-10,0.0
24536408.0,4995000000.0,5000000.0,5.0,0.0,0.1287,0.1287,0.1287,0.1287,0.063887,0.063887,6.3887e-07,0.063887,0.063887,0.0053473,6.3887e-07,0.0053473,0.0,0.0,0.0,0.0,1e-11,0.0,0.0,0.0,2.154e-10,0.0,0.0,0.0,0.0,2.154e-10,1e-11,0.0
24536324.0,4995000000.0,5000000.0,5.0,0.0,0.1287,0.1287,0.1287,0.1287,0.063887,0.063887,6.3887e-07,0.063887,0.063887,5.8431e-05,6.3887e-07,5.8431e-05,0.0,0.0,0.0,0.0,4.642e-09,0.0,0.0,0.0,2.154e-10,0.0,0.0,0.0,0.0,2.154e-10,4.642e-09,0.0
24536715.0,4995000000.0,5000000.0,5.0,0.0,0.1287,0.1287,0.1287,0.1287,0.063887,0.063887,6.1098e-06,0.063887,0.063887,0.00055581,6.1098e-06,0.00055581,0.0,0.0,0.0,0.0,4.642e-09,0.0,0.0,0.0,1e-11,0.0,0.0,0.0,0.0,1e-11,4.642e-09,0.0
24537662.0,4995000000.0,5000000.0,5.0,0.0,0.1287,0.1287,0.1287,0.1287,0.063887,0.063887,0.0053473,0.063887,0.063887,6.1098e-06,0.0053473,6.1098e-06,0.0,0.0,0.0,0.0,2.154e-06,0.0,0.0,0.0,4.642e-09,0.0,0.0,0.0,0.0,4.642e-09,2.154e-06,0.0
24537699.0,4995000000.0,5000000.0,5.0,0.0,0.1287,0.1287,0.1287,0.1287,0.063887,0.063887,0.0053473,0.063887,0.063887,5.8431e-05,0.0053473,5.8431e-05,0.0,0.0,0.0,0.0,4.642e-09,0.0,0.0,0.0,2.154e-06,0.0,0.0,0.0,0.0,2.154e-06,4.642e-09,0.0
24538106.0,4995000000.0,5000000.0,5.0,0.0,0.1287,0.1287,0.1287,0.1287,0.063887,0.063887,0.051109,0.063887,0.063887,0.00055581,0.051109,0.00055581,0.0,0.0,0.0,0.0,2.154e-06,0.0,0.0,0.0,4.642e-05,0.0,0.0,0.0,0.0,4.642e-05,2.154e-06,0.0
24537253.0,4995000000.0,5000000.0,5.0,0.0,0.1287,0.1287,0.1287,0.1287,0.063887,0.063887,0.00055581,0.063887,0.063887,6.3887e-07,0.00055581,6.3887e-07,0.0,0.0,0.0,0.0,2.154e-10,0.0,0.0,0.0,0.001,0.0,0.0,0.0,0.0,0.001,2.154e-10,0.0
24537032.0,4995000000.0,5000000.0,5.0,0.0,0.1287,0.1287,0.1287,0.1287,0.063887,0.063887,5.8431e-05,0.063887,0.063887,5.8431e-05,5.8431e-05,5.8431e-05,0.0,0.0,0.0,0.0,4.642e-05,0.0,0.0,0.0,4.642e-09,0.0,0.0,0.0,0.0,4.642e-09,4.642e-05,0.0
24537130.0,4995000000.0,5000000.0,5.0,0.0,0.1287,0.1287,0.1287,0.1287,0.063887,0.063887,5.8431e-05,0.063887,0.063887,0.0053473,5.8431e-05,0.0053473,0.0,0.0,0.0,0.0,4.642e-05,0.0,0.0,0.0,4.642e-09,0.0,0.0,0.0,0.0,4.642e-09,4.642e-05,0.0
24538199.0,4995000000.0,5000000.0,5.0,0.0,0.1287,0.1287,0.1287,0.1287,0.063887,0.063887,0.051109,0.063887,0.063887,0.051109,0.051109,0.051109,0.0,0.0,0.0,0.0,2.154e-06,0.0,0.0,0.0,1e-11,0.0,0.0,0.0,0.0,1e-11,2.154e-06,0.0
24537188.0,4995000000.0,5000000.0,5.0,0.0,0.1287,0.1287,0.1287,0.1287,0.063887,0.063887,5.8431e-05,0.063887,0.063887,0.051109,5.8431e-05,0.051109,0.0,0.0,0.0,0.0,0.001,0.0,0.0,0.0,2.154e-06,0.0,0.0,0.0,0.0,2.154e-06,0.001,0.0
24537383.0,4995000000.0,5000000.0,5.0,0.0,0.1287,0.1287,0.1287,0.1287,0.063887,0.063887,0.00055581,0.063887,0.063887,5.8431e-05,0.00055581,5.8431e-05,0.0,0.0,0.0,0.0,0.001,0.0,0.0,0.0,1e-07,0.0,0.0,0.0,0.0,1e-07,0.001,0.0
24536228.0,4995000000.0,5000000.0,5.0,0.0,0.1287,0.1287,0.1287,0.1287,0.063887,0.063887,6.3887e-07,0.063887,0.063887,6.3887e-07,6.3887e-07,6.3887e-07,0.0,0.0,0.0,0.0,4.642e-09,0.0,0.0,0.0,1e-07,0.0,0.0,0.0,0.0,1e-07,4.642e-09,0.0
24535820.0,4995000000.0,5000000.0,5.0,0.0,0.1287,0.1287,0.1287,0.1287,0.063887,0.063887,0.0,0.063887,0.063887,0.0,0.0,0.0,0.0,0.0,0.0,0.0,1e-11,0.0,0.0,0.0,2.154e-10,0.0,0.0,0.0,0.0,2.154e-10,1e-11,0.0
24537496.0,4995000000.0,5000000.0,5.0,0.0,0.1287,0.1287,0.1287,0.1287,0.063887,0.063887,0.00055581,0.063887,0.063887,0.051109,0.00055581,0.051109,0.0,0.0,0.0,0.0,2.154e-10,0.0,0.0,0.0,2.154e-06,0.0,0.0,0.0,0.0,2.154e-06,2.154e-10,0.0
24535977.0,4995000000.0,5000000.0,5.0,0.0,0.1287,0.1287,0.1287,0.1287,0.063887,0.063887,0.0,0.063887,0.063887,5.8431e-05,0.0,5.8431e-05,0.0,0.0,0.0,0.0,2.154e-10,0.0,0.0,0.0,2.154e-06,0.0,0.0,0.0,0.0,2.154e-06,2.154e-10,0.0
24536988.0,4995000000.0,5000000.0,5.0,0.0,0.1287,0.1287,0.1287,0.1287,0.063887,0.063887,5.8431e-05,0.063887,0.063887,6.1098e-06,5.8431e-05,6.1098e-06,0.0,0.0,0.0,0.0,0.001,0.0,0.0,0.0,1e-11,0.0,0.0,0.0,0.0,1e-11,0.001,0.0
24537319.0,4995000000.0,5000000.0,5.0,0.0,0.1287,0.1287,0.1287,0.1287,0.063887,0.063887,0.00055581,0.063887,0.063887,6.1098e-06,0.00055581,6.1098e-06,0.0,0.0,0.0,0.0,2.154e-06,0.0,0.0,0.0,4.642e-09,0.0,0.0,0.0,0.0,4.642e-09,2.154e-06,0.0
24537298.0,4995000000.0,5000000.0,5.0,0.0,0.1287,0.1287,0.1287,0.1287,0.063887,0.063887,0.00055581,0.063887,0.063887,6.1098e-06,0.00055581,6.1098e-06,0.0,0.0,0.0,0.0,2.154e-10,0.0,0.0,0.0,4.642e-09,0.0,0.0,0.0,0.0,4.642e-09,2.154e-10,0.0
24536697.0,4995000000.0,5000000.0,5.0,0.0,0.1287,0.1287,0.1287,0.1287,0.063887,0.063887,6.1098e-06,0.063887,0.063887,5.8431e-05,6.1098e-06,5.8431e-05,0.0,0.0,0.0,0.0,0.001,0.0,0.0,0.0,1e-07,0.0,0.0,0.0,0.0,1e-07,0.001,0.0
24537856.0,4995000000.0,5000000.0,5.0,0.0,0.1287,0.1287,0.1287,0.1287,0.063887,0.063887,0.0053473,0.063887,0.063887,0.051109,0.0053473,0.051109,0.0,0.0,0.0,0.0,2.154e-06,0.0,0.0,0.0,1e-11,0.0,0.0,0.0,0.0,1e-11,2.154e-06,0.0
24537707.0,4995000000.0,5000000.0,5.0,0.0,0.1287,0.1287,0.1287,0.1287,0.063887,0.063887,0.0053473,0.063887,0.063887,5.8431e-05,0.0053473,5.8431e-05,0.0,0.0,0.0,0.0,1e-07,0.0,0.0,0.0,4.642e-05,0.0,0.0,0.0,0.0,4.642e-05,1e-07,0.0
24536730.0,4995000000.0,5000000.0,5.0,0.0,0.1287,0.1287,0.1287,0.1287,0.063887,0.063887,6.1098e-06,0.063887,0.063887,0.00055581,6.1098e-06,0.00055581,0.0,0.0,0.0,0.0,2.154e-06,0.0,0.0,0.0,2.154e-10,0.0,0.0,0.0,0.0,2.154e-10,2.154e-06,0.0
24537768.0,4995000000.0,5000000.0,5.0,0.0,0.1287,0.1287,0.1287,0.1287,0.063887,0.063887,0.0053473,0.063887,0.063887,0.00055581,0.0053473,0.00055581,0.0,0.0,0.0,0.0,4.642e-05,0.0,0.0,0.0,1e-07,0.0,0.0,0.0,0.0,1e-07,4.642e-05,0.0
24537878.0,4995000000.0,5000000.0,5.0,0.0,0.1287,0.1287,0.1287,0.1287,0.063887,0.063887,0.051109,0.063887,0.063887,0.0,0.051109,0.0,0.0,0.0,0.0,0.0,1e-11,0.0,0.0,0.0,2.154e-10,0.0,0.0,0.0,0.0,2.154e-10,1e-11,0.0
24537879.0,4995000000.0,5000000.0,5.0,0.0,0.1287,0.1287,0.1287,0.1287,0.063887,0.063887,0.051109,0.063887,0.063887,0.0,0.051109,0.0,0.0,0.0,0.0,0.0,1e-11,0.0,0.0,0.0,4.642e-09,0.0,0.0,0.0,0.0,4.642e-09,1e-11,0.0
24537000.0,4995000000.0,5000000.0,5.0,0.0,0.1287,0.1287,0.1287,0.1287,0.063887,0.063887,5.8431e-05,0.063887,0.063887,5.8431e-05,5.8431e-05,5.8431e-05,0.0,0.0,0.0,0.0,1e-11,0.0,0.0,0.0,4.642e-05,0.0,0.0,0.0,0.0,4.642e-05,1e-11,0.0
24536788.0,4995000000.0,5000000.0,5.0,0.0,0.1287,0.1287,0.1287,0.1287,0.063887,0.063887,6.1098e-06,0.063887,0.063887,0.0053473,6.1098e-06,0.0053473,0.0,0.0,0.0,0.0,4.642e-05,0.0,0.0,0.0,1e-07,0.0,0.0,0.0,0.0,1e-07,4.642e-05,0.0
24536842.0,4995000000.0,5000000.0,5.0,0.0,0.1287,0.1287,0.1287,0.1287,0.063887,0.063887,6.1098e-06,0.063887,0.063887,0.051109,6.1098e-06,0.051109,0.0,0.0,0.0,0.0,0.001,0.0,0.0,0.0,2.154e-10,0.0,0.0,0.0,0.0,2.154e-10,0.001,0.0
24537466.0,4995000000.0,5000000.0,5.0,0.0,0.1287,0.1287,0.1287,0.1287,0.063887,0.063887,0.00055581,0.063887,0.063887,0.0053473,0.00055581,0.0053473,0.0,0.0,0.0,0.0,2.154e-06,0.0,0.0,0.0,4.642e-09,0.0,0.0,0.0,0.0,4.642e-09,2.154e-06,0.0
24538022.0,4995000000.0,5000000.0,5.0,0.0,0.1287,0.1287,0.1287,0.1287,0.063887,0.063887,0.051109,0.063887,0.063887,6.1098e-06,0.051109,6.1098e-06,0.0,0.0,0.0,0.0,0.001,0.0,0.0,0.0,4.642e-05,0.0,0.0,0.0,0.0,4.642e-05,0.001,0.0
24536898.0,4995000000.0,5000000.0,5.0,0.0,0.1287,0.1287,0.1287,0.1287,0.063887,0.063887,5.8431e-05,0.063887,0.063887,6.3887e-07,5.8431e-05,6.3887e-07,0.0,0.0,0.0,0.0,1e-11,0.0,0.0,0.0,2.154e-10,0.0,0.0,0.0,0.0,2.154e-10,1e-11,0.0
24538145.0,4995000000.0,5000000.0,5.0,0.0,0.1287,0.1287,0.1287,0.1287,0.063887,0.063887,0.051109,0.063887,0.063887,0.0053473,0.051109,0.0053473,0.0,0.0,0.0,0.0,1e-07,0.0,0.0,0.0,4.642e-09,0.0,0.0,0.0,0.0,4.642e-09,1e-07,0.0
24537303.0,4995000000.0,5000000.0,5.0,0.0,0.1287,0.1287,0.1287,0.1287,0.063887,0.063887,0.00055581,0.063887,0.063887,6.1098e-06,0.00055581,6.1098e-06,0.0,0.0,0.0,0.0,4.642e-09,0.0,0.0,0.0,1e-11,0.0,0.0,0.0,0.0,1e-11,4.642e-09,0.0
24537762.0,4995000000.0,5000000.0,5.0,0.0,0.1287,0.1287,0.1287,0.1287,0.063887,0.063887,0.0053473,0.063887,0.063887,0.00055581,0.0053473,0.00055581,0.0,0.0,0.0,0.0,2.154e-06,0.0,0.0,0.0,2.154e-06,0.0,0.0,0.0,0.0,2.154e-06,2.154e-06,0.0
24536024.0,4995000000.0,5000000.0,5.0,0.0,0.1287,0.1287,0.1287,0.1287,0.063887,0.063887,0.0,0.063887,0.063887,0.00055581,0.0,0.00055581,0.0,0.0,0.0,0.0,2.154e-10,0.0,0.0,0.0,4.642e-09,0.0,0.0,0.0,0.0,4.642e-09,2.154e-10,0.0
24536911.0,4995000000.0,5000000.0,5.0,0.0,0.1287,0.1287,0.1287,0.1287,0.063887,0.063887,5.8431e-05,0.063887,0.063887,6.3887e-07,5.8431e-05,6.3887e-07,0.0,0.0,0.0,0.0,4.642e-09,0.0,0.0,0.0,1e-11,0.0,0.0,0.0,0.0,1e-11,4.642e-09,0.0
24537278.0,4995000000.0,5000000.0,5.0,0.0,0.1287,0.1287,0.1287,0.1287,0.063887,0.063887,0.00055581,0.063887,0.063887,6.3887e-07,0.00055581,6.3887e-07,0.0,0.0,0.0,0.0,4.642e-05,0.0,0.0,0.0,1e-07,0.0,0.0,0.0,0.0,1e-07,4.642e-05,0.0
24537920.0,4995000000.0,5000000.0,5.0,0.0,0.1287,0.1287,0.1287,0.1287,0.063887,0.063887,0.051109,0.063887,0.063887,0.0,0.051109,0.0,0.0,0.0,0.0,0.0,0.001,0.0,0.0,0.0,2.154e-10,0.0,0.0,0.0,0.0,2.154e-10,0.001,0.0
24537872.0,4995000000.0,5000000.0,5.0,0.0,0.1287,0.1287,0.1287,0.1287,0.063887,0.063887,0.0053473,0.063887,0.063887,0.051109,0.0053473,0.051109,0.0,0.0,0.0,0.0,0.001,0.0,0.0,0.0,4.642e-09,0.0,0.0,0.0,0.0,4.642e-09,0.001,0.0
24537375.0,4995000000.0,5000000.0,5.0,0.0,0.1287,0.1287,0.1287,0.1287,0.063887,0.063887,0.00055581,0.063887,0.063887,5.8431e-05,0.00055581,5.8431e-05,0.0,0.0,0.0,0.0,4.642e-05,0.0,0.0,0.0,4.642e-09,0.0,0.0,0.0,0.0,4.642e-09,4.642e-05,0.0
24537039.0,4995000000.0,5000000.0,5.0,0.0,0.1287,0.1287,0.1287,0.1287,0.063887,0.063887,5.8431e-05,0.063887,0.063887,5.8431e-05,5.8431e-05,5.8431e-05,0.0,0.0,0.0,0.0,0.001,0.0,0.0,0.0,4.642e-09,0.0,0.0,0.0,0.0,4.642e-09,0.001,0.0
24537619.0,4995000000.0,5000000.0,5.0,0.0,0.1287,0.1287,0.1287,0.1287,0.063887,0.063887,0.0053473,0.063887,0.063887,6.3887e-07,0.0053473,6.3887e-07,0.0,0.0,0.0,0.0,4.642e-05,0.0,0.0,0.0,2.154e-10,0.0,0.0,0.0,0.0,2.154e-10,4.642e-05,0.0
24536857.0,4995000000.0,5000000.0,5.0,0.0,0.1287,0.1287,0.1287,0.1287,0.063887,0.063887,5.8431e-05,0.063887,0.063887,0.0,5.8431e-05,0.0,0.0,0.0,0.0,0.0,2.154e-10,0.0,0.0,0.0,4.642e-09,0.0,0.0,0.0,0.0,4.642e-09,2.154e-10,0.0
24537093.0,4995000000.0,5000000.0,5.0,0.0,0.1287,0.1287,0.1287,0.1287,0.063887,0.063887,5.8431e-05,0.063887,0.063887,0.0053473,5.8431e-05,0.0053473,0.0,0.0,0.0,0.0,1e-11,0.0,0.0,0.0,1e-11,0.0,0.0,0.0,0.0,1e-11,1e-11,0.0
24535974.0,4995000000.0,5000000.0,5.0,0.0,0.1287,0.1287,0.1287,0.1287,0.063887,0.063887,0.0,0.063887,0.063887,5.8431e-05,0.0,5.8431e-05,0.0,0.0,0.0,0.0,2.154e-10,0.0,0.0,0.0,2.154e-10,0.0,0.0,0.0,0.0,2.154e-10,2.154e-10,0.0
24536533.0,4995000000.0,5000000.0,5.0,0.0,0.1287,0.1287,0.1287,0.1287,0.063887,0.063887,6.1098e-06,0.063887,0.063887,0.0,6.1098e-06,0.0,0.0,0.0,0.0,0.0,2.154e-06,0.0,0.0,0.0,1e-11,0.0,0.0,0.0,0.0,1e-11,2.154e-06,0.0
24537607.0,4995000000.0,5000000.0,5.0,0.0,0.1287,0.1287,0.1287,0.1287,0.063887,0.063887,0.0053473,0.063887,0.063887,6.3887e-07,0.0053473,6.3887e-07,0.0,0.0,0.0,0.0,1e-07,0.0,0.0,0.0,1e-07,0.0,0.0,0.0,0.0,1e-07,1e-07,0.0
24536232.0,4995000000.0,5000000.0,5.0,0.0,0.1287,0.1287,0.1287,0.1287,0.063887,0.063887,6.3887e-07,0.063887,0.063887,6.3887e-07,6.3887e-07,6.3887e-07,0.0,0.0,0.0,0.0,1e-07,0.0,0.0,0.0,1e-11,0.0,0.0,0.0,0.0,1e-11,1e-07,0.0
24537404.0,4995000000.0,5000000.0,5.0,0.0,0.1287,0.1287,0.1287,0.1287,0.063887,0.063887,0.00055581,0.063887,0.063887,0.00055581,0.00055581,0.00055581,0.0,0.0,0.0,0.0,4.642e-09,0.0,0.0,0.0,1e-07,0.0,0.0,0.0,0.0,1e-07,4.642e-09,0.0
24536832.0,4995000000.0,5000000.0,5.0,0.0,0.1287,0.1287,0.1287,0.1287,0.063887,0.063887,6.1098e-06,0.063887,0.063887,0.051109,6.1098e-06,0.051109,0.0,0.0,0.0,0.0,2.154e-06,0.0,0.0,0.0,4.642e-05,0.0,0.0,0.0,0.0,4.642e-05,2.154e-06,0.0
24536863.0,4995000000.0,5000000.0,5.0,0.0,0.1287,0.1287,0.1287,0.1287,0.063887,0.063887,5.8431e-05,0.063887,0.063887,0.0,5.8431e-05,0.0,0.0,0.0,0.0,0.0,4.642e-09,0.0,0.0,0.0,2.154e-10,0.0,0.0,0.0,0.0,2.154e-10,4.642e-09,0.0
24536920.0,4995000000.0,5000000.0,5.0,0.0,0.1287,0.1287,0.1287,0.1287,0.063887,0.063887,5.8431e-05,0.063887,0.063887,6.3887e-07,5.8431e-05,6.3887e-07,0.0,0.0,0.0,0.0,1e-07,0.0,0.0,0.0,4.642e-09,0.0,0.0,0.0,0.0,4.642e-09,1e-07,0.0
24536482.0,4995000000.0,5000000.0,5.0,0.0,0.1287,0.1287,0.1287,0.1287,0.063887,0.063887,6.3887e-07,0.063887,0.063887,0.051109,6.3887e-07,0.051109,0.0,0.0,0.0,0.0,1e-07,0.0,0.0,0.0,4.642e-05,0.0,0.0,0.0,0.0,4.642e-05,1e-07,0.0
24536690.0,4995000000.0,5000000.0,5.0,0.0,0.1287,0.1287,0.1287,0.1287,0.063887,0.063887,6.1098e-06,0.063887,0.063887,5.8431e-05,6.1098e-06,5.8431e-05,0.0,0.0,0.0,0.0,4.642e-05,0.0,0.0,0.0,1e-07,0.0,0.0,0.0,0.0,1e-07,4.642e-05,0.0
24536466.0,4995000000.0,5000000.0,5.0,0.0,0.1287,0.1287,0.1287,0.1287,0.063887,0.063887,6.3887e-07,0.063887,0.063887,0.051109,6.3887e-07,0.051109,0.0,0.0,0.0,0.0,2.154e-10,0.0,0.0,0.0,1e-07,0.0,0.0,0.0,0.0,1e-07,2.154e-10,0.0
24536309.0,4995000000.0,5000000.0,5.0,0.0,0.1287,0.1287,0.1287,0.1287,0.063887,0.063887,6.3887e-07,0.063887,0.063887,5.8431e-05,6.3887e-07,5.8431e-05,0.0,0.0,0.0,0.0,1e-11,0.0,0.0,0.0,1e-11,0.0,0.0,0.0,0.0,1e-11,1e-11,0.0
24536747.0,4995000000.0,5000000.0,5.0,0.0,0.1287,0.1287,0.1287,0.1287,0.063887,0.063887,6.1098e-06,0.063887,0.063887,0.00055581,6.1098e-06,0.00055581,0.0,0.0,0.0,0.0,0.001,0.0,0.0,0.0,2.154e-06,0.0,0.0,0.0,0.0,2.154e-06,0.001,0.0
24536315.0,4995000000.0,5000000.0,5.0,0.0,0.1287,0.1287,0.1287,0.1287,0.063887,0.063887,6.3887e-07,0.063887,0.063887,5.8431e-05,6.3887e-07,5.8431e-05,0.0,0.0,0.0,0.0,1e-11,0.0,0.0,0.0,0.001,0.0,0.0,0.0,0.0,0.001,1e-11,0.0
24535879.0,4995000000.0,5000000.0,5.0,0.0,0.1287,0.1287,0.1287,0.1287,0.063887,0.063887,0.0,0.063887,0.063887,6.3887e-07,0.0,6.3887e-07,0.0,0.0,0.0,0.0,2.154e-10,0.0,0.0,0.0,2.154e-06,0.0,0.0,0.0,0.0,2.154e-06,2.154e-10,0.0
24536154.0,4995000000.0,5000000.0,5.0,0.0,0.1287,0.1287,0.1287,0.1287,0.063887,0.063887,0.0,0.063887,0.063887,0.051109,0.0,0.051109,0.0,0.0,0.0,0.0,4.642e-05,0.0,0.0,0.0,0.001,0.0,0.0,0.0,0.0,0.001,4.642e-05,0.0
24538000.0,4995000000.0,5000000.0,5.0,0.0,0.1287,0.1287,0.1287,0.1287,0.063887,0.063887,0.051109,0.063887,0.063887,6.1098e-06,0.051109,6.1098e-06,0.0,0.0,0.0,0.0,1e-07,0.0,0.0,0.0,2.154e-06,0.0,0.0,0.0,0.0,2.154e-06,1e-07,0.0
24537184.0,4995000000.0,5000000.0,5.0,0.0,0.1287,0.1287,0.1287,0.1287,0.063887,0.063887,5.8431e-05,0.063887,0.063887,0.051109,5.8431e-05,0.051109,0.0,0.0,0.0,0.0,0.001,0.0,0.0,0.0,1e-11,0.0,0.0,0.0,0.0,1e-11,0.001,0.0
24538039.0,4995000000.0,5000000.0,5.0,0.0,0.1287,0.1287,0.1287,0.1287,0.063887,0.063887,0.051109,0.063887,0.063887,5.8431e-05,0.051109,5.8431e-05,0.0,0.0,0.0,0.0,4.642e-09,0.0,0.0,0.0,2.154e-10,0.0,0.0,0.0,0.0,2.154e-10,4.642e-09,0.0
24536461.0,4995000000.0,5000000.0,5.0,0.0,0.1287,0.1287,0.1287,0.1287,0.063887,0.063887,6.3887e-07,0.063887,0.063887,0.051109,6.3887e-07,0.051109,0.0,0.0,0.0,0.0,1e-11,0.0,0.0,0.0,4.642e-05,0.0,0.0,0.0,0.0,4.642e-05,1e-11,0.0
24536655.0,4995000000.0,5000000.0,5.0,0.0,0.1287,0.1287,0.1287,0.1287,0.063887,0.063887,6.1098e-06,0.063887,0.063887,5.8431e-05,6.1098e-06,5.8431e-05,0.0,0.0,0.0,0.0,1e-11,0.0,0.0,0.0,1e-07,0.0,0.0,0.0,0.0,1e-07,1e-11,0.0
24537660.0,4995000000.0,5000000.0,5.0,0.0,0.1287,0.1287,0.1287,0.1287,0.063887,0.063887,0.0053473,0.063887,0.063887,6.1098e-06,0.0053473,6.1098e-06,0.0,0.0,0.0,0.0,2.154e-06,0.0,0.0,0.0,1e-11,0.0,0.0,0.0,0.0,1e-11,2.154e-06,0.0
24536800.0,4995000000.0,5000000.0,5.0,0.0,0.1287,0.1287,0.1287,0.1287,0.063887,0.063887,6.1098e-06,0.063887,0.063887,0.051109,6.1098e-06,0.051109,0.0,0.0,0.0,0.0,1e-11,0.0,0.0,0.0,2.154e-10,0.0,0.0,0.0,0.0,2.154e-10,1e-11,0.0
24536714.0,4995000000.0,5000000.0,5.0,0.0,0.1287,0.1287,0.1287,0.1287,0.063887,0.063887,6.1098e-06,0.063887,0.063887,0.00055581,6.1098e-06,0.00055581,0.0,0.0,0.0,0.0,2.154e-10,0.0,0.0,0.0,0.001,0.0,0.0,0.0,0.0,0.001,2.154e-10,0.0
24536000.0,4995000000.0,5000000.0,5.0,0.0,0.1287,0.1287,0.1287,0.1287,0.063887,0.063887,0.0,0.063887,0.063887,5.8431e-05,0.0,5.8431e-05,0.0,0.0,0.0,0.0,2.154e-06,0.0,0.0,0.0,0.001,0.0,0.0,0.0,0.0,0.001,2.154e-06,0.0
24535827.0,4995000000.0,5000000.0,5.0,0.0,0.1287,0.1287,0.1287,0.1287,0.063887,0.063887,0.0,0.063887,0.063887,0.0,0.0,0.0,0.0,0.0,0.0,0.0,2.154e-10,0.0,0.0,0.0,2.154e-10,0.0,0.0,0.0,0.0,2.154e-10,2.154e-10,0.0
24536308.0,4995000000.0,5000000.0,5.0,0.0,0.1287,0.1287,0.1287,0.1287,0.063887,0.063887,6.3887e-07,0.063887,0.063887,6.1098e-06,6.3887e-07,6.1098e-06,0.0,0.0,0.0,0.0,0.001,0.0,0.0,0.0,0.001,0.0,0.0,0.0,0.0,0.001,0.001,0.0
24536387.0,4995000000.0,5000000.0,5.0,0.0,0.1287,0.1287,0.1287,0.1287,0.063887,0.063887,6.3887e-07,0.063887,0.063887,0.00055581,6.3887e-07,0.00055581,0.0,0.0,0.0,0.0,2.154e-06,0.0,0.0,0.0,2.154e-10,0.0,0.0,0.0,0.0,2.154e-10,2.154e-06,0.0
24537382.0,4995000000.0,5000000.0,5.0,0.0,0.1287,0.1287,0.1287,0.1287,0.063887,0.063887,0.00055581,0.063887,0.063887,5.8431e-05,0.00055581,5.8431e-05,0.0,0.0,0.0,0.0,0.001,0.0,0.0,0.0,4.642e-09,0.0,0.0,0.0,0.0,4.642e-09,0.001,0.0
24538091.0,4995000000.0,5000000.0,5.0,0.0,0.1287,0.1287,0.1287,0.1287,0.063887,0.063887,0.051109,0.063887,0.063887,0.00055581,0.051109,0.00055581,0.0,0.0,0.0,0.0,4.642e-09,0.0,0.0,0.0,2.154e-06,0.0,0.0,0.0,0.0,2.154e-06,4.642e-09,0.0
24536856.0,4995000000.0,5000000.0,5.0,0.0,0.1287,0.1287,0.1287,0.1287,0.063887,0.063887,5.8431e-05,0.063887,0.063887,0.0,5.8431e-05,0.0,0.0,0.0,0.0,0.0,2.154e-10,0.0,0.0,0.0,2.154e-10,0.0,0.0,0.0,0.0,2.154e-10,2.154e-10,0.0
24537016.0,4995000000.0,5000000.0,5.0,0.0,0.1287,0.1287,0.1287,0.1287,0.063887,0.063887,5.8431e-05,0.063887,0.063887,5.8431e-05,5.8431e-05,5.8431e-05,0.0,0.0,0.0,0.0,1e-07,0.0,0.0,0.0,1e-11,0.0,0.0,0.0,0.0,1e-11,1e-07,0.0
24535929.0,4995000000.0,5000000.0,5.0,0.0,0.1287,0.1287,0.1287,0.1287,0.063887,0.063887,0.0,0.063887,0.063887,6.1098e-06,0.0,6.1098e-06,0.0,0.0,0.0,0.0,2.154e-10,0.0,0.0,0.0,4.642e-05,0.0,0.0,0.0,0.0,4.642e-05,2.154e-10,0.0
24538178.0,4995000000.0,5000000.0,5.0,0.0,0.1287,0.1287,0.1287,0.1287,0.063887,0.063887,0.051109,0.063887,0.063887,0.051109,0.051109,0.051109,0.0,0.0,0.0,0.0,2.154e-10,0.0,0.0,0.0,1e-11,0.0,0.0,0.0,0.0,1e-11,2.154e-10,0.0
24537379.0,4995000000.0,5000000.0,5.0,0.0,0.1287,0.1287,0.1287,0.1287,0.063887,0.063887,0.00055581,0.063887,0.063887,5.8431e-05,0.00055581,5.8431e-05,0.0,0.0,0.0,0.0,4.642e-05,0.0,0.0,0.0,0.001,0.0,0.0,0.0,0.0,0.001,4.642e-05,0.0
24536424.0,4995000000.0,5000000.0,5.0,0.0,0.1287,0.1287,0.1287,0.1287,0.063887,0.063887,6.3887e-07,0.063887,0.063887,0.0053473,6.3887e-07,0.0053473,0.0,0.0,0.0,0.0,4.642e-09,0.0,0.0,0.0,1e-07,0.0,0.0,0.0,0.0,1e-07,4.642e-09,0.0
24537355.0,4995000000.0,5000000.0,5.0,0.0,0.1287,0.1287,0.1287,0.1287,0.063887,0.063887,0.00055581,0.063887,0.063887,5.8431e-05,0.00055581,5.8431e-05,0.0,0.0,0.0,0.0,4.642e-09,0.0,0.0,0.0,1e-07,0.0,0.0,0.0,0.0,1e-07,4.642e-09,0.0
24536167.0,4995000000.0,5000000.0,5.0,0.0,0.1287,0.1287,0.1287,0.1287,0.063887,0.063887,6.3887e-07,0.063887,0.063887,0.0,6.3887e-07,0.0,0.0,0.0,0.0,0.0,1e-11,0.0,0.0,0.0,4.642e-05,0.0,0.0,0.0,0.0,4.642e-05,1e-11,0.0
24538187.0,4995000000.0,5000000.0,5.0,0.0,0.1287,0.1287,0.1287,0.1287,0.063887,0.063887,0.051109,0.063887,0.063887,0.051109,0.051109,0.051109,0.0,0.0,0.0,0.0,4.642e-09,0.0,0.0,0.0,4.642e-09,0.0,0.0,0.0,0.0,4.642e-09,4.642e-09,0.0
24536684.0,4995000000.0,5000000.0,5.0,0.0,0.1287,0.1287,0.1287,0.1287,0.063887,0.063887,6.1098e-06,0.063887,0.063887,5.8431e-05,6.1098e-06,5.8431e-05,0.0,0.0,0.0,0.0,2.154e-06,0.0,0.0,0.0,2.154e-06,0.0,0.0,0.0,0.0,2.154e-06,2.154e-06,0.0
24535990.0,4995000000.0,5000000.0,5.0,0.0,0.1287,0.1287,0.1287,0.1287,0.063887,0.063887,0.0,0.063887,0.063887,5.8431e-05,0.0,5.8431e-05,0.0,0.0,0.0,0.0,1e-07,0.0,0.0,0.0,1e-07,0.0,0.0,0.0,0.0,1e-07,1e-07,0.0
24537479.0,4995000000.0,5000000.0,5.0,0.0,0.1287,0.1287,0.1287,0.1287,0.063887,0.063887,0.00055581,0.063887,0.063887,0.0053473,0.00055581,0.0053473,0.0,0.0,0.0,0.0,0.001,0.0,0.0,0.0,2.154e-10,0.0,0.0,0.0,0.0,2.154e-10,0.001,0.0
24536823.0,4995000000.0,5000000.0,5.0,0.0,0.1287,0.1287,0.1287,0.1287,0.063887,0.063887,6.1098e-06,0.063887,0.063887,0.051109,6.1098e-06,0.051109,0.0,0.0,0.0,0.0,1e-07,0.0,0.0,0.0,1e-07,0.0,0.0,0.0,0.0,1e-07,1e-07,0.0
24536044.0,4995000000.0,5000000.0,5.0,0.0,0.1287,0.1287,0.1287,0.1287,0.063887,0.063887,0.0,0.063887,0.063887,0.00055581,0.0,0.00055581,0.0,0.0,0.0,0.0,2.154e-06,0.0,0.0,0.0,2.154e-10,0.0,0.0,0.0,0.0,2.154e-10,2.154e-06,0.0
24537986.0,4995000000.0,5000000.0,5.0,0.0,0.1287,0.1287,0.1287,0.1287,0.063887,0.063887,0.051109,0.063887,0.063887,6.1098e-06,0.051109,6.1098e-06,0.0,0.0,0.0,0.0,2.154e-10,0.0,0.0,0.0,2.154e-06,0.0,0.0,0.0,0.0,2.154e-06,2.154e-10,0.0
24537640.0,4995000000.0,5000000.0,5.0,0.0,0.1287,0.1287,0.1287,0.1287,0.063887,0.063887,0.0053473,0.063887,0.063887,6.1098e-06,0.0053473,6.1098e-06,0.0,0.0,0.0,0.0,2.154e-10,0.0,0.0,0.0,2.154e-10,0.0,0.0,0.0,0.0,2.154e-10,2.154e-10,0.0
24536644.0,4995000000.0,5000000.0,5.0,0.0,0.1287,0.1287,0.1287,0.1287,0.063887,0.063887,6.1098e-06,0.063887,0.063887,6.1098e-06,6.1098e-06,6.1098e-06,0.0,0.0,0.0,0.0,4.642e-05,0.0,0.0,0.0,0.001,0.0,0.0,0.0,0.0,0.001,4.642e-05,0.0
24537356.0,4995000000.0,5000000.0,5.0,0.0,0.1287,0.1287,0.1287,0.1287,0.063887,0.063887,0.00055581,0.063887,0.063887,5.8431e-05,0.00055581,5.8431e-05,0.0,0.0,0.0,0.0,4.642e-09,0.0,0.0,0.0,2.154e-06,0.0,0.0,0.0,0.0,2.154e-06,4.642e-09,0.0
24537371.0,4995000000.0,5000000.0,5.0,0.0,0.1287,0.1287,0.1287,0.1287,0.063887,0.063887,0.00055581,0.063887,0.063887,5.8431e-05,0.00055581,5.8431e-05,0.0,0.0,0.0,0.0,2.154e-06,0.0,0.0,0.0,4.642e-05,0.0,0.0,0.0,0.0,4.642e-05,2.154e-06,0.0
24535899.0,4995000000.0,5000000.0,5.0,0.0,0.1287,0.1287,0.1287,0.1287,0.063887,0.063887,0.0,0.063887,0.063887,6.3887e-07,0.0,6.3887e-07,0.0,0.0,0.0,0.0,2.154e-06,0.0,0.0,0.0,1e-07,0.0,0.0,0.0,0.0,1e-07,2.154e-06,0.0
24536132.0,4995000000.0,5000000.0,5.0,0.0,0.1287,0.1287,0.1287,0.1287,0.063887,0.063887,0.0,0.063887,0.063887,0.051109,0.0,0.051109,0.0,0.0,0.0,0.0,4.642e-09,0.0,0.0,0.0,4.642e-05,0.0,0.0,0.0,0.0,4.642e-05,4.642e-09,0.0
24537601.0,4995000000.0,5000000.0,5.0,0.0,0.1287,0.1287,0.1287,0.1287,0.063887,0.063887,0.0053473,0.063887,0.063887,6.3887e-07,0.0053473,6.3887e-07,0.0,0.0,0.0,0.0,4.642e-09,0.0,0.0,0.0,2.154e-06,0.0,0.0,0.0,0.0,2.154e-06,4.642e-09,0.0
24537306.0,4995000000.0,5000000.0,5.0,0.0,0.1287,0.1287,0.1287,0.1287,0.063887,0.063887,0.00055581,0.063887,0.063887,6.1098e-06,0.00055581,6.1098e-06,0.0,0.0,0.0,0.0,4.642e-09,0.0,0.0,0.0,1e-07,0.0,0.0,0.0,0.0,1e-07,4.642e-09,0.0
24537705.0,4995000000.0,5000000.0,5.0,0.0,0.1287,0.1287,0.1287,0.1287,0.063887,0.063887,0.0053473,0.063887,0.063887,5.8431e-05,0.0053473,5.8431e-05,0.0,0.0,0.0,0.0,1e-07,0.0,0.0,0.0,1e-07,0.0,0.0,0.0,0.0,1e-07,1e-07,0.0
24536828.0,4995000000.0,5000000.0,5.0,0.0,0.1287,0.1287,0.1287,0.1287,0.063887,0.063887,6.1098e-06,0.063887,0.063887,0.051109,6.1098e-06,0.051109,0.0,0.0,0.0,0.0,2.154e-06,0.0,0.0,0.0,2.154e-10,0.0,0.0,0.0,0.0,2.154e-10,2.154e-06,0.0
24537271.0,4995000000.0,5000000.0,5.0,0.0,0.1287,0.1287,0.1287,0.1287,0.063887,0.063887,0.00055581,0.063887,0.063887,6.3887e-07,0.00055581,6.3887e-07,0.0,0.0,0.0,0.0,2.154e-06,0.0,0.0,0.0,1e-07,0.0,0.0,0.0,0.0,1e-07,2.154e-06,0.0
24537296.0,4995000000.0,5000000.0,5.0,0.0,0.1287,0.1287,0.1287,0.1287,0.063887,0.063887,0.00055581,0.063887,0.063887,6.1098e-06,0.00055581,6.1098e-06,0.0,0.0,0.0,0.0,2.154e-10,0.0,0.0,0.0,1e-11,0.0,0.0,0.0,0.0,1e-11,2.154e-10,0.0
24535947.0,4995000000.0,5000000.0,5.0,0.0,0.1287,0.1287,0.1287,0.1287,0.063887,0.063887,0.0,0.063887,0.063887,6.1098e-06,0.0,6.1098e-06,0.0,0.0,0.0,0.0,2.154e-06,0.0,0.0,0.0,4.642e-09,0.0,0.0,0.0,0.0,4.642e-09,2.154e-06,0.0
24536001.0,4995000000.0,5000000.0,5.0,0.0,0.1287,0.1287,0.1287,0.1287,0.063887,0.063887,0.0,0.063887,0.063887,5.8431e-05,0.0,5.8431e-05,0.0,0.0,0.0,0.0,4.642e-05,0.0,0.0,0.0,1e-11,0.0,0.0,0.0,0.0,1e-11,4.642e-05,0.0
24537587.0,4995000000.0,5000000.0,5.0,0.0,0.1287,0.1287,0.1287,0.1287,0.063887,0.063887,0.0053473,0.063887,0.063887,6.3887e-07,0.0053473,6.3887e-07,0.0,0.0,0.0,0.0,1e-11,0.0,0.0,0.0,2.154e-06,0.0,0.0,0.0,0.0,2.154e-06,1e-11,0.0
24535850.0,4995000000.0,5000000.0,5.0,0.0,0.1287,0.1287,0.1287,0.1287,0.063887,0.063887,0.0,0.063887,0.063887,0.0,0.0,0.0,0.0,0.0,0.0,0.0,2.154e-06,0.0,0.0,0.0,1e-07,0.0,0.0,0.0,0.0,1e-07,2.154e-06,0.0
24537285.0,4995000000.0,5000000.0,5.0,0.0,0.1287,0.1287,0.1287,0.1287,0.063887,0.063887,0.00055581,0.063887,0.063887,6.3887e-07,0.00055581,6.3887e-07,0.0,0.0,0.0,0.0,0.001,0.0,0.0,0.0,1e-07,0.0,0.0,0.0,0.0,1e-07,0.001,0.0
24537748.0,4995000000.0,5000000.0,5.0,0.0,0.1287,0.1287,0.1287,0.1287,0.063887,0.063887,0.0053473,0.063887,0.063887,0.00055581,0.0053473,0.00055581,0.0,0.0,0.0,0.0,4.642e-09,0.0,0.0,0.0,2.154e-06,0.0,0.0,0.0,0.0,2.154e-06,4.642e-09,0.0
24536975.0,4995000000.0,5000000.0,5.0,0.0,0.1287,0.1287,0.1287,0.1287,0.063887,0.063887,5.8431e-05,0.063887,0.063887,6.1098e-06,5.8431e-05,6.1098e-06,0.0,0.0,0.0,0.0,2.154e-06,0.0,0.0,0.0,2.154e-10,0.0,0.0,0.0,0.0,2.154e-10,2.154e-06,0.0
24535912.0,4995000000.0,5000000.0,5.0,0.0,0.1287,0.1287,0.1287,0.1287,0.063887,0.063887,0.0,0.063887,0.063887,6.3887e-07,0.0,6.3887e-07,0.0,0.0,0.0,0.0,0.001,0.0,0.0,0.0,4.642e-09,0.0,0.0,0.0,0.0,4.642e-09,0.001,0.0
24537094.0,4995000000.0,5000000.0,5.0,0.0,0.1287,0.1287,0.1287,0.1287,0.063887,0.063887,5.8431e-05,0.063887,0.063887,0.0053473,5.8431e-05,0.0053473,0.0,0.0,0.0,0.0,1e-11,0.0,0.0,0.0,2.154e-10,0.0,0.0,0.0,0.0,2.154e-10,1e-11,0.0
24537570.0,4995000000.0,5000000.0,5.0,0.0,0.1287,0.1287,0.1287,0.1287,0.063887,0.063887,0.0053473,0.063887,0.063887,0.0,0.0053473,0.0,0.0,0.0,0.0,0.0,4.642e-05,0.0,0.0,0.0,2.154e-10,0.0,0.0,0.0,0.0,2.154e-10,4.642e-05,0.0
24536145.0,4995000000.0,5000000.0,5.0,0.0,0.1287,0.1287,0.1287,0.1287,0.063887,0.063887,0.0,0.063887,0.063887,0.051109,0.0,0.051109,0.0,0.0,0.0,0.0,2.154e-06,0.0,0.0,0.0,2.154e-06,0.0,0.0,0.0,0.0,2.154e-06,2.154e-06,0.0
24537555.0,4995000000.0,5000000.0,5.0,0.0,0.1287,0.1287,0.1287,0.1287,0.063887,0.063887,0.0053473,0.063887,0.063887,0.0,0.0053473,0.0,0.0,0.0,0.0,0.0,1e-07,0.0,0.0,0.0,1e-11,0.0,0.0,0.0,0.0,1e-11,1e-07,0.0
24536161.0,4995000000.0,5000000.0,5.0,0.0,0.1287,0.1287,0.1287,0.1287,0.063887,0.063887,0.0,0.063887,0.063887,0.051109,0.0,0.051109,0.0,0.0,0.0,0.0,0.001,0.0,0.0,0.0,0.001,0.0,0.0,0.0,0.0,0.001,0.001,0.0
24538054.0,4995000000.0,5000000.0,5.0,0.0,0.1287,0.1287,0.1287,0.1287,0.063887,0.063887,0.051109,0.063887,0.063887,5.8431e-05,0.051109,5.8431e-05,0.0,0.0,0.0,0.0,2.154e-06,0.0,0.0,0.0,4.642e-09,0.0,0.0,0.0,0.0,4.642e-09,2.154e-06,0.0
24536812.0,4995000000.0,5000000.0,5.0,0.0,0.1287,0.1287,0.1287,0.1287,0.063887,0.063887,6.1098e-06,0.063887,0.063887,0.051109,6.1098e-06,0.051109,0.0,0.0,0.0,0.0,2.154e-10,0.0,0.0,0.0,0.001,0.0,0.0,0.0,0.0,0.001,2.154e-10,0.0
24536583.0,4995000000.0,5000000.0,5.0,0.0,0.1287,0.1287,0.1287,0.1287,0.063887,0.063887,6.1098e-06,0.063887,0.063887,6.3887e-07,6.1098e-06,6.3887e-07,0.0,0.0,0.0,0.0,2.154e-06,0.0,0.0,0.0,2.154e-10,0.0,0.0,0.0,0.0,2.154e-10,2.154e-06,0.0
24537376.0,4995000000.0,5000000.0,5.0,0.0,0.1287,0.1287,0.1287,0.1287,0.063887,0.063887,0.00055581,0.063887,0.063887,5.8431e-05,0.00055581,5.8431e-05,0.0,0.0,0.0,0.0,4.642e-05,0.0,0.0,0.0,1e-07,0.0,0.0,0.0,0.0,1e-07,4.642e-05,0.0
24536476.0,4995000000.0,5000000.0,5.0,0.0,0.1287,0.1287,0.1287,0.1287,0.063887,0.063887,6.3887e-07,0.063887,0.063887,0.051109,6.3887e-07,0.051109,0.0,0.0,0.0,0.0,4.642e-09,0.0,0.0,0.0,0.001,0.0,0.0,0.0,0.0,0.001,4.642e-09,0.0
24537578.0,4995000000.0,5000000.0,5.0,0.0,0.1287,0.1287,0.1287,0.1287,0.063887,0.063887,0.0053473,0.063887,0.063887,0.0,0.0053473,0.0,0.0,0.0,0.0,0.0,0.001,0.0,0.0,0.0,4.642e-09,0.0,0.0,0.0,0.0,4.642e-09,0.001,0.0
24537037.0,4995000000.0,5000000.0,5.0,0.0,0.1287,0.1287,0.1287,0.1287,0.063887,0.063887,5.8431e-05,0.063887,0.063887,5.8431e-05,5.8431e-05,5.8431e-05,0.0,0.0,0.0,0.0,0.001,0.0,0.0,0.0,1e-11,0.0,0.0,0.0,0.0,1e-11,0.001,0.0
24536427.0,4995000000.0,5000000.0,5.0,0.0,0.1287,0.1287,0.1287,0.1287,0.063887,0.063887,6.3887e-07,0.063887,0.063887,0.0053473,6.3887e-07,0.0053473,0.0,0.0,0.0,0.0,4.642e-09,0.0,0.0,0.0,0.001,0.0,0.0,0.0,0.0,0.001,4.642e-09,0.0
24537015.0,4995000000.0,5000000.0,5.0,0.0,0.1287,0.1287,0.1287,0.1287,0.063887,0.063887,5.8431e-05,0.063887,0.063887,5.8431e-05,5.8431e-05,5.8431e-05,0.0,0.0,0.0,0.0,4.642e-09,0.0,0.0,0.0,0.001,0.0,0.0,0.0,0.0,0.001,4.642e-09,0.0
24537352.0,4995000000.0,5000000.0,5.0,0.0,0.1287,0.1287,0.1287,0.1287,0.063887,0.063887,0.00055581,0.063887,0.063887,5.8431e-05,0.00055581,5.8431e-05,0.0,0.0,0.0,0.0,4.642e-09,0.0,0.0,0.0,1e-11,0.0,0.0,0.0,0.0,1e-11,4.642e-09,0.0
24536633.0,4995000000.0,5000000.0,5.0,0.0,0.1287,0.1287,0.1287,0.1287,0.063887,0.063887,6.1098e-06,0.063887,0.063887,6.1098e-06,6.1098e-06,6.1098e-06,0.0,0.0,0.0,0.0,2.154e-06,0.0,0.0,0.0,4.642e-09,0.0,0.0,0.0,0.0,4.642e-09,2.154e-06,0.0
24536551.0,4995000000.0,5000000.0,5.0,0.0,0.1287,0.1287,0.1287,0.1287,0.063887,0.063887,6.1098e-06,0.063887,0.063887,0.0,6.1098e-06,0.0,0.0,0.0,0.0,0.0,0.001,0.0,0.0,0.0,2.154e-06,0.0,0.0,0.0,0.0,2.154e-06,0.001,0.0
24536724.0,4995000000.0,5000000.0,5.0,0.0,0.1287,0.1287,0.1287,0.1287,0.063887,0.063887,6.1098e-06,0.063887,0.063887,0.00055581,6.1098e-06,0.00055581,0.0,0.0,0.0,0.0,1e-07,0.0,0.0,0.0,4.642e-09,0.0,0.0,0.0,0.0,4.642e-09,1e-07,0.0
24537862.0,4995000000.0,5000000.0,5.0,0.0,0.1287,0.1287,0.1287,0.1287,0.063887,0.063887,0.0053473,0.063887,0.063887,0.051109,0.0053473,0.051109,0.0,0.0,0.0,0.0,2.154e-06,0.0,0.0,0.0,0.001,0.0,0.0,0.0,0.0,0.001,2.154e-06,0.0
24536318.0,4995000000.0,5000000.0,5.0,0.0,0.1287,0.1287,0.1287,0.1287,0.063887,0.063887,6.3887e-07,0.063887,0.063887,5.8431e-05,6.3887e-07,5.8431e-05,0.0,0.0,0.0,0.0,2.154e-10,0.0,0.0,0.0,4.642e-09,0.0,0.0,0.0,0.0,4.642e-09,2.154e-10,0.0
24536291.0,4995000000.0,5000000.0,5.0,0.0,0.1287,0.1287,0.1287,0.1287,0.063887,0.063887,6.3887e-07,0.063887,0.063887,6.1098e-06,6.3887e-07,6.1098e-06,0.0,0.0,0.0,0.0,2.154e-06,0.0,0.0,0.0,1e-07,0.0,0.0,0.0,0.0,1e-07,2.154e-06,0.0
24536032.0,4995000000.0,5000000.0,5.0,0.0,0.1287,0.1287,0.1287,0.1287,0.063887,0.063887,0.0,0.063887,0.063887,0.00055581,0.0,0.00055581,0.0,0.0,0.0,0.0,4.642e-09,0.0,0.0,0.0,1e-07,0.0,0.0,0.0,0.0,1e-07,4.642e-09,0.0
24537544.0,4995000000.0,5000000.0,5.0,0.0,0.1287,0.1287,0.1287,0.1287,0.063887,0.063887,0.0053473,0.063887,0.063887,0.0,0.0053473,0.0,0.0,0.0,0.0,0.0,2.154e-10,0.0,0.0,0.0,1e-07,0.0,0.0,0.0,0.0,1e-07,2.154e-10,0.0
24536508.0,4995000000.0,5000000.0,5.0,0.0,0.1287,0.1287,0.1287,0.1287,0.063887,0.063887,6.1098e-06,0.063887,0.063887,0.0,6.1098e-06,0.0,0.0,0.0,0.0,0.0,1e-11,0.0,0.0,0.0,1e-07,0.0,0.0,0.0,0.0,1e-07,1e-11,0.0
24537304.0,4995000000.0,5000000.0,5.0,0.0,0.1287,0.1287,0.1287,0.1287,0.063887,0.063887,0.00055581,0.063887,0.063887,6.1098e-06,0.00055581,6.1098e-06,0.0,0.0,0.0,0.0,4.642e-09,0.0,0.0,0.0,2.154e-10,0.0,0.0,0.0,0.0,2.154e-10,4.642e-09,0.0
24535840.0,4995000000.0,5000000.0,5.0,0.0,0.1287,0.1287,0.1287,0.1287,0.063887,0.063887,0.0,0.063887,0.063887,0.0,0.0,0.0,0.0,0.0,0.0,0.0,1e-07,0.0,0.0,0.0,1e-11,0.0,0.0,0.0,0.0,1e-11,1e-07,0.0
24538219.0,4995000000.0,5000000.0,5.0,0.0,0.1287,0.1287,0.1287,0.1287,0.063887,0.063887,0.051109,0.063887,0.063887,0.051109,0.051109,0.051109,0.0,0.0,0.0,0.0,0.001,0.0,0.0,0.0,0.001,0.0,0.0,0.0,0.0,0.001,0.001,0.0
24537252.0,4995000000.0,5000000.0,5.0,0.0,0.1287,0.1287,0.1287,0.1287,0.063887,0.063887,0.00055581,0.063887,0.063887,6.3887e-07,0.00055581,6.3887e-07,0.0,0.0,0.0,0.0,2.154e-10,0.0,0.0,0.0,4.642e-05,0.0,0.0,0.0,0.0,4.642e-05,2.154e-10,0.0
24537914.0,4995000000.0,5000000.0,5.0,0.0,0.1287,0.1287,0.1287,0.1287,0.063887,0.063887,0.051109,0.063887,0.063887,0.0,0.051109,0.0,0.0,0.0,0.0,0.0,4.642e-05,0.0,0.0,0.0,4.642e-09,0.0,0.0,0.0,0.0,4.642e-09,4.642e-05,0.0
24548940.0,4995000000.0,5000000.0,5.0,0.0,0.1287,0.1287,0.1287,0.1287,0.61368,0.045228,0.00056128,0.045228,0.61368,4.5228e-07,0.00056128,4.5228e-07,0.0,0.0,0.0,0.0,4.642e-05,0.0,0.0,0.0,1e-07,0.0,0.0,0.0,0.0,1e-07,4.642e-05,0.0
24547949.0,4995000000.0,5000000.0,5.0,0.0,0.1287,0.1287,0.1287,0.1287,0.61368,0.045228,0.0,0.045228,0.61368,4.3254e-06,0.0,4.3254e-06,0.0,0.0,0.0,0.0,1e-07,0.0,0.0,0.0,0.001,0.0,0.0,0.0,0.0,0.001,1e-07,0.0
24549846.0,4995000000.0,5000000.0,5.0,0.0,0.1287,0.1287,0.1287,0.1287,0.61368,0.045228,0.051365,0.045228,0.61368,0.036183,0.051365,0.036183,0.0,0.0,0.0,0.0,2.154e-10,0.0,0.0,0.0,0.001,0.0,0.0,0.0,0.0,0.001,2.154e-10,0.0
24549258.0,4995000000.0,5000000.0,5.0,0.0,0.1287,0.1287,0.1287,0.1287,0.61368,0.045228,0.005339,0.045228,0.61368,4.5228e-07,0.005339,4.5228e-07,0.0,0.0,0.0,0.0,2.154e-10,0.0,0.0,0.0,0.001,0.0,0.0,0.0,0.0,0.001,2.154e-10,0.0
24548734.0,4995000000.0,5000000.0,5.0,0.0,0.1287,0.1287,0.1287,0.1287,0.61368,0.045228,5.8689e-05,0.045228,0.61368,0.00039349,5.8689e-05,0.00039349,0.0,0.0,0.0,0.0,2.154e-06,0.0,0.0,0.0,1e-11,0.0,0.0,0.0,0.0,1e-11,2.154e-06,0.0
24548108.0,4995000000.0,5000000.0,5.0,0.0,0.1287,0.1287,0.1287,0.1287,0.61368,0.045228,0.0,0.045228,0.61368,0.0037856,0.0,0.0037856,0.0,0.0,0.0,0.0,4.642e-05,0.0,0.0,0.0,2.154e-06,0.0,0.0,0.0,0.0,2.154e-06,4.642e-05,0.0
24549500.0,4995000000.0,5000000.0,5.0,0.0,0.1287,0.1287,0.1287,0.1287,0.61368,0.045228,0.005339,0.045228,0.61368,0.036183,0.005339,0.036183,0.0,0.0,0.0,0.0,2.154e-10,0.0,0.0,0.0,1e-07,0.0,0.0,0.0,0.0,1e-07,2.154e-10,0.0
24548569.0,4995000000.0,5000000.0,5.0,0.0,0.1287,0.1287,0.1287,0.1287,0.61368,0.045228,5.8689e-05,0.045228,0.61368,4.5228e-07,5.8689e-05,4.5228e-07,0.0,0.0,0.0,0.0,2.154e-10,0.0,0.0,0.0,1e-07,0.0,0.0,0.0,0.0,1e-07,2.154e-10,0.0
24547931.0,4995000000.0,5000000.0,5.0,0.0,0.1287,0.1287,0.1287,0.1287,0.61368,0.045228,0.0,0.045228,0.61368,4.3254e-06,0.0,4.3254e-06,0.0,0.0,0.0,0.0,2.154e-10,0.0,0.0,0.0,4.642e-09,0.0,0.0,0.0,0.0,4.642e-09,2.154e-10,0.0
24547852.0,4995000000.0,5000000.0,5.0,0.0,0.1287,0.1287,0.1287,0.1287,0.61368,0.045228,0.0,0.045228,0.61368,0.0,0.0,0.0,0.0,0.0,0.0,0.0,2.154e-06,0.0,0.0,0.0,1e-11,0.0,0.0,0.0,0.0,1e-11,2.154e-06,0.0
24548321.0,4995000000.0,5000000.0,5.0,0.0,0.1287,0.1287,0.1287,0.1287,0.61368,0.045228,6.1368e-06,0.045228,0.61368,4.1366e-05,6.1368e-06,4.1366e-05,0.0,0.0,0.0,0.0,2.154e-10,0.0,0.0,0.0,1e-11,0.0,0.0,0.0,0.0,1e-11,2.154e-10,0.0
24548136.0,4995000000.0,5000000.0,5.0,0.0,0.1287,0.1287,0.1287,0.1287,0.61368,0.045228,0.0,0.045228,0.61368,0.036183,0.0,0.036183,0.0,0.0,0.0,0.0,4.642e-09,0.0,0.0,0.0,2.154e-06,0.0,0.0,0.0,0.0,2.154e-06,4.642e-09,0.0
24549015.0,4995000000.0,5000000.0,5.0,0.0,0.1287,0.1287,0.1287,0.1287,0.61368,0.045228,0.00056128,0.045228,0.61368,4.1366e-05,0.00056128,4.1366e-05,0.0,0.0,0.0,0.0,4.642e-09,0.0,0.0,0.0,2.154e-10,0.0,0.0,0.0,0.0,2.154e-10,4.642e-09,0.0
24549217.0,4995000000.0,5000000.0,5.0,0.0,0.1287,0.1287,0.1287,0.1287,0.61368,0.045228,0.005339,0.045228,0.61368,0.0,0.005339,0.0,0.0,0.0,0.0,0.0,1e-07,0.0,0.0,0.0,1e-11,0.0,0.0,0.0,0.0,1e-11,1e-07,0.0
24548657.0,4995000000.0,5000000.0,5.0,0.0,0.1287,0.1287,0.1287,0.1287,0.61368,0.045228,5.8689e-05,0.045228,0.61368,4.1366e-05,5.8689e-05,4.1366e-05,0.0,0.0,0.0,0.0,1e-11,0.0,0.0,0.0,1e-11,0.0,0.0,0.0,0.0,1e-11,1e-11,0.0
24548938.0,4995000000.0,5000000.0,5.0,0.0,0.1287,0.1287,0.1287,0.1287,0.61368,0.045228,0.00056128,0.045228,0.61368,4.5228e-07,0.00056128,4.5228e-07,0.0,0.0,0.0,0.0,4.642e-05,0.0,0.0,0.0,2.154e-10,0.0,0.0,0.0,0.0,2.154e-10,4.642e-05,0.0
24548619.0,4995000000.0,5000000.0,5.0,0.0,0.1287,0.1287,0.1287,0.1287,0.61368,0.045228,5.8689e-05,0.045228,0.61368,4.3254e-06,5.8689e-05,4.3254e-06,0.0,0.0,0.0,0.0,2.154e-10,0.0,0.0,0.0,2.154e-06,0.0,0.0,0.0,0.0,2.154e-06,2.154e-10,0.0
24548154.0,4995000000.0,5000000.0,5.0,0.0,0.1287,0.1287,0.1287,0.1287,0.61368,0.045228,0.0,0.045228,0.61368,0.036183,0.0,0.036183,0.0,0.0,0.0,0.0,4.642e-05,0.0,0.0,0.0,2.154e-10,0.0,0.0,0.0,0.0,2.154e-10,4.642e-05,0.0
24548213.0,4995000000.0,5000000.0,5.0,0.0,0.1287,0.1287,0.1287,0.1287,0.61368,0.045228,6.1368e-06,0.045228,0.61368,0.0,6.1368e-06,0.0,0.0,0.0,0.0,0.0,0.001,0.0,0.0,0.0,2.154e-06,0.0,0.0,0.0,0.0,2.154e-06,0.001,0.0
24548005.0,4995000000.0,5000000.0,5.0,0.0,0.1287,0.1287,0.1287,0.1287,0.61368,0.045228,0.0,0.045228,0.61368,4.1366e-05,0.0,4.1366e-05,0.0,0.0,0.0,0.0,2.154e-06,0.0,0.0,0.0,0.001,0.0,0.0,0.0,0.0,0.001,2.154e-06,0.0
24548257.0,4995000000.0,5000000.0,5.0,0.0,0.1287,0.1287,0.1287,0.1287,0.61368,0.045228,6.1368e-06,0.045228,0.61368,4.5228e-07,6.1368e-06,4.5228e-07,0.0,0.0,0.0,0.0,4.642e-05,0.0,0.0,0.0,0.001,0.0,0.0,0.0,0.0,0.001,4.642e-05,0.0
24549507.0,4995000000.0,5000000.0,5.0,0.0,0.1287,0.1287,0.1287,0.1287,0.61368,0.045228,0.005339,0.045228,0.61368,0.036183,0.005339,0.036183,0.0,0.0,0.0,0.0,4.642e-09,0.0,0.0,0.0,1e-07,0.0,0.0,0.0,0.0,1e-07,4.642e-09,0.0
24549466.0,4995000000.0,5000000.0,5.0,0.0,0.1287,0.1287,0.1287,0.1287,0.61368,0.045228,0.005339,0.045228,0.61368,0.0037856,0.005339,0.0037856,0.0,0.0,0.0,0.0,1e-07,0.0,0.0,0.0,2.154e-06,0.0,0.0,0.0,0.0,2.154e-06,1e-07,0.0
24549431.0,4995000000.0,5000000.0,5.0,0.0,0.1287,0.1287,0.1287,0.1287,0.61368,0.045228,0.005339,0.045228,0.61368,0.00039349,0.005339,0.00039349,0.0,0.0,0.0,0.0,4.642e-05,0.0,0.0,0.0,2.154e-06,0.0,0.0,0.0,0.0,2.154e-06,4.642e-05,0.0
24547993.0,4995000000.0,5000000.0,5.0,0.0,0.1287,0.1287,0.1287,0.1287,0.61368,0.045228,0.0,0.045228,0.61368,4.1366e-05,0.0,4.1366e-05,0.0,0.0,0.0,0.0,1e-07,0.0,0.0,0.0,2.154e-10,0.0,0.0,0.0,0.0,2.154e-10,1e-07,0.0
24548346.0,4995000000.0,5000000.0,5.0,0.0,0.1287,0.1287,0.1287,0.1287,0.61368,0.045228,6.1368e-06,0.045228,0.61368,4.1366e-05,6.1368e-06,4.1366e-05,0.0,0.0,0.0,0.0,2.154e-06,0.0,0.0,0.0,2.154e-06,0.0,0.0,0.0,0.0,2.154e-06,2.154e-06,0.0
24549702.0,4995000000.0,5000000.0,5.0,0.0,0.1287,0.1287,0.1287,0.1287,0.61368,0.045228,0.051365,0.045228,0.61368,4.1366e-05,0.051365,4.1366e-05,0.0,0.0,0.0,0.0,4.642e-09,0.0,0.0,0.0,4.642e-09,0.0,0.0,0.0,0.0,4.642e-09,4.642e-09,0.0
24547995.0,4995000000.0,5000000.0,5.0,0.0,0.1287,0.1287,0.1287,0.1287,0.61368,0.045228,0.0,0.045228,0.61368,4.1366e-05,0.0,4.1366e-05,0.0,0.0,0.0,0.0,1e-07,0.0,0.0,0.0,1e-07,0.0,0.0,0.0,0.0,1e-07,1e-07,0.0
24548953.0,4995000000.0,5000000.0,5.0,0.0,0.1287,0.1287,0.1287,0.1287,0.61368,0.045228,0.00056128,0.045228,0.61368,4.3254e-06,0.00056128,4.3254e-06,0.0,0.0,0.0,0.0,1e-11,0.0,0.0,0.0,4.642e-09,0.0,0.0,0.0,0.0,4.642e-09,1e-11,0.0
24549227.0,4995000000.0,5000000.0,5.0,0.0,0.1287,0.1287,0.1287,0.1287,0.61368,0.045228,0.005339,0.045228,0.61368,0.0,0.005339,0.0,0.0,0.0,0.0,0.0,2.154e-06,0.0,0.0,0.0,1e-07,0.0,0.0,0.0,0.0,1e-07,2.154e-06,0.0
24549540.0,4995000000.0,5000000.0,5.0,0.0,0.1287,0.1287,0.1287,0.1287,0.61368,0.045228,0.051365,0.045228,0.61368,0.0,0.051365,0.0,0.0,0.0,0.0,0.0,1e-11,0.0,0.0,0.0,2.154e-10,0.0,0.0,0.0,0.0,2.154e-10,1e-11,0.0
24548930.0,4995000000.0,5000000.0,5.0,0.0,0.1287,0.1287,0.1287,0.1287,0.61368,0.045228,0.00056128,0.045228,0.61368,4.5228e-07,0.00056128,4.5228e-07,0.0,0.0,0.0,0.0,2.154e-06,0.0,0.0,0.0,1e-11,0.0,0.0,0.0,0.0,1e-11,2.154e-06,0.0
24548448.0,4995000000.0,5000000.0,5.0,0.0,0.1287,0.1287,0.1287,0.1287,0.61368,0.045228,6.1368e-06,0.045228,0.61368,0.0037856,6.1368e-06,0.0037856,0.0,0.0,0.0,0.0,4.642e-05,0.0,0.0,0.0,2.154e-10,0.0,0.0,0.0,0.0,2.154e-10,4.642e-05,0.0
24548302.0,4995000000.0,5000000.0,5.0,0.0,0.1287,0.1287,0.1287,0.1287,0.61368,0.045228,6.1368e-06,0.045228,0.61368,4.3254e-06,6.1368e-06,4.3254e-06,0.0,0.0,0.0,0.0,4.642e-05,0.0,0.0,0.0,4.642e-09,0.0,0.0,0.0,0.0,4.642e-09,4.642e-05,0.0
24547962.0,4995000000.0,5000000.0,5.0,0.0,0.1287,0.1287,0.1287,0.1287,0.61368,0.045228,0.0,0.045228,0.61368,4.3254e-06,0.0,4.3254e-06,0.0,0.0,0.0,0.0,4.642e-05,0.0,0.0,0.0,4.642e-05,0.0,0.0,0.0,0.0,4.642e-05,4.642e-05,0.0
24548654.0,4995000000.0,5000000.0,5.0,0.0,0.1287,0.1287,0.1287,0.1287,0.61368,0.045228,5.8689e-05,0.045228,0.61368,4.3254e-06,5.8689e-05,4.3254e-06,0.0,0.0,0.0,0.0,0.001,0.0,0.0,0.0,2.154e-06,0.0,0.0,0.0,0.0,2.154e-06,0.001,0.0
24548176.0,4995000000.0,5000000.0,5.0,0.0,0.1287,0.1287,0.1287,0.1287,0.61368,0.045228,6.1368e-06,0.045228,0.61368,0.0,6.1368e-06,0.0,0.0,0.0,0.0,0.0,2.154e-10,0.0,0.0,0.0,4.642e-09,0.0,0.0,0.0,0.0,4.642e-09,2.154e-10,0.0
24548015.0,4995000000.0,5000000.0,5.0,0.0,0.1287,0.1287,0.1287,0.1287,0.61368,0.045228,0.0,0.045228,0.61368,4.1366e-05,0.0,4.1366e-05,0.0,0.0,0.0,0.0,0.001,0.0,0.0,0.0,4.642e-09,0.0,0.0,0.0,0.0,4.642e-09,0.001,0.0
24549799.0,4995000000.0,5000000.0,5.0,0.0,0.1287,0.1287,0.1287,0.1287,0.61368,0.045228,0.051365,0.045228,0.61368,0.0037856,0.051365,0.0037856,0.0,0.0,0.0,0.0,4.642e-09,0.0,0.0,0.0,2.154e-10,0.0,0.0,0.0,0.0,2.154e-10,4.642e-09,0.0
24548744.0,4995000000.0,5000000.0,5.0,0.0,0.1287,0.1287,0.1287,0.1287,0.61368,0.045228,5.8689e-05,0.045228,0.61368,0.00039349,5.8689e-05,0.00039349,0.0,0.0,0.0,0.0,4.642e-05,0.0,0.0,0.0,1e-07,0.0,0.0,0.0,0.0,1e-07,4.642e-05,0.0
24548752.0,4995000000.0,5000000.0,5.0,0.0,0.1287,0.1287,0.1287,0.1287,0.61368,0.045228,5.8689e-05,0.045228,0.61368,0.00039349,5.8689e-05,0.00039349,0.0,0.0,0.0,0.0,0.001,0.0,0.0,0.0,2.154e-06,0.0,0.0,0.0,0.0,2.154e-06,0.001,0.0
24549215.0,4995000000.0,5000000.0,5.0,0.0,0.1287,0.1287,0.1287,0.1287,0.61368,0.045228,0.005339,0.045228,0.61368,0.0,0.005339,0.0,0.0,0.0,0.0,0.0,4.642e-09,0.0,0.0,0.0,4.642e-05,0.0,0.0,0.0,0.0,4.642e-05,4.642e-09,0.0
24548310.0,4995000000.0,5000000.0,5.0,0.0,0.1287,0.1287,0.1287,0.1287,0.61368,0.045228,6.1368e-06,0.045228,0.61368,4.3254e-06,6.1368e-06,4.3254e-06,0.0,0.0,0.0,0.0,0.001,0.0,0.0,0.0,1e-07,0.0,0.0,0.0,0.0,1e-07,0.001,0.0
24549601.0,4995000000.0,5000000.0,5.0,0.0,0.1287,0.1287,0.1287,0.1287,0.61368,0.045228,0.051365,0.045228,0.61368,4.5228e-07,0.051365,4.5228e-07,0.0,0.0,0.0,0.0,2.154e-10,0.0,0.0,0.0,0.001,0.0,0.0,0.0,0.0,0.001,2.154e-10,0.0
24548147.0,4995000000.0,5000000.0,5.0,0.0,0.1287,0.1287,0.1287,0.1287,0.61368,0.045228,0.0,0.045228,0.61368,0.036183,0.0,0.036183,0.0,0.0,0.0,0.0,2.154e-06,0.0,0.0,0.0,2.154e-10,0.0,0.0,0.0,0.0,2.154e-10,2.154e-06,0.0
24549246.0,4995000000.0,5000000.0,5.0,0.0,0.1287,0.1287,0.1287,0.1287,0.61368,0.045228,0.005339,0.045228,0.61368,4.5228e-07,0.005339,4.5228e-07,0.0,0.0,0.0,0.0,1e-11,0.0,0.0,0.0,2.154e-10,0.0,0.0,0.0,0.0,2.154e-10,1e-11,0.0
24549278.0,4995000000.0,5000000.0,5.0,0.0,0.1287,0.1287,0.1287,0.1287,0.61368,0.045228,0.005339,0.045228,0.61368,4.5228e-07,0.005339,4.5228e-07,0.0,0.0,0.0,0.0,2.154e-06,0.0,0.0,0.0,4.642e-05,0.0,0.0,0.0,0.0,4.642e-05,2.154e-06,0.0
24548392.0,4995000000.0,5000000.0,5.0,0.0,0.1287,0.1287,0.1287,0.1287,0.61368,0.045228,6.1368e-06,0.045228,0.61368,0.00039349,6.1368e-06,0.00039349,0.0,0.0,0.0,0.0,2.154e-06,0.0,0.0,0.0,2.154e-10,0.0,0.0,0.0,0.0,2.154e-10,2.154e-06,0.0
24549538.0,4995000000.0,5000000.0,5.0,0.0,0.1287,0.1287,0.1287,0.1287,0.61368,0.045228,0.005339,0.045228,0.61368,0.036183,0.005339,0.036183,0.0,0.0,0.0,0.0,0.001,0.0,0.0,0.0,0.001,0.0,0.0,0.0,0.0,0.001,0.001,0.0
24549548.0,4995000000.0,5000000.0,5.0,0.0,0.1287,0.1287,0.1287,0.1287,0.61368,0.045228,0.051365,0.045228,0.61368,0.0,0.051365,0.0,0.0,0.0,0.0,0.0,2.154e-10,0.0,0.0,0.0,4.642e-09,0.0,0.0,0.0,0.0,4.642e-09,2.154e-10,0.0
24549781.0,4995000000.0,5000000.0,5.0,0.0,0.1287,0.1287,0.1287,0.1287,0.61368,0.045228,0.051365,0.045228,0.61368,0.00039349,0.051365,0.00039349,0.0,0.0,0.0,0.0,0.001,0.0,0.0,0.0,2.154e-06,0.0,0.0,0.0,0.0,2.154e-06,0.001,0.0
24549627.0,4995000000.0,5000000.0,5.0,0.0,0.1287,0.1287,0.1287,0.1287,0.61368,0.045228,0.051365,0.045228,0.61368,4.5228e-07,0.051365,4.5228e-07,0.0,0.0,0.0,0.0,4.642e-05,0.0,0.0,0.0,2.154e-06,0.0,0.0,0.0,0.0,2.154e-06,4.642e-05,0.0
24547921.0,4995000000.0,5000000.0,5.0,0.0,0.1287,0.1287,0.1287,0.1287,0.61368,0.045228,0.0,0.045228,0.61368,4.5228e-07,0.0,4.5228e-07,0.0,0.0,0.0,0.0,0.001,0.0,0.0,0.0,0.001,0.0,0.0,0.0,0.0,0.001,0.001,0.0
24548242.0,4995000000.0,5000000.0,5.0,0.0,0.1287,0.1287,0.1287,0.1287,0.61368,0.045228,6.1368e-06,0.045228,0.61368,4.5228e-07,6.1368e-06,4.5228e-07,0.0,0.0,0.0,0.0,1e-07,0.0,0.0,0.0,4.642e-05,0.0,0.0,0.0,0.0,4.642e-05,1e-07,0.0
24548283.0,4995000000.0,5000000.0,5.0,0.0,0.1287,0.1287,0.1287,0.1287,0.61368,0.045228,6.1368e-06,0.045228,0.61368,4.3254e-06,6.1368e-06,4.3254e-06,0.0,0.0,0.0,0.0,4.642e-09,0.0,0.0,0.0,2.154e-06,0.0,0.0,0.0,0.0,2.154e-06,4.642e-09,0.0
24549239.0,4995000000.0,5000000.0,5.0,0.0,0.1287,0.1287,0.1287,0.1287,0.61368,0.045228,0.005339,0.045228,0.61368,0.0,0.005339,0.0,0.0,0.0,0.0,0.0,0.001,0.0,0.0,0.0,2.154e-10,0.0,0.0,0.0,0.0,2.154e-10,0.001,0.0
24548016.0,4995000000.0,5000000.0,5.0,0.0,0.1287,0.1287,0.1287,0.1287,0.61368,0.045228,0.0,0.045228,0.61368,4.1366e-05,0.0,4.1366e-05,0.0,0.0,0.0,0.0,0.001,0.0,0.0,0.0,1e-07,0.0,0.0,0.0,0.0,1e-07,0.001,0.0
24548121.0,4995000000.0,5000000.0,5.0,0.0,0.1287,0.1287,0.1287,0.1287,0.61368,0.045228,0.0,0.045228,0.61368,0.036183,0.0,0.036183,0.0,0.0,0.0,0.0,1e-11,0.0,0.0,0.0,1e-07,0.0,0.0,0.0,0.0,1e-07,1e-11,0.0
24548109.0,4995000000.0,5000000.0,5.0,0.0,0.1287,0.1287,0.1287,0.1287,0.61368,0.045228,0.0,0.045228,0.61368,0.0037856,0.0,0.0037856,0.0,0.0,0.0,0.0,4.642e-05,0.0,0.0,0.0,4.642e-05,0.0,0.0,0.0,0.0,4.642e-05,4.642e-05,0.0
24548365.0,4995000000.0,5000000.0,5.0,0.0,0.1287,0.1287,0.1287,0.1287,0.61368,0.045228,6.1368e-06,0.045228,0.61368,0.00039349,6.1368e-06,0.00039349,0.0,0.0,0.0,0.0,1e-11,0.0,0.0,0.0,4.642e-09,0.0,0.0,0.0,0.0,4.642e-09,1e-11,0.0
24548853.0,4995000000.0,5000000.0,5.0,0.0,0.1287,0.1287,0.1287,0.1287,0.61368,0.045228,0.00056128,0.045228,0.61368,0.0,0.00056128,0.0,0.0,0.0,0.0,0.0,1e-11,0.0,0.0,0.0,1e-11,0.0,0.0,0.0,0.0,1e-11,1e-11,0.0
24549111.0,4995000000.0,5000000.0,5.0,0.0,0.1287,0.1287,0.1287,0.1287,0.61368,0.045228,0.00056128,0.045228,0.61368,0.0037856,0.00056128,0.0037856,0.0,0.0,0.0,0.0,2.154e-10,0.0,0.0,0.0,0.001,0.0,0.0,0.0,0.0,0.001,2.154e-10,0.0
24548684.0,4995000000.0,5000000.0,5.0,0.0,0.1287,0.1287,0.1287,0.1287,0.61368,0.045228,5.8689e-05,0.045228,0.61368,4.1366e-05,5.8689e-05,4.1366e-05,0.0,0.0,0.0,0.0,1e-07,0.0,0.0,0.0,0.001,0.0,0.0,0.0,0.0,0.001,1e-07,0.0
24548926.0,4995000000.0,5000000.0,5.0,0.0,0.1287,0.1287,0.1287,0.1287,0.61368,0.045228,0.00056128,0.045228,0.61368,4.5228e-07,0.00056128,4.5228e-07,0.0,0.0,0.0,0.0,1e-07,0.0,0.0,0.0,1e-07,0.0,0.0,0.0,0.0,1e-07,1e-07,0.0
24548459.0,4995000000.0,5000000.0,5.0,0.0,0.1287,0.1287,0.1287,0.1287,0.61368,0.045228,6.1368e-06,0.045228,0.61368,0.0037856,6.1368e-06,0.0037856,0.0,0.0,0.0,0.0,0.001,0.0,0.0,0.0,4.642e-05,0.0,0.0,0.0,0.0,4.642e-05,0.001,0.0
24549231.0,4995000000.0,5000000.0,5.0,0.0,0.1287,0.1287,0.1287,0.1287,0.61368,0.045228,0.005339,0.045228,0.61368,0.0,0.005339,0.0,0.0,0.0,0.0,0.0,4.642e-05,0.0,0.0,0.0,1e-11,0.0,0.0,0.0,0.0,1e-11,4.642e-05,0.0
24547986.0,4995000000.0,5000000.0,5.0,0.0,0.1287,0.1287,0.1287,0.1287,0.61368,0.045228,0.0,0.045228,0.61368,4.1366e-05,0.0,4.1366e-05,0.0,0.0,0.0,0.0,4.642e-09,0.0,0.0,0.0,2.154e-10,0.0,0.0,0.0,0.0,2.154e-10,4.642e-09,0.0
24548390.0,4995000000.0,5000000.0,5.0,0.0,0.1287,0.1287,0.1287,0.1287,0.61368,0.045228,6.1368e-06,0.045228,0.61368,0.00039349,6.1368e-06,0.00039349,0.0,0.0,0.0,0.0,1e-07,0.0,0.0,0.0,0.001,0.0,0.0,0.0,0.0,0.001,1e-07,0.0
24548679.0,4995000000.0,5000000.0,5.0,0.0,0.1287,0.1287,0.1287,0.1287,0.61368,0.045228,5.8689e-05,0.045228,0.61368,4.1366e-05,5.8689e-05,4.1366e-05,0.0,0.0,0.0,0.0,1e-07,0.0,0.0,0.0,2.154e-10,0.0,0.0,0.0,0.0,2.154e-10,1e-07,0.0
24549097.0,4995000000.0,5000000.0,5.0,0.0,0.1287,0.1287,0.1287,0.1287,0.61368,0.045228,0.00056128,0.045228,0.61368,0.00039349,0.00056128,0.00039349,0.0,0.0,0.0,0.0,0.001,0.0,0.0,0.0,0.001,0.0,0.0,0.0,0.0,0.001,0.001,0.0
24547881.0,4995000000.0,5000000.0,5.0,0.0,0.1287,0.1287,0.1287,0.1287,0.61368,0.045228,0.0,0.045228,0.61368,4.5228e-07,0.0,4.5228e-07,0.0,0.0,0.0,0.0,2.154e-10,0.0,0.0,0.0,2.154e-10,0.0,0.0,0.0,0.0,2.154e-10,2.154e-10,0.0
24548106.0,4995000000.0,5000000.0,5.0,0.0,0.1287,0.1287,0.1287,0.1287,0.61368,0.045228,0.0,0.045228,0.61368,0.0037856,0.0,0.0037856,0.0,0.0,0.0,0.0,4.642e-05,0.0,0.0,0.0,4.642e-09,0.0,0.0,0.0,0.0,4.642e-09,4.642e-05,0.0
24549225.0,4995000000.0,5000000.0,5.0,0.0,0.1287,0.1287,0.1287,0.1287,0.61368,0.045228,0.005339,0.045228,0.61368,0.0,0.005339,0.0,0.0,0.0,0.0,0.0,2.154e-06,0.0,0.0,0.0,2.154e-10,0.0,0.0,0.0,0.0,2.154e-10,2.154e-06,0.0
24549755.0,4995000000.0,5000000.0,5.0,0.0,0.1287,0.1287,0.1287,0.1287,0.61368,0.045228,0.051365,0.045228,0.61368,0.00039349,0.051365,0.00039349,0.0,0.0,0.0,0.0,4.642e-09,0.0,0.0,0.0,0.001,0.0,0.0,0.0,0.0,0.001,4.642e-09,0.0
24548273.0,4995000000.0,5000000.0,5.0,0.0,0.1287,0.1287,0.1287,0.1287,0.61368,0.045228,6.1368e-06,0.045228,0.61368,4.3254e-06,6.1368e-06,4.3254e-06,0.0,0.0,0.0,0.0,2.154e-10,0.0,0.0,0.0,2.154e-10,0.0,0.0,0.0,0.0,2.154e-10,2.154e-10,0.0
24548258.0,4995000000.0,5000000.0,5.0,0.0,0.1287,0.1287,0.1287,0.1287,0.61368,0.045228,6.1368e-06,0.045228,0.61368,4.5228e-07,6.1368e-06,4.5228e-07,0.0,0.0,0.0,0.0,0.001,0.0,0.0,0.0,1e-11,0.0,0.0,0.0,0.0,1e-11,0.001,0.0
24548877.0,4995000000.0,5000000.0,5.0,0.0,0.1287,0.1287,0.1287,0.1287,0.61368,0.045228,0.00056128,0.045228,0.61368,0.0,0.00056128,0.0,0.0,0.0,0.0,0.0,1e-07,0.0,0.0,0.0,1e-07,0.0,0.0,0.0,0.0,1e-07,1e-07,0.0
24549459.0,4995000000.0,5000000.0,5.0,0.0,0.1287,0.1287,0.1287,0.1287,0.61368,0.045228,0.005339,0.045228,0.61368,0.0037856,0.005339,0.0037856,0.0,0.0,0.0,0.0,4.642e-09,0.0,0.0,0.0,2.154e-06,0.0,0.0,0.0,0.0,2.154e-06,4.642e-09,0.0
24549075.0,4995000000.0,5000000.0,5.0,0.0,0.1287,0.1287,0.1287,0.1287,0.61368,0.045228,0.00056128,0.045228,0.61368,0.00039349,0.00056128,0.00039349,0.0,0.0,0.0,0.0,1e-07,0.0,0.0,0.0,4.642e-05,0.0,0.0,0.0,0.0,4.642e-05,1e-07,0.0
24547992.0,4995000000.0,5000000.0,5.0,0.0,0.1287,0.1287,0.1287,0.1287,0.61368,0.045228,0.0,0.045228,0.61368,4.1366e-05,0.0,4.1366e-05,0.0,0.0,0.0,0.0,1e-07,0.0,0.0,0.0,1e-11,0.0,0.0,0.0,0.0,1e-11,1e-07,0.0
24548303.0,4995000000.0,5000000.0,5.0,0.0,0.1287,0.1287,0.1287,0.1287,0.61368,0.045228,6.1368e-06,0.045228,0.61368,4.3254e-06,6.1368e-06,4.3254e-06,0.0,0.0,0.0,0.0,4.642e-05,0.0,0.0,0.0,1e-07,0.0,0.0,0.0,0.0,1e-07,4.642e-05,0.0
24549778.0,4995000000.0,5000000.0,5.0,0.0,0.1287,0.1287,0.1287,0.1287,0.61368,0.045228,0.051365,0.045228,0.61368,0.00039349,0.051365,0.00039349,0.0,0.0,0.0,0.0,0.001,0.0,0.0,0.0,2.154e-10,0.0,0.0,0.0,0.0,2.154e-10,0.001,0.0
24549003.0,4995000000.0,5000000.0,5.0,0.0,0.1287,0.1287,0.1287,0.1287,0.61368,0.045228,0.00056128,0.045228,0.61368,4.1366e-05,0.00056128,4.1366e-05,0.0,0.0,0.0,0.0,1e-11,0.0,0.0,0.0,1e-07,0.0,0.0,0.0,0.0,1e-07,1e-11,0.0
24548499.0,4995000000.0,5000000.0,5.0,0.0,0.1287,0.1287,0.1287,0.1287,0.61368,0.045228,6.1368e-06,0.045228,0.61368,0.036183,6.1368e-06,0.036183,0.0,0.0,0.0,0.0,4.642e-05,0.0,0.0,0.0,1e-07,0.0,0.0,0.0,0.0,1e-07,4.642e-05,0.0
24548358.0,4995000000.0,5000000.0,5.0,0.0,0.1287,0.1287,0.1287,0.1287,0.61368,0.045228,6.1368e-06,0.045228,0.61368,4.1366e-05,6.1368e-06,4.1366e-05,0.0,0.0,0.0,0.0,0.001,0.0,0.0,0.0,4.642e-09,0.0,0.0,0.0,0.0,4.642e-09,0.001,0.0
24549849.0,4995000000.0,5000000.0,5.0,0.0,0.1287,0.1287,0.1287,0.1287,0.61368,0.045228,0.051365,0.045228,0.61368,0.036183,0.051365,0.036183,0.0,0.0,0.0,0.0,4.642e-09,0.0,0.0,0.0,4.642e-09,0.0,0.0,0.0,0.0,4.642e-09,4.642e-09,0.0
24549020.0,4995000000.0,5000000.0,5.0,0.0,0.1287,0.1287,0.1287,0.1287,0.61368,0.045228,0.00056128,0.045228,0.61368,4.1366e-05,0.00056128,4.1366e-05,0.0,0.0,0.0,0.0,4.642e-09,0.0,0.0,0.0,0.001,0.0,0.0,0.0,0.0,0.001,4.642e-09,0.0
24547969.0,4995000000.0,5000000.0,5.0,0.0,0.1287,0.1287,0.1287,0.1287,0.61368,0.045228,0.0,0.045228,0.61368,4.3254e-06,0.0,4.3254e-06,0.0,0.0,0.0,0.0,0.001,0.0,0.0,0.0,4.642e-05,0.0,0.0,0.0,0.0,4.642e-05,0.001,0.0
24548669.0,4995000000.0,5000000.0,5.0,0.0,0.1287,0.1287,0.1287,0.1287,0.61368,0.045228,5.8689e-05,0.045228,0.61368,4.1366e-05,5.8689e-05,4.1366e-05,0.0,0.0,0.0,0.0,2.154e-10,0.0,0.0,0.0,4.642e-05,0.0,0.0,0.0,0.0,4.642e-05,2.154e-10,0.0
24548527.0,4995000000.0,5000000.0,5.0,0.0,0.1287,0.1287,0.1287,0.1287,0.61368,0.045228,5.8689e-05,0.045228,0.61368,0.0,5.8689e-05,0.0,0.0,0.0,0.0,0.0,4.642e-09,0.0,0.0,0.0,1e-07,0.0,0.0,0.0,0.0,1e-07,4.642e-09,0.0
24548546.0,4995000000.0,5000000.0,5.0,0.0,0.1287,0.1287,0.1287,0.1287,0.61368,0.045228,5.8689e-05,0.045228,0.61368,0.0,5.8689e-05,0.0,0.0,0.0,0.0,0.0,4.642e-05,0.0,0.0,0.0,2.154e-10,0.0,0.0,0.0,0.0,2.154e-10,4.642e-05,0.0
24548200.0,4995000000.0,5000000.0,5.0,0.0,0.1287,0.1287,0.1287,0.1287,0.61368,0.045228,6.1368e-06,0.045228,0.61368,0.0,6.1368e-06,0.0,0.0,0.0,0.0,0.0,2.154e-06,0.0,0.0,0.0,4.642e-05,0.0,0.0,0.0,0.0,4.642e-05,2.154e-06,0.0
24548022.0,4995000000.0,5000000.0,5.0,0.0,0.1287,0.1287,0.1287,0.1287,0.61368,0.045228,0.0,0.045228,0.61368,0.00039349,0.0,0.00039349,0.0,0.0,0.0,0.0,1e-11,0.0,0.0,0.0,4.642e-09,0.0,0.0,0.0,0.0,4.642e-09,1e-11,0.0
24549587.0,4995000000.0,5000000.0,5.0,0.0,0.1287,0.1287,0.1287,0.1287,0.61368,0.045228,0.051365,0.045228,0.61368,0.0,0.051365,0.0,0.0,0.0,0.0,0.0,0.001,0.0,0.0,0.0,0.001,0.0,0.0,0.0,0.0,0.001,0.001,0.0
24549717.0,4995000000.0,5000000.0,5.0,0.0,0.1287,0.1287,0.1287,0.1287,0.61368,0.045228,0.051365,0.045228,0.61368,4.1366e-05,0.051365,4.1366e-05,0.0,0.0,0.0,0.0,2.154e-06,0.0,0.0,0.0,1e-07,0.0,0.0,0.0,0.0,1e-07,2.154e-06,0.0
24547998.0,4995000000.0,5000000.0,5.0,0.0,0.1287,0.1287,0.1287,0.1287,0.61368,0.045228,0.0,0.045228,0.61368,4.1366e-05,0.0,4.1366e-05,0.0,0.0,0.0,0.0,1e-07,0.0,0.0,0.0,0.001,0.0,0.0,0.0,0.0,0.001,1e-07,0.0
24549570.0,4995000000.0,5000000.0,5.0,0.0,0.1287,0.1287,0.1287,0.1287,0.61368,0.045228,0.051365,0.045228,0.61368,0.0,0.051365,0.0,0.0,0.0,0.0,0.0,2.154e-06,0.0,0.0,0.0,1e-07,0.0,0.0,0.0,0.0,1e-07,2.154e-06,0.0
24548975.0,4995000000.0,5000000.0,5.0,0.0,0.1287,0.1287,0.1287,0.1287,0.61368,0.045228,0.00056128,0.045228,0.61368,4.3254e-06,0.00056128,4.3254e-06,0.0,0.0,0.0,0.0,1e-07,0.0,0.0,0.0,1e-07,0.0,0.0,0.0,0.0,1e-07,1e-07,0.0
24548428.0,4995000000.0,5000000.0,5.0,0.0,0.1287,0.1287,0.1287,0.1287,0.61368,0.045228,6.1368e-06,0.045228,0.61368,0.0037856,6.1368e-06,0.0037856,0.0,0.0,0.0,0.0,4.642e-09,0.0,0.0,0.0,4.642e-09,0.0,0.0,0.0,0.0,4.642e-09,4.642e-09,0.0
24548415.0,4995000000.0,5000000.0,5.0,0.0,0.1287,0.1287,0.1287,0.1287,0.61368,0.045228,6.1368e-06,0.045228,0.61368,0.0037856,6.1368e-06,0.0037856,0.0,0.0,0.0,0.0,1e-11,0.0,0.0,0.0,1e-07,0.0,0.0,0.0,0.0,1e-07,1e-11,0.0
24548054.0,4995000000.0,5000000.0,5.0,0.0,0.1287,0.1287,0.1287,0.1287,0.61368,0.045228,0.0,0.045228,0.61368,0.00039349,0.0,0.00039349,0.0,0.0,0.0,0.0,2.154e-06,0.0,0.0,0.0,0.001,0.0,0.0,0.0,0.0,0.001,2.154e-06,0.0
24548498.0,4995000000.0,5000000.0,5.0,0.0,0.1287,0.1287,0.1287,0.1287,0.61368,0.045228,6.1368e-06,0.045228,0.61368,0.036183,6.1368e-06,0.036183,0.0,0.0,0.0,0.0,4.642e-05,0.0,0.0,0.0,4.642e-09,0.0,0.0,0.0,0.0,4.642e-09,4.642e-05,0.0
24549677.0,4995000000.0,5000000.0,5.0,0.0,0.1287,0.1287,0.1287,0.1287,0.61368,0.045228,0.051365,0.045228,0.61368,4.3254e-06,0.051365,4.3254e-06,0.0,0.0,0.0,0.0,4.642e-05,0.0,0.0,0.0,4.642e-05,0.0,0.0,0.0,0.0,4.642e-05,4.642e-05,0.0
24548426.0,4995000000.0,5000000.0,5.0,0.0,0.1287,0.1287,0.1287,0.1287,0.61368,0.045228,6.1368e-06,0.045228,0.61368,0.0037856,6.1368e-06,0.0037856,0.0,0.0,0.0,0.0,4.642e-09,0.0,0.0,0.0,1e-11,0.0,0.0,0.0,0.0,1e-11,4.642e-09,0.0
24549334.0,4995000000.0,5000000.0,5.0,0.0,0.1287,0.1287,0.1287,0.1287,0.61368,0.045228,0.005339,0.045228,0.61368,4.3254e-06,0.005339,4.3254e-06,0.0,0.0,0.0,0.0,4.642e-05,0.0,0.0,0.0,4.642e-05,0.0,0.0,0.0,0.0,4.642e-05,4.642e-05,0.0
24549054.0,4995000000.0,5000000.0,5.0,0.0,0.1287,0.1287,0.1287,0.1287,0.61368,0.045228,0.00056128,0.045228,0.61368,0.00039349,0.00056128,0.00039349,0.0,0.0,0.0,0.0,1e-11,0.0,0.0,0.0,4.642e-05,0.0,0.0,0.0,0.0,4.642e-05,1e-11,0.0
24547867.0,4995000000.0,5000000.0,5.0,0.0,0.1287,0.1287,0.1287,0.1287,0.61368,0.045228,0.0,0.045228,0.61368,0.0,0.0,0.0,0.0,0.0,0.0,0.0,0.001,0.0,0.0,0.0,2.154e-10,0.0,0.0,0.0,0.0,2.154e-10,0.001,0.0
24547882.0,4995000000.0,5000000.0,5.0,0.0,0.1287,0.1287,0.1287,0.1287,0.61368,0.045228,0.0,0.045228,0.61368,4.5228e-07,0.0,4.5228e-07,0.0,0.0,0.0,0.0,2.154e-10,0.0,0.0,0.0,4.642e-09,0.0,0.0,0.0,0.0,4.642e-09,2.154e-10,0.0
24549537.0,4995000000.0,5000000.0,5.0,0.0,0.1287,0.1287,0.1287,0.1287,0.61368,0.045228,0.005339,0.045228,0.61368,0.036183,0.005339,0.036183,0.0,0.0,0.0,0.0,0.001,0.0,0.0,0.0,4.642e-05,0.0,0.0,0.0,0.0,4.642e-05,0.001,0.0
24548325.0,4995000000.0,5000000.0,5.0,0.0,0.1287,0.1287,0.1287,0.1287,0.61368,0.045228,6.1368e-06,0.045228,0.61368,4.1366e-05,6.1368e-06,4.1366e-05,0.0,0.0,0.0,0.0,2.154e-10,0.0,0.0,0.0,2.154e-06,0.0,0.0,0.0,0.0,2.154e-06,2.154e-10,0.0
24548070.0,4995000000.0,5000000.0,5.0,0.0,0.1287,0.1287,0.1287,0.1287,0.61368,0.045228,0.0,0.045228,0.61368,0.0037856,0.0,0.0037856,0.0,0.0,0.0,0.0,1e-11,0.0,0.0,0.0,2.154e-10,0.0,0.0,0.0,0.0,2.154e-10,1e-11,0.0
24549366.0,4995000000.0,5000000.0,5.0,0.0,0.1287,0.1287,0.1287,0.1287,0.61368,0.045228,0.005339,0.045228,0.61368,4.1366e-05,0.005339,4.1366e-05,0.0,0.0,0.0,0.0,1e-07,0.0,0.0,0.0,4.642e-09,0.0,0.0,0.0,0.0,4.642e-09,1e-07,0.0
24548120.0,4995000000.0,5000000.0,5.0,0.0,0.1287,0.1287,0.1287,0.1287,0.61368,0.045228,0.0,0.045228,0.61368,0.036183,0.0,0.036183,0.0,0.0,0.0,0.0,1e-11,0.0,0.0,0.0,4.642e-09,0.0,0.0,0.0,0.0,4.642e-09,1e-11,0.0
24548693.0,4995000000.0,5000000.0,5.0,0.0,0.1287,0.1287,0.1287,0.1287,0.61368,0.045228,5.8689e-05,0.045228,0.61368,4.1366e-05,5.8689e-05,4.1366e-05,0.0,0.0,0.0,0.0,4.642e-05,0.0,0.0,0.0,2.154e-10,0.0,0.0,0.0,0.0,2.154e-10,4.642e-05,0.0
24547916.0,4995000000.0,5000000.0,5.0,0.0,0.1287,0.1287,0.1287,0.1287,0.61368,0.045228,0.0,0.045228,0.61368,4.5228e-07,0.0,4.5228e-07,0.0,0.0,0.0,0.0,0.001,0.0,0.0,0.0,2.154e-10,0.0,0.0,0.0,0.0,2.154e-10,0.001,0.0
24548984.0,4995000000.0,5000000.0,5.0,0.0,0.1287,0.1287,0.1287,0.1287,0.61368,0.045228,0.00056128,0.045228,0.61368,4.3254e-06,0.00056128,4.3254e-06,0.0,0.0,0.0,0.0,2.154e-06,0.0,0.0,0.0,4.642e-05,0.0,0.0,0.0,0.0,4.642e-05,2.154e-06,0.0
24549808.0,4995000000.0,5000000.0,5.0,0.0,0.1287,0.1287,0.1287,0.1287,0.61368,0.045228,0.051365,0.045228,0.61368,0.0037856,0.051365,0.0037856,0.0,0.0,0.0,0.0,1e-07,0.0,0.0,0.0,1e-07,0.0,0.0,0.0,0.0,1e-07,1e-07,0.0
24548141.0,4995000000.0,5000000.0,5.0,0.0,0.1287,0.1287,0.1287,0.1287,0.61368,0.045228,0.0,0.045228,0.61368,0.036183,0.0,0.036183,0.0,0.0,0.0,0.0,1e-07,0.0,0.0,0.0,4.642e-09,0.0,0.0,0.0,0.0,4.642e-09,1e-07,0.0
24548216.0,4995000000.0,5000000.0,5.0,0.0,0.1287,0.1287,0.1287,0.1287,0.61368,0.045228,6.1368e-06,0.045228,0.61368,4.5228e-07,6.1368e-06,4.5228e-07,0.0,0.0,0.0,0.0,1e-11,0.0,0.0,0.0,1e-11,0.0,0.0,0.0,0.0,1e-11,1e-11,0.0
24549502.0,4995000000.0,5000000.0,5.0,0.0,0.1287,0.1287,0.1287,0.1287,0.61368,0.045228,0.005339,0.045228,0.61368,0.036183,0.005339,0.036183,0.0,0.0,0.0,0.0,2.154e-10,0.0,0.0,0.0,4.642e-05,0.0,0.0,0.0,0.0,4.642e-05,2.154e-10,0.0
24548073.0,4995000000.0,5000000.0,5.0,0.0,0.1287,0.1287,0.1287,0.1287,0.61368,0.045228,0.0,0.045228,0.61368,0.0037856,0.0,0.0037856,0.0,0.0,0.0,0.0,1e-11,0.0,0.0,0.0,2.154e-06,0.0,0.0,0.0,0.0,2.154e-06,1e-11,0.0
24549346.0,4995000000.0,5000000.0,5.0,0.0,0.1287,0.1287,0.1287,0.1287,0.61368,0.045228,0.005339,0.045228,0.61368,4.1366e-05,0.005339,4.1366e-05,0.0,0.0,0.0,0.0,1e-11,0.0,0.0,0.0,1e-07,0.0,0.0,0.0,0.0,1e-07,1e-11,0.0
24549558.0,4995000000.0,5000000.0,5.0,0.0,0.1287,0.1287,0.1287,0.1287,0.61368,0.045228,0.051365,0.045228,0.61368,0.0,0.051365,0.0,0.0,0.0,0.0,0.0,4.642e-09,0.0,0.0,0.0,4.642e-05,0.0,0.0,0.0,0.0,4.642e-05,4.642e-09,0.0
24549169.0,4995000000.0,5000000.0,5.0,0.0,0.1287,0.1287,0.1287,0.1287,0.61368,0.045228,0.00056128,0.045228,0.61368,0.036183,0.00056128,0.036183,0.0,0.0,0.0,0.0,1e-07,0.0,0.0,0.0,2.154e-10,0.0,0.0,0.0,0.0,2.154e-10,1e-07,0.0
24549651.0,4995000000.0,5000000.0,5.0,0.0,0.1287,0.1287,0.1287,0.1287,0.61368,0.045228,0.051365,0.045228,0.61368,4.3254e-06,0.051365,4.3254e-06,0.0,0.0,0.0,0.0,4.642e-09,0.0,0.0,0.0,1e-11,0.0,0.0,0.0,0.0,1e-11,4.642e-09,0.0
24549709.0,4995000000.0,5000000.0,5.0,0.0,0.1287,0.1287,0.1287,0.1287,0.61368,0.045228,0.051365,0.045228,0.61368,4.1366e-05,0.051365,4.1366e-05,0.0,0.0,0.0,0.0,1e-07,0.0,0.0,0.0,4.642e-09,0.0,0.0,0.0,0.0,4.642e-09,1e-07,0.0
24549035.0,4995000000.0,5000000.0,5.0,0.0,0.1287,0.1287,0.1287,0.1287,0.61368,0.045228,0.00056128,0.045228,0.61368,4.1366e-05,0.00056128,4.1366e-05,0.0,0.0,0.0,0.0,4.642e-05,0.0,0.0,0.0,1e-11,0.0,0.0,0.0,0.0,1e-11,4.642e-05,0.0
24548856.0,4995000000.0,5000000.0,5.0,0.0,0.1287,0.1287,0.1287,0.1287,0.61368,0.045228,0.00056128,0.045228,0.61368,0.0,0.00056128,0.0,0.0,0.0,0.0,0.0,1e-11,0.0,0.0,0.0,1e-07,0.0,0.0,0.0,0.0,1e-07,1e-11,0.0
24548798.0,4995000000.0,5000000.0,5.0,0.0,0.1287,0.1287,0.1287,0.1287,0.61368,0.045228,5.8689e-05,0.045228,0.61368,0.0037856,5.8689e-05,0.0037856,0.0,0.0,0.0,0.0,0.001,0.0,0.0,0.0,2.154e-10,0.0,0.0,0.0,0.0,2.154e-10,0.001,0.0
24548067.0,4995000000.0,5000000.0,5.0,0.0,0.1287,0.1287,0.1287,0.1287,0.61368,0.045228,0.0,0.045228,0.61368,0.00039349,0.0,0.00039349,0.0,0.0,0.0,0.0,0.001,0.0,0.0,0.0,4.642e-05,0.0,0.0,0.0,0.0,4.642e-05,0.001,0.0
24548250.0,4995000000.0,5000000.0,5.0,0.0,0.1287,0.1287,0.1287,0.1287,0.61368,0.045228,6.1368e-06,0.045228,0.61368,4.5228e-07,6.1368e-06,4.5228e-07,0.0,0.0,0.0,0.0,2.154e-06,0.0,0.0,0.0,0.001,0.0,0.0,0.0,0.0,0.001,2.154e-06,0.0
24549161.0,4995000000.0,5000000.0,5.0,0.0,0.1287,0.1287,0.1287,0.1287,0.61368,0.045228,0.00056128,0.045228,0.61368,0.036183,0.00056128,0.036183,0.0,0.0,0.0,0.0,4.642e-09,0.0,0.0,0.0,1e-11,0.0,0.0,0.0,0.0,1e-11,4.642e-09,0.0
24549421.0,4995000000.0,5000000.0,5.0,0.0,0.1287,0.1287,0.1287,0.1287,0.61368,0.045228,0.005339,0.045228,0.61368,0.00039349,0.005339,0.00039349,0.0,0.0,0.0,0.0,2.154e-06,0.0,0.0,0.0,2.154e-10,0.0,0.0,0.0,0.0,2.154e-10,2.154e-06,0.0
24548490.0,4995000000.0,5000000.0,5.0,0.0,0.1287,0.1287,0.1287,0.1287,0.61368,0.045228,6.1368e-06,0.045228,0.61368,0.036183,6.1368e-06,0.036183,0.0,0.0,0.0,0.0,2.154e-06,0.0,0.0,0.0,2.154e-10,0.0,0.0,0.0,0.0,2.154e-10,2.154e-06,0.0
24548401.0,4995000000.0,5000000.0,5.0,0.0,0.1287,0.1287,0.1287,0.1287,0.61368,0.045228,6.1368e-06,0.045228,0.61368,0.00039349,6.1368e-06,0.00039349,0.0,0.0,0.0,0.0,4.642e-05,0.0,0.0,0.0,1e-07,0.0,0.0,0.0,0.0,1e-07,4.642e-05,0.0
24548692.0,4995000000.0,5000000.0,5.0,0.0,0.1287,0.1287,0.1287,0.1287,0.61368,0.045228,5.8689e-05,0.045228,0.61368,4.1366e-05,5.8689e-05,4.1366e-05,0.0,0.0,0.0,0.0,4.642e-05,0.0,0.0,0.0,1e-11,0.0,0.0,0.0,0.0,1e-11,4.642e-05,0.0
24549344.0,4995000000.0,5000000.0,5.0,0.0,0.1287,0.1287,0.1287,0.1287,0.61368,0.045228,0.005339,0.045228,0.61368,4.1366e-05,0.005339,4.1366e-05,0.0,0.0,0.0,0.0,1e-11,0.0,0.0,0.0,2.154e-10,0.0,0.0,0.0,0.0,2.154e-10,1e-11,0.0
24549428.0,4995000000.0,5000000.0,5.0,0.0,0.1287,0.1287,0.1287,0.1287,0.61368,0.045228,0.005339,0.045228,0.61368,0.00039349,0.005339,0.00039349,0.0,0.0,0.0,0.0,4.642e-05,0.0,0.0,0.0,2.154e-10,0.0,0.0,0.0,0.0,2.154e-10,4.642e-05,0.0
24548715.0,4995000000.0,5000000.0,5.0,0.0,0.1287,0.1287,0.1287,0.1287,0.61368,0.045228,5.8689e-05,0.045228,0.61368,0.00039349,5.8689e-05,0.00039349,0.0,0.0,0.0,0.0,2.154e-10,0.0,0.0,0.0,4.642e-09,0.0,0.0,0.0,0.0,4.642e-09,2.154e-10,0.0
24548253.0,4995000000.0,5000000.0,5.0,0.0,0.1287,0.1287,0.1287,0.1287,0.61368,0.045228,6.1368e-06,0.045228,0.61368,4.5228e-07,6.1368e-06,4.5228e-07,0.0,0.0,0.0,0.0,4.642e-05,0.0,0.0,0.0,4.642e-09,0.0,0.0,0.0,0.0,4.642e-09,4.642e-05,0.0
24548848.0,4995000000.0,5000000.0,5.0,0.0,0.1287,0.1287,0.1287,0.1287,0.61368,0.045228,5.8689e-05,0.045228,0.61368,0.036183,5.8689e-05,0.036183,0.0,0.0,0.0,0.0,0.001,0.0,0.0,0.0,4.642e-09,0.0,0.0,0.0,0.0,4.642e-09,0.001,0.0
24548545.0,4995000000.0,5000000.0,5.0,0.0,0.1287,0.1287,0.1287,0.1287,0.61368,0.045228,5.8689e-05,0.045228,0.61368,0.0,5.8689e-05,0.0,0.0,0.0,0.0,0.0,4.642e-05,0.0,0.0,0.0,1e-11,0.0,0.0,0.0,0.0,1e-11,4.642e-05,0.0
24549340.0,4995000000.0,5000000.0,5.0,0.0,0.1287,0.1287,0.1287,0.1287,0.61368,0.045228,0.005339,0.045228,0.61368,4.3254e-06,0.005339,4.3254e-06,0.0,0.0,0.0,0.0,0.001,0.0,0.0,0.0,2.154e-06,0.0,0.0,0.0,0.0,2.154e-06,0.001,0.0
24549354.0,4995000000.0,5000000.0,5.0,0.0,0.1287,0.1287,0.1287,0.1287,0.61368,0.045228,0.005339,0.045228,0.61368,4.1366e-05,0.005339,4.1366e-05,0.0,0.0,0.0,0.0,2.154e-10,0.0,0.0,0.0,2.154e-06,0.0,0.0,0.0,0.0,2.154e-06,2.154e-10,0.0
24549857.0,4995000000.0,5000000.0,5.0,0.0,0.1287,0.1287,0.1287,0.1287,0.61368,0.045228,0.051365,0.045228,0.61368,0.036183,0.051365,0.036183,0.0,0.0,0.0,0.0,1e-07,0.0,0.0,0.0,1e-07,0.0,0.0,0.0,0.0,1e-07,1e-07,0.0
24549116.0,4995000000.0,5000000.0,5.0,0.0,0.1287,0.1287,0.1287,0.1287,0.61368,0.045228,0.00056128,0.045228,0.61368,0.0037856,0.00056128,0.0037856,0.0,0.0,0.0,0.0,4.642e-09,0.0,0.0,0.0,2.154e-06,0.0,0.0,0.0,0.0,2.154e-06,4.642e-09,0.0
24549410.0,4995000000.0,5000000.0,5.0,0.0,0.1287,0.1287,0.1287,0.1287,0.61368,0.045228,0.005339,0.045228,0.61368,0.00039349,0.005339,0.00039349,0.0,0.0,0.0,0.0,4.642e-09,0.0,0.0,0.0,2.154e-06,0.0,0.0,0.0,0.0,2.154e-06,4.642e-09,0.0
24548806.0,4995000000.0,5000000.0,5.0,0.0,0.1287,0.1287,0.1287,0.1287,0.61368,0.045228,5.8689e-05,0.045228,0.61368,0.036183,5.8689e-05,0.036183,0.0,0.0,0.0,0.0,1e-11,0.0,0.0,0.0,4.642e-09,0.0,0.0,0.0,0.0,4.642e-09,1e-11,0.0
24549302.0,4995000000.0,5000000.0,5.0,0.0,0.1287,0.1287,0.1287,0.1287,0.61368,0.045228,0.005339,0.045228,0.61368,4.3254e-06,0.005339,4.3254e-06,0.0,0.0,0.0,0.0,2.154e-10,0.0,0.0,0.0,2.154e-10,0.0,0.0,0.0,0.0,2.154e-10,2.154e-10,0.0
24547908.0,4995000000.0,5000000.0,5.0,0.0,0.1287,0.1287,0.1287,0.1287,0.61368,0.045228,0.0,0.045228,0.61368,4.5228e-07,0.0,4.5228e-07,0.0,0.0,0.0,0.0,4.642e-05,0.0,0.0,0.0,1e-11,0.0,0.0,0.0,0.0,1e-11,4.642e-05,0.0
24549603.0,4995000000.0,5000000.0,5.0,0.0,0.1287,0.1287,0.1287,0.1287,0.61368,0.045228,0.051365,0.045228,0.61368,4.5228e-07,0.051365,4.5228e-07,0.0,0.0,0.0,0.0,4.642e-09,0.0,0.0,0.0,2.154e-10,0.0,0.0,0.0,0.0,2.154e-10,4.642e-09,0.0
24548753.0,4995000000.0,5000000.0,5.0,0.0,0.1287,0.1287,0.1287,0.1287,0.61368,0.045228,5.8689e-05,0.045228,0.61368,0.00039349,5.8689e-05,0.00039349,0.0,0.0,0.0,0.0,0.001,0.0,0.0,0.0,4.642e-05,0.0,0.0,0.0,0.0,4.642e-05,0.001,0.0
24549566.0,4995000000.0,5000000.0,5.0,0.0,0.1287,0.1287,0.1287,0.1287,0.61368,0.045228,0.051365,0.045228,0.61368,0.0,0.051365,0.0,0.0,0.0,0.0,0.0,1e-07,0.0,0.0,0.0,0.001,0.0,0.0,0.0,0.0,0.001,1e-07,0.0
24549720.0,4995000000.0,5000000.0,5.0,0.0,0.1287,0.1287,0.1287,0.1287,0.61368,0.045228,0.051365,0.045228,0.61368,4.1366e-05,0.051365,4.1366e-05,0.0,0.0,0.0,0.0,2.154e-06,0.0,0.0,0.0,0.001,0.0,0.0,0.0,0.0,0.001,2.154e-06,0.0
24549433.0,4995000000.0,5000000.0,5.0,0.0,0.1287,0.1287,0.1287,0.1287,0.61368,0.045228,0.005339,0.045228,0.61368,0.00039349,0.005339,0.00039349,0.0,0.0,0.0,0.0,4.642e-05,0.0,0.0,0.0,0.001,0.0,0.0,0.0,0.0,0.001,4.642e-05,0.0
24547846.0,4995000000.0,5000000.0,5.0,0.0,0.1287,0.1287,0.1287,0.1287,0.61368,0.045228,0.0,0.045228,0.61368,0.0,0.0,0.0,0.0,0.0,0.0,0.0,1e-07,0.0,0.0,0.0,2.154e-10,0.0,0.0,0.0,0.0,2.154e-10,1e-07,0.0
24548579.0,4995000000.0,5000000.0,5.0,0.0,0.1287,0.1287,0.1287,0.1287,0.61368,0.045228,5.8689e-05,0.045228,0.61368,4.5228e-07,5.8689e-05,4.5228e-07,0.0,0.0,0.0,0.0,4.642e-09,0.0,0.0,0.0,0.001,0.0,0.0,0.0,0.0,0.001,4.642e-09,0.0
24549129.0,4995000000.0,5000000.0,5.0,0.0,0.1287,0.1287,0.1287,0.1287,0.61368,0.045228,0.00056128,0.045228,0.61368,0.0037856,0.00056128,0.0037856,0.0,0.0,0.0,0.0,2.154e-06,0.0,0.0,0.0,1e-07,0.0,0.0,0.0,0.0,1e-07,2.154e-06,0.0
24549719.0,4995000000.0,5000000.0,5.0,0.0,0.1287,0.1287,0.1287,0.1287,0.61368,0.045228,0.051365,0.045228,0.61368,4.1366e-05,0.051365,4.1366e-05,0.0,0.0,0.0,0.0,2.154e-06,0.0,0.0,0.0,4.642e-05,0.0,0.0,0.0,0.0,4.642e-05,2.154e-06,0.0
24549848.0,4995000000.0,5000000.0,5.0,0.0,0.1287,0.1287,0.1287,0.1287,0.61368,0.045228,0.051365,0.045228,0.61368,0.036183,0.051365,0.036183,0.0,0.0,0.0,0.0,4.642e-09,0.0,0.0,0.0,2.154e-10,0.0,0.0,0.0,0.0,2.154e-10,4.642e-09,0.0
24549440.0,4995000000.0,5000000.0,5.0,0.0,0.1287,0.1287,0.1287,0.1287,0.61368,0.045228,0.005339,0.045228,0.61368,0.00039349,0.005339,0.00039349,0.0,0.0,0.0,0.0,0.001,0.0,0.0,0.0,0.001,0.0,0.0,0.0,0.0,0.001,0.001,0.0
24547979.0,4995000000.0,5000000.0,5.0,0.0,0.1287,0.1287,0.1287,0.1287,0.61368,0.045228,0.0,0.045228,0.61368,4.1366e-05,0.0,4.1366e-05,0.0,0.0,0.0,0.0,2.154e-10,0.0,0.0,0.0,2.154e-10,0.0,0.0,0.0,0.0,2.154e-10,2.154e-10,0.0
24549624.0,4995000000.0,5000000.0,5.0,0.0,0.1287,0.1287,0.1287,0.1287,0.61368,0.045228,0.051365,0.045228,0.61368,4.5228e-07,0.051365,4.5228e-07,0.0,0.0,0.0,0.0,4.642e-05,0.0,0.0,0.0,2.154e-10,0.0,0.0,0.0,0.0,2.154e-10,4.642e-05,0.0
24548261.0,4995000000.0,5000000.0,5.0,0.0,0.1287,0.1287,0.1287,0.1287,0.61368,0.045228,6.1368e-06,0.045228,0.61368,4.5228e-07,6.1368e-06,4.5228e-07,0.0,0.0,0.0,0.0,0.001,0.0,0.0,0.0,1e-07,0.0,0.0,0.0,0.0,1e-07,0.001,0.0
24548161.0,4995000000.0,5000000.0,5.0,0.0,0.1287,0.1287,0.1287,0.1287,0.61368,0.045228,0.0,0.045228,0.61368,0.036183,0.0,0.036183,0.0,0.0,0.0,0.0,0.001,0.0,0.0,0.0,2.154e-10,0.0,0.0,0.0,0.0,2.154e-10,0.001,0.0
24547857.0,4995000000.0,5000000.0,5.0,0.0,0.1287,0.1287,0.1287,0.1287,0.61368,0.045228,0.0,0.045228,0.61368,0.0,0.0,0.0,0.0,0.0,0.0,0.0,2.154e-06,0.0,0.0,0.0,4.642e-05,0.0,0.0,0.0,0.0,4.642e-05,2.154e-06,0.0
24548524.0,4995000000.0,5000000.0,5.0,0.0,0.1287,0.1287,0.1287,0.1287,0.61368,0.045228,5.8689e-05,0.045228,0.61368,0.0,5.8689e-05,0.0,0.0,0.0,0.0,0.0,4.642e-09,0.0,0.0,0.0,1e-11,0.0,0.0,0.0,0.0,1e-11,4.642e-09,0.0
24548795.0,4995000000.0,5000000.0,5.0,0.0,0.1287,0.1287,0.1287,0.1287,0.61368,0.045228,5.8689e-05,0.045228,0.61368,0.0037856,5.8689e-05,0.0037856,0.0,0.0,0.0,0.0,4.642e-05,0.0,0.0,0.0,4.642e-05,0.0,0.0,0.0,0.0,4.642e-05,4.642e-05,0.0
24549812.0,4995000000.0,5000000.0,5.0,0.0,0.1287,0.1287,0.1287,0.1287,0.61368,0.045228,0.051365,0.045228,0.61368,0.0037856,0.051365,0.0037856,0.0,0.0,0.0,0.0,2.154e-06,0.0,0.0,0.0,1e-11,0.0,0.0,0.0,0.0,1e-11,2.154e-06,0.0
24549199.0,4995000000.0,5000000.0,5.0,0.0,0.1287,0.1287,0.1287,0.1287,0.61368,0.045228,0.005339,0.045228,0.61368,0.0,0.005339,0.0,0.0,0.0,0.0,0.0,1e-11,0.0,0.0,0.0,1e-07,0.0,0.0,0.0,0.0,1e-07,1e-11,0.0
24548773.0,4995000000.0,5000000.0,5.0,0.0,0.1287,0.1287,0.1287,0.1287,0.61368,0.045228,5.8689e-05,0.045228,0.61368,0.0037856,5.8689e-05,0.0037856,0.0,0.0,0.0,0.0,4.642e-09,0.0,0.0,0.0,2.154e-06,0.0,0.0,0.0,0.0,2.154e-06,4.642e-09,0.0
24548407.0,4995000000.0,5000000.0,5.0,0.0,0.1287,0.1287,0.1287,0.1287,0.61368,0.045228,6.1368e-06,0.045228,0.61368,0.00039349,6.1368e-06,0.00039349,0.0,0.0,0.0,0.0,0.001,0.0,0.0,0.0,4.642e-09,0.0,0.0,0.0,0.0,4.642e-09,0.001,0.0
24549862.0,4995000000.0,5000000.0,5.0,0.0,0.1287,0.1287,0.1287,0.1287,0.61368,0.045228,0.051365,0.045228,0.61368,0.036183,0.051365,0.036183,0.0,0.0,0.0,0.0,2.154e-06,0.0,0.0,0.0,2.154e-10,0.0,0.0,0.0,0.0,2.154e-10,2.154e-06,0.0
24548201.0,4995000000.0,5000000.0,5.0,0.0,0.1287,0.1287,0.1287,0.1287,0.61368,0.045228,6.1368e-06,0.045228,0.61368,0.0,6.1368e-06,0.0,0.0,0.0,0.0,0.0,2.154e-06,0.0,0.0,0.0,0.001,0.0,0.0,0.0,0.0,0.001,2.154e-06,0.0
24548254.0,4995000000.0,5000000.0,5.0,0.0,0.1287,0.1287,0.1287,0.1287,0.61368,0.045228,6.1368e-06,0.045228,0.61368,4.5228e-07,6.1368e-06,4.5228e-07,0.0,0.0,0.0,0.0,4.642e-05,0.0,0.0,0.0,1e-07,0.0,0.0,0.0,0.0,1e-07,4.642e-05,0.0
24547994.0,4995000000.0,5000000.0,5.0,0.0,0.1287,0.1287,0.1287,0.1287,0.61368,0.045228,0.0,0.045228,0.61368,4.1366e-05,0.0,4.1366e-05,0.0,0.0,0.0,0.0,1e-07,0.0,0.0,0.0,4.642e-09,0.0,0.0,0.0,0.0,4.642e-09,1e-07,0.0
24547858.0,4995000000.0,5000000.0,5.0,0.0,0.1287,0.1287,0.1287,0.1287,0.61368,0.045228,0.0,0.045228,0.61368,0.0,0.0,0.0,0.0,0.0,0.0,0.0,2.154e-06,0.0,0.0,0.0,0.001,0.0,0.0,0.0,0.0,0.001,2.154e-06,0.0
24548060.0,4995000000.0,5000000.0,5.0,0.0,0.1287,0.1287,0.1287,0.1287,0.61368,0.045228,0.0,0.045228,0.61368,0.00039349,0.0,0.00039349,0.0,0.0,0.0,0.0,4.642e-05,0.0,0.0,0.0,4.642e-05,0.0,0.0,0.0,0.0,4.642e-05,4.642e-05,0.0
24549610.0,4995000000.0,5000000.0,5.0,0.0,0.1287,0.1287,0.1287,0.1287,0.61368,0.045228,0.051365,0.045228,0.61368,4.5228e-07,0.051365,4.5228e-07,0.0,0.0,0.0,0.0,1e-07,0.0,0.0,0.0,2.154e-10,0.0,0.0,0.0,0.0,2.154e-10,1e-07,0.0
24549584.0,4995000000.0,5000000.0,5.0,0.0,0.1287,0.1287,0.1287,0.1287,0.61368,0.045228,0.051365,0.045228,0.61368,0.0,0.051365,0.0,0.0,0.0,0.0,0.0,0.001,0.0,0.0,0.0,1e-07,0.0,0.0,0.0,0.0,1e-07,0.001,0.0
24548709.0,4995000000.0,5000000.0,5.0,0.0,0.1287,0.1287,0.1287,0.1287,0.61368,0.045228,5.8689e-05,0.045228,0.61368,0.00039349,5.8689e-05,0.00039349,0.0,0.0,0.0,0.0,1e-11,0.0,0.0,0.0,1e-07,0.0,0.0,0.0,0.0,1e-07,1e-11,0.0
24549203.0,4995000000.0,5000000.0,5.0,0.0,0.1287,0.1287,0.1287,0.1287,0.61368,0.045228,0.005339,0.045228,0.61368,0.0,0.005339,0.0,0.0,0.0,0.0,0.0,2.154e-10,0.0,0.0,0.0,1e-11,0.0,0.0,0.0,0.0,1e-11,2.154e-10,0.0
24547976.0,4995000000.0,5000000.0,5.0,0.0,0.1287,0.1287,0.1287,0.1287,0.61368,0.045228,0.0,0.045228,0.61368,4.1366e-05,0.0,4.1366e-05,0.0,0.0,0.0,0.0,1e-11,0.0,0.0,0.0,4.642e-05,0.0,0.0,0.0,0.0,4.642e-05,1e-11,0.0
24549878.0,4995000000.0,5000000.0,5.0,0.0,0.1287,0.1287,0.1287,0.1287,0.61368,0.045228,0.051365,0.045228,0.61368,0.036183,0.051365,0.036183,0.0,0.0,0.0,0.0,0.001,0.0,0.0,0.0,1e-07,0.0,0.0,0.0,0.0,1e-07,0.001,0.0
24549251.0,4995000000.0,5000000.0,5.0,0.0,0.1287,0.1287,0.1287,0.1287,0.61368,0.045228,0.005339,0.045228,0.61368,4.5228e-07,0.005339,4.5228e-07,0.0,0.0,0.0,0.0,1e-11,0.0,0.0,0.0,0.001,0.0,0.0,0.0,0.0,0.001,1e-11,0.0
24549406.0,4995000000.0,5000000.0,5.0,0.0,0.1287,0.1287,0.1287,0.1287,0.61368,0.045228,0.005339,0.045228,0.61368,0.00039349,0.005339,0.00039349,0.0,0.0,0.0,0.0,4.642e-09,0.0,0.0,0.0,1e-11,0.0,0.0,0.0,0.0,1e-11,4.642e-09,0.0
24548124.0,4995000000.0,5000000.0,5.0,0.0,0.1287,0.1287,0.1287,0.1287,0.61368,0.045228,0.0,0.045228,0.61368,0.036183,0.0,0.036183,0.0,0.0,0.0,0.0,1e-11,0.0,0.0,0.0,0.001,0.0,0.0,0.0,0.0,0.001,1e-11,0.0
24548511.0,4995000000.0,5000000.0,5.0,0.0,0.1287,0.1287,0.1287,0.1287,0.61368,0.045228,5.8689e-05,0.045228,0.61368,0.0,5.8689e-05,0.0,0.0,0.0,0.0,0.0,1e-11,0.0,0.0,0.0,2.154e-10,0.0,0.0,0.0,0.0,2.154e-10,1e-11,0.0
24548743.0,4995000000.0,5000000.0,5.0,0.0,0.1287,0.1287,0.1287,0.1287,0.61368,0.045228,5.8689e-05,0.045228,0.61368,0.00039349,5.8689e-05,0.00039349,0.0,0.0,0.0,0.0,4.642e-05,0.0,0.0,0.0,4.642e-09,0.0,0.0,0.0,0.0,4.642e-09,4.642e-05,0.0
24548117.0,4995000000.0,5000000.0,5.0,0.0,0.1287,0.1287,0.1287,0.1287,0.61368,0.045228,0.0,0.045228,0.61368,0.0037856,0.0,0.0037856,0.0,0.0,0.0,0.0,0.001,0.0,0.0,0.0,0.001,0.0,0.0,0.0,0.0,0.001,0.001,0.0
24549521.0,4995000000.0,5000000.0,5.0,0.0,0.1287,0.1287,0.1287,0.1287,0.61368,0.045228,0.005339,0.045228,0.61368,0.036183,0.005339,0.036183,0.0,0.0,0.0,0.0,2.154e-06,0.0,0.0,0.0,1e-07,0.0,0.0,0.0,0.0,1e-07,2.154e-06,0.0
24549551.0,4995000000.0,5000000.0,5.0,0.0,0.1287,0.1287,0.1287,0.1287,0.61368,0.045228,0.051365,0.045228,0.61368,0.0,0.051365,0.0,0.0,0.0,0.0,0.0,2.154e-10,0.0,0.0,0.0,4.642e-05,0.0,0.0,0.0,0.0,4.642e-05,2.154e-10,0.0
24549691.0,4995000000.0,5000000.0,5.0,0.0,0.1287,0.1287,0.1287,0.1287,0.61368,0.045228,0.051365,0.045228,0.61368,4.1366e-05,0.051365,4.1366e-05,0.0,0.0,0.0,0.0,1e-11,0.0,0.0,0.0,4.642e-05,0.0,0.0,0.0,0.0,4.642e-05,1e-11,0.0
24549777.0,4995000000.0,5000000.0,5.0,0.0,0.1287,0.1287,0.1287,0.1287,0.61368,0.045228,0.051365,0.045228,0.61368,0.00039349,0.051365,0.00039349,0.0,0.0,0.0,0.0,0.001,0.0,0.0,0.0,1e-11,0.0,0.0,0.0,0.0,1e-11,0.001,0.0
24548327.0,4995000000.0,5000000.0,5.0,0.0,0.1287,0.1287,0.1287,0.1287,0.61368,0.045228,6.1368e-06,0.045228,0.61368,4.1366e-05,6.1368e-06,4.1366e-05,0.0,0.0,0.0,0.0,2.154e-10,0.0,0.0,0.0,0.001,0.0,0.0,0.0,0.0,0.001,2.154e-10,0.0
24548782.0,4995000000.0,5000000.0,5.0,0.0,0.1287,0.1287,0.1287,0.1287,0.61368,0.045228,5.8689e-05,0.045228,0.61368,0.0037856,5.8689e-05,0.0037856,0.0,0.0,0.0,0.0,1e-07,0.0,0.0,0.0,0.001,0.0,0.0,0.0,0.0,0.001,1e-07,0.0
24549872.0,4995000000.0,5000000.0,5.0,0.0,0.1287,0.1287,0.1287,0.1287,0.61368,0.045228,0.051365,0.045228,0.61368,0.036183,0.051365,0.036183,0.0,0.0,0.0,0.0,4.642e-05,0.0,0.0,0.0,2.154e-06,0.0,0.0,0.0,0.0,2.154e-06,4.642e-05,0.0
24549019.0,4995000000.0,5000000.0,5.0,0.0,0.1287,0.1287,0.1287,0.1287,0.61368,0.045228,0.00056128,0.045228,0.61368,4.1366e-05,0.00056128,4.1366e-05,0.0,0.0,0.0,0.0,4.642e-09,0.0,0.0,0.0,4.642e-05,0.0,0.0,0.0,0.0,4.642e-05,4.642e-09,0.0
24548661.0,4995000000.0,5000000.0,5.0,0.0,0.1287,0.1287,0.1287,0.1287,0.61368,0.045228,5.8689e-05,0.045228,0.61368,4.1366e-05,5.8689e-05,4.1366e-05,0.0,0.0,0.0,0.0,1e-11,0.0,0.0,0.0,2.154e-06,0.0,0.0,0.0,0.0,2.154e-06,1e-11,0.0
24548972.0,4995000000.0,5000000.0,5.0,0.0,0.1287,0.1287,0.1287,0.1287,0.61368,0.045228,0.00056128,0.045228,0.61368,4.3254e-06,0.00056128,4.3254e-06,0.0,0.0,0.0,0.0,1e-07,0.0,0.0,0.0,1e-11,0.0,0.0,0.0,0.0,1e-11,1e-07,0.0
24548639.0,4995000000.0,5000000.0,5.0,0.0,0.1287,0.1287,0.1287,0.1287,0.61368,0.045228,5.8689e-05,0.045228,0.61368,4.3254e-06,5.8689e-05,4.3254e-06,0.0,0.0,0.0,0.0,2.154e-06,0.0,0.0,0.0,1e-07,0.0,0.0,0.0,0.0,1e-07,2.154e-06,0.0
24548924.0,4995000000.0,5000000.0,5.0,0.0,0.1287,0.1287,0.1287,0.1287,0.61368,0.045228,0.00056128,0.045228,0.61368,4.5228e-07,0.00056128,4.5228e-07,0.0,0.0,0.0,0.0,1e-07,0.0,0.0,0.0,2.154e-10,0.0,0.0,0.0,0.0,2.154e-10,1e-07,0.0
24548695.0,4995000000.0,5000000.0,5.0,0.0,0.1287,0.1287,0.1287,0.1287,0.61368,0.045228,5.8689e-05,0.045228,0.61368,4.1366e-05,5.8689e-05,4.1366e-05,0.0,0.0,0.0,0.0,4.642e-05,0.0,0.0,0.0,1e-07,0.0,0.0,0.0,0.0,1e-07,4.642e-05,0.0
24548197.0,4995000000.0,5000000.0,5.0,0.0,0.1287,0.1287,0.1287,0.1287,0.61368,0.045228,6.1368e-06,0.045228,0.61368,0.0,6.1368e-06,0.0,0.0,0.0,0.0,0.0,2.154e-06,0.0,0.0,0.0,4.642e-09,0.0,0.0,0.0,0.0,4.642e-09,2.154e-06,0.0
24548488.0,4995000000.0,5000000.0,5.0,0.0,0.1287,0.1287,0.1287,0.1287,0.61368,0.045228,6.1368e-06,0.045228,0.61368,0.036183,6.1368e-06,0.036183,0.0,0.0,0.0,0.0,1e-07,0.0,0.0,0.0,0.001,0.0,0.0,0.0,0.0,0.001,1e-07,0.0
24549173.0,4995000000.0,5000000.0,5.0,0.0,0.1287,0.1287,0.1287,0.1287,0.61368,0.045228,0.00056128,0.045228,0.61368,0.036183,0.00056128,0.036183,0.0,0.0,0.0,0.0,1e-07,0.0,0.0,0.0,4.642e-05,0.0,0.0,0.0,0.0,4.642e-05,1e-07,0.0
24548149.0,4995000000.0,5000000.0,5.0,0.0,0.1287,0.1287,0.1287,0.1287,0.61368,0.045228,0.0,0.045228,0.61368,0.036183,0.0,0.036183,0.0,0.0,0.0,0.0,2.154e-06,0.0,0.0,0.0,1e-07,0.0,0.0,0.0,0.0,1e-07,2.154e-06,0.0
24548961.0,4995000000.0,5000000.0,5.0,0.0,0.1287,0.1287,0.1287,0.1287,0.61368,0.045228,0.00056128,0.045228,0.61368,4.3254e-06,0.00056128,4.3254e-06,0.0,0.0,0.0,0.0,2.154e-10,0.0,0.0,0.0,1e-07,0.0,0.0,0.0,0.0,1e-07,2.154e-10,0.0
24549030.0,4995000000.0,5000000.0,5.0,0.0,0.1287,0.1287,0.1287,0.1287,0.61368,0.045228,0.00056128,0.045228,0.61368,4.1366e-05,0.00056128,4.1366e-05,0.0,0.0,0.0,0.0,2.154e-06,0.0,0.0,0.0,4.642e-09,0.0,0.0,0.0,0.0,4.642e-09,2.154e-06,0.0
24548119.0,4995000000.0,5000000.0,5.0,0.0,0.1287,0.1287,0.1287,0.1287,0.61368,0.045228,0.0,0.045228,0.61368,0.036183,0.0,0.036183,0.0,0.0,0.0,0.0,1e-11,0.0,0.0,0.0,2.154e-10,0.0,0.0,0.0,0.0,2.154e-10,1e-11,0.0
24549048.0,4995000000.0,5000000.0,5.0,0.0,0.1287,0.1287,0.1287,0.1287,0.61368,0.045228,0.00056128,0.045228,0.61368,4.1366e-05,0.00056128,4.1366e-05,0.0,0.0,0.0,0.0,0.001,0.0,0.0,0.0,0.001,0.0,0.0,0.0,0.0,0.001,0.001,0.0
24548088.0,4995000000.0,5000000.0,5.0,0.0,0.1287,0.1287,0.1287,0.1287,0.61368,0.045228,0.0,0.045228,0.61368,0.0037856,0.0,0.0037856,0.0,0.0,0.0,0.0,4.642e-09,0.0,0.0,0.0,4.642e-05,0.0,0.0,0.0,0.0,4.642e-05,4.642e-09,0.0
24548439.0,4995000000.0,5000000.0,5.0,0.0,0.1287,0.1287,0.1287,0.1287,0.61368,0.045228,6.1368e-06,0.045228,0.61368,0.0037856,6.1368e-06,0.0037856,0.0,0.0,0.0,0.0,1e-07,0.0,0.0,0.0,0.001,0.0,0.0,0.0,0.0,0.001,1e-07,0.0
24547972.0,4995000000.0,5000000.0,5.0,0.0,0.1287,0.1287,0.1287,0.1287,0.61368,0.045228,0.0,0.045228,0.61368,4.1366e-05,0.0,4.1366e-05,0.0,0.0,0.0,0.0,1e-11,0.0,0.0,0.0,2.154e-10,0.0,0.0,0.0,0.0,2.154e-10,1e-11,0.0
24548377.0,4995000000.0,5000000.0,5.0,0.0,0.1287,0.1287,0.1287,0.1287,0.61368,0.045228,6.1368e-06,0.045228,0.61368,0.00039349,6.1368e-06,0.00039349,0.0,0.0,0.0,0.0,4.642e-09,0.0,0.0,0.0,1e-11,0.0,0.0,0.0,0.0,1e-11,4.642e-09,0.0
24548633.0,4995000000.0,5000000.0,5.0,0.0,0.1287,0.1287,0.1287,0.1287,0.61368,0.045228,5.8689e-05,0.045228,0.61368,4.3254e-06,5.8689e-05,4.3254e-06,0.0,0.0,0.0,0.0,1e-07,0.0,0.0,0.0,2.154e-06,0.0,0.0,0.0,0.0,2.154e-06,1e-07,0.0
24548609.0,4995000000.0,5000000.0,5.0,0.0,0.1287,0.1287,0.1287,0.1287,0.61368,0.045228,5.8689e-05,0.045228,0.61368,4.3254e-06,5.8689e-05,4.3254e-06,0.0,0.0,0.0,0.0,1e-11,0.0,0.0,0.0,2.154e-10,0.0,0.0,0.0,0.0,2.154e-10,1e-11,0.0
24548859.0,4995000000.0,5000000.0,5.0,0.0,0.1287,0.1287,0.1287,0.1287,0.61368,0.045228,0.00056128,0.045228,0.61368,0.0,0.00056128,0.0,0.0,0.0,0.0,0.0,1e-11,0.0,0.0,0.0,0.001,0.0,0.0,0.0,0.0,0.001,1e-11,0.0
24549392.0,4995000000.0,5000000.0,5.0,0.0,0.1287,0.1287,0.1287,0.1287,0.61368,0.045228,0.005339,0.045228,0.61368,0.00039349,0.005339,0.00039349,0.0,0.0,0.0,0.0,1e-11,0.0,0.0,0.0,1e-11,0.0,0.0,0.0,0.0,1e-11,1e-11,0.0
24549139.0,4995000000.0,5000000.0,5.0,0.0,0.1287,0.1287,0.1287,0.1287,0.61368,0.045228,0.00056128,0.045228,0.61368,0.0037856,0.00056128,0.0037856,0.0,0.0,0.0,0.0,4.642e-05,0.0,0.0,0.0,0.001,0.0,0.0,0.0,0.0,0.001,4.642e-05,0.0
24547925.0,4995000000.0,5000000.0,5.0,0.0,0.1287,0.1287,0.1287,0.1287,0.61368,0.045228,0.0,0.045228,0.61368,4.3254e-06,0.0,4.3254e-06,0.0,0.0,0.0,0.0,1e-11,0.0,0.0,0.0,1e-07,0.0,0.0,0.0,0.0,1e-07,1e-11,0.0
24548135.0,4995000000.0,5000000.0,5.0,0.0,0.1287,0.1287,0.1287,0.1287,0.61368,0.045228,0.0,0.045228,0.61368,0.036183,0.0,0.036183,0.0,0.0,0.0,0.0,4.642e-09,0.0,0.0,0.0,1e-07,0.0,0.0,0.0,0.0,1e-07,4.642e-09,0.0
24548064.0,4995000000.0,5000000.0,5.0,0.0,0.1287,0.1287,0.1287,0.1287,0.61368,0.045228,0.0,0.045228,0.61368,0.00039349,0.0,0.00039349,0.0,0.0,0.0,0.0,0.001,0.0,0.0,0.0,4.642e-09,0.0,0.0,0.0,0.0,4.642e-09,0.001,0.0
24549033.0,4995000000.0,5000000.0,5.0,0.0,0.1287,0.1287,0.1287,0.1287,0.61368,0.045228,0.00056128,0.045228,0.61368,4.1366e-05,0.00056128,4.1366e-05,0.0,0.0,0.0,0.0,2.154e-06,0.0,0.0,0.0,4.642e-05,0.0,0.0,0.0,0.0,4.642e-05,2.154e-06,0.0
24548740.0,4995000000.0,5000000.0,5.0,0.0,0.1287,0.1287,0.1287,0.1287,0.61368,0.045228,5.8689e-05,0.045228,0.61368,0.00039349,5.8689e-05,0.00039349,0.0,0.0,0.0,0.0,2.154e-06,0.0,0.0,0.0,0.001,0.0,0.0,0.0,0.0,0.001,2.154e-06,0.0
24548446.0,4995000000.0,5000000.0,5.0,0.0,0.1287,0.1287,0.1287,0.1287,0.61368,0.045228,6.1368e-06,0.045228,0.61368,0.0037856,6.1368e-06,0.0037856,0.0,0.0,0.0,0.0,2.154e-06,0.0,0.0,0.0,0.001,0.0,0.0,0.0,0.0,0.001,2.154e-06,0.0
24548453.0,4995000000.0,5000000.0,5.0,0.0,0.1287,0.1287,0.1287,0.1287,0.61368,0.045228,6.1368e-06,0.045228,0.61368,0.0037856,6.1368e-06,0.0037856,0.0,0.0,0.0,0.0,4.642e-05,0.0,0.0,0.0,0.001,0.0,0.0,0.0,0.0,0.001,4.642e-05,0.0
24549208.0,4995000000.0,5000000.0,5.0,0.0,0.1287,0.1287,0.1287,0.1287,0.61368,0.045228,0.005339,0.045228,0.61368,0.0,0.005339,0.0,0.0,0.0,0.0,0.0,2.154e-10,0.0,0.0,0.0,4.642e-05,0.0,0.0,0.0,0.0,4.642e-05,2.154e-10,0.0
24548666.0,4995000000.0,5000000.0,5.0,0.0,0.1287,0.1287,0.1287,0.1287,0.61368,0.045228,5.8689e-05,0.045228,0.61368,4.1366e-05,5.8689e-05,4.1366e-05,0.0,0.0,0.0,0.0,2.154e-10,0.0,0.0,0.0,4.642e-09,0.0,0.0,0.0,0.0,4.642e-09,2.154e-10,0.0
24549312.0,4995000000.0,5000000.0,5.0,0.0,0.1287,0.1287,0.1287,0.1287,0.61368,0.045228,0.005339,0.045228,0.61368,4.3254e-06,0.005339,4.3254e-06,0.0,0.0,0.0,0.0,4.642e-09,0.0,0.0,0.0,2.154e-06,0.0,0.0,0.0,0.0,2.154e-06,4.642e-09,0.0
24548658.0,4995000000.0,5000000.0,5.0,0.0,0.1287,0.1287,0.1287,0.1287,0.61368,0.045228,5.8689e-05,0.045228,0.61368,4.1366e-05,5.8689e-05,4.1366e-05,0.0,0.0,0.0,0.0,1e-11,0.0,0.0,0.0,2.154e-10,0.0,0.0,0.0,0.0,2.154e-10,1e-11,0.0
24549773.0,4995000000.0,5000000.0,5.0,0.0,0.1287,0.1287,0.1287,0.1287,0.61368,0.045228,0.051365,0.045228,0.61368,0.00039349,0.051365,0.00039349,0.0,0.0,0.0,0.0,4.642e-05,0.0,0.0,0.0,1e-07,0.0,0.0,0.0,0.0,1e-07,4.642e-05,0.0
24548566.0,4995000000.0,5000000.0,5.0,0.0,0.1287,0.1287,0.1287,0.1287,0.61368,0.045228,5.8689e-05,0.045228,0.61368,4.5228e-07,5.8689e-05,4.5228e-07,0.0,0.0,0.0,0.0,2.154e-10,0.0,0.0,0.0,1e-11,0.0,0.0,0.0,0.0,1e-11,2.154e-10,0.0
24547855.0,4995000000.0,5000000.0,5.0,0.0,0.1287,0.1287,0.1287,0.1287,0.61368,0.045228,0.0,0.045228,0.61368,0.0,0.0,0.0,0.0,0.0,0.0,0.0,2.154e-06,0.0,0.0,0.0,1e-07,0.0,0.0,0.0,0.0,1e-07,2.154e-06,0.0
24548714.0,4995000000.0,5000000.0,5.0,0.0,0.1287,0.1287,0.1287,0.1287,0.61368,0.045228,5.8689e-05,0.045228,0.61368,0.00039349,5.8689e-05,0.00039349,0.0,0.0,0.0,0.0,2.154e-10,0.0,0.0,0.0,2.154e-10,0.0,0.0,0.0,0.0,2.154e-10,2.154e-10,0.0
24548555.0,4995000000.0,5000000.0,5.0,0.0,0.1287,0.1287,0.1287,0.1287,0.61368,0.045228,5.8689e-05,0.045228,0.61368,0.0,5.8689e-05,0.0,0.0,0.0,0.0,0.0,0.001,0.0,0.0,0.0,1e-07,0.0,0.0,0.0,0.0,1e-07,0.001,0.0
24548647.0,4995000000.0,5000000.0,5.0,0.0,0.1287,0.1287,0.1287,0.1287,0.61368,0.045228,5.8689e-05,0.045228,0.61368,4.3254e-06,5.8689e-05,4.3254e-06,0.0,0.0,0.0,0.0,4.642e-05,0.0,0.0,0.0,2.154e-06,0.0,0.0,0.0,0.0,2.154e-06,4.642e-05,0.0
24548042.0,4995000000.0,5000000.0,5.0,0.0,0.1287,0.1287,0.1287,0.1287,0.61368,0.045228,0.0,0.045228,0.61368,0.00039349,0.0,0.00039349,0.0,0.0,0.0,0.0,1e-07,0.0,0.0,0.0,2.154e-10,0.0,0.0,0.0,0.0,2.154e-10,1e-07,0.0
24549060.0,4995000000.0,5000000.0,5.0,0.0,0.1287,0.1287,0.1287,0.1287,0.61368,0.045228,0.00056128,0.045228,0.61368,0.00039349,0.00056128,0.00039349,0.0,0.0,0.0,0.0,2.154e-10,0.0,0.0,0.0,2.154e-06,0.0,0.0,0.0,0.0,2.154e-06,2.154e-10,0.0
24548872.0,4995000000.0,5000000.0,5.0,0.0,0.1287,0.1287,0.1287,0.1287,0.61368,0.045228,0.00056128,0.045228,0.61368,0.0,0.00056128,0.0,0.0,0.0,0.0,0.0,4.642e-09,0.0,0.0,0.0,4.642e-05,0.0,0.0,0.0,0.0,4.642e-05,4.642e-09,0.0
24548275.0,4995000000.0,5000000.0,5.0,0.0,0.1287,0.1287,0.1287,0.1287,0.61368,0.045228,6.1368e-06,0.045228,0.61368,4.3254e-06,6.1368e-06,4.3254e-06,0.0,0.0,0.0,0.0,2.154e-10,0.0,0.0,0.0,1e-07,0.0,0.0,0.0,0.0,1e-07,2.154e-10,0.0
24548012.0,4995000000.0,5000000.0,5.0,0.0,0.1287,0.1287,0.1287,0.1287,0.61368,0.045228,0.0,0.045228,0.61368,4.1366e-05,0.0,4.1366e-05,0.0,0.0,0.0,0.0,4.642e-05,0.0,0.0,0.0,0.001,0.0,0.0,0.0,0.0,0.001,4.642e-05,0.0
24548605.0,4995000000.0,5000000.0,5.0,0.0,0.1287,0.1287,0.1287,0.1287,0.61368,0.045228,5.8689e-05,0.045228,0.61368,4.5228e-07,5.8689e-05,4.5228e-07,0.0,0.0,0.0,0.0,0.001,0.0,0.0,0.0,2.154e-06,0.0,0.0,0.0,0.0,2.154e-06,0.001,0.0
24548421.0,4995000000.0,5000000.0,5.0,0.0,0.1287,0.1287,0.1287,0.1287,0.61368,0.045228,6.1368e-06,0.045228,0.61368,0.0037856,6.1368e-06,0.0037856,0.0,0.0,0.0,0.0,2.154e-10,0.0,0.0,0.0,4.642e-09,0.0,0.0,0.0,0.0,4.642e-09,2.154e-10,0.0
24549092.0,4995000000.0,5000000.0,5.0,0.0,0.1287,0.1287,0.1287,0.1287,0.61368,0.045228,0.00056128,0.045228,0.61368,0.00039349,0.00056128,0.00039349,0.0,0.0,0.0,0.0,0.001,0.0,0.0,0.0,2.154e-10,0.0,0.0,0.0,0.0,2.154e-10,0.001,0.0
24547840.0,4995000000.0,5000000.0,5.0,0.0,0.1287,0.1287,0.1287,0.1287,0.61368,0.045228,0.0,0.045228,0.61368,0.0,0.0,0.0,0.0,0.0,0.0,0.0,4.642e-09,0.0,0.0,0.0,4.642e-09,0.0,0.0,0.0,0.0,4.642e-09,4.642e-09,0.0
24549122.0,4995000000.0,5000000.0,5.0,0.0,0.1287,0.1287,0.1287,0.1287,0.61368,0.045228,0.00056128,0.045228,0.61368,0.0037856,0.00056128,0.0037856,0.0,0.0,0.0,0.0,1e-07,0.0,0.0,0.0,1e-07,0.0,0.0,0.0,0.0,1e-07,1e-07,0.0
24547897.0,4995000000.0,5000000.0,5.0,0.0,0.1287,0.1287,0.1287,0.1287,0.61368,0.045228,0.0,0.045228,0.61368,4.5228e-07,0.0,4.5228e-07,0.0,0.0,0.0,0.0,1e-07,0.0,0.0,0.0,1e-07,0.0,0.0,0.0,0.0,1e-07,1e-07,0.0
24548536.0,4995000000.0,5000000.0,5.0,0.0,0.1287,0.1287,0.1287,0.1287,0.61368,0.045228,5.8689e-05,0.045228,0.61368,0.0,5.8689e-05,0.0,0.0,0.0,0.0,0.0,1e-07,0.0,0.0,0.0,4.642e-05,0.0,0.0,0.0,0.0,4.642e-05,1e-07,0.0
24548997.0,4995000000.0,5000000.0,5.0,0.0,0.1287,0.1287,0.1287,0.1287,0.61368,0.045228,0.00056128,0.045228,0.61368,4.3254e-06,0.00056128,4.3254e-06,0.0,0.0,0.0,0.0,0.001,0.0,0.0,0.0,2.154e-06,0.0,0.0,0.0,0.0,2.154e-06,0.001,0.0
24548645.0,4995000000.0,5000000.0,5.0,0.0,0.1287,0.1287,0.1287,0.1287,0.61368,0.045228,5.8689e-05,0.045228,0.61368,4.3254e-06,5.8689e-05,4.3254e-06,0.0,0.0,0.0,0.0,4.642e-05,0.0,0.0,0.0,4.642e-09,0.0,0.0,0.0,0.0,4.642e-09,4.642e-05,0.0
24549681.0,4995000000.0,5000000.0,5.0,0.0,0.1287,0.1287,0.1287,0.1287,0.61368,0.045228,0.051365,0.045228,0.61368,4.3254e-06,0.051365,4.3254e-06,0.0,0.0,0.0,0.0,0.001,0.0,0.0,0.0,4.642e-09,0.0,0.0,0.0,0.0,4.642e-09,0.001,0.0
24548299.0,4995000000.0,5000000.0,5.0,0.0,0.1287,0.1287,0.1287,0.1287,0.61368,0.045228,6.1368e-06,0.045228,0.61368,4.3254e-06,6.1368e-06,4.3254e-06,0.0,0.0,0.0,0.0,2.154e-06,0.0,0.0,0.0,0.001,0.0,0.0,0.0,0.0,0.001,2.154e-06,0.0
24549616.0,4995000000.0,5000000.0,5.0,0.0,0.1287,0.1287,0.1287,0.1287,0.61368,0.045228,0.051365,0.045228,0.61368,4.5228e-07,0.051365,4.5228e-07,0.0,0.0,0.0,0.0,2.154e-06,0.0,0.0,0.0,1e-11,0.0,0.0,0.0,0.0,1e-11,2.154e-06,0.0
24549365.0,4995000000.0,5000000.0,5.0,0.0,0.1287,0.1287,0.1287,0.1287,0.61368,0.045228,0.005339,0.045228,0.61368,4.1366e-05,0.005339,4.1366e-05,0.0,0.0,0.0,0.0,1e-07,0.0,0.0,0.0,2.154e-10,0.0,0.0,0.0,0.0,2.154e-10,1e-07,0.0
24548612.0,4995000000.0,5000000.0,5.0,0.0,0.1287,0.1287,0.1287,0.1287,0.61368,0.045228,5.8689e-05,0.045228,0.61368,4.3254e-06,5.8689e-05,4.3254e-06,0.0,0.0,0.0,0.0,1e-11,0.0,0.0,0.0,2.154e-06,0.0,0.0,0.0,0.0,2.154e-06,1e-11,0.0
24548371.0,4995000000.0,5000000.0,5.0,0.0,0.1287,0.1287,0.1287,0.1287,0.61368,0.045228,6.1368e-06,0.045228,0.61368,0.00039349,6.1368e-06,0.00039349,0.0,0.0,0.0,0.0,2.154e-10,0.0,0.0,0.0,2.154e-10,0.0,0.0,0.0,0.0,2.154e-10,2.154e-10,0.0
24548950.0,4995000000.0,5000000.0,5.0,0.0,0.1287,0.1287,0.1287,0.1287,0.61368,0.045228,0.00056128,0.045228,0.61368,4.5228e-07,0.00056128,4.5228e-07,0.0,0.0,0.0,0.0,0.001,0.0,0.0,0.0,0.001,0.0,0.0,0.0,0.0,0.001,0.001,0.0
24549041.0,4995000000.0,5000000.0,5.0,0.0,0.1287,0.1287,0.1287,0.1287,0.61368,0.045228,0.00056128,0.045228,0.61368,4.1366e-05,0.00056128,4.1366e-05,0.0,0.0,0.0,0.0,4.642e-05,0.0,0.0,0.0,0.001,0.0,0.0,0.0,0.0,0.001,4.642e-05,0.0
24548251.0,4995000000.0,5000000.0,5.0,0.0,0.1287,0.1287,0.1287,0.1287,0.61368,0.045228,6.1368e-06,0.045228,0.61368,4.5228e-07,6.1368e-06,4.5228e-07,0.0,0.0,0.0,0.0,4.642e-05,0.0,0.0,0.0,1e-11,0.0,0.0,0.0,0.0,1e-11,4.642e-05,0.0
24549285.0,4995000000.0,5000000.0,5.0,0.0,0.1287,0.1287,0.1287,0.1287,0.61368,0.045228,0.005339,0.045228,0.61368,4.5228e-07,0.005339,4.5228e-07,0.0,0.0,0.0,0.0,4.642e-05,0.0,0.0,0.0,4.642e-05,0.0,0.0,0.0,0.0,4.642e-05,4.642e-05,0.0
24548914.0,4995000000.0,5000000.0,5.0,0.0,0.1287,0.1287,0.1287,0.1287,0.61368,0.045228,0.00056128,0.045228,0.61368,4.5228e-07,0.00056128,4.5228e-07,0.0,0.0,0.0,0.0,2.154e-10,0.0,0.0,0.0,4.642e-05,0.0,0.0,0.0,0.0,4.642e-05,2.154e-10,0.0
24548879.0,4995000000.0,5000000.0,5.0,0.0,0.1287,0.1287,0.1287,0.1287,0.61368,0.045228,0.00056128,0.045228,0.61368,0.0,0.00056128,0.0,0.0,0.0,0.0,0.0,1e-07,0.0,0.0,0.0,4.642e-05,0.0,0.0,0.0,0.0,4.642e-05,1e-07,0.0
24549324.0,4995000000.0,5000000.0,5.0,0.0,0.1287,0.1287,0.1287,0.1287,0.61368,0.045228,0.005339,0.045228,0.61368,4.3254e-06,0.005339,4.3254e-06,0.0,0.0,0.0,0.0,2.154e-06,0.0,0.0,0.0,4.642e-09,0.0,0.0,0.0,0.0,4.642e-09,2.154e-06,0.0
24548735.0,4995000000.0,5000000.0,5.0,0.0,0.1287,0.1287,0.1287,0.1287,0.61368,0.045228,5.8689e-05,0.045228,0.61368,0.00039349,5.8689e-05,0.00039349,0.0,0.0,0.0,0.0,2.154e-06,0.0,0.0,0.0,2.154e-10,0.0,0.0,0.0,0.0,2.154e-10,2.154e-06,0.0
24549553.0,4995000000.0,5000000.0,5.0,0.0,0.1287,0.1287,0.1287,0.1287,0.61368,0.045228,0.051365,0.045228,0.61368,0.0,0.051365,0.0,0.0,0.0,0.0,0.0,4.642e-09,0.0,0.0,0.0,1e-11,0.0,0.0,0.0,0.0,1e-11,4.642e-09,0.0
24549687.0,4995000000.0,5000000.0,5.0,0.0,0.1287,0.1287,0.1287,0.1287,0.61368,0.045228,0.051365,0.045228,0.61368,4.1366e-05,0.051365,4.1366e-05,0.0,0.0,0.0,0.0,1e-11,0.0,0.0,0.0,2.154e-10,0.0,0.0,0.0,0.0,2.154e-10,1e-11,0.0
24548048.0,4995000000.0,5000000.0,5.0,0.0,0.1287,0.1287,0.1287,0.1287,0.61368,0.045228,0.0,0.045228,0.61368,0.00039349,0.0,0.00039349,0.0,0.0,0.0,0.0,2.154e-06,0.0,0.0,0.0,1e-11,0.0,0.0,0.0,0.0,1e-11,2.154e-06,0.0
24549832.0,4995000000.0,5000000.0,5.0,0.0,0.1287,0.1287,0.1287,0.1287,0.61368,0.045228,0.051365,0.045228,0.61368,0.0037856,0.051365,0.0037856,0.0,0.0,0.0,0.0,0.001,0.0,0.0,0.0,0.001,0.0,0.0,0.0,0.0,0.001,0.001,0.0
24548688.0,4995000000.0,5000000.0,5.0,0.0,0.1287,0.1287,0.1287,0.1287,0.61368,0.045228,5.8689e-05,0.045228,0.61368,4.1366e-05,5.8689e-05,4.1366e-05,0.0,0.0,0.0,0.0,2.154e-06,0.0,0.0,0.0,1e-07,0.0,0.0,0.0,0.0,1e-07,2.154e-06,0.0
24549666.0,4995000000.0,5000000.0,5.0,0.0,0.1287,0.1287,0.1287,0.1287,0.61368,0.045228,0.051365,0.045228,0.61368,4.3254e-06,0.051365,4.3254e-06,0.0,0.0,0.0,0.0,2.154e-06,0.0,0.0,0.0,2.154e-10,0.0,0.0,0.0,0.0,2.154e-10,2.154e-06,0.0
24548294.0,4995000000.0,5000000.0,5.0,0.0,0.1287,0.1287,0.1287,0.1287,0.61368,0.045228,6.1368e-06,0.045228,0.61368,4.3254e-06,6.1368e-06,4.3254e-06,0.0,0.0,0.0,0.0,2.154e-06,0.0,0.0,0.0,2.154e-10,0.0,0.0,0.0,0.0,2.154e-10,2.154e-06,0.0
24549441.0,4995000000.0,5000000.0,5.0,0.0,0.1287,0.1287,0.1287,0.1287,0.61368,0.045228,0.005339,0.045228,0.61368,0.0037856,0.005339,0.0037856,0.0,0.0,0.0,0.0,1e-11,0.0,0.0,0.0,1e-11,0.0,0.0,0.0,0.0,1e-11,1e-11,0.0
24549740.0,4995000000.0,5000000.0,5.0,0.0,0.1287,0.1287,0.1287,0.1287,0.61368,0.045228,0.051365,0.045228,0.61368,0.00039349,0.051365,0.00039349,0.0,0.0,0.0,0.0,1e-11,0.0,0.0,0.0,4.642e-05,0.0,0.0,0.0,0.0,4.642e-05,1e-11,0.0
24549704.0,4995000000.0,5000000.0,5.0,0.0,0.1287,0.1287,0.1287,0.1287,0.61368,0.045228,0.051365,0.045228,0.61368,4.1366e-05,0.051365,4.1366e-05,0.0,0.0,0.0,0.0,4.642e-09,0.0,0.0,0.0,2.154e-06,0.0,0.0,0.0,0.0,2.154e-06,4.642e-09,0.0
24549644.0,4995000000.0,5000000.0,5.0,0.0,0.1287,0.1287,0.1287,0.1287,0.61368,0.045228,0.051365,0.045228,0.61368,4.3254e-06,0.051365,4.3254e-06,0.0,0.0,0.0,0.0,2.154e-10,0.0,0.0,0.0,1e-11,0.0,0.0,0.0,0.0,1e-11,2.154e-10,0.0
24548427.0,4995000000.0,5000000.0,5.0,0.0,0.1287,0.1287,0.1287,0.1287,0.61368,0.045228,6.1368e-06,0.045228,0.61368,0.0037856,6.1368e-06,0.0037856,0.0,0.0,0.0,0.0,4.642e-09,0.0,0.0,0.0,2.154e-10,0.0,0.0,0.0,0.0,2.154e-10,4.642e-09,0.0
24548703.0,4995000000.0,5000000.0,5.0,0.0,0.1287,0.1287,0.1287,0.1287,0.61368,0.045228,5.8689e-05,0.045228,0.61368,4.1366e-05,5.8689e-05,4.1366e-05,0.0,0.0,0.0,0.0,0.001,0.0,0.0,0.0,2.154e-06,0.0,0.0,0.0,0.0,2.154e-06,0.001,0.0
24549643.0,4995000000.0,5000000.0,5.0,0.0,0.1287,0.1287,0.1287,0.1287,0.61368,0.045228,0.051365,0.045228,0.61368,4.3254e-06,0.051365,4.3254e-06,0.0,0.0,0.0,0.0,1e-11,0.0,0.0,0.0,0.001,0.0,0.0,0.0,0.0,0.001,1e-11,0.0
24548974.0,4995000000.0,5000000.0,5.0,0.0,0.1287,0.1287,0.1287,0.1287,0.61368,0.045228,0.00056128,0.045228,0.61368,4.3254e-06,0.00056128,4.3254e-06,0.0,0.0,0.0,0.0,1e-07,0.0,0.0,0.0,4.642e-09,0.0,0.0,0.0,0.0,4.642e-09,1e-07,0.0
24549248.0,4995000000.0,5000000.0,5.0,0.0,0.1287,0.1287,0.1287,0.1287,0.61368,0.045228,0.005339,0.045228,0.61368,4.5228e-07,0.005339,4.5228e-07,0.0,0.0,0.0,0.0,1e-11,0.0,0.0,0.0,1e-07,0.0,0.0,0.0,0.0,1e-07,1e-11,0.0
24549317.0,4995000000.0,5000000.0,5.0,0.0,0.1287,0.1287,0.1287,0.1287,0.61368,0.045228,0.005339,0.045228,0.61368,4.3254e-06,0.005339,4.3254e-06,0.0,0.0,0.0,0.0,1e-07,0.0,0.0,0.0,4.642e-09,0.0,0.0,0.0,0.0,4.642e-09,1e-07,0.0
24549865.0,4995000000.0,5000000.0,5.0,0.0,0.1287,0.1287,0.1287,0.1287,0.61368,0.045228,0.051365,0.045228,0.61368,0.036183,0.051365,0.036183,0.0,0.0,0.0,0.0,2.154e-06,0.0,0.0,0.0,2.154e-06,0.0,0.0,0.0,0.0,2.154e-06,2.154e-06,0.0
24548440.0,4995000000.0,5000000.0,5.0,0.0,0.1287,0.1287,0.1287,0.1287,0.61368,0.045228,6.1368e-06,0.045228,0.61368,0.0037856,6.1368e-06,0.0037856,0.0,0.0,0.0,0.0,2.154e-06,0.0,0.0,0.0,1e-11,0.0,0.0,0.0,0.0,1e-11,2.154e-06,0.0
24548122.0,4995000000.0,5000000.0,5.0,0.0,0.1287,0.1287,0.1287,0.1287,0.61368,0.045228,0.0,0.045228,0.61368,0.036183,0.0,0.036183,0.0,0.0,0.0,0.0,1e-11,0.0,0.0,0.0,2.154e-06,0.0,0.0,0.0,0.0,2.154e-06,1e-11,0.0
24548478.0,4995000000.0,5000000.0,5.0,0.0,0.1287,0.1287,0.1287,0.1287,0.61368,0.045228,6.1368e-06,0.045228,0.61368,0.036183,6.1368e-06,0.036183,0.0,0.0,0.0,0.0,4.642e-09,0.0,0.0,0.0,1e-07,0.0,0.0,0.0,0.0,1e-07,4.642e-09,0.0
24549068.0,4995000000.0,5000000.0,5.0,0.0,0.1287,0.1287,0.1287,0.1287,0.61368,0.045228,0.00056128,0.045228,0.61368,0.00039349,0.00056128,0.00039349,0.0,0.0,0.0,0.0,4.642e-09,0.0,0.0,0.0,4.642e-05,0.0,0.0,0.0,0.0,4.642e-05,4.642e-09,0.0
24548370.0,4995000000.0,5000000.0,5.0,0.0,0.1287,0.1287,0.1287,0.1287,0.61368,0.045228,6.1368e-06,0.045228,0.61368,0.00039349,6.1368e-06,0.00039349,0.0,0.0,0.0,0.0,2.154e-10,0.0,0.0,0.0,1e-11,0.0,0.0,0.0,0.0,1e-11,2.154e-10,0.0
24549402.0,4995000000.0,5000000.0,5.0,0.0,0.1287,0.1287,0.1287,0.1287,0.61368,0.045228,0.005339,0.045228,0.61368,0.00039349,0.005339,0.00039349,0.0,0.0,0.0,0.0,2.154e-10,0.0,0.0,0.0,1e-07,0.0,0.0,0.0,0.0,1e-07,2.154e-10,0.0
24548922.0,4995000000.0,5000000.0,5.0,0.0,0.1287,0.1287,0.1287,0.1287,0.61368,0.045228,0.00056128,0.045228,0.61368,4.5228e-07,0.00056128,4.5228e-07,0.0,0.0,0.0,0.0,4.642e-09,0.0,0.0,0.0,0.001,0.0,0.0,0.0,0.0,0.001,4.642e-09,0.0
24548194.0,4995000000.0,5000000.0,5.0,0.0,0.1287,0.1287,0.1287,0.1287,0.61368,0.045228,6.1368e-06,0.045228,0.61368,0.0,6.1368e-06,0.0,0.0,0.0,0.0,0.0,1e-07,0.0,0.0,0.0,0.001,0.0,0.0,0.0,0.0,0.001,1e-07,0.0
24548291.0,4995000000.0,5000000.0,5.0,0.0,0.1287,0.1287,0.1287,0.1287,0.61368,0.045228,6.1368e-06,0.045228,0.61368,4.3254e-06,6.1368e-06,4.3254e-06,0.0,0.0,0.0,0.0,1e-07,0.0,0.0,0.0,4.642e-05,0.0,0.0,0.0,0.0,4.642e-05,1e-07,0.0
24548687.0,4995000000.0,5000000.0,5.0,0.0,0.1287,0.1287,0.1287,0.1287,0.61368,0.045228,5.8689e-05,0.045228,0.61368,4.1366e-05,5.8689e-05,4.1366e-05,0.0,0.0,0.0,0.0,2.154e-06,0.0,0.0,0.0,4.642e-09,0.0,0.0,0.0,0.0,4.642e-09,2.154e-06,0.0
24548391.0,4995000000.0,5000000.0,5.0,0.0,0.1287,0.1287,0.1287,0.1287,0.61368,0.045228,6.1368e-06,0.045228,0.61368,0.00039349,6.1368e-06,0.00039349,0.0,0.0,0.0,0.0,2.154e-06,0.0,0.0,0.0,1e-11,0.0,0.0,0.0,0.0,1e-11,2.154e-06,0.0
24548700.0,4995000000.0,5000000.0,5.0,0.0,0.1287,0.1287,0.1287,0.1287,0.61368,0.045228,5.8689e-05,0.045228,0.61368,4.1366e-05,5.8689e-05,4.1366e-05,0.0,0.0,0.0,0.0,0.001,0.0,0.0,0.0,2.154e-10,0.0,0.0,0.0,0.0,2.154e-10,0.001,0.0
24548758.0,4995000000.0,5000000.0,5.0,0.0,0.1287,0.1287,0.1287,0.1287,0.61368,0.045228,5.8689e-05,0.045228,0.61368,0.0037856,5.8689e-05,0.0037856,0.0,0.0,0.0,0.0,1e-11,0.0,0.0,0.0,1e-07,0.0,0.0,0.0,0.0,1e-07,1e-11,0.0
24548789.0,4995000000.0,5000000.0,5.0,0.0,0.1287,0.1287,0.1287,0.1287,0.61368,0.045228,5.8689e-05,0.045228,0.61368,0.0037856,5.8689e-05,0.0037856,0.0,0.0,0.0,0.0,2.154e-06,0.0,0.0,0.0,0.001,0.0,0.0,0.0,0.0,0.001,2.154e-06,0.0
24549793.0,4995000000.0,5000000.0,5.0,0.0,0.1287,0.1287,0.1287,0.1287,0.61368,0.045228,0.051365,0.045228,0.61368,0.0037856,0.051365,0.0037856,0.0,0.0,0.0,0.0,2.154e-10,0.0,0.0,0.0,4.642e-09,0.0,0.0,0.0,0.0,4.642e-09,2.154e-10,0.0
24549634.0,4995000000.0,5000000.0,5.0,0.0,0.1287,0.1287,0.1287,0.1287,0.61368,0.045228,0.051365,0.045228,0.61368,4.5228e-07,0.051365,4.5228e-07,0.0,0.0,0.0,0.0,0.001,0.0,0.0,0.0,2.154e-06,0.0,0.0,0.0,0.0,2.154e-06,0.001,0.0
24548976.0,4995000000.0,5000000.0,5.0,0.0,0.1287,0.1287,0.1287,0.1287,0.61368,0.045228,0.00056128,0.045228,0.61368,4.3254e-06,0.00056128,4.3254e-06,0.0,0.0,0.0,0.0,1e-07,0.0,0.0,0.0,2.154e-06,0.0,0.0,0.0,0.0,2.154e-06,1e-07,0.0
24549763.0,4995000000.0,5000000.0,5.0,0.0,0.1287,0.1287,0.1287,0.1287,0.61368,0.045228,0.051365,0.045228,0.61368,0.00039349,0.051365,0.00039349,0.0,0.0,0.0,0.0,2.154e-06,0.0,0.0,0.0,1e-11,0.0,0.0,0.0,0.0,1e-11,2.154e-06,0.0
24548523.0,4995000000.0,5000000.0,5.0,0.0,0.1287,0.1287,0.1287,0.1287,0.61368,0.045228,5.8689e-05,0.045228,0.61368,0.0,5.8689e-05,0.0,0.0,0.0,0.0,0.0,2.154e-10,0.0,0.0,0.0,0.001,0.0,0.0,0.0,0.0,0.001,2.154e-10,0.0
24549630.0,4995000000.0,5000000.0,5.0,0.0,0.1287,0.1287,0.1287,0.1287,0.61368,0.045228,0.051365,0.045228,0.61368,4.5228e-07,0.051365,4.5228e-07,0.0,0.0,0.0,0.0,0.001,0.0,0.0,0.0,1e-11,0.0,0.0,0.0,0.0,1e-11,0.001,0.0
24547946.0,4995000000.0,5000000.0,5.0,0.0,0.1287,0.1287,0.1287,0.1287,0.61368,0.045228,0.0,0.045228,0.61368,4.3254e-06,0.0,4.3254e-06,0.0,0.0,0.0,0.0,1e-07,0.0,0.0,0.0,1e-07,0.0,0.0,0.0,0.0,1e-07,1e-07,0.0
24547985.0,4995000000.0,5000000.0,5.0,0.0,0.1287,0.1287,0.1287,0.1287,0.61368,0.045228,0.0,0.045228,0.61368,4.1366e-05,0.0,4.1366e-05,0.0,0.0,0.0,0.0,4.642e-09,0.0,0.0,0.0,1e-11,0.0,0.0,0.0,0.0,1e-11,4.642e-09,0.0
24548720.0,4995000000.0,5000000.0,5.0,0.0,0.1287,0.1287,0.1287,0.1287,0.61368,0.045228,5.8689e-05,0.045228,0.61368,0.00039349,5.8689e-05,0.00039349,0.0,0.0,0.0,0.0,4.642e-09,0.0,0.0,0.0,1e-11,0.0,0.0,0.0,0.0,1e-11,4.642e-09,0.0
24548290.0,4995000000.0,5000000.0,5.0,0.0,0.1287,0.1287,0.1287,0.1287,0.61368,0.045228,6.1368e-06,0.045228,0.61368,4.3254e-06,6.1368e-06,4.3254e-06,0.0,0.0,0.0,0.0,1e-07,0.0,0.0,0.0,2.154e-06,0.0,0.0,0.0,0.0,2.154e-06,1e-07,0.0
24549219.0,4995000000.0,5000000.0,5.0,0.0,0.1287,0.1287,0.1287,0.1287,0.61368,0.045228,0.005339,0.045228,0.61368,0.0,0.005339,0.0,0.0,0.0,0.0,0.0,1e-07,0.0,0.0,0.0,4.642e-09,0.0,0.0,0.0,0.0,4.642e-09,1e-07,0.0
24549118.0,4995000000.0,5000000.0,5.0,0.0,0.1287,0.1287,0.1287,0.1287,0.61368,0.045228,0.00056128,0.045228,0.61368,0.0037856,0.00056128,0.0037856,0.0,0.0,0.0,0.0,4.642e-09,0.0,0.0,0.0,0.001,0.0,0.0,0.0,0.0,0.001,4.642e-09,0.0
24548889.0,4995000000.0,5000000.0,5.0,0.0,0.1287,0.1287,0.1287,0.1287,0.61368,0.045228,0.00056128,0.045228,0.61368,0.0,0.00056128,0.0,0.0,0.0,0.0,0.0,4.642e-05,0.0,0.0,0.0,2.154e-10,0.0,0.0,0.0,0.0,2.154e-10,4.642e-05,0.0
24549229.0,4995000000.0,5000000.0,5.0,0.0,0.1287,0.1287,0.1287,0.1287,0.61368,0.045228,0.005339,0.045228,0.61368,0.0,0.005339,0.0,0.0,0.0,0.0,0.0,2.154e-06,0.0,0.0,0.0,4.642e-05,0.0,0.0,0.0,0.0,4.642e-05,2.154e-06,0.0
24549647.0,4995000000.0,5000000.0,5.0,0.0,0.1287,0.1287,0.1287,0.1287,0.61368,0.045228,0.051365,0.045228,0.61368,4.3254e-06,0.051365,4.3254e-06,0.0,0.0,0.0,0.0,2.154e-10,0.0,0.0,0.0,1e-07,0.0,0.0,0.0,0.0,1e-07,2.154e-10,0.0
24549093.0,4995000000.0,5000000.0,5.0,0.0,0.1287,0.1287,0.1287,0.1287,0.61368,0.045228,0.00056128,0.045228,0.61368,0.00039349,0.00056128,0.00039349,0.0,0.0,0.0,0.0,0.001,0.0,0.0,0.0,4.642e-09,0.0,0.0,0.0,0.0,4.642e-09,0.001,0.0
24549473.0,4995000000.0,5000000.0,5.0,0.0,0.1287,0.1287,0.1287,0.1287,0.61368,0.045228,0.005339,0.045228,0.61368,0.0037856,0.005339,0.0037856,0.0,0.0,0.0,0.0,2.154e-06,0.0,0.0,0.0,2.154e-06,0.0,0.0,0.0,0.0,2.154e-06,2.154e-06,0.0
24549520.0,4995000000.0,5000000.0,5.0,0.0,0.1287,0.1287,0.1287,0.1287,0.61368,0.045228,0.005339,0.045228,0.61368,0.036183,0.005339,0.036183,0.0,0.0,0.0,0.0,2.154e-06,0.0,0.0,0.0,4.642e-09,0.0,0.0,0.0,0.0,4.642e-09,2.154e-06,0.0
24547956.0,4995000000.0,5000000.0,5.0,0.0,0.1287,0.1287,0.1287,0.1287,0.61368,0.045228,0.0,0.045228,0.61368,4.3254e-06,0.0,4.3254e-06,0.0,0.0,0.0,0.0,2.154e-06,0.0,0.0,0.0,0.001,0.0,0.0,0.0,0.0,0.001,2.154e-06,0.0
24548724.0,4995000000.0,5000000.0,5.0,0.0,0.1287,0.1287,0.1287,0.1287,0.61368,0.045228,5.8689e-05,0.045228,0.61368,0.00039349,5.8689e-05,0.00039349,0.0,0.0,0.0,0.0,4.642e-09,0.0,0.0,0.0,2.154e-06,0.0,0.0,0.0,0.0,2.154e-06,4.642e-09,0.0
24547864.0,4995000000.0,5000000.0,5.0,0.0,0.1287,0.1287,0.1287,0.1287,0.61368,0.045228,0.0,0.045228,0.61368,0.0,0.0,0.0,0.0,0.0,0.0,0.0,4.642e-05,0.0,0.0,0.0,4.642e-05,0.0,0.0,0.0,0.0,4.642e-05,4.642e-05,0.0
24549613.0,4995000000.0,5000000.0,5.0,0.0,0.1287,0.1287,0.1287,0.1287,0.61368,0.045228,0.051365,0.045228,0.61368,4.5228e-07,0.051365,4.5228e-07,0.0,0.0,0.0,0.0,1e-07,0.0,0.0,0.0,2.154e-06,0.0,0.0,0.0,0.0,2.154e-06,1e-07,0.0
24548513.0,4995000000.0,5000000.0,5.0,0.0,0.1287,0.1287,0.1287,0.1287,0.61368,0.045228,5.8689e-05,0.045228,0.61368,0.0,5.8689e-05,0.0,0.0,0.0,0.0,0.0,1e-11,0.0,0.0,0.0,1e-07,0.0,0.0,0.0,0.0,1e-07,1e-11,0.0
24548228.0,4995000000.0,5000000.0,5.0,0.0,0.1287,0.1287,0.1287,0.1287,0.61368,0.045228,6.1368e-06,0.045228,0.61368,4.5228e-07,6.1368e-06,4.5228e-07,0.0,0.0,0.0,0.0,2.154e-10,0.0,0.0,0.0,4.642e-05,0.0,0.0,0.0,0.0,4.642e-05,2.154e-10,0.0
24549652.0,4995000000.0,5000000.0,5.0,0.0,0.1287,0.1287,0.1287,0.1287,0.61368,0.045228,0.051365,0.045228,0.61368,4.3254e-06,0.051365,4.3254e-06,0.0,0.0,0.0,0.0,4.642e-09,0.0,0.0,0.0,2.154e-10,0.0,0.0,0.0,0.0,2.154e-10,4.642e-09,0.0
24549611.0,4995000000.0,5000000.0,5.0,0.0,0.1287,0.1287,0.1287,0.1287,0.61368,0.045228,0.051365,0.045228,0.61368,4.5228e-07,0.051365,4.5228e-07,0.0,0.0,0.0,0.0,1e-07,0.0,0.0,0.0,4.642e-09,0.0,0.0,0.0,0.0,4.642e-09,1e-07,0.0
24547843.0,4995000000.0,5000000.0,5.0,0.0,0.1287,0.1287,0.1287,0.1287,0.61368,0.045228,0.0,0.045228,0.61368,0.0,0.0,0.0,0.0,0.0,0.0,0.0,4.642e-09,0.0,0.0,0.0,4.642e-05,0.0,0.0,0.0,0.0,4.642e-05,4.642e-09,0.0
24547932.0,4995000000.0,5000000.0,5.0,0.0,0.1287,0.1287,0.1287,0.1287,0.61368,0.045228,0.0,0.045228,0.61368,4.3254e-06,0.0,4.3254e-06,0.0,0.0,0.0,0.0,2.154e-10,0.0,0.0,0.0,1e-07,0.0,0.0,0.0,0.0,1e-07,2.154e-10,0.0
24548664.0,4995000000.0,5000000.0,5.0,0.0,0.1287,0.1287,0.1287,0.1287,0.61368,0.045228,5.8689e-05,0.045228,0.61368,4.1366e-05,5.8689e-05,4.1366e-05,0.0,0.0,0.0,0.0,2.154e-10,0.0,0.0,0.0,1e-11,0.0,0.0,0.0,0.0,1e-11,2.154e-10,0.0
24548271.0,4995000000.0,5000000.0,5.0,0.0,0.1287,0.1287,0.1287,0.1287,0.61368,0.045228,6.1368e-06,0.045228,0.61368,4.3254e-06,6.1368e-06,4.3254e-06,0.0,0.0,0.0,0.0,1e-11,0.0,0.0,0.0,0.001,0.0,0.0,0.0,0.0,0.001,1e-11,0.0
24548233.0,4995000000.0,5000000.0,5.0,0.0,0.1287,0.1287,0.1287,0.1287,0.61368,0.045228,6.1368e-06,0.045228,0.61368,4.5228e-07,6.1368e-06,4.5228e-07,0.0,0.0,0.0,0.0,4.642e-09,0.0,0.0,0.0,1e-07,0.0,0.0,0.0,0.0,1e-07,4.642e-09,0.0
24548423.0,4995000000.0,5000000.0,5.0,0.0,0.1287,0.1287,0.1287,0.1287,0.61368,0.045228,6.1368e-06,0.045228,0.61368,0.0037856,6.1368e-06,0.0037856,0.0,0.0,0.0,0.0,2.154e-10,0.0,0.0,0.0,2.154e-06,0.0,0.0,0.0,0.0,2.154e-06,2.154e-10,0.0
24548881.0,4995000000.0,5000000.0,5.0,0.0,0.1287,0.1287,0.1287,0.1287,0.61368,0.045228,0.00056128,0.045228,0.61368,0.0,0.00056128,0.0,0.0,0.0,0.0,0.0,2.154e-06,0.0,0.0,0.0,1e-11,0.0,0.0,0.0,0.0,1e-11,2.154e-06,0.0
24549660.0,4995000000.0,5000000.0,5.0,0.0,0.1287,0.1287,0.1287,0.1287,0.61368,0.045228,0.051365,0.045228,0.61368,4.3254e-06,0.051365,4.3254e-06,0.0,0.0,0.0,0.0,1e-07,0.0,0.0,0.0,4.642e-09,0.0,0.0,0.0,0.0,4.642e-09,1e-07,0.0
24548144.0,4995000000.0,5000000.0,5.0,0.0,0.1287,0.1287,0.1287,0.1287,0.61368,0.045228,0.0,0.045228,0.61368,0.036183,0.0,0.036183,0.0,0.0,0.0,0.0,1e-07,0.0,0.0,0.0,4.642e-05,0.0,0.0,0.0,0.0,4.642e-05,1e-07,0.0
24548748.0,4995000000.0,5000000.0,5.0,0.0,0.1287,0.1287,0.1287,0.1287,0.61368,0.045228,5.8689e-05,0.045228,0.61368,0.00039349,5.8689e-05,0.00039349,0.0,0.0,0.0,0.0,0.001,0.0,0.0,0.0,1e-11,0.0,0.0,0.0,0.0,1e-11,0.001,0.0
24547826.0,4995000000.0,5000000.0,5.0,0.0,0.1287,0.1287,0.1287,0.1287,0.61368,0.045228,0.0,0.045228,0.61368,0.0,0.0,0.0,0.0,0.0,0.0,0.0,1e-11,0.0,0.0,0.0,4.642e-09,0.0,0.0,0.0,0.0,4.642e-09,1e-11,0.0
24549700.0,4995000000.0,5000000.0,5.0,0.0,0.1287,0.1287,0.1287,0.1287,0.61368,0.045228,0.051365,0.045228,0.61368,4.1366e-05,0.051365,4.1366e-05,0.0,0.0,0.0,0.0,4.642e-09,0.0,0.0,0.0,1e-11,0.0,0.0,0.0,0.0,1e-11,4.642e-09,0.0
24548408.0,4995000000.0,5000000.0,5.0,0.0,0.1287,0.1287,0.1287,0.1287,0.61368,0.045228,6.1368e-06,0.045228,0.61368,0.00039349,6.1368e-06,0.00039349,0.0,0.0,0.0,0.0,0.001,0.0,0.0,0.0,1e-07,0.0,0.0,0.0,0.0,1e-07,0.001,0.0
24549323.0,4995000000.0,5000000.0,5.0,0.0,0.1287,0.1287,0.1287,0.1287,0.61368,0.045228,0.005339,0.045228,0.61368,4.3254e-06,0.005339,4.3254e-06,0.0,0.0,0.0,0.0,2.154e-06,0.0,0.0,0.0,2.154e-10,0.0,0.0,0.0,0.0,2.154e-10,2.154e-06,0.0
24549713.0,4995000000.0,5000000.0,5.0,0.0,0.1287,0.1287,0.1287,0.1287,0.61368,0.045228,0.051365,0.045228,0.61368,4.1366e-05,0.051365,4.1366e-05,0.0,0.0,0.0,0.0,1e-07,0.0,0.0,0.0,0.001,0.0,0.0,0.0,0.0,0.001,1e-07,0.0
24548351.0,4995000000.0,5000000.0,5.0,0.0,0.1287,0.1287,0.1287,0.1287,0.61368,0.045228,6.1368e-06,0.045228,0.61368,4.1366e-05,6.1368e-06,4.1366e-05,0.0,0.0,0.0,0.0,4.642e-05,0.0,0.0,0.0,4.642e-09,0.0,0.0,0.0,0.0,4.642e-09,4.642e-05,0.0
24548449.0,4995000000.0,5000000.0,5.0,0.0,0.1287,0.1287,0.1287,0.1287,0.61368,0.045228,6.1368e-06,0.045228,0.61368,0.0037856,6.1368e-06,0.0037856,0.0,0.0,0.0,0.0,4.642e-05,0.0,0.0,0.0,4.642e-09,0.0,0.0,0.0,0.0,4.642e-09,4.642e-05,0.0
24549209.0,4995000000.0,5000000.0,5.0,0.0,0.1287,0.1287,0.1287,0.1287,0.61368,0.045228,0.005339,0.045228,0.61368,0.0,0.005339,0.0,0.0,0.0,0.0,0.0,2.154e-10,0.0,0.0,0.0,0.001,0.0,0.0,0.0,0.0,0.001,2.154e-10,0.0
24549295.0,4995000000.0,5000000.0,5.0,0.0,0.1287,0.1287,0.1287,0.1287,0.61368,0.045228,0.005339,0.045228,0.61368,4.3254e-06,0.005339,4.3254e-06,0.0,0.0,0.0,0.0,1e-11,0.0,0.0,0.0,2.154e-10,0.0,0.0,0.0,0.0,2.154e-10,1e-11,0.0
24549583.0,4995000000.0,5000000.0,5.0,0.0,0.1287,0.1287,0.1287,0.1287,0.61368,0.045228,0.051365,0.045228,0.61368,0.0,0.051365,0.0,0.0,0.0,0.0,0.0,0.001,0.0,0.0,0.0,4.642e-09,0.0,0.0,0.0,0.0,4.642e-09,0.001,0.0
24549396.0,4995000000.0,5000000.0,5.0,0.0,0.1287,0.1287,0.1287,0.1287,0.61368,0.045228,0.005339,0.045228,0.61368,0.00039349,0.005339,0.00039349,0.0,0.0,0.0,0.0,1e-11,0.0,0.0,0.0,2.154e-06,0.0,0.0,0.0,0.0,2.154e-06,1e-11,0.0
24548397.0,4995000000.0,5000000.0,5.0,0.0,0.1287,0.1287,0.1287,0.1287,0.61368,0.045228,6.1368e-06,0.045228,0.61368,0.00039349,6.1368e-06,0.00039349,0.0,0.0,0.0,0.0,2.154e-06,0.0,0.0,0.0,0.001,0.0,0.0,0.0,0.0,0.001,2.154e-06,0.0
24549837.0,4995000000.0,5000000.0,5.0,0.0,0.1287,0.1287,0.1287,0.1287,0.61368,0.045228,0.051365,0.045228,0.61368,0.036183,0.051365,0.036183,0.0,0.0,0.0,0.0,1e-11,0.0,0.0,0.0,2.154e-06,0.0,0.0,0.0,0.0,2.154e-06,1e-11,0.0
24548585.0,4995000000.0,5000000.0,5.0,0.0,0.1287,0.1287,0.1287,0.1287,0.61368,0.045228,5.8689e-05,0.045228,0.61368,4.5228e-07,5.8689e-05,4.5228e-07,0.0,0.0,0.0,0.0,1e-07,0.0,0.0,0.0,4.642e-05,0.0,0.0,0.0,0.0,4.642e-05,1e-07,0.0
24548809.0,4995000000.0,5000000.0,5.0,0.0,0.1287,0.1287,0.1287,0.1287,0.61368,0.045228,5.8689e-05,0.045228,0.61368,0.036183,5.8689e-05,0.036183,0.0,0.0,0.0,0.0,1e-11,0.0,0.0,0.0,4.642e-05,0.0,0.0,0.0,0.0,4.642e-05,1e-11,0.0
24548660.0,4995000000.0,5000000.0,5.0,0.0,0.1287,0.1287,0.1287,0.1287,0.61368,0.045228,5.8689e-05,0.045228,0.61368,4.1366e-05,5.8689e-05,4.1366e-05,0.0,0.0,0.0,0.0,1e-11,0.0,0.0,0.0,1e-07,0.0,0.0,0.0,0.0,1e-07,1e-11,0.0
24548917.0,4995000000.0,5000000.0,5.0,0.0,0.1287,0.1287,0.1287,0.1287,0.61368,0.045228,0.00056128,0.045228,0.61368,4.5228e-07,0.00056128,4.5228e-07,0.0,0.0,0.0,0.0,4.642e-09,0.0,0.0,0.0,2.154e-10,0.0,0.0,0.0,0.0,2.154e-10,4.642e-09,0.0
24548363.0,4995000000.0,5000000.0,5.0,0.0,0.1287,0.1287,0.1287,0.1287,0.61368,0.045228,6.1368e-06,0.045228,0.61368,0.00039349,6.1368e-06,0.00039349,0.0,0.0,0.0,0.0,1e-11,0.0,0.0,0.0,1e-11,0.0,0.0,0.0,0.0,1e-11,1e-11,0.0
24549044.0,4995000000.0,5000000.0,5.0,0.0,0.1287,0.1287,0.1287,0.1287,0.61368,0.045228,0.00056128,0.045228,0.61368,4.1366e-05,0.00056128,4.1366e-05,0.0,0.0,0.0,0.0,0.001,0.0,0.0,0.0,4.642e-09,0.0,0.0,0.0,0.0,4.642e-09,0.001,0.0
24548277.0,4995000000.0,5000000.0,5.0,0.0,0.1287,0.1287,0.1287,0.1287,0.61368,0.045228,6.1368e-06,0.045228,0.61368,4.3254e-06,6.1368e-06,4.3254e-06,0.0,0.0,0.0,0.0,2.154e-10,0.0,0.0,0.0,4.642e-05,0.0,0.0,0.0,0.0,4.642e-05,2.154e-10,0.0
24547825.0,4995000000.0,5000000.0,5.0,0.0,0.1287,0.1287,0.1287,0.1287,0.61368,0.045228,0.0,0.045228,0.61368,0.0,0.0,0.0,0.0,0.0,0.0,0.0,1e-11,0.0,0.0,0.0,2.154e-10,0.0,0.0,0.0,0.0,2.154e-10,1e-11,0.0
24547983.0,4995000000.0,5000000.0,5.0,0.0,0.1287,0.1287,0.1287,0.1287,0.61368,0.045228,0.0,0.045228,0.61368,4.1366e-05,0.0,4.1366e-05,0.0,0.0,0.0,0.0,2.154e-10,0.0,0.0,0.0,4.642e-05,0.0,0.0,0.0,0.0,4.642e-05,2.154e-10,0.0
24548467.0,4995000000.0,5000000.0,5.0,0.0,0.1287,0.1287,0.1287,0.1287,0.61368,0.045228,6.1368e-06,0.045228,0.61368,0.036183,6.1368e-06,0.036183,0.0,0.0,0.0,0.0,1e-11,0.0,0.0,0.0,0.001,0.0,0.0,0.0,0.0,0.001,1e-11,0.0
24547965.0,4995000000.0,5000000.0,5.0,0.0,0.1287,0.1287,0.1287,0.1287,0.61368,0.045228,0.0,0.045228,0.61368,4.3254e-06,0.0,4.3254e-06,0.0,0.0,0.0,0.0,0.001,0.0,0.0,0.0,2.154e-10,0.0,0.0,0.0,0.0,2.154e-10,0.001,0.0
24549128.0,4995000000.0,5000000.0,5.0,0.0,0.1287,0.1287,0.1287,0.1287,0.61368,0.045228,0.00056128,0.045228,0.61368,0.0037856,0.00056128,0.0037856,0.0,0.0,0.0,0.0,2.154e-06,0.0,0.0,0.0,4.642e-09,0.0,0.0,0.0,0.0,4.642e-09,2.154e-06,0.0
24548249.0,4995000000.0,5000000.0,5.0,0.0,0.1287,0.1287,0.1287,0.1287,0.61368,0.045228,6.1368e-06,0.045228,0.61368,4.5228e-07,6.1368e-06,4.5228e-07,0.0,0.0,0.0,0.0,2.154e-06,0.0,0.0,0.0,4.642e-05,0.0,0.0,0.0,0.0,4.642e-05,2.154e-06,0.0
24548849.0,4995000000.0,5000000.0,5.0,0.0,0.1287,0.1287,0.1287,0.1287,0.61368,0.045228,5.8689e-05,0.045228,0.61368,0.036183,5.8689e-05,0.036183,0.0,0.0,0.0,0.0,0.001,0.0,0.0,0.0,1e-07,0.0,0.0,0.0,0.0,1e-07,0.001,0.0
24548697.0,4995000000.0,5000000.0,5.0,0.0,0.1287,0.1287,0.1287,0.1287,0.61368,0.045228,5.8689e-05,0.045228,0.61368,4.1366e-05,5.8689e-05,4.1366e-05,0.0,0.0,0.0,0.0,4.642e-05,0.0,0.0,0.0,4.642e-05,0.0,0.0,0.0,0.0,4.642e-05,4.642e-05,0.0
24549447.0,4995000000.0,5000000.0,5.0,0.0,0.1287,0.1287,0.1287,0.1287,0.61368,0.045228,0.005339,0.045228,0.61368,0.0037856,0.005339,0.0037856,0.0,0.0,0.0,0.0,1e-11,0.0,0.0,0.0,0.001,0.0,0.0,0.0,0.0,0.001,1e-11,0.0
24548219.0,4995000000.0,5000000.0,5.0,0.0,0.1287,0.1287,0.1287,0.1287,0.61368,0.045228,6.1368e-06,0.045228,0.61368,4.5228e-07,6.1368e-06,4.5228e-07,0.0,0.0,0.0,0.0,1e-11,0.0,0.0,0.0,1e-07,0.0,0.0,0.0,0.0,1e-07,1e-11,0.0
24549561.0,4995000000.0,5000000.0,5.0,0.0,0.1287,0.1287,0.1287,0.1287,0.61368,0.045228,0.051365,0.045228,0.61368,0.0,0.051365,0.0,0.0,0.0,0.0,0.0,1e-07,0.0,0.0,0.0,2.154e-10,0.0,0.0,0.0,0.0,2.154e-10,1e-07,0.0
24548417.0,4995000000.0,5000000.0,5.0,0.0,0.1287,0.1287,0.1287,0.1287,0.61368,0.045228,6.1368e-06,0.045228,0.61368,0.0037856,6.1368e-06,0.0037856,0.0,0.0,0.0,0.0,1e-11,0.0,0.0,0.0,4.642e-05,0.0,0.0,0.0,0.0,4.642e-05,1e-11,0.0
24549819.0,4995000000.0,5000000.0,5.0,0.0,0.1287,0.1287,0.1287,0.1287,0.61368,0.045228,0.051365,0.045228,0.61368,0.0037856,0.051365,0.0037856,0.0,0.0,0.0,0.0,4.642e-05,0.0,0.0,0.0,1e-11,0.0,0.0,0.0,0.0,1e-11,4.642e-05,0.0
24548024.0,4995000000.0,5000000.0,5.0,0.0,0.1287,0.1287,0.1287,0.1287,0.61368,0.045228,0.0,0.045228,0.61368,0.00039349,0.0,0.00039349,0.0,0.0,0.0,0.0,1e-11,0.0,0.0,0.0,2.154e-06,0.0,0.0,0.0,0.0,2.154e-06,1e-11,0.0
24548893.0,4995000000.0,5000000.0,5.0,0.0,0.1287,0.1287,0.1287,0.1287,0.61368,0.045228,0.00056128,0.045228,0.61368,0.0,0.00056128,0.0,0.0,0.0,0.0,0.0,4.642e-05,0.0,0.0,0.0,4.642e-05,0.0,0.0,0.0,0.0,4.642e-05,4.642e-05,0.0
24548728.0,4995000000.0,5000000.0,5.0,0.0,0.1287,0.1287,0.1287,0.1287,0.61368,0.045228,5.8689e-05,0.045228,0.61368,0.00039349,5.8689e-05,0.00039349,0.0,0.0,0.0,0.0,1e-07,0.0,0.0,0.0,2.154e-10,0.0,0.0,0.0,0.0,2.154e-10,1e-07,0.0
24548344.0,4995000000.0,5000000.0,5.0,0.0,0.1287,0.1287,0.1287,0.1287,0.61368,0.045228,6.1368e-06,0.045228,0.61368,4.1366e-05,6.1368e-06,4.1366e-05,0.0,0.0,0.0,0.0,2.154e-06,0.0,0.0,0.0,4.642e-09,0.0,0.0,0.0,0.0,4.642e-09,2.154e-06,0.0
24548335.0,4995000000.0,5000000.0,5.0,0.0,0.1287,0.1287,0.1287,0.1287,0.61368,0.045228,6.1368e-06,0.045228,0.61368,4.1366e-05,6.1368e-06,4.1366e-05,0.0,0.0,0.0,0.0,1e-07,0.0,0.0,0.0,1e-11,0.0,0.0,0.0,0.0,1e-11,1e-07,0.0
24549729.0,4995000000.0,5000000.0,5.0,0.0,0.1287,0.1287,0.1287,0.1287,0.61368,0.045228,0.051365,0.045228,0.61368,4.1366e-05,0.051365,4.1366e-05,0.0,0.0,0.0,0.0,0.001,0.0,0.0,0.0,2.154e-10,0.0,0.0,0.0,0.0,2.154e-10,0.001,0.0
24549224.0,4995000000.0,5000000.0,5.0,0.0,0.1287,0.1287,0.1287,0.1287,0.61368,0.045228,0.005339,0.045228,0.61368,0.0,0.005339,0.0,0.0,0.0,0.0,0.0,2.154e-06,0.0,0.0,0.0,1e-11,0.0,0.0,0.0,0.0,1e-11,2.154e-06,0.0
24548810.0,4995000000.0,5000000.0,5.0,0.0,0.1287,0.1287,0.1287,0.1287,0.61368,0.045228,5.8689e-05,0.045228,0.61368,0.036183,5.8689e-05,0.036183,0.0,0.0,0.0,0.0,1e-11,0.0,0.0,0.0,0.001,0.0,0.0,0.0,0.0,0.001,1e-11,0.0
24548085.0,4995000000.0,5000000.0,5.0,0.0,0.1287,0.1287,0.1287,0.1287,0.61368,0.045228,0.0,0.045228,0.61368,0.0037856,0.0,0.0037856,0.0,0.0,0.0,0.0,4.642e-09,0.0,0.0,0.0,4.642e-09,0.0,0.0,0.0,0.0,4.642e-09,4.642e-09,0.0
24549530.0,4995000000.0,5000000.0,5.0,0.0,0.1287,0.1287,0.1287,0.1287,0.61368,0.045228,0.005339,0.045228,0.61368,0.036183,0.005339,0.036183,0.0,0.0,0.0,0.0,4.642e-05,0.0,0.0,0.0,4.642e-05,0.0,0.0,0.0,0.0,4.642e-05,4.642e-05,0.0
24548468.0,4995000000.0,5000000.0,5.0,0.0,0.1287,0.1287,0.1287,0.1287,0.61368,0.045228,6.1368e-06,0.045228,0.61368,0.036183,6.1368e-06,0.036183,0.0,0.0,0.0,0.0,2.154e-10,0.0,0.0,0.0,1e-11,0.0,0.0,0.0,0.0,1e-11,2.154e-10,0.0
24548627.0,4995000000.0,5000000.0,5.0,0.0,0.1287,0.1287,0.1287,0.1287,0.61368,0.045228,5.8689e-05,0.045228,0.61368,4.3254e-06,5.8689e-05,4.3254e-06,0.0,0.0,0.0,0.0,4.642e-09,0.0,0.0,0.0,4.642e-05,0.0,0.0,0.0,0.0,4.642e-05,4.642e-09,0.0
24548790.0,4995000000.0,5000000.0,5.0,0.0,0.1287,0.1287,0.1287,0.1287,0.61368,0.045228,5.8689e-05,0.045228,0.61368,0.0037856,5.8689e-05,0.0037856,0.0,0.0,0.0,0.0,4.642e-05,0.0,0.0,0.0,1e-11,0.0,0.0,0.0,0.0,1e-11,4.642e-05,0.0
24549166.0,4995000000.0,5000000.0,5.0,0.0,0.1287,0.1287,0.1287,0.1287,0.61368,0.045228,0.00056128,0.045228,0.61368,0.036183,0.00056128,0.036183,0.0,0.0,0.0,0.0,4.642e-09,0.0,0.0,0.0,4.642e-05,0.0,0.0,0.0,0.0,4.642e-05,4.642e-09,0.0
24549216.0,4995000000.0,5000000.0,5.0,0.0,0.1287,0.1287,0.1287,0.1287,0.61368,0.045228,0.005339,0.045228,0.61368,0.0,0.005339,0.0,0.0,0.0,0.0,0.0,4.642e-09,0.0,0.0,0.0,0.001,0.0,0.0,0.0,0.0,0.001,4.642e-09,0.0
24549391.0,4995000000.0,5000000.0,5.0,0.0,0.1287,0.1287,0.1287,0.1287,0.61368,0.045228,0.005339,0.045228,0.61368,4.1366e-05,0.005339,4.1366e-05,0.0,0.0,0.0,0.0,0.001,0.0,0.0,0.0,0.001,0.0,0.0,0.0,0.0,0.001,0.001,0.0
24548221.0,4995000000.0,5000000.0,5.0,0.0,0.1287,0.1287,0.1287,0.1287,0.61368,0.045228,6.1368e-06,0.045228,0.61368,4.5228e-07,6.1368e-06,4.5228e-07,0.0,0.0,0.0,0.0,1e-11,0.0,0.0,0.0,4.642e-05,0.0,0.0,0.0,0.0,4.642e-05,1e-11,0.0
24548906.0,4995000000.0,5000000.0,5.0,0.0,0.1287,0.1287,0.1287,0.1287,0.61368,0.045228,0.00056128,0.045228,0.61368,4.5228e-07,0.00056128,4.5228e-07,0.0,0.0,0.0,0.0,1e-11,0.0,0.0,0.0,2.154e-06,0.0,0.0,0.0,0.0,2.154e-06,1e-11,0.0
24548455.0,4995000000.0,5000000.0,5.0,0.0,0.1287,0.1287,0.1287,0.1287,0.61368,0.045228,6.1368e-06,0.045228,0.61368,0.0037856,6.1368e-06,0.0037856,0.0,0.0,0.0,0.0,0.001,0.0,0.0,0.0,2.154e-10,0.0,0.0,0.0,0.0,2.154e-10,0.001,0.0
24547907.0,4995000000.0,5000000.0,5.0,0.0,0.1287,0.1287,0.1287,0.1287,0.61368,0.045228,0.0,0.045228,0.61368,4.5228e-07,0.0,4.5228e-07,0.0,0.0,0.0,0.0,2.154e-06,0.0,0.0,0.0,0.001,0.0,0.0,0.0,0.0,0.001,2.154e-06,0.0
24549452.0,4995000000.0,5000000.0,5.0,0.0,0.1287,0.1287,0.1287,0.1287,0.61368,0.045228,0.005339,0.045228,0.61368,0.0037856,0.005339,0.0037856,0.0,0.0,0.0,0.0,2.154e-10,0.0,0.0,0.0,2.154e-06,0.0,0.0,0.0,0.0,2.154e-06,2.154e-10,0.0
24548967.0,4995000000.0,5000000.0,5.0,0.0,0.1287,0.1287,0.1287,0.1287,0.61368,0.045228,0.00056128,0.045228,0.61368,4.3254e-06,0.00056128,4.3254e-06,0.0,0.0,0.0,0.0,4.642e-09,0.0,0.0,0.0,4.642e-09,0.0,0.0,0.0,0.0,4.642e-09,4.642e-09,0.0
24549698.0,4995000000.0,5000000.0,5.0,0.0,0.1287,0.1287,0.1287,0.1287,0.61368,0.045228,0.051365,0.045228,0.61368,4.1366e-05,0.051365,4.1366e-05,0.0,0.0,0.0,0.0,2.154e-10,0.0,0.0,0.0,4.642e-05,0.0,0.0,0.0,0.0,4.642e-05,2.154e-10,0.0
24548295.0,4995000000.0,5000000.0,5.0,0.0,0.1287,0.1287,0.1287,0.1287,0.61368,0.045228,6.1368e-06,0.045228,0.61368,4.3254e-06,6.1368e-06,4.3254e-06,0.0,0.0,0.0,0.0,2.154e-06,0.0,0.0,0.0,4.642e-09,0.0,0.0,0.0,0.0,4.642e-09,2.154e-06,0.0
24548607.0,4995000000.0,5000000.0,5.0,0.0,0.1287,0.1287,0.1287,0.1287,0.61368,0.045228,5.8689e-05,0.045228,0.61368,4.5228e-07,5.8689e-05,4.5228e-07,0.0,0.0,0.0,0.0,0.001,0.0,0.0,0.0,0.001,0.0,0.0,0.0,0.0,0.001,0.001,0.0
24548025.0,4995000000.0,5000000.0,5.0,0.0,0.1287,0.1287,0.1287,0.1287,0.61368,0.045228,0.0,0.045228,0.61368,0.00039349,0.0,0.00039349,0.0,0.0,0.0,0.0,1e-11,0.0,0.0,0.0,4.642e-05,0.0,0.0,0.0,0.0,4.642e-05,1e-11,0.0
24549795.0,4995000000.0,5000000.0,5.0,0.0,0.1287,0.1287,0.1287,0.1287,0.61368,0.045228,0.051365,0.045228,0.61368,0.0037856,0.051365,0.0037856,0.0,0.0,0.0,0.0,2.154e-10,0.0,0.0,0.0,2.154e-06,0.0,0.0,0.0,0.0,2.154e-06,2.154e-10,0.0
24549283.0,4995000000.0,5000000.0,5.0,0.0,0.1287,0.1287,0.1287,0.1287,0.61368,0.045228,0.005339,0.045228,0.61368,4.5228e-07,0.005339,4.5228e-07,0.0,0.0,0.0,0.0,4.642e-05,0.0,0.0,0.0,1e-07,0.0,0.0,0.0,0.0,1e-07,4.642e-05,0.0
24548463.0,4995000000.0,5000000.0,5.0,0.0,0.1287,0.1287,0.1287,0.1287,0.61368,0.045228,6.1368e-06,0.045228,0.61368,0.036183,6.1368e-06,0.036183,0.0,0.0,0.0,0.0,1e-11,0.0,0.0,0.0,4.642e-09,0.0,0.0,0.0,0.0,4.642e-09,1e-11,0.0
24548981.0,4995000000.0,5000000.0,5.0,0.0,0.1287,0.1287,0.1287,0.1287,0.61368,0.045228,0.00056128,0.045228,0.61368,4.3254e-06,0.00056128,4.3254e-06,0.0,0.0,0.0,0.0,2.154e-06,0.0,0.0,0.0,4.642e-09,0.0,0.0,0.0,0.0,4.642e-09,2.154e-06,0.0
24548739.0,4995000000.0,5000000.0,5.0,0.0,0.1287,0.1287,0.1287,0.1287,0.61368,0.045228,5.8689e-05,0.045228,0.61368,0.00039349,5.8689e-05,0.00039349,0.0,0.0,0.0,0.0,2.154e-06,0.0,0.0,0.0,4.642e-05,0.0,0.0,0.0,0.0,4.642e-05,2.154e-06,0.0
24549137.0,4995000000.0,5000000.0,5.0,0.0,0.1287,0.1287,0.1287,0.1287,0.61368,0.045228,0.00056128,0.045228,0.61368,0.0037856,0.00056128,0.0037856,0.0,0.0,0.0,0.0,4.642e-05,0.0,0.0,0.0,2.154e-06,0.0,0.0,0.0,0.0,2.154e-06,4.642e-05,0.0
24549866.0,4995000000.0,5000000.0,5.0,0.0,0.1287,0.1287,0.1287,0.1287,0.61368,0.045228,0.051365,0.045228,0.61368,0.036183,0.051365,0.036183,0.0,0.0,0.0,0.0,2.154e-06,0.0,0.0,0.0,4.642e-05,0.0,0.0,0.0,0.0,4.642e-05,2.154e-06,0.0
24548876.0,4995000000.0,5000000.0,5.0,0.0,0.1287,0.1287,0.1287,0.1287,0.61368,0.045228,0.00056128,0.045228,0.61368,0.0,0.00056128,0.0,0.0,0.0,0.0,0.0,1e-07,0.0,0.0,0.0,4.642e-09,0.0,0.0,0.0,0.0,4.642e-09,1e-07,0.0
24548814.0,4995000000.0,5000000.0,5.0,0.0,0.1287,0.1287,0.1287,0.1287,0.61368,0.045228,5.8689e-05,0.045228,0.61368,0.036183,5.8689e-05,0.036183,0.0,0.0,0.0,0.0,2.154e-10,0.0,0.0,0.0,1e-07,0.0,0.0,0.0,0.0,1e-07,2.154e-10,0.0
24548533.0,4995000000.0,5000000.0,5.0,0.0,0.1287,0.1287,0.1287,0.1287,0.61368,0.045228,5.8689e-05,0.045228,0.61368,0.0,5.8689e-05,0.0,0.0,0.0,0.0,0.0,1e-07,0.0,0.0,0.0,4.642e-09,0.0,0.0,0.0,0.0,4.642e-09,1e-07,0.0
24549673.0,4995000000.0,5000000.0,5.0,0.0,0.1287,0.1287,0.1287,0.1287,0.61368,0.045228,0.051365,0.045228,0.61368,4.3254e-06,0.051365,4.3254e-06,0.0,0.0,0.0,0.0,4.642e-05,0.0,0.0,0.0,2.154e-10,0.0,0.0,0.0,0.0,2.154e-10,4.642e-05,0.0
24548029.0,4995000000.0,5000000.0,5.0,0.0,0.1287,0.1287,0.1287,0.1287,0.61368,0.045228,0.0,0.045228,0.61368,0.00039349,0.0,0.00039349,0.0,0.0,0.0,0.0,2.154e-10,0.0,0.0,0.0,4.642e-09,0.0,0.0,0.0,0.0,4.642e-09,2.154e-10,0.0
24549695.0,4995000000.0,5000000.0,5.0,0.0,0.1287,0.1287,0.1287,0.1287,0.61368,0.045228,0.051365,0.045228,0.61368,4.1366e-05,0.051365,4.1366e-05,0.0,0.0,0.0,0.0,2.154e-10,0.0,0.0,0.0,4.642e-09,0.0,0.0,0.0,0.0,4.642e-09,2.154e-10,0.0
24549786.0,4995000000.0,5000000.0,5.0,0.0,0.1287,0.1287,0.1287,0.1287,0.61368,0.045228,0.051365,0.045228,0.61368,0.0037856,0.051365,0.0037856,0.0,0.0,0.0,0.0,1e-11,0.0,0.0,0.0,4.642e-09,0.0,0.0,0.0,0.0,4.642e-09,1e-11,0.0
24548184.0,4995000000.0,5000000.0,5.0,0.0,0.1287,0.1287,0.1287,0.1287,0.61368,0.045228,6.1368e-06,0.045228,0.61368,0.0,6.1368e-06,0.0,0.0,0.0,0.0,0.0,4.642e-09,0.0,0.0,0.0,1e-07,0.0,0.0,0.0,0.0,1e-07,4.642e-09,0.0
24548145.0,4995000000.0,5000000.0,5.0,0.0,0.1287,0.1287,0.1287,0.1287,0.61368,0.045228,0.0,0.045228,0.61368,0.036183,0.0,0.036183,0.0,0.0,0.0,0.0,1e-07,0.0,0.0,0.0,0.001,0.0,0.0,0.0,0.0,0.001,1e-07,0.0
24549734.0,4995000000.0,5000000.0,5.0,0.0,0.1287,0.1287,0.1287,0.1287,0.61368,0.045228,0.051365,0.045228,0.61368,4.1366e-05,0.051365,4.1366e-05,0.0,0.0,0.0,0.0,0.001,0.0,0.0,0.0,0.001,0.0,0.0,0.0,0.0,0.001,0.001,0.0
24548932.0,4995000000.0,5000000.0,5.0,0.0,0.1287,0.1287,0.1287,0.1287,0.61368,0.045228,0.00056128,0.045228,0.61368,4.5228e-07,0.00056128,4.5228e-07,0.0,0.0,0.0,0.0,2.154e-06,0.0,0.0,0.0,4.642e-09,0.0,0.0,0.0,0.0,4.642e-09,2.154e-06,0.0
24549275.0,4995000000.0,5000000.0,5.0,0.0,0.1287,0.1287,0.1287,0.1287,0.61368,0.045228,0.005339,0.045228,0.61368,4.5228e-07,0.005339,4.5228e-07,0.0,0.0,0.0,0.0,2.154e-06,0.0,0.0,0.0,4.642e-09,0.0,0.0,0.0,0.0,4.642e-09,2.154e-06,0.0
24549023.0,4995000000.0,5000000.0,5.0,0.0,0.1287,0.1287,0.1287,0.1287,0.61368,0.045228,0.00056128,0.045228,0.61368,4.1366e-05,0.00056128,4.1366e-05,0.0,0.0,0.0,0.0,1e-07,0.0,0.0,0.0,4.642e-09,0.0,0.0,0.0,0.0,4.642e-09,1e-07,0.0
24548595.0,4995000000.0,5000000.0,5.0,0.0,0.1287,0.1287,0.1287,0.1287,0.61368,0.045228,5.8689e-05,0.045228,0.61368,4.5228e-07,5.8689e-05,4.5228e-07,0.0,0.0,0.0,0.0,4.642e-05,0.0,0.0,0.0,2.154e-10,0.0,0.0,0.0,0.0,2.154e-10,4.642e-05,0.0
24549429.0,4995000000.0,5000000.0,5.0,0.0,0.1287,0.1287,0.1287,0.1287,0.61368,0.045228,0.005339,0.045228,0.61368,0.00039349,0.005339,0.00039349,0.0,0.0,0.0,0.0,4.642e-05,0.0,0.0,0.0,4.642e-09,0.0,0.0,0.0,0.0,4.642e-09,4.642e-05,0.0
24548817.0,4995000000.0,5000000.0,5.0,0.0,0.1287,0.1287,0.1287,0.1287,0.61368,0.045228,5.8689e-05,0.045228,0.61368,0.036183,5.8689e-05,0.036183,0.0,0.0,0.0,0.0,2.154e-10,0.0,0.0,0.0,0.001,0.0,0.0,0.0,0.0,0.001,2.154e-10,0.0
24548781.0,4995000000.0,5000000.0,5.0,0.0,0.1287,0.1287,0.1287,0.1287,0.61368,0.045228,5.8689e-05,0.045228,0.61368,0.0037856,5.8689e-05,0.0037856,0.0,0.0,0.0,0.0,1e-07,0.0,0.0,0.0,4.642e-05,0.0,0.0,0.0,0.0,4.642e-05,1e-07,0.0
24548885.0,4995000000.0,5000000.0,5.0,0.0,0.1287,0.1287,0.1287,0.1287,0.61368,0.045228,0.00056128,0.045228,0.61368,0.0,0.00056128,0.0,0.0,0.0,0.0,0.0,2.154e-06,0.0,0.0,0.0,2.154e-06,0.0,0.0,0.0,0.0,2.154e-06,2.154e-06,0.0
24548745.0,4995000000.0,5000000.0,5.0,0.0,0.1287,0.1287,0.1287,0.1287,0.61368,0.045228,5.8689e-05,0.045228,0.61368,0.00039349,5.8689e-05,0.00039349,0.0,0.0,0.0,0.0,4.642e-05,0.0,0.0,0.0,2.154e-06,0.0,0.0,0.0,0.0,2.154e-06,4.642e-05,0.0
24548614.0,4995000000.0,5000000.0,5.0,0.0,0.1287,0.1287,0.1287,0.1287,0.61368,0.045228,5.8689e-05,0.045228,0.61368,4.3254e-06,5.8689e-05,4.3254e-06,0.0,0.0,0.0,0.0,1e-11,0.0,0.0,0.0,0.001,0.0,0.0,0.0,0.0,0.001,1e-11,0.0
24548227.0,4995000000.0,5000000.0,5.0,0.0,0.1287,0.1287,0.1287,0.1287,0.61368,0.045228,6.1368e-06,0.045228,0.61368,4.5228e-07,6.1368e-06,4.5228e-07,0.0,0.0,0.0,0.0,2.154e-10,0.0,0.0,0.0,2.154e-06,0.0,0.0,0.0,0.0,2.154e-06,2.154e-10,0.0
24548429.0,4995000000.0,5000000.0,5.0,0.0,0.1287,0.1287,0.1287,0.1287,0.61368,0.045228,6.1368e-06,0.045228,0.61368,0.0037856,6.1368e-06,0.0037856,0.0,0.0,0.0,0.0,4.642e-09,0.0,0.0,0.0,1e-07,0.0,0.0,0.0,0.0,1e-07,4.642e-09,0.0
24548578.0,4995000000.0,5000000.0,5.0,0.0,0.1287,0.1287,0.1287,0.1287,0.61368,0.045228,5.8689e-05,0.045228,0.61368,4.5228e-07,5.8689e-05,4.5228e-07,0.0,0.0,0.0,0.0,4.642e-09,0.0,0.0,0.0,4.642e-05,0.0,0.0,0.0,0.0,4.642e-05,4.642e-09,0.0
24549096.0,4995000000.0,5000000.0,5.0,0.0,0.1287,0.1287,0.1287,0.1287,0.61368,0.045228,0.00056128,0.045228,0.61368,0.00039349,0.00056128,0.00039349,0.0,0.0,0.0,0.0,0.001,0.0,0.0,0.0,4.642e-05,0.0,0.0,0.0,0.0,4.642e-05,0.001,0.0
24549737.0,4995000000.0,5000000.0,5.0,0.0,0.1287,0.1287,0.1287,0.1287,0.61368,0.045228,0.051365,0.045228,0.61368,0.00039349,0.051365,0.00039349,0.0,0.0,0.0,0.0,1e-11,0.0,0.0,0.0,4.642e-09,0.0,0.0,0.0,0.0,4.642e-09,1e-11,0.0
24549079.0,4995000000.0,5000000.0,5.0,0.0,0.1287,0.1287,0.1287,0.1287,0.61368,0.045228,0.00056128,0.045228,0.61368,0.00039349,0.00056128,0.00039349,0.0,0.0,0.0,0.0,2.154e-06,0.0,0.0,0.0,4.642e-09,0.0,0.0,0.0,0.0,4.642e-09,2.154e-06,0.0
24549792.0,4995000000.0,5000000.0,5.0,0.0,0.1287,0.1287,0.1287,0.1287,0.61368,0.045228,0.051365,0.045228,0.61368,0.0037856,0.051365,0.0037856,0.0,0.0,0.0,0.0,2.154e-10,0.0,0.0,0.0,2.154e-10,0.0,0.0,0.0,0.0,2.154e-10,2.154e-10,0.0
24548469.0,4995000000.0,5000000.0,5.0,0.0,0.1287,0.1287,0.1287,0.1287,0.61368,0.045228,6.1368e-06,0.045228,0.61368,0.036183,6.1368e-06,0.036183,0.0,0.0,0.0,0.0,2.154e-10,0.0,0.0,0.0,2.154e-10,0.0,0.0,0.0,0.0,2.154e-10,2.154e-10,0.0
24548702.0,4995000000.0,5000000.0,5.0,0.0,0.1287,0.1287,0.1287,0.1287,0.61368,0.045228,5.8689e-05,0.045228,0.61368,4.1366e-05,5.8689e-05,4.1366e-05,0.0,0.0,0.0,0.0,0.001,0.0,0.0,0.0,1e-07,0.0,0.0,0.0,0.0,1e-07,0.001,0.0
24548436.0,4995000000.0,5000000.0,5.0,0.0,0.1287,0.1287,0.1287,0.1287,0.61368,0.045228,6.1368e-06,0.045228,0.61368,0.0037856,6.1368e-06,0.0037856,0.0,0.0,0.0,0.0,1e-07,0.0,0.0,0.0,1e-07,0.0,0.0,0.0,0.0,1e-07,1e-07,0.0
24548348.0,4995000000.0,5000000.0,5.0,0.0,0.1287,0.1287,0.1287,0.1287,0.61368,0.045228,6.1368e-06,0.045228,0.61368,4.1366e-05,6.1368e-06,4.1366e-05,0.0,0.0,0.0,0.0,2.154e-06,0.0,0.0,0.0,0.001,0.0,0.0,0.0,0.0,0.001,2.154e-06,0.0
24547950.0,4995000000.0,5000000.0,5.0,0.0,0.1287,0.1287,0.1287,0.1287,0.61368,0.045228,0.0,0.045228,0.61368,4.3254e-06,0.0,4.3254e-06,0.0,0.0,0.0,0.0,2.154e-06,0.0,0.0,0.0,1e-11,0.0,0.0,0.0,0.0,1e-11,2.154e-06,0.0
24548516.0,4995000000.0,5000000.0,5.0,0.0,0.1287,0.1287,0.1287,0.1287,0.61368,0.045228,5.8689e-05,0.045228,0.61368,0.0,5.8689e-05,0.0,0.0,0.0,0.0,0.0,1e-11,0.0,0.0,0.0,0.001,0.0,0.0,0.0,0.0,0.001,1e-11,0.0
24549113.0,4995000000.0,5000000.0,5.0,0.0,0.1287,0.1287,0.1287,0.1287,0.61368,0.045228,0.00056128,0.045228,0.61368,0.0037856,0.00056128,0.0037856,0.0,0.0,0.0,0.0,4.642e-09,0.0,0.0,0.0,2.154e-10,0.0,0.0,0.0,0.0,2.154e-10,4.642e-09,0.0
24549148.0,4995000000.0,5000000.0,5.0,0.0,0.1287,0.1287,0.1287,0.1287,0.61368,0.045228,0.00056128,0.045228,0.61368,0.036183,0.00056128,0.036183,0.0,0.0,0.0,0.0,1e-11,0.0,0.0,0.0,2.154e-10,0.0,0.0,0.0,0.0,2.154e-10,1e-11,0.0
24549311.0,4995000000.0,5000000.0,5.0,0.0,0.1287,0.1287,0.1287,0.1287,0.61368,0.045228,0.005339,0.045228,0.61368,4.3254e-06,0.005339,4.3254e-06,0.0,0.0,0.0,0.0,4.642e-09,0.0,0.0,0.0,1e-07,0.0,0.0,0.0,0.0,1e-07,4.642e-09,0.0
24548942.0,4995000000.0,5000000.0,5.0,0.0,0.1287,0.1287,0.1287,0.1287,0.61368,0.045228,0.00056128,0.045228,0.61368,4.5228e-07,0.00056128,4.5228e-07,0.0,0.0,0.0,0.0,4.642e-05,0.0,0.0,0.0,4.642e-05,0.0,0.0,0.0,0.0,4.642e-05,4.642e-05,0.0
24548808.0,4995000000.0,5000000.0,5.0,0.0,0.1287,0.1287,0.1287,0.1287,0.61368,0.045228,5.8689e-05,0.045228,0.61368,0.036183,5.8689e-05,0.036183,0.0,0.0,0.0,0.0,1e-11,0.0,0.0,0.0,2.154e-06,0.0,0.0,0.0,0.0,2.154e-06,1e-11,0.0
24549493.0,4995000000.0,5000000.0,5.0,0.0,0.1287,0.1287,0.1287,0.1287,0.61368,0.045228,0.005339,0.045228,0.61368,0.036183,0.005339,0.036183,0.0,0.0,0.0,0.0,1e-11,0.0,0.0,0.0,1e-07,0.0,0.0,0.0,0.0,1e-07,1e-11,0.0
24549724.0,4995000000.0,5000000.0,5.0,0.0,0.1287,0.1287,0.1287,0.1287,0.61368,0.045228,0.051365,0.045228,0.61368,4.1366e-05,0.051365,4.1366e-05,0.0,0.0,0.0,0.0,4.642e-05,0.0,0.0,0.0,1e-07,0.0,0.0,0.0,0.0,1e-07,4.642e-05,0.0
24549188.0,4995000000.0,5000000.0,5.0,0.0,0.1287,0.1287,0.1287,0.1287,0.61368,0.045228,0.00056128,0.045228,0.61368,0.036183,0.00056128,0.036183,0.0,0.0,0.0,0.0,4.642e-05,0.0,0.0,0.0,0.001,0.0,0.0,0.0,0.0,0.001,4.642e-05,0.0
24549722.0,4995000000.0,5000000.0,5.0,0.0,0.1287,0.1287,0.1287,0.1287,0.61368,0.045228,0.051365,0.045228,0.61368,4.1366e-05,0.051365,4.1366e-05,0.0,0.0,0.0,0.0,4.642e-05,0.0,0.0,0.0,2.154e-10,0.0,0.0,0.0,0.0,2.154e-10,4.642e-05,0.0
24548083.0,4995000000.0,5000000.0,5.0,0.0,0.1287,0.1287,0.1287,0.1287,0.61368,0.045228,0.0,0.045228,0.61368,0.0037856,0.0,0.0037856,0.0,0.0,0.0,0.0,4.642e-09,0.0,0.0,0.0,1e-11,0.0,0.0,0.0,0.0,1e-11,4.642e-09,0.0
24548458.0,4995000000.0,5000000.0,5.0,0.0,0.1287,0.1287,0.1287,0.1287,0.61368,0.045228,6.1368e-06,0.045228,0.61368,0.0037856,6.1368e-06,0.0037856,0.0,0.0,0.0,0.0,0.001,0.0,0.0,0.0,2.154e-06,0.0,0.0,0.0,0.0,2.154e-06,0.001,0.0
24549549.0,4995000000.0,5000000.0,5.0,0.0,0.1287,0.1287,0.1287,0.1287,0.61368,0.045228,0.051365,0.045228,0.61368,0.0,0.051365,0.0,0.0,0.0,0.0,0.0,2.154e-10,0.0,0.0,0.0,1e-07,0.0,0.0,0.0,0.0,1e-07,2.154e-10,0.0
24549271.0,4995000000.0,5000000.0,5.0,0.0,0.1287,0.1287,0.1287,0.1287,0.61368,0.045228,0.005339,0.045228,0.61368,4.5228e-07,0.005339,4.5228e-07,0.0,0.0,0.0,0.0,1e-07,0.0,0.0,0.0,4.642e-05,0.0,0.0,0.0,0.0,4.642e-05,1e-07,0.0
24549065.0,4995000000.0,5000000.0,5.0,0.0,0.1287,0.1287,0.1287,0.1287,0.61368,0.045228,0.00056128,0.045228,0.61368,0.00039349,0.00056128,0.00039349,0.0,0.0,0.0,0.0,4.642e-09,0.0,0.0,0.0,4.642e-09,0.0,0.0,0.0,0.0,4.642e-09,4.642e-09,0.0
24548006.0,4995000000.0,5000000.0,5.0,0.0,0.1287,0.1287,0.1287,0.1287,0.61368,0.045228,0.0,0.045228,0.61368,4.1366e-05,0.0,4.1366e-05,0.0,0.0,0.0,0.0,4.642e-05,0.0,0.0,0.0,1e-11,0.0,0.0,0.0,0.0,1e-11,4.642e-05,0.0
24549101.0,4995000000.0,5000000.0,5.0,0.0,0.1287,0.1287,0.1287,0.1287,0.61368,0.045228,0.00056128,0.045228,0.61368,0.0037856,0.00056128,0.0037856,0.0,0.0,0.0,0.0,1e-11,0.0,0.0,0.0,1e-07,0.0,0.0,0.0,0.0,1e-07,1e-11,0.0
24548340.0,4995000000.0,5000000.0,5.0,0.0,0.1287,0.1287,0.1287,0.1287,0.61368,0.045228,6.1368e-06,0.045228,0.61368,4.1366e-05,6.1368e-06,4.1366e-05,0.0,0.0,0.0,0.0,1e-07,0.0,0.0,0.0,4.642e-05,0.0,0.0,0.0,0.0,4.642e-05,1e-07,0.0
24547911.0,4995000000.0,5000000.0,5.0,0.0,0.1287,0.1287,0.1287,0.1287,0.61368,0.045228,0.0,0.045228,0.61368,4.5228e-07,0.0,4.5228e-07,0.0,0.0,0.0,0.0,4.642e-05,0.0,0.0,0.0,1e-07,0.0,0.0,0.0,0.0,1e-07,4.642e-05,0.0
24549877.0,4995000000.0,5000000.0,5.0,0.0,0.1287,0.1287,0.1287,0.1287,0.61368,0.045228,0.051365,0.045228,0.61368,0.036183,0.051365,0.036183,0.0,0.0,0.0,0.0,0.001,0.0,0.0,0.0,4.642e-09,0.0,0.0,0.0,0.0,4.642e-09,0.001,0.0
24548768.0,4995000000.0,5000000.0,5.0,0.0,0.1287,0.1287,0.1287,0.1287,0.61368,0.045228,5.8689e-05,0.045228,0.61368,0.0037856,5.8689e-05,0.0037856,0.0,0.0,0.0,0.0,2.154e-10,0.0,0.0,0.0,0.001,0.0,0.0,0.0,0.0,0.001,2.154e-10,0.0
24549451.0,4995000000.0,5000000.0,5.0,0.0,0.1287,0.1287,0.1287,0.1287,0.61368,0.045228,0.005339,0.045228,0.61368,0.0037856,0.005339,0.0037856,0.0,0.0,0.0,0.0,2.154e-10,0.0,0.0,0.0,1e-07,0.0,0.0,0.0,0.0,1e-07,2.154e-10,0.0
24549067.0,4995000000.0,5000000.0,5.0,0.0,0.1287,0.1287,0.1287,0.1287,0.61368,0.045228,0.00056128,0.045228,0.61368,0.00039349,0.00056128,0.00039349,0.0,0.0,0.0,0.0,4.642e-09,0.0,0.0,0.0,2.154e-06,0.0,0.0,0.0,0.0,2.154e-06,4.642e-09,0.0
24548186.0,4995000000.0,5000000.0,5.0,0.0,0.1287,0.1287,0.1287,0.1287,0.61368,0.045228,6.1368e-06,0.045228,0.61368,0.0,6.1368e-06,0.0,0.0,0.0,0.0,0.0,4.642e-09,0.0,0.0,0.0,4.642e-05,0.0,0.0,0.0,0.0,4.642e-05,4.642e-09,0.0
24548611.0,4995000000.0,5000000.0,5.0,0.0,0.1287,0.1287,0.1287,0.1287,0.61368,0.045228,5.8689e-05,0.045228,0.61368,4.3254e-06,5.8689e-05,4.3254e-06,0.0,0.0,0.0,0.0,1e-11,0.0,0.0,0.0,1e-07,0.0,0.0,0.0,0.0,1e-07,1e-11,0.0
24548225.0,4995000000.0,5000000.0,5.0,0.0,0.1287,0.1287,0.1287,0.1287,0.61368,0.045228,6.1368e-06,0.045228,0.61368,4.5228e-07,6.1368e-06,4.5228e-07,0.0,0.0,0.0,0.0,2.154e-10,0.0,0.0,0.0,4.642e-09,0.0,0.0,0.0,0.0,4.642e-09,2.154e-10,0.0
24549760.0,4995000000.0,5000000.0,5.0,0.0,0.1287,0.1287,0.1287,0.1287,0.61368,0.045228,0.051365,0.045228,0.61368,0.00039349,0.051365,0.00039349,0.0,0.0,0.0,0.0,1e-07,0.0,0.0,0.0,2.154e-06,0.0,0.0,0.0,0.0,2.154e-06,1e-07,0.0
24549529.0,4995000000.0,5000000.0,5.0,0.0,0.1287,0.1287,0.1287,0.1287,0.61368,0.045228,0.005339,0.045228,0.61368,0.036183,0.005339,0.036183,0.0,0.0,0.0,0.0,4.642e-05,0.0,0.0,0.0,2.154e-06,0.0,0.0,0.0,0.0,2.154e-06,4.642e-05,0.0
24549018.0,4995000000.0,5000000.0,5.0,0.0,0.1287,0.1287,0.1287,0.1287,0.61368,0.045228,0.00056128,0.045228,0.61368,4.1366e-05,0.00056128,4.1366e-05,0.0,0.0,0.0,0.0,4.642e-09,0.0,0.0,0.0,2.154e-06,0.0,0.0,0.0,0.0,2.154e-06,4.642e-09,0.0
24548374.0,4995000000.0,5000000.0,5.0,0.0,0.1287,0.1287,0.1287,0.1287,0.61368,0.045228,6.1368e-06,0.045228,0.61368,0.00039349,6.1368e-06,0.00039349,0.0,0.0,0.0,0.0,2.154e-10,0.0,0.0,0.0,2.154e-06,0.0,0.0,0.0,0.0,2.154e-06,2.154e-10,0.0
24549501.0,4995000000.0,5000000.0,5.0,0.0,0.1287,0.1287,0.1287,0.1287,0.61368,0.045228,0.005339,0.045228,0.61368,0.036183,0.005339,0.036183,0.0,0.0,0.0,0.0,2.154e-10,0.0,0.0,0.0,2.154e-06,0.0,0.0,0.0,0.0,2.154e-06,2.154e-10,0.0
24548937.0,4995000000.0,5000000.0,5.0,0.0,0.1287,0.1287,0.1287,0.1287,0.61368,0.045228,0.00056128,0.045228,0.61368,4.5228e-07,0.00056128,4.5228e-07,0.0,0.0,0.0,0.0,4.642e-05,0.0,0.0,0.0,1e-11,0.0,0.0,0.0,0.0,1e-11,4.642e-05,0.0
24549620.0,4995000000.0,5000000.0,5.0,0.0,0.1287,0.1287,0.1287,0.1287,0.61368,0.045228,0.051365,0.045228,0.61368,4.5228e-07,0.051365,4.5228e-07,0.0,0.0,0.0,0.0,2.154e-06,0.0,0.0,0.0,2.154e-06,0.0,0.0,0.0,0.0,2.154e-06,2.154e-06,0.0
24548737.0,4995000000.0,5000000.0,5.0,0.0,0.1287,0.1287,0.1287,0.1287,0.61368,0.045228,5.8689e-05,0.045228,0.61368,0.00039349,5.8689e-05,0.00039349,0.0,0.0,0.0,0.0,2.154e-06,0.0,0.0,0.0,1e-07,0.0,0.0,0.0,0.0,1e-07,2.154e-06,0.0
24549400.0,4995000000.0,5000000.0,5.0,0.0,0.1287,0.1287,0.1287,0.1287,0.61368,0.045228,0.005339,0.045228,0.61368,0.00039349,0.005339,0.00039349,0.0,0.0,0.0,0.0,2.154e-10,0.0,0.0,0.0,2.154e-10,0.0,0.0,0.0,0.0,2.154e-10,2.154e-10,0.0
24549589.0,4995000000.0,5000000.0,5.0,0.0,0.1287,0.1287,0.1287,0.1287,0.61368,0.045228,0.051365,0.045228,0.61368,4.5228e-07,0.051365,4.5228e-07,0.0,0.0,0.0,0.0,1e-11,0.0,0.0,0.0,2.154e-10,0.0,0.0,0.0,0.0,2.154e-10,1e-11,0.0
24547877.0,4995000000.0,5000000.0,5.0,0.0,0.1287,0.1287,0.1287,0.1287,0.61368,0.045228,0.0,0.045228,0.61368,4.5228e-07,0.0,4.5228e-07,0.0,0.0,0.0,0.0,1e-11,0.0,0.0,0.0,2.154e-06,0.0,0.0,0.0,0.0,2.154e-06,1e-11,0.0
24547863.0,4995000000.0,5000000.0,5.0,0.0,0.1287,0.1287,0.1287,0.1287,0.61368,0.045228,0.0,0.045228,0.61368,0.0,0.0,0.0,0.0,0.0,0.0,0.0,4.642e-05,0.0,0.0,0.0,2.154e-06,0.0,0.0,0.0,0.0,2.154e-06,4.642e-05,0.0
24547853.0,4995000000.0,5000000.0,5.0,0.0,0.1287,0.1287,0.1287,0.1287,0.61368,0.045228,0.0,0.045228,0.61368,0.0,0.0,0.0,0.0,0.0,0.0,0.0,2.154e-06,0.0,0.0,0.0,2.154e-10,0.0,0.0,0.0,0.0,2.154e-10,2.154e-06,0.0
24547919.0,4995000000.0,5000000.0,5.0,0.0,0.1287,0.1287,0.1287,0.1287,0.61368,0.045228,0.0,0.045228,0.61368,4.5228e-07,0.0,4.5228e-07,0.0,0.0,0.0,0.0,0.001,0.0,0.0,0.0,2.154e-06,0.0,0.0,0.0,0.0,2.154e-06,0.001,0.0
24549192.0,4995000000.0,5000000.0,5.0,0.0,0.1287,0.1287,0.1287,0.1287,0.61368,0.045228,0.00056128,0.045228,0.61368,0.036183,0.00056128,0.036183,0.0,0.0,0.0,0.0,0.001,0.0,0.0,0.0,1e-07,0.0,0.0,0.0,0.0,1e-07,0.001,0.0
24549871.0,4995000000.0,5000000.0,5.0,0.0,0.1287,0.1287,0.1287,0.1287,0.61368,0.045228,0.051365,0.045228,0.61368,0.036183,0.051365,0.036183,0.0,0.0,0.0,0.0,4.642e-05,0.0,0.0,0.0,1e-07,0.0,0.0,0.0,0.0,1e-07,4.642e-05,0.0
24549427.0,4995000000.0,5000000.0,5.0,0.0,0.1287,0.1287,0.1287,0.1287,0.61368,0.045228,0.005339,0.045228,0.61368,0.00039349,0.005339,0.00039349,0.0,0.0,0.0,0.0,4.642e-05,0.0,0.0,0.0,1e-11,0.0,0.0,0.0,0.0,1e-11,4.642e-05,0.0
24547937.0,4995000000.0,5000000.0,5.0,0.0,0.1287,0.1287,0.1287,0.1287,0.61368,0.045228,0.0,0.045228,0.61368,4.3254e-06,0.0,4.3254e-06,0.0,0.0,0.0,0.0,4.642e-09,0.0,0.0,0.0,2.154e-10,0.0,0.0,0.0,0.0,2.154e-10,4.642e-09,0.0
24547854.0,4995000000.0,5000000.0,5.0,0.0,0.1287,0.1287,0.1287,0.1287,0.61368,0.045228,0.0,0.045228,0.61368,0.0,0.0,0.0,0.0,0.0,0.0,0.0,2.154e-06,0.0,0.0,0.0,4.642e-09,0.0,0.0,0.0,0.0,4.642e-09,2.154e-06,0.0
24549769.0,4995000000.0,5000000.0,5.0,0.0,0.1287,0.1287,0.1287,0.1287,0.61368,0.045228,0.051365,0.045228,0.61368,0.00039349,0.051365,0.00039349,0.0,0.0,0.0,0.0,2.154e-06,0.0,0.0,0.0,0.001,0.0,0.0,0.0,0.0,0.001,2.154e-06,0.0
24549467.0,4995000000.0,5000000.0,5.0,0.0,0.1287,0.1287,0.1287,0.1287,0.61368,0.045228,0.005339,0.045228,0.61368,0.0037856,0.005339,0.0037856,0.0,0.0,0.0,0.0,1e-07,0.0,0.0,0.0,4.642e-05,0.0,0.0,0.0,0.0,4.642e-05,1e-07,0.0
24548615.0,4995000000.0,5000000.0,5.0,0.0,0.1287,0.1287,0.1287,0.1287,0.61368,0.045228,5.8689e-05,0.045228,0.61368,4.3254e-06,5.8689e-05,4.3254e-06,0.0,0.0,0.0,0.0,2.154e-10,0.0,0.0,0.0,1e-11,0.0,0.0,0.0,0.0,1e-11,2.154e-10,0.0
24547912.0,4995000000.0,5000000.0,5.0,0.0,0.1287,0.1287,0.1287,0.1287,0.61368,0.045228,0.0,0.045228,0.61368,4.5228e-07,0.0,4.5228e-07,0.0,0.0,0.0,0.0,4.642e-05,0.0,0.0,0.0,2.154e-06,0.0,0.0,0.0,0.0,2.154e-06,4.642e-05,0.0
24549869.0,4995000000.0,5000000.0,5.0,0.0,0.1287,0.1287,0.1287,0.1287,0.61368,0.045228,0.051365,0.045228,0.61368,0.036183,0.051365,0.036183,0.0,0.0,0.0,0.0,4.642e-05,0.0,0.0,0.0,2.154e-10,0.0,0.0,0.0,0.0,2.154e-10,4.642e-05,0.0
24547839.0,4995000000.0,5000000.0,5.0,0.0,0.1287,0.1287,0.1287,0.1287,0.61368,0.045228,0.0,0.045228,0.61368,0.0,0.0,0.0,0.0,0.0,0.0,0.0,4.642e-09,0.0,0.0,0.0,2.154e-10,0.0,0.0,0.0,0.0,2.154e-10,4.642e-09,0.0
24548821.0,4995000000.0,5000000.0,5.0,0.0,0.1287,0.1287,0.1287,0.1287,0.61368,0.045228,5.8689e-05,0.045228,0.61368,0.036183,5.8689e-05,0.036183,0.0,0.0,0.0,0.0,4.642e-09,0.0,0.0,0.0,1e-07,0.0,0.0,0.0,0.0,1e-07,4.642e-09,0.0
24549152.0,4995000000.0,5000000.0,5.0,0.0,0.1287,0.1287,0.1287,0.1287,0.61368,0.045228,0.00056128,0.045228,0.61368,0.036183,0.00056128,0.036183,0.0,0.0,0.0,0.0,1e-11,0.0,0.0,0.0,4.642e-05,0.0,0.0,0.0,0.0,4.642e-05,1e-11,0.0
24549638.0,4995000000.0,5000000.0,5.0,0.0,0.1287,0.1287,0.1287,0.1287,0.61368,0.045228,0.051365,0.045228,0.61368,4.3254e-06,0.051365,4.3254e-06,0.0,0.0,0.0,0.0,1e-11,0.0,0.0,0.0,2.154e-10,0.0,0.0,0.0,0.0,2.154e-10,1e-11,0.0
24548406.0,4995000000.0,5000000.0,5.0,0.0,0.1287,0.1287,0.1287,0.1287,0.61368,0.045228,6.1368e-06,0.045228,0.61368,0.00039349,6.1368e-06,0.00039349,0.0,0.0,0.0,0.0,0.001,0.0,0.0,0.0,2.154e-10,0.0,0.0,0.0,0.0,2.154e-10,0.001,0.0
24549009.0,4995000000.0,5000000.0,5.0,0.0,0.1287,0.1287,0.1287,0.1287,0.61368,0.045228,0.00056128,0.045228,0.61368,4.1366e-05,0.00056128,4.1366e-05,0.0,0.0,0.0,0.0,2.154e-10,0.0,0.0,0.0,4.642e-09,0.0,0.0,0.0,0.0,4.642e-09,2.154e-10,0.0
24548576.0,4995000000.0,5000000.0,5.0,0.0,0.1287,0.1287,0.1287,0.1287,0.61368,0.045228,5.8689e-05,0.045228,0.61368,4.5228e-07,5.8689e-05,4.5228e-07,0.0,0.0,0.0,0.0,4.642e-09,0.0,0.0,0.0,1e-07,0.0,0.0,0.0,0.0,1e-07,4.642e-09,0.0
24548522.0,4995000000.0,5000000.0,5.0,0.0,0.1287,0.1287,0.1287,0.1287,0.61368,0.045228,5.8689e-05,0.045228,0.61368,0.0,5.8689e-05,0.0,0.0,0.0,0.0,0.0,2.154e-10,0.0,0.0,0.0,4.642e-05,0.0,0.0,0.0,0.0,4.642e-05,2.154e-10,0.0
24549859.0,4995000000.0,5000000.0,5.0,0.0,0.1287,0.1287,0.1287,0.1287,0.61368,0.045228,0.051365,0.045228,0.61368,0.036183,0.051365,0.036183,0.0,0.0,0.0,0.0,1e-07,0.0,0.0,0.0,4.642e-05,0.0,0.0,0.0,0.0,4.642e-05,1e-07,0.0
24547933.0,4995000000.0,5000000.0,5.0,0.0,0.1287,0.1287,0.1287,0.1287,0.61368,0.045228,0.0,0.045228,0.61368,4.3254e-06,0.0,4.3254e-06,0.0,0.0,0.0,0.0,2.154e-10,0.0,0.0,0.0,2.154e-06,0.0,0.0,0.0,0.0,2.154e-06,2.154e-10,0.0
24549533.0,4995000000.0,5000000.0,5.0,0.0,0.1287,0.1287,0.1287,0.1287,0.61368,0.045228,0.005339,0.045228,0.61368,0.036183,0.005339,0.036183,0.0,0.0,0.0,0.0,0.001,0.0,0.0,0.0,2.154e-10,0.0,0.0,0.0,0.0,2.154e-10,0.001,0.0
24549582.0,4995000000.0,5000000.0,5.0,0.0,0.1287,0.1287,0.1287,0.1287,0.61368,0.045228,0.051365,0.045228,0.61368,0.0,0.051365,0.0,0.0,0.0,0.0,0.0,0.001,0.0,0.0,0.0,2.154e-10,0.0,0.0,0.0,0.0,2.154e-10,0.001,0.0
24549621.0,4995000000.0,5000000.0,5.0,0.0,0.1287,0.1287,0.1287,0.1287,0.61368,0.045228,0.051365,0.045228,0.61368,4.5228e-07,0.051365,4.5228e-07,0.0,0.0,0.0,0.0,2.154e-06,0.0,0.0,0.0,4.642e-05,0.0,0.0,0.0,0.0,4.642e-05,2.154e-06,0.0
24548825.0,4995000000.0,5000000.0,5.0,0.0,0.1287,0.1287,0.1287,0.1287,0.61368,0.045228,5.8689e-05,0.045228,0.61368,0.036183,5.8689e-05,0.036183,0.0,0.0,0.0,0.0,1e-07,0.0,0.0,0.0,1e-11,0.0,0.0,0.0,0.0,1e-11,1e-07,0.0
24549121.0,4995000000.0,5000000.0,5.0,0.0,0.1287,0.1287,0.1287,0.1287,0.61368,0.045228,0.00056128,0.045228,0.61368,0.0037856,0.00056128,0.0037856,0.0,0.0,0.0,0.0,1e-07,0.0,0.0,0.0,4.642e-09,0.0,0.0,0.0,0.0,4.642e-09,1e-07,0.0
24547896.0,4995000000.0,5000000.0,5.0,0.0,0.1287,0.1287,0.1287,0.1287,0.61368,0.045228,0.0,0.045228,0.61368,4.5228e-07,0.0,4.5228e-07,0.0,0.0,0.0,0.0,1e-07,0.0,0.0,0.0,4.642e-09,0.0,0.0,0.0,0.0,4.642e-09,1e-07,0.0
24549157.0,4995000000.0,5000000.0,5.0,0.0,0.1287,0.1287,0.1287,0.1287,0.61368,0.045228,0.00056128,0.045228,0.61368,0.036183,0.00056128,0.036183,0.0,0.0,0.0,0.0,2.154e-10,0.0,0.0,0.0,1e-07,0.0,0.0,0.0,0.0,1e-07,2.154e-10,0.0
24548342.0,4995000000.0,5000000.0,5.0,0.0,0.1287,0.1287,0.1287,0.1287,0.61368,0.045228,6.1368e-06,0.045228,0.61368,4.1366e-05,6.1368e-06,4.1366e-05,0.0,0.0,0.0,0.0,2.154e-06,0.0,0.0,0.0,1e-11,0.0,0.0,0.0,0.0,1e-11,2.154e-06,0.0
24548778.0,4995000000.0,5000000.0,5.0,0.0,0.1287,0.1287,0.1287,0.1287,0.61368,0.045228,5.8689e-05,0.045228,0.61368,0.0037856,5.8689e-05,0.0037856,0.0,0.0,0.0,0.0,1e-07,0.0,0.0,0.0,4.642e-09,0.0,0.0,0.0,0.0,4.642e-09,1e-07,0.0
24549395.0,4995000000.0,5000000.0,5.0,0.0,0.1287,0.1287,0.1287,0.1287,0.61368,0.045228,0.005339,0.045228,0.61368,0.00039349,0.005339,0.00039349,0.0,0.0,0.0,0.0,1e-11,0.0,0.0,0.0,1e-07,0.0,0.0,0.0,0.0,1e-07,1e-11,0.0
24549147.0,4995000000.0,5000000.0,5.0,0.0,0.1287,0.1287,0.1287,0.1287,0.61368,0.045228,0.00056128,0.045228,0.61368,0.036183,0.00056128,0.036183,0.0,0.0,0.0,0.0,1e-11,0.0,0.0,0.0,1e-11,0.0,0.0,0.0,0.0,1e-11,1e-11,0.0
24549292.0,4995000000.0,5000000.0,5.0,0.0,0.1287,0.1287,0.1287,0.1287,0.61368,0.045228,0.005339,0.045228,0.61368,4.5228e-07,0.005339,4.5228e-07,0.0,0.0,0.0,0.0,0.001,0.0,0.0,0.0,4.642e-05,0.0,0.0,0.0,0.0,4.642e-05,0.001,0.0
24547898.0,4995000000.0,5000000.0,5.0,0.0,0.1287,0.1287,0.1287,0.1287,0.61368,0.045228,0.0,0.045228,0.61368,4.5228e-07,0.0,4.5228e-07,0.0,0.0,0.0,0.0,1e-07,0.0,0.0,0.0,2.154e-06,0.0,0.0,0.0,0.0,2.154e-06,1e-07,0.0
24549228.0,4995000000.0,5000000.0,5.0,0.0,0.1287,0.1287,0.1287,0.1287,0.61368,0.045228,0.005339,0.045228,0.61368,0.0,0.005339,0.0,0.0,0.0,0.0,0.0,2.154e-06,0.0,0.0,0.0,2.154e-06,0.0,0.0,0.0,0.0,2.154e-06,2.154e-06,0.0
24549329.0,4995000000.0,5000000.0,5.0,0.0,0.1287,0.1287,0.1287,0.1287,0.61368,0.045228,0.005339,0.045228,0.61368,4.3254e-06,0.005339,4.3254e-06,0.0,0.0,0.0,0.0,4.642e-05,0.0,0.0,0.0,1e-11,0.0,0.0,0.0,0.0,1e-11,4.642e-05,0.0
24549455.0,4995000000.0,5000000.0,5.0,0.0,0.1287,0.1287,0.1287,0.1287,0.61368,0.045228,0.005339,0.045228,0.61368,0.0037856,0.005339,0.0037856,0.0,0.0,0.0,0.0,4.642e-09,0.0,0.0,0.0,1e-11,0.0,0.0,0.0,0.0,1e-11,4.642e-09,0.0
24547982.0,4995000000.0,5000000.0,5.0,0.0,0.1287,0.1287,0.1287,0.1287,0.61368,0.045228,0.0,0.045228,0.61368,4.1366e-05,0.0,4.1366e-05,0.0,0.0,0.0,0.0,2.154e-10,0.0,0.0,0.0,2.154e-06,0.0,0.0,0.0,0.0,2.154e-06,2.154e-10,0.0
24549625.0,4995000000.0,5000000.0,5.0,0.0,0.1287,0.1287,0.1287,0.1287,0.61368,0.045228,0.051365,0.045228,0.61368,4.5228e-07,0.051365,4.5228e-07,0.0,0.0,0.0,0.0,4.642e-05,0.0,0.0,0.0,4.642e-09,0.0,0.0,0.0,0.0,4.642e-09,4.642e-05,0.0
24548551.0,4995000000.0,5000000.0,5.0,0.0,0.1287,0.1287,0.1287,0.1287,0.61368,0.045228,5.8689e-05,0.045228,0.61368,0.0,5.8689e-05,0.0,0.0,0.0,0.0,0.0,4.642e-05,0.0,0.0,0.0,0.001,0.0,0.0,0.0,0.0,0.001,4.642e-05,0.0
24548998.0,4995000000.0,5000000.0,5.0,0.0,0.1287,0.1287,0.1287,0.1287,0.61368,0.045228,0.00056128,0.045228,0.61368,4.3254e-06,0.00056128,4.3254e-06,0.0,0.0,0.0,0.0,0.001,0.0,0.0,0.0,4.642e-05,0.0,0.0,0.0,0.0,4.642e-05,0.001,0.0
24549063.0,4995000000.0,5000000.0,5.0,0.0,0.1287,0.1287,0.1287,0.1287,0.61368,0.045228,0.00056128,0.045228,0.61368,0.00039349,0.00056128,0.00039349,0.0,0.0,0.0,0.0,4.642e-09,0.0,0.0,0.0,1e-11,0.0,0.0,0.0,0.0,1e-11,4.642e-09,0.0
24548775.0,4995000000.0,5000000.0,5.0,0.0,0.1287,0.1287,0.1287,0.1287,0.61368,0.045228,5.8689e-05,0.045228,0.61368,0.0037856,5.8689e-05,0.0037856,0.0,0.0,0.0,0.0,4.642e-09,0.0,0.0,0.0,0.001,0.0,0.0,0.0,0.0,0.001,4.642e-09,0.0
24548929.0,4995000000.0,5000000.0,5.0,0.0,0.1287,0.1287,0.1287,0.1287,0.61368,0.045228,0.00056128,0.045228,0.61368,4.5228e-07,0.00056128,4.5228e-07,0.0,0.0,0.0,0.0,1e-07,0.0,0.0,0.0,0.001,0.0,0.0,0.0,0.0,0.001,1e-07,0.0
24548776.0,4995000000.0,5000000.0,5.0,0.0,0.1287,0.1287,0.1287,0.1287,0.61368,0.045228,5.8689e-05,0.045228,0.61368,0.0037856,5.8689e-05,0.0037856,0.0,0.0,0.0,0.0,1e-07,0.0,0.0,0.0,1e-11,0.0,0.0,0.0,0.0,1e-11,1e-07,0.0
24549595.0,4995000000.0,5000000.0,5.0,0.0,0.1287,0.1287,0.1287,0.1287,0.61368,0.045228,0.051365,0.045228,0.61368,4.5228e-07,0.051365,4.5228e-07,0.0,0.0,0.0,0.0,2.154e-10,0.0,0.0,0.0,1e-11,0.0,0.0,0.0,0.0,1e-11,2.154e-10,0.0
24549226.0,4995000000.0,5000000.0,5.0,0.0,0.1287,0.1287,0.1287,0.1287,0.61368,0.045228,0.005339,0.045228,0.61368,0.0,0.005339,0.0,0.0,0.0,0.0,0.0,2.154e-06,0.0,0.0,0.0,4.642e-09,0.0,0.0,0.0,0.0,4.642e-09,2.154e-06,0.0
24548110.0,4995000000.0,5000000.0,5.0,0.0,0.1287,0.1287,0.1287,0.1287,0.61368,0.045228,0.0,0.045228,0.61368,0.0037856,0.0,0.0037856,0.0,0.0,0.0,0.0,4.642e-05,0.0,0.0,0.0,0.001,0.0,0.0,0.0,0.0,0.001,4.642e-05,0.0
24549496.0,4995000000.0,5000000.0,5.0,0.0,0.1287,0.1287,0.1287,0.1287,0.61368,0.045228,0.005339,0.045228,0.61368,0.036183,0.005339,0.036183,0.0,0.0,0.0,0.0,1e-11,0.0,0.0,0.0,0.001,0.0,0.0,0.0,0.0,0.001,1e-11,0.0
24549098.0,4995000000.0,5000000.0,5.0,0.0,0.1287,0.1287,0.1287,0.1287,0.61368,0.045228,0.00056128,0.045228,0.61368,0.0037856,0.00056128,0.0037856,0.0,0.0,0.0,0.0,1e-11,0.0,0.0,0.0,1e-11,0.0,0.0,0.0,0.0,1e-11,1e-11,0.0
24549609.0,4995000000.0,5000000.0,5.0,0.0,0.1287,0.1287,0.1287,0.1287,0.61368,0.045228,0.051365,0.045228,0.61368,4.5228e-07,0.051365,4.5228e-07,0.0,0.0,0.0,0.0,1e-07,0.0,0.0,0.0,1e-11,0.0,0.0,0.0,0.0,1e-11,1e-07,0.0
24549880.0,4995000000.0,5000000.0,5.0,0.0,0.1287,0.1287,0.1287,0.1287,0.61368,0.045228,0.051365,0.045228,0.61368,0.036183,0.051365,0.036183,0.0,0.0,0.0,0.0,0.001,0.0,0.0,0.0,4.642e-05,0.0,0.0,0.0,0.0,4.642e-05,0.001,0.0
24548410.0,4995000000.0,5000000.0,5.0,0.0,0.1287,0.1287,0.1287,0.1287,0.61368,0.045228,6.1368e-06,0.045228,0.61368,0.00039349,6.1368e-06,0.00039349,0.0,0.0,0.0,0.0,0.001,0.0,0.0,0.0,4.642e-05,0.0,0.0,0.0,0.0,4.642e-05,0.001,0.0
24548722.0,4995000000.0,5000000.0,5.0,0.0,0.1287,0.1287,0.1287,0.1287,0.61368,0.045228,5.8689e-05,0.045228,0.61368,0.00039349,5.8689e-05,0.00039349,0.0,0.0,0.0,0.0,4.642e-09,0.0,0.0,0.0,4.642e-09,0.0,0.0,0.0,0.0,4.642e-09,4.642e-09,0.0
24549422.0,4995000000.0,5000000.0,5.0,0.0,0.1287,0.1287,0.1287,0.1287,0.61368,0.045228,0.005339,0.045228,0.61368,0.00039349,0.005339,0.00039349,0.0,0.0,0.0,0.0,2.154e-06,0.0,0.0,0.0,4.642e-09,0.0,0.0,0.0,0.0,4.642e-09,2.154e-06,0.0
24549526.0,4995000000.0,5000000.0,5.0,0.0,0.1287,0.1287,0.1287,0.1287,0.61368,0.045228,0.005339,0.045228,0.61368,0.036183,0.005339,0.036183,0.0,0.0,0.0,0.0,4.642e-05,0.0,0.0,0.0,2.154e-10,0.0,0.0,0.0,0.0,2.154e-10,4.642e-05,0.0
24549853.0,4995000000.0,5000000.0,5.0,0.0,0.1287,0.1287,0.1287,0.1287,0.61368,0.045228,0.051365,0.045228,0.61368,0.036183,0.051365,0.036183,0.0,0.0,0.0,0.0,4.642e-09,0.0,0.0,0.0,0.001,0.0,0.0,0.0,0.0,0.001,4.642e-09,0.0
24548400.0,4995000000.0,5000000.0,5.0,0.0,0.1287,0.1287,0.1287,0.1287,0.61368,0.045228,6.1368e-06,0.045228,0.61368,0.00039349,6.1368e-06,0.00039349,0.0,0.0,0.0,0.0,4.642e-05,0.0,0.0,0.0,4.642e-09,0.0,0.0,0.0,0.0,4.642e-09,4.642e-05,0.0
24549155.0,4995000000.0,5000000.0,5.0,0.0,0.1287,0.1287,0.1287,0.1287,0.61368,0.045228,0.00056128,0.045228,0.61368,0.036183,0.00056128,0.036183,0.0,0.0,0.0,0.0,2.154e-10,0.0,0.0,0.0,2.154e-10,0.0,0.0,0.0,0.0,2.154e-10,2.154e-10,0.0
24548204.0,4995000000.0,5000000.0,5.0,0.0,0.1287,0.1287,0.1287,0.1287,0.61368,0.045228,6.1368e-06,0.045228,0.61368,0.0,6.1368e-06,0.0,0.0,0.0,0.0,0.0,4.642e-05,0.0,0.0,0.0,4.642e-09,0.0,0.0,0.0,0.0,4.642e-09,4.642e-05,0.0
24548643.0,4995000000.0,5000000.0,5.0,0.0,0.1287,0.1287,0.1287,0.1287,0.61368,0.045228,5.8689e-05,0.045228,0.61368,4.3254e-06,5.8689e-05,4.3254e-06,0.0,0.0,0.0,0.0,4.642e-05,0.0,0.0,0.0,1e-11,0.0,0.0,0.0,0.0,1e-11,4.642e-05,0.0
24548023.0,4995000000.0,5000000.0,5.0,0.0,0.1287,0.1287,0.1287,0.1287,0.61368,0.045228,0.0,0.045228,0.61368,0.00039349,0.0,0.00039349,0.0,0.0,0.0,0.0,1e-11,0.0,0.0,0.0,1e-07,0.0,0.0,0.0,0.0,1e-07,1e-11,0.0
24548567.0,4995000000.0,5000000.0,5.0,0.0,0.1287,0.1287,0.1287,0.1287,0.61368,0.045228,5.8689e-05,0.045228,0.61368,4.5228e-07,5.8689e-05,4.5228e-07,0.0,0.0,0.0,0.0,2.154e-10,0.0,0.0,0.0,2.154e-10,0.0,0.0,0.0,0.0,2.154e-10,2.154e-10,0.0
24548495.0,4995000000.0,5000000.0,5.0,0.0,0.1287,0.1287,0.1287,0.1287,0.61368,0.045228,6.1368e-06,0.045228,0.61368,0.036183,6.1368e-06,0.036183,0.0,0.0,0.0,0.0,2.154e-06,0.0,0.0,0.0,0.001,0.0,0.0,0.0,0.0,0.001,2.154e-06,0.0
24549106.0,4995000000.0,5000000.0,5.0,0.0,0.1287,0.1287,0.1287,0.1287,0.61368,0.045228,0.00056128,0.045228,0.61368,0.0037856,0.00056128,0.0037856,0.0,0.0,0.0,0.0,2.154e-10,0.0,0.0,0.0,2.154e-10,0.0,0.0,0.0,0.0,2.154e-10,2.154e-10,0.0
24548541.0,4995000000.0,5000000.0,5.0,0.0,0.1287,0.1287,0.1287,0.1287,0.61368,0.045228,5.8689e-05,0.045228,0.61368,0.0,5.8689e-05,0.0,0.0,0.0,0.0,0.0,2.154e-06,0.0,0.0,0.0,1e-07,0.0,0.0,0.0,0.0,1e-07,2.154e-06,0.0
24549171.0,4995000000.0,5000000.0,5.0,0.0,0.1287,0.1287,0.1287,0.1287,0.61368,0.045228,0.00056128,0.045228,0.61368,0.036183,0.00056128,0.036183,0.0,0.0,0.0,0.0,1e-07,0.0,0.0,0.0,1e-07,0.0,0.0,0.0,0.0,1e-07,1e-07,0.0
24548721.0,4995000000.0,5000000.0,5.0,0.0,0.1287,0.1287,0.1287,0.1287,0.61368,0.045228,5.8689e-05,0.045228,0.61368,0.00039349,5.8689e-05,0.00039349,0.0,0.0,0.0,0.0,4.642e-09,0.0,0.0,0.0,2.154e-10,0.0,0.0,0.0,0.0,2.154e-10,4.642e-09,0.0
24549316.0,4995000000.0,5000000.0,5.0,0.0,0.1287,0.1287,0.1287,0.1287,0.61368,0.045228,0.005339,0.045228,0.61368,4.3254e-06,0.005339,4.3254e-06,0.0,0.0,0.0,0.0,1e-07,0.0,0.0,0.0,2.154e-10,0.0,0.0,0.0,0.0,2.154e-10,1e-07,0.0
24549351.0,4995000000.0,5000000.0,5.0,0.0,0.1287,0.1287,0.1287,0.1287,0.61368,0.045228,0.005339,0.045228,0.61368,4.1366e-05,0.005339,4.1366e-05,0.0,0.0,0.0,0.0,2.154e-10,0.0,0.0,0.0,2.154e-10,0.0,0.0,0.0,0.0,2.154e-10,2.154e-10,0.0
24549175.0,4995000000.0,5000000.0,5.0,0.0,0.1287,0.1287,0.1287,0.1287,0.61368,0.045228,0.00056128,0.045228,0.61368,0.036183,0.00056128,0.036183,0.0,0.0,0.0,0.0,2.154e-06,0.0,0.0,0.0,1e-11,0.0,0.0,0.0,0.0,1e-11,2.154e-06,0.0
24548129.0,4995000000.0,5000000.0,5.0,0.0,0.1287,0.1287,0.1287,0.1287,0.61368,0.045228,0.0,0.045228,0.61368,0.036183,0.0,0.036183,0.0,0.0,0.0,0.0,2.154e-10,0.0,0.0,0.0,2.154e-06,0.0,0.0,0.0,0.0,2.154e-06,2.154e-10,0.0
24549059.0,4995000000.0,5000000.0,5.0,0.0,0.1287,0.1287,0.1287,0.1287,0.61368,0.045228,0.00056128,0.045228,0.61368,0.00039349,0.00056128,0.00039349,0.0,0.0,0.0,0.0,2.154e-10,0.0,0.0,0.0,1e-07,0.0,0.0,0.0,0.0,1e-07,2.154e-10,0.0
24548209.0,4995000000.0,5000000.0,5.0,0.0,0.1287,0.1287,0.1287,0.1287,0.61368,0.045228,6.1368e-06,0.045228,0.61368,0.0,6.1368e-06,0.0,0.0,0.0,0.0,0.0,0.001,0.0,0.0,0.0,1e-11,0.0,0.0,0.0,0.0,1e-11,0.001,0.0
24548955.0,4995000000.0,5000000.0,5.0,0.0,0.1287,0.1287,0.1287,0.1287,0.61368,0.045228,0.00056128,0.045228,0.61368,4.3254e-06,0.00056128,4.3254e-06,0.0,0.0,0.0,0.0,1e-11,0.0,0.0,0.0,2.154e-06,0.0,0.0,0.0,0.0,2.154e-06,1e-11,0.0
24548708.0,4995000000.0,5000000.0,5.0,0.0,0.1287,0.1287,0.1287,0.1287,0.61368,0.045228,5.8689e-05,0.045228,0.61368,0.00039349,5.8689e-05,0.00039349,0.0,0.0,0.0,0.0,1e-11,0.0,0.0,0.0,4.642e-09,0.0,0.0,0.0,0.0,4.642e-09,1e-11,0.0
24549615.0,4995000000.0,5000000.0,5.0,0.0,0.1287,0.1287,0.1287,0.1287,0.61368,0.045228,0.051365,0.045228,0.61368,4.5228e-07,0.051365,4.5228e-07,0.0,0.0,0.0,0.0,1e-07,0.0,0.0,0.0,0.001,0.0,0.0,0.0,0.0,0.001,1e-07,0.0
24548046.0,4995000000.0,5000000.0,5.0,0.0,0.1287,0.1287,0.1287,0.1287,0.61368,0.045228,0.0,0.045228,0.61368,0.00039349,0.0,0.00039349,0.0,0.0,0.0,0.0,1e-07,0.0,0.0,0.0,4.642e-05,0.0,0.0,0.0,0.0,4.642e-05,1e-07,0.0
24549596.0,4995000000.0,5000000.0,5.0,0.0,0.1287,0.1287,0.1287,0.1287,0.61368,0.045228,0.051365,0.045228,0.61368,4.5228e-07,0.051365,4.5228e-07,0.0,0.0,0.0,0.0,2.154e-10,0.0,0.0,0.0,2.154e-10,0.0,0.0,0.0,0.0,2.154e-10,2.154e-10,0.0
24549510.0,4995000000.0,5000000.0,5.0,0.0,0.1287,0.1287,0.1287,0.1287,0.61368,0.045228,0.005339,0.045228,0.61368,0.036183,0.005339,0.036183,0.0,0.0,0.0,0.0,4.642e-09,0.0,0.0,0.0,0.001,0.0,0.0,0.0,0.0,0.001,4.642e-09,0.0
24548337.0,4995000000.0,5000000.0,5.0,0.0,0.1287,0.1287,0.1287,0.1287,0.61368,0.045228,6.1368e-06,0.045228,0.61368,4.1366e-05,6.1368e-06,4.1366e-05,0.0,0.0,0.0,0.0,1e-07,0.0,0.0,0.0,4.642e-09,0.0,0.0,0.0,0.0,4.642e-09,1e-07,0.0
24548245.0,4995000000.0,5000000.0,5.0,0.0,0.1287,0.1287,0.1287,0.1287,0.61368,0.045228,6.1368e-06,0.045228,0.61368,4.5228e-07,6.1368e-06,4.5228e-07,0.0,0.0,0.0,0.0,2.154e-06,0.0,0.0,0.0,2.154e-10,0.0,0.0,0.0,0.0,2.154e-10,2.154e-06,0.0
24548965.0,4995000000.0,5000000.0,5.0,0.0,0.1287,0.1287,0.1287,0.1287,0.61368,0.045228,0.00056128,0.045228,0.61368,4.3254e-06,0.00056128,4.3254e-06,0.0,0.0,0.0,0.0,4.642e-09,0.0,0.0,0.0,1e-11,0.0,0.0,0.0,0.0,1e-11,4.642e-09,0.0
24549322.0,4995000000.0,5000000.0,5.0,0.0,0.1287,0.1287,0.1287,0.1287,0.61368,0.045228,0.005339,0.045228,0.61368,4.3254e-06,0.005339,4.3254e-06,0.0,0.0,0.0,0.0,2.154e-06,0.0,0.0,0.0,1e-11,0.0,0.0,0.0,0.0,1e-11,2.154e-06,0.0
24548678.0,4995000000.0,5000000.0,5.0,0.0,0.1287,0.1287,0.1287,0.1287,0.61368,0.045228,5.8689e-05,0.045228,0.61368,4.1366e-05,5.8689e-05,4.1366e-05,0.0,0.0,0.0,0.0,1e-07,0.0,0.0,0.0,1e-11,0.0,0.0,0.0,0.0,1e-11,1e-07,0.0
24549775.0,4995000000.0,5000000.0,5.0,0.0,0.1287,0.1287,0.1287,0.1287,0.61368,0.045228,0.051365,0.045228,0.61368,0.00039349,0.051365,0.00039349,0.0,0.0,0.0,0.0,4.642e-05,0.0,0.0,0.0,4.642e-05,0.0,0.0,0.0,0.0,4.642e-05,4.642e-05,0.0
24548779.0,4995000000.0,5000000.0,5.0,0.0,0.1287,0.1287,0.1287,0.1287,0.61368,0.045228,5.8689e-05,0.045228,0.61368,0.0037856,5.8689e-05,0.0037856,0.0,0.0,0.0,0.0,1e-07,0.0,0.0,0.0,1e-07,0.0,0.0,0.0,0.0,1e-07,1e-07,0.0
24549604.0,4995000000.0,5000000.0,5.0,0.0,0.1287,0.1287,0.1287,0.1287,0.61368,0.045228,0.051365,0.045228,0.61368,4.5228e-07,0.051365,4.5228e-07,0.0,0.0,0.0,0.0,4.642e-09,0.0,0.0,0.0,4.642e-09,0.0,0.0,0.0,0.0,4.642e-09,4.642e-09,0.0
24549667.0,4995000000.0,5000000.0,5.0,0.0,0.1287,0.1287,0.1287,0.1287,0.61368,0.045228,0.051365,0.045228,0.61368,4.3254e-06,0.051365,4.3254e-06,0.0,0.0,0.0,0.0,2.154e-06,0.0,0.0,0.0,4.642e-09,0.0,0.0,0.0,0.0,4.642e-09,2.154e-06,0.0
24549489.0,4995000000.0,5000000.0,5.0,0.0,0.1287,0.1287,0.1287,0.1287,0.61368,0.045228,0.005339,0.045228,0.61368,0.0037856,0.005339,0.0037856,0.0,0.0,0.0,0.0,0.001,0.0,0.0,0.0,0.001,0.0,0.0,0.0,0.0,0.001,0.001,0.0
24549443.0,4995000000.0,5000000.0,5.0,0.0,0.1287,0.1287,0.1287,0.1287,0.61368,0.045228,0.005339,0.045228,0.61368,0.0037856,0.005339,0.0037856,0.0,0.0,0.0,0.0,1e-11,0.0,0.0,0.0,4.642e-09,0.0,0.0,0.0,0.0,4.642e-09,1e-11,0.0
24549796.0,4995000000.0,5000000.0,5.0,0.0,0.1287,0.1287,0.1287,0.1287,0.61368,0.045228,0.051365,0.045228,0.61368,0.0037856,0.051365,0.0037856,0.0,0.0,0.0,0.0,2.154e-10,0.0,0.0,0.0,4.642e-05,0.0,0.0,0.0,0.0,4.642e-05,2.154e-10,0.0
24549314.0,4995000000.0,5000000.0,5.0,0.0,0.1287,0.1287,0.1287,0.1287,0.61368,0.045228,0.005339,0.045228,0.61368,4.3254e-06,0.005339,4.3254e-06,0.0,0.0,0.0,0.0,4.642e-09,0.0,0.0,0.0,0.001,0.0,0.0,0.0,0.0,0.001,4.642e-09,0.0
24548366.0,4995000000.0,5000000.0,5.0,0.0,0.1287,0.1287,0.1287,0.1287,0.61368,0.045228,6.1368e-06,0.045228,0.61368,0.00039349,6.1368e-06,0.00039349,0.0,0.0,0.0,0.0,1e-11,0.0,0.0,0.0,1e-07,0.0,0.0,0.0,0.0,1e-07,1e-11,0.0
24548442.0,4995000000.0,5000000.0,5.0,0.0,0.1287,0.1287,0.1287,0.1287,0.61368,0.045228,6.1368e-06,0.045228,0.61368,0.0037856,6.1368e-06,0.0037856,0.0,0.0,0.0,0.0,2.154e-06,0.0,0.0,0.0,4.642e-09,0.0,0.0,0.0,0.0,4.642e-09,2.154e-06,0.0
24549539.0,4995000000.0,5000000.0,5.0,0.0,0.1287,0.1287,0.1287,0.1287,0.61368,0.045228,0.051365,0.045228,0.61368,0.0,0.051365,0.0,0.0,0.0,0.0,0.0,1e-11,0.0,0.0,0.0,1e-11,0.0,0.0,0.0,0.0,1e-11,1e-11,0.0
24548105.0,4995000000.0,5000000.0,5.0,0.0,0.1287,0.1287,0.1287,0.1287,0.61368,0.045228,0.0,0.045228,0.61368,0.0037856,0.0,0.0037856,0.0,0.0,0.0,0.0,4.642e-05,0.0,0.0,0.0,2.154e-10,0.0,0.0,0.0,0.0,2.154e-10,4.642e-05,0.0
24549262.0,4995000000.0,5000000.0,5.0,0.0,0.1287,0.1287,0.1287,0.1287,0.61368,0.045228,0.005339,0.045228,0.61368,4.5228e-07,0.005339,4.5228e-07,0.0,0.0,0.0,0.0,4.642e-09,0.0,0.0,0.0,1e-07,0.0,0.0,0.0,0.0,1e-07,4.642e-09,0.0
24548582.0,4995000000.0,5000000.0,5.0,0.0,0.1287,0.1287,0.1287,0.1287,0.61368,0.045228,5.8689e-05,0.045228,0.61368,4.5228e-07,5.8689e-05,4.5228e-07,0.0,0.0,0.0,0.0,1e-07,0.0,0.0,0.0,4.642e-09,0.0,0.0,0.0,0.0,4.642e-09,1e-07,0.0
24548897.0,4995000000.0,5000000.0,5.0,0.0,0.1287,0.1287,0.1287,0.1287,0.61368,0.045228,0.00056128,0.045228,0.61368,0.0,0.00056128,0.0,0.0,0.0,0.0,0.0,0.001,0.0,0.0,0.0,4.642e-09,0.0,0.0,0.0,0.0,4.642e-09,0.001,0.0
24548044.0,4995000000.0,5000000.0,5.0,0.0,0.1287,0.1287,0.1287,0.1287,0.61368,0.045228,0.0,0.045228,0.61368,0.00039349,0.0,0.00039349,0.0,0.0,0.0,0.0,1e-07,0.0,0.0,0.0,1e-07,0.0,0.0,0.0,0.0,1e-07,1e-07,0.0
24549670.0,4995000000.0,5000000.0,5.0,0.0,0.1287,0.1287,0.1287,0.1287,0.61368,0.045228,0.051365,0.045228,0.61368,4.3254e-06,0.051365,4.3254e-06,0.0,0.0,0.0,0.0,2.154e-06,0.0,0.0,0.0,4.642e-05,0.0,0.0,0.0,0.0,4.642e-05,2.154e-06,0.0
24549622.0,4995000000.0,5000000.0,5.0,0.0,0.1287,0.1287,0.1287,0.1287,0.61368,0.045228,0.051365,0.045228,0.61368,4.5228e-07,0.051365,4.5228e-07,0.0,0.0,0.0,0.0,2.154e-06,0.0,0.0,0.0,0.001,0.0,0.0,0.0,0.0,0.001,2.154e-06,0.0
24549066.0,4995000000.0,5000000.0,5.0,0.0,0.1287,0.1287,0.1287,0.1287,0.61368,0.045228,0.00056128,0.045228,0.61368,0.00039349,0.00056128,0.00039349,0.0,0.0,0.0,0.0,4.642e-09,0.0,0.0,0.0,1e-07,0.0,0.0,0.0,0.0,1e-07,4.642e-09,0.0
24547834.0,4995000000.0,5000000.0,5.0,0.0,0.1287,0.1287,0.1287,0.1287,0.61368,0.045228,0.0,0.045228,0.61368,0.0,0.0,0.0,0.0,0.0,0.0,0.0,2.154e-10,0.0,0.0,0.0,1e-07,0.0,0.0,0.0,0.0,1e-07,2.154e-10,0.0
24548199.0,4995000000.0,5000000.0,5.0,0.0,0.1287,0.1287,0.1287,0.1287,0.61368,0.045228,6.1368e-06,0.045228,0.61368,0.0,6.1368e-06,0.0,0.0,0.0,0.0,0.0,2.154e-06,0.0,0.0,0.0,2.154e-06,0.0,0.0,0.0,0.0,2.154e-06,2.154e-06,0.0
24548677.0,4995000000.0,5000000.0,5.0,0.0,0.1287,0.1287,0.1287,0.1287,0.61368,0.045228,5.8689e-05,0.045228,0.61368,4.1366e-05,5.8689e-05,4.1366e-05,0.0,0.0,0.0,0.0,4.642e-09,0.0,0.0,0.0,0.001,0.0,0.0,0.0,0.0,0.001,4.642e-09,0.0
24547842.0,4995000000.0,5000000.0,5.0,0.0,0.1287,0.1287,0.1287,0.1287,0.61368,0.045228,0.0,0.045228,0.61368,0.0,0.0,0.0,0.0,0.0,0.0,0.0,4.642e-09,0.0,0.0,0.0,2.154e-06,0.0,0.0,0.0,0.0,2.154e-06,4.642e-09,0.0
24548066.0,4995000000.0,5000000.0,5.0,0.0,0.1287,0.1287,0.1287,0.1287,0.61368,0.045228,0.0,0.045228,0.61368,0.00039349,0.0,0.00039349,0.0,0.0,0.0,0.0,0.001,0.0,0.0,0.0,2.154e-06,0.0,0.0,0.0,0.0,2.154e-06,0.001,0.0
24549516.0,4995000000.0,5000000.0,5.0,0.0,0.1287,0.1287,0.1287,0.1287,0.61368,0.045228,0.005339,0.045228,0.61368,0.036183,0.005339,0.036183,0.0,0.0,0.0,0.0,1e-07,0.0,0.0,0.0,4.642e-05,0.0,0.0,0.0,0.0,4.642e-05,1e-07,0.0
24548322.0,4995000000.0,5000000.0,5.0,0.0,0.1287,0.1287,0.1287,0.1287,0.61368,0.045228,6.1368e-06,0.045228,0.61368,4.1366e-05,6.1368e-06,4.1366e-05,0.0,0.0,0.0,0.0,2.154e-10,0.0,0.0,0.0,2.154e-10,0.0,0.0,0.0,0.0,2.154e-10,2.154e-10,0.0
24548326.0,4995000000.0,5000000.0,5.0,0.0,0.1287,0.1287,0.1287,0.1287,0.61368,0.045228,6.1368e-06,0.045228,0.61368,4.1366e-05,6.1368e-06,4.1366e-05,0.0,0.0,0.0,0.0,2.154e-10,0.0,0.0,0.0,4.642e-05,0.0,0.0,0.0,0.0,4.642e-05,2.154e-10,0.0
24548909.0,4995000000.0,5000000.0,5.0,0.0,0.1287,0.1287,0.1287,0.1287,0.61368,0.045228,0.00056128,0.045228,0.61368,4.5228e-07,0.00056128,4.5228e-07,0.0,0.0,0.0,0.0,2.154e-10,0.0,0.0,0.0,1e-11,0.0,0.0,0.0,0.0,1e-11,2.154e-10,0.0
24548756.0,4995000000.0,5000000.0,5.0,0.0,0.1287,0.1287,0.1287,0.1287,0.61368,0.045228,5.8689e-05,0.045228,0.61368,0.0037856,5.8689e-05,0.0037856,0.0,0.0,0.0,0.0,1e-11,0.0,0.0,0.0,2.154e-10,0.0,0.0,0.0,0.0,2.154e-10,1e-11,0.0
24548699.0,4995000000.0,5000000.0,5.0,0.0,0.1287,0.1287,0.1287,0.1287,0.61368,0.045228,5.8689e-05,0.045228,0.61368,4.1366e-05,5.8689e-05,4.1366e-05,0.0,0.0,0.0,0.0,0.001,0.0,0.0,0.0,1e-11,0.0,0.0,0.0,0.0,1e-11,0.001,0.0
24547935.0,4995000000.0,5000000.0,5.0,0.0,0.1287,0.1287,0.1287,0.1287,0.61368,0.045228,0.0,0.045228,0.61368,4.3254e-06,0.0,4.3254e-06,0.0,0.0,0.0,0.0,2.154e-10,0.0,0.0,0.0,0.001,0.0,0.0,0.0,0.0,0.001,2.154e-10,0.0
24548662.0,4995000000.0,5000000.0,5.0,0.0,0.1287,0.1287,0.1287,0.1287,0.61368,0.045228,5.8689e-05,0.045228,0.61368,4.1366e-05,5.8689e-05,4.1366e-05,0.0,0.0,0.0,0.0,1e-11,0.0,0.0,0.0,4.642e-05,0.0,0.0,0.0,0.0,4.642e-05,1e-11,0.0
24548379.0,4995000000.0,5000000.0,5.0,0.0,0.1287,0.1287,0.1287,0.1287,0.61368,0.045228,6.1368e-06,0.045228,0.61368,0.00039349,6.1368e-06,0.00039349,0.0,0.0,0.0,0.0,4.642e-09,0.0,0.0,0.0,4.642e-09,0.0,0.0,0.0,0.0,4.642e-09,4.642e-09,0.0
24548725.0,4995000000.0,5000000.0,5.0,0.0,0.1287,0.1287,0.1287,0.1287,0.61368,0.045228,5.8689e-05,0.045228,0.61368,0.00039349,5.8689e-05,0.00039349,0.0,0.0,0.0,0.0,4.642e-09,0.0,0.0,0.0,4.642e-05,0.0,0.0,0.0,0.0,4.642e-05,4.642e-09,0.0
24548574.0,4995000000.0,5000000.0,5.0,0.0,0.1287,0.1287,0.1287,0.1287,0.61368,0.045228,5.8689e-05,0.045228,0.61368,4.5228e-07,5.8689e-05,4.5228e-07,0.0,0.0,0.0,0.0,4.642e-09,0.0,0.0,0.0,2.154e-10,0.0,0.0,0.0,0.0,2.154e-10,4.642e-09,0.0
24548667.0,4995000000.0,5000000.0,5.0,0.0,0.1287,0.1287,0.1287,0.1287,0.61368,0.045228,5.8689e-05,0.045228,0.61368,4.1366e-05,5.8689e-05,4.1366e-05,0.0,0.0,0.0,0.0,2.154e-10,0.0,0.0,0.0,1e-07,0.0,0.0,0.0,0.0,1e-07,2.154e-10,0.0
24549674.0,4995000000.0,5000000.0,5.0,0.0,0.1287,0.1287,0.1287,0.1287,0.61368,0.045228,0.051365,0.045228,0.61368,4.3254e-06,0.051365,4.3254e-06,0.0,0.0,0.0,0.0,4.642e-05,0.0,0.0,0.0,4.642e-09,0.0,0.0,0.0,0.0,4.642e-09,4.642e-05,0.0
24548636.0,4995000000.0,5000000.0,5.0,0.0,0.1287,0.1287,0.1287,0.1287,0.61368,0.045228,5.8689e-05,0.045228,0.61368,4.3254e-06,5.8689e-05,4.3254e-06,0.0,0.0,0.0,0.0,2.154e-06,0.0,0.0,0.0,1e-11,0.0,0.0,0.0,0.0,1e-11,2.154e-06,0.0
24548760.0,4995000000.0,5000000.0,5.0,0.0,0.1287,0.1287,0.1287,0.1287,0.61368,0.045228,5.8689e-05,0.045228,0.61368,0.0037856,5.8689e-05,0.0037856,0.0,0.0,0.0,0.0,1e-11,0.0,0.0,0.0,4.642e-05,0.0,0.0,0.0,0.0,4.642e-05,1e-11,0.0
24549774.0,4995000000.0,5000000.0,5.0,0.0,0.1287,0.1287,0.1287,0.1287,0.61368,0.045228,0.051365,0.045228,0.61368,0.00039349,0.051365,0.00039349,0.0,0.0,0.0,0.0,4.642e-05,0.0,0.0,0.0,2.154e-06,0.0,0.0,0.0,0.0,2.154e-06,4.642e-05,0.0
24548772.0,4995000000.0,5000000.0,5.0,0.0,0.1287,0.1287,0.1287,0.1287,0.61368,0.045228,5.8689e-05,0.045228,0.61368,0.0037856,5.8689e-05,0.0037856,0.0,0.0,0.0,0.0,4.642e-09,0.0,0.0,0.0,1e-07,0.0,0.0,0.0,0.0,1e-07,4.642e-09,0.0
24548270.0,4995000000.0,5000000.0,5.0,0.0,0.1287,0.1287,0.1287,0.1287,0.61368,0.045228,6.1368e-06,0.045228,0.61368,4.3254e-06,6.1368e-06,4.3254e-06,0.0,0.0,0.0,0.0,1e-11,0.0,0.0,0.0,4.642e-05,0.0,0.0,0.0,0.0,4.642e-05,1e-11,0.0
24548375.0,4995000000.0,5000000.0,5.0,0.0,0.1287,0.1287,0.1287,0.1287,0.61368,0.045228,6.1368e-06,0.045228,0.61368,0.00039349,6.1368e-06,0.00039349,0.0,0.0,0.0,0.0,2.154e-10,0.0,0.0,0.0,4.642e-05,0.0,0.0,0.0,0.0,4.642e-05,2.154e-10,0.0
24548869.0,4995000000.0,5000000.0,5.0,0.0,0.1287,0.1287,0.1287,0.1287,0.61368,0.045228,0.00056128,0.045228,0.61368,0.0,0.00056128,0.0,0.0,0.0,0.0,0.0,4.642e-09,0.0,0.0,0.0,4.642e-09,0.0,0.0,0.0,0.0,4.642e-09,4.642e-09,0.0
24548165.0,4995000000.0,5000000.0,5.0,0.0,0.1287,0.1287,0.1287,0.1287,0.61368,0.045228,0.0,0.045228,0.61368,0.036183,0.0,0.036183,0.0,0.0,0.0,0.0,0.001,0.0,0.0,0.0,4.642e-05,0.0,0.0,0.0,0.0,4.642e-05,0.001,0.0
24549085.0,4995000000.0,5000000.0,5.0,0.0,0.1287,0.1287,0.1287,0.1287,0.61368,0.045228,0.00056128,0.045228,0.61368,0.00039349,0.00056128,0.00039349,0.0,0.0,0.0,0.0,4.642e-05,0.0,0.0,0.0,2.154e-10,0.0,0.0,0.0,0.0,2.154e-10,4.642e-05,0.0
24548868.0,4995000000.0,5000000.0,5.0,0.0,0.1287,0.1287,0.1287,0.1287,0.61368,0.045228,0.00056128,0.045228,0.61368,0.0,0.00056128,0.0,0.0,0.0,0.0,0.0,4.642e-09,0.0,0.0,0.0,2.154e-10,0.0,0.0,0.0,0.0,2.154e-10,4.642e-09,0.0
24548705.0,4995000000.0,5000000.0,5.0,0.0,0.1287,0.1287,0.1287,0.1287,0.61368,0.045228,5.8689e-05,0.045228,0.61368,4.1366e-05,5.8689e-05,4.1366e-05,0.0,0.0,0.0,0.0,0.001,0.0,0.0,0.0,0.001,0.0,0.0,0.0,0.0,0.001,0.001,0.0
24548431.0,4995000000.0,5000000.0,5.0,0.0,0.1287,0.1287,0.1287,0.1287,0.61368,0.045228,6.1368e-06,0.045228,0.61368,0.0037856,6.1368e-06,0.0037856,0.0,0.0,0.0,0.0,4.642e-09,0.0,0.0,0.0,4.642e-05,0.0,0.0,0.0,0.0,4.642e-05,4.642e-09,0.0
24549827.0,4995000000.0,5000000.0,5.0,0.0,0.1287,0.1287,0.1287,0.1287,0.61368,0.045228,0.051365,0.045228,0.61368,0.0037856,0.051365,0.0037856,0.0,0.0,0.0,0.0,0.001,0.0,0.0,0.0,2.154e-10,0.0,0.0,0.0,0.0,2.154e-10,0.001,0.0
24548682.0,4995000000.0,5000000.0,5.0,0.0,0.1287,0.1287,0.1287,0.1287,0.61368,0.045228,5.8689e-05,0.045228,0.61368,4.1366e-05,5.8689e-05,4.1366e-05,0.0,0.0,0.0,0.0,1e-07,0.0,0.0,0.0,2.154e-06,0.0,0.0,0.0,0.0,2.154e-06,1e-07,0.0
24548813.0,4995000000.0,5000000.0,5.0,0.0,0.1287,0.1287,0.1287,0.1287,0.61368,0.045228,5.8689e-05,0.045228,0.61368,0.036183,5.8689e-05,0.036183,0.0,0.0,0.0,0.0,2.154e-10,0.0,0.0,0.0,4.642e-09,0.0,0.0,0.0,0.0,4.642e-09,2.154e-10,0.0
24548623.0,4995000000.0,5000000.0,5.0,0.0,0.1287,0.1287,0.1287,0.1287,0.61368,0.045228,5.8689e-05,0.045228,0.61368,4.3254e-06,5.8689e-05,4.3254e-06,0.0,0.0,0.0,0.0,4.642e-09,0.0,0.0,0.0,2.154e-10,0.0,0.0,0.0,0.0,2.154e-10,4.642e-09,0.0
24548215.0,4995000000.0,5000000.0,5.0,0.0,0.1287,0.1287,0.1287,0.1287,0.61368,0.045228,6.1368e-06,0.045228,0.61368,0.0,6.1368e-06,0.0,0.0,0.0,0.0,0.0,0.001,0.0,0.0,0.0,0.001,0.0,0.0,0.0,0.0,0.001,0.001,0.0
24549505.0,4995000000.0,5000000.0,5.0,0.0,0.1287,0.1287,0.1287,0.1287,0.61368,0.045228,0.005339,0.045228,0.61368,0.036183,0.005339,0.036183,0.0,0.0,0.0,0.0,4.642e-09,0.0,0.0,0.0,2.154e-10,0.0,0.0,0.0,0.0,2.154e-10,4.642e-09,0.0
24549331.0,4995000000.0,5000000.0,5.0,0.0,0.1287,0.1287,0.1287,0.1287,0.61368,0.045228,0.005339,0.045228,0.61368,4.3254e-06,0.005339,4.3254e-06,0.0,0.0,0.0,0.0,4.642e-05,0.0,0.0,0.0,4.642e-09,0.0,0.0,0.0,0.0,4.642e-09,4.642e-05,0.0
24549791.0,4995000000.0,5000000.0,5.0,0.0,0.1287,0.1287,0.1287,0.1287,0.61368,0.045228,0.051365,0.045228,0.61368,0.0037856,0.051365,0.0037856,0.0,0.0,0.0,0.0,2.154e-10,0.0,0.0,0.0,1e-11,0.0,0.0,0.0,0.0,1e-11,2.154e-10,0.0
24548510.0,4995000000.0,5000000.0,5.0,0.0,0.1287,0.1287,0.1287,0.1287,0.61368,0.045228,5.8689e-05,0.045228,0.61368,0.0,5.8689e-05,0.0,0.0,0.0,0.0,0.0,1e-11,0.0,0.0,0.0,1e-11,0.0,0.0,0.0,0.0,1e-11,1e-11,0.0
24549524.0,4995000000.0,5000000.0,5.0,0.0,0.1287,0.1287,0.1287,0.1287,0.61368,0.045228,0.005339,0.045228,0.61368,0.036183,0.005339,0.036183,0.0,0.0,0.0,0.0,2.154e-06,0.0,0.0,0.0,0.001,0.0,0.0,0.0,0.0,0.001,2.154e-06,0.0
24548839.0,4995000000.0,5000000.0,5.0,0.0,0.1287,0.1287,0.1287,0.1287,0.61368,0.045228,5.8689e-05,0.045228,0.61368,0.036183,5.8689e-05,0.036183,0.0,0.0,0.0,0.0,4.642e-05,0.0,0.0,0.0,1e-11,0.0,0.0,0.0,0.0,1e-11,4.642e-05,0.0
24548403.0,4995000000.0,5000000.0,5.0,0.0,0.1287,0.1287,0.1287,0.1287,0.61368,0.045228,6.1368e-06,0.045228,0.61368,0.00039349,6.1368e-06,0.00039349,0.0,0.0,0.0,0.0,4.642e-05,0.0,0.0,0.0,4.642e-05,0.0,0.0,0.0,0.0,4.642e-05,4.642e-05,0.0
24548353.0,4995000000.0,5000000.0,5.0,0.0,0.1287,0.1287,0.1287,0.1287,0.61368,0.045228,6.1368e-06,0.045228,0.61368,4.1366e-05,6.1368e-06,4.1366e-05,0.0,0.0,0.0,0.0,4.642e-05,0.0,0.0,0.0,2.154e-06,0.0,0.0,0.0,0.0,2.154e-06,4.642e-05,0.0
24549712.0,4995000000.0,5000000.0,5.0,0.0,0.1287,0.1287,0.1287,0.1287,0.61368,0.045228,0.051365,0.045228,0.61368,4.1366e-05,0.051365,4.1366e-05,0.0,0.0,0.0,0.0,1e-07,0.0,0.0,0.0,4.642e-05,0.0,0.0,0.0,0.0,4.642e-05,1e-07,0.0
24548586.0,4995000000.0,5000000.0,5.0,0.0,0.1287,0.1287,0.1287,0.1287,0.61368,0.045228,5.8689e-05,0.045228,0.61368,4.5228e-07,5.8689e-05,4.5228e-07,0.0,0.0,0.0,0.0,1e-07,0.0,0.0,0.0,0.001,0.0,0.0,0.0,0.0,0.001,1e-07,0.0
24548056.0,4995000000.0,5000000.0,5.0,0.0,0.1287,0.1287,0.1287,0.1287,0.61368,0.045228,0.0,0.045228,0.61368,0.00039349,0.0,0.00039349,0.0,0.0,0.0,0.0,4.642e-05,0.0,0.0,0.0,2.154e-10,0.0,0.0,0.0,0.0,2.154e-10,4.642e-05,0.0
24548097.0,4995000000.0,5000000.0,5.0,0.0,0.1287,0.1287,0.1287,0.1287,0.61368,0.045228,0.0,0.045228,0.61368,0.0037856,0.0,0.0037856,0.0,0.0,0.0,0.0,2.154e-06,0.0,0.0,0.0,1e-11,0.0,0.0,0.0,0.0,1e-11,2.154e-06,0.0
24548292.0,4995000000.0,5000000.0,5.0,0.0,0.1287,0.1287,0.1287,0.1287,0.61368,0.045228,6.1368e-06,0.045228,0.61368,4.3254e-06,6.1368e-06,4.3254e-06,0.0,0.0,0.0,0.0,1e-07,0.0,0.0,0.0,0.001,0.0,0.0,0.0,0.0,0.001,1e-07,0.0
24549699.0,4995000000.0,5000000.0,5.0,0.0,0.1287,0.1287,0.1287,0.1287,0.61368,0.045228,0.051365,0.045228,0.61368,4.1366e-05,0.051365,4.1366e-05,0.0,0.0,0.0,0.0,2.154e-10,0.0,0.0,0.0,0.001,0.0,0.0,0.0,0.0,0.001,2.154e-10,0.0
24548484.0,4995000000.0,5000000.0,5.0,0.0,0.1287,0.1287,0.1287,0.1287,0.61368,0.045228,6.1368e-06,0.045228,0.61368,0.036183,6.1368e-06,0.036183,0.0,0.0,0.0,0.0,1e-07,0.0,0.0,0.0,4.642e-09,0.0,0.0,0.0,0.0,4.642e-09,1e-07,0.0
24549727.0,4995000000.0,5000000.0,5.0,0.0,0.1287,0.1287,0.1287,0.1287,0.61368,0.045228,0.051365,0.045228,0.61368,4.1366e-05,0.051365,4.1366e-05,0.0,0.0,0.0,0.0,4.642e-05,0.0,0.0,0.0,0.001,0.0,0.0,0.0,0.0,0.001,4.642e-05,0.0
24548788.0,4995000000.0,5000000.0,5.0,0.0,0.1287,0.1287,0.1287,0.1287,0.61368,0.045228,5.8689e-05,0.045228,0.61368,0.0037856,5.8689e-05,0.0037856,0.0,0.0,0.0,0.0,2.154e-06,0.0,0.0,0.0,4.642e-05,0.0,0.0,0.0,0.0,4.642e-05,2.154e-06,0.0
24548507.0,4995000000.0,5000000.0,5.0,0.0,0.1287,0.1287,0.1287,0.1287,0.61368,0.045228,6.1368e-06,0.045228,0.61368,0.036183,6.1368e-06,0.036183,0.0,0.0,0.0,0.0,0.001,0.0,0.0,0.0,2.154e-06,0.0,0.0,0.0,0.0,2.154e-06,0.001,0.0
24548637.0,4995000000.0,5000000.0,5.0,0.0,0.1287,0.1287,0.1287,0.1287,0.61368,0.045228,5.8689e-05,0.045228,0.61368,4.3254e-06,5.8689e-05,4.3254e-06,0.0,0.0,0.0,0.0,2.154e-06,0.0,0.0,0.0,2.154e-10,0.0,0.0,0.0,0.0,2.154e-10,2.154e-06,0.0
